epc,atenda,atendanum,phase,RSS,timestamp,timestamp2,
300833b2ddd9014000030002,1,1,724,-48,1654779886585659,1654779886585659,
300833b2ddd9014000030001,1,1,1748,-48,1654779886587624,1654779886587624,
300833b2ddd9014000030009,1,1,2812,-41,1654779886588952,1654779886588952,
300833b2ddd9014000030008,1,1,3544,-41,1654779886593910,1654779886593910,
300833b2ddd9014000030009,1,1,2808,-41,1654779886595011,1654779886595011,
300833b2ddd9014000030002,1,1,756,-48,1654779886596493,1654779886596493,
300833b2ddd9014000030001,1,1,1740,-48,1654779886597937,1654779886597937,
300833b2ddd9014000030008,1,1,3524,-41,1654779886628407,1654779886628407,
300833b2ddd9014000030002,1,1,760,-48,1654779886629619,1654779886629619,
300833b2ddd9014000030009,1,1,2796,-41,1654779886631199,1654779886631199,
300833b2ddd9014000030001,1,1,1728,-48,1654779886632475,1654779886632475,
300833b2ddd9014000030008,1,1,3544,-41,1654779886635675,1654779886635675,
300833b2ddd9014000030009,1,1,2788,-41,1654779886637030,1654779886637030,
300833b2ddd9014000030001,1,1,1740,-48,1654779886638570,1654779886638570,
300833b2ddd9014000030002,1,1,768,-48,1654779886640491,1654779886640491,
300833b2ddd9014000030008,1,1,3532,-41,1654779886672238,1654779886672238,
300833b2ddd9014000030002,1,1,748,-48,1654779886673312,1654779886673312,
300833b2ddd9014000030009,1,1,2792,-41,1654779886674654,1654779886674654,
300833b2ddd9014000030001,1,1,1724,-48,1654779886675855,1654779886675855,
300833b2ddd9014000030009,1,1,2792,-41,1654779886678881,1654779886678881,
300833b2ddd9014000030002,1,1,756,-48,1654779886680007,1654779886680007,
300833b2ddd9014000030001,1,1,1740,-48,1654779886681831,1654779886681831,
300833b2ddd9014000030008,1,1,3540,-41,1654779886683170,1654779886683170,
300833b2ddd9014000030009,1,1,2796,-41,1654779886714492,1654779886714492,
300833b2ddd9014000030001,1,1,1720,-48,1654779886715566,1654779886715566,
300833b2ddd9014000030008,1,1,3536,-41,1654779886717176,1654779886717176,
300833b2ddd9014000030002,1,1,756,-48,1654779886718757,1654779886718757,
300833b2ddd9014000030002,1,1,784,-48,1654779886725290,1654779886725290,
300833b2ddd9014000030008,1,1,3544,-41,1654779886726530,1654779886726530,
300833b2ddd9014000030001,1,1,1760,-48,1654779886727618,1654779886727618,
300833b2ddd9014000030009,1,1,2800,-41,1654779886728704,1654779886728704,
300833b2ddd9014000030001,1,1,1752,-48,1654779886759357,1654779886759357,
300833b2ddd9014000030008,1,1,3548,-41,1654779886760457,1654779886760457,
300833b2ddd9014000030002,1,1,752,-48,1654779886761809,1654779886761809,
300833b2ddd9014000030009,1,1,2804,-41,1654779886762881,1654779886762881,
300833b2ddd9014000030001,1,1,1768,-48,1654779886767834,1654779886767834,
300833b2ddd9014000030002,1,1,756,-48,1654779886768932,1654779886768932,
300833b2ddd9014000030009,1,1,2812,-41,1654779886770302,1654779886770302,
300833b2ddd9014000030008,1,1,3536,-41,1654779886771865,1654779886771865,
300833b2ddd9014000030002,1,1,764,-48,1654779886803462,1654779886803462,
300833b2ddd9014000030009,1,1,2804,-41,1654779886804804,1654779886804804,
300833b2ddd9014000030001,1,1,1784,-48,1654779886805919,1654779886805919,
300833b2ddd9014000030008,1,1,3548,-41,1654779886807514,1654779886807514,
300833b2ddd9014000030008,1,1,3552,-41,1654779886811772,1654779886811772,
300833b2ddd9014000030001,1,1,1768,-48,1654779886813111,1654779886813111,
300833b2ddd9014000030002,1,1,772,-48,1654779886814739,1654779886814739,
300833b2ddd9014000030009,1,1,2836,-41,1654779886815867,1654779886815867,
300833b2ddd9014000030009,1,1,2824,-41,1654779886847726,1654779886847726,
300833b2ddd9014000030002,1,1,760,-48,1654779886848836,1654779886848836,
300833b2ddd9014000030008,1,1,3548,-41,1654779886850644,1654779886850644,
300833b2ddd9014000030001,1,1,1776,-48,1654779886851858,1654779886851858,
300833b2ddd9014000030009,1,1,2832,-41,1654779886855956,1654779886855956,
300833b2ddd9014000030002,1,1,756,-48,1654779886857324,1654779886857324,
300833b2ddd9014000030008,1,1,3548,-41,1654779886858875,1654779886858875,
300833b2ddd9014000030001,1,1,1776,-48,1654779886861638,1654779886861638,
300833b2ddd9014000030008,1,1,3552,-41,1654779886891574,1654779886891574,
300833b2ddd9014000030009,1,1,2828,-41,1654779886892887,1654779886892887,
300833b2ddd9014000030001,1,1,1780,-48,1654779886894228,1654779886894228,
300833b2ddd9014000030002,1,1,740,-48,1654779886897089,1654779886897089,
300833b2ddd9014000030008,1,1,3544,-41,1654779886900096,1654779886900096,
300833b2ddd9014000030001,1,1,1768,-48,1654779886901828,1654779886901828,
300833b2ddd9014000030009,1,1,2820,-41,1654779886903155,1654779886903155,
300833b2ddd9014000030002,1,1,744,-48,1654779886904252,1654779886904252,
300833b2ddd9014000030001,1,1,1792,-48,1654779886936931,1654779886936931,
300833b2ddd9014000030008,1,1,3544,-41,1654779886938211,1654779886938211,
300833b2ddd9014000030009,1,1,2820,-41,1654779886939555,1654779886939555,
300833b2ddd9014000030002,1,1,764,-48,1654779886940864,1654779886940864,
300833b2ddd9014000030009,1,1,2832,-41,1654779886945123,1654779886945123,
300833b2ddd9014000030001,1,1,1776,-48,1654779886946438,1654779886946438,
300833b2ddd9014000030002,1,1,772,-48,1654779886947492,1654779886947492,
300833b2ddd9014000030008,1,1,3544,-41,1654779886948858,1654779886948858,
300833b2ddd9014000030001,1,1,1792,-48,1654779886981042,1654779886981042,
300833b2ddd9014000030008,1,1,3548,-41,1654779886982935,1654779886982935,
300833b2ddd9014000030009,1,1,2844,-41,1654779886983981,1654779886983981,
300833b2ddd9014000030002,1,1,768,-48,1654779886985432,1654779886985432,
300833b2ddd9014000030002,1,1,768,-48,1654779886988422,1654779886988422,
300833b2ddd9014000030008,1,1,3552,-41,1654779886989792,1654779886989792,
300833b2ddd9014000030009,1,1,2840,-41,1654779886990893,1654779886990893,
300833b2ddd9014000030001,1,1,1784,-48,1654779886993386,1654779886993386,
300833b2ddd9014000030001,1,1,1772,-48,1654779887024214,1654779887024214,
300833b2ddd9014000030009,1,1,2832,-41,1654779887025881,1654779887025881,
300833b2ddd9014000030008,1,1,3548,-41,1654779887027459,1654779887027459,
300833b2ddd9014000030002,1,1,748,-48,1654779887028631,1654779887028631,
300833b2ddd9014000030008,1,1,3556,-41,1654779887031586,1654779887031586,
300833b2ddd9014000030009,1,1,2824,-41,1654779887032672,1654779887032672,
300833b2ddd9014000030001,1,1,1772,-48,1654779887035844,1654779887035844,
300833b2ddd9014000030002,1,1,772,-48,1654779887037580,1654779887037580,
300833b2ddd9014000030001,1,1,1752,-48,1654779887068066,1654779887068066,
300833b2ddd9014000030008,1,1,3544,-41,1654779887069279,1654779887069279,
300833b2ddd9014000030009,1,1,2812,-41,1654779887070593,1654779887070593,
300833b2ddd9014000030002,1,1,772,-48,1654779887072032,1654779887072032,
300833b2ddd9014000030009,1,1,2820,-41,1654779887075256,1654779887075256,
300833b2ddd9014000030008,1,1,3556,-41,1654779887076539,1654779887076539,
300833b2ddd9014000030001,1,1,1776,-48,1654779887079241,1654779887079241,
300833b2ddd9014000030002,1,1,780,-48,1654779887080325,1654779887080325,
300833b2ddd9014000030008,1,1,3564,-41,1654779887137833,1654779887137833,
300833b2ddd9014000030009,1,1,2832,-41,1654779887139202,1654779887139202,
300833b2ddd9014000030001,1,1,1772,-48,1654779887143297,1654779887143297,
300833b2ddd9014000030002,1,1,784,-48,1654779887144391,1654779887144391,
300833b2ddd9014000030008,1,1,3572,-41,1654779887147554,1654779887147554,
300833b2ddd9014000030009,1,1,2820,-41,1654779887149315,1654779887149315,
300833b2ddd9014000030001,1,1,1776,-48,1654779887150360,1654779887150360,
300833b2ddd9014000030002,1,1,776,-48,1654779887151415,1654779887151415,
300833b2ddd9014000030001,1,1,1760,-48,1654779887183052,1654779887183052,
300833b2ddd9014000030009,1,1,2832,-41,1654779887184338,1654779887184338,
300833b2ddd9014000030008,1,1,3556,-41,1654779887185466,1654779887185466,
300833b2ddd9014000030002,1,1,792,-48,1654779887186905,1654779887186905,
300833b2ddd9014000030001,1,1,1776,-48,1654779887189878,1654779887189878,
300833b2ddd9014000030002,1,1,764,-49,1654779887190991,1654779887190991,
300833b2ddd9014000030009,1,1,2808,-41,1654779887192063,1654779887192063,
300833b2ddd9014000030008,1,1,3556,-41,1654779887193895,1654779887193895,
300833b2ddd9014000030008,1,1,3564,-41,1654779887225400,1654779887225400,
300833b2ddd9014000030009,1,1,2828,-41,1654779887226428,1654779887226428,
300833b2ddd9014000030002,1,1,760,-48,1654779887227514,1654779887227514,
300833b2ddd9014000030001,1,1,1780,-48,1654779887229111,1654779887229111,
300833b2ddd9014000030002,1,1,768,-48,1654779887233560,1654779887233560,
300833b2ddd9014000030001,1,1,1768,-48,1654779887234889,1654779887234889,
300833b2ddd9014000030009,1,1,2820,-41,1654779887237362,1654779887237362,
300833b2ddd9014000030008,1,1,3556,-41,1654779887238941,1654779887238941,
300833b2ddd9014000030002,1,1,792,-48,1654779887269565,1654779887269565,
300833b2ddd9014000030009,1,1,2832,-41,1654779887270652,1654779887270652,
300833b2ddd9014000030008,1,1,3568,-41,1654779887272458,1654779887272458,
300833b2ddd9014000030001,1,1,1772,-48,1654779887273531,1654779887273531,
300833b2ddd9014000030009,1,1,2840,-41,1654779887278239,1654779887278239,
300833b2ddd9014000030008,1,1,3576,-41,1654779887279323,1654779887279323,
300833b2ddd9014000030001,1,1,1764,-48,1654779887280469,1654779887280469,
300833b2ddd9014000030002,1,1,796,-48,1654779887282685,1654779887282685,
300833b2ddd9014000030008,1,1,3576,-41,1654779887313524,1654779887313524,
300833b2ddd9014000030001,1,1,1788,-48,1654779887314624,1654779887314624,
300833b2ddd9014000030009,1,1,2840,-41,1654779887316686,1654779887316686,
300833b2ddd9014000030002,1,1,804,-48,1654779887319218,1654779887319218,
300833b2ddd9014000030002,1,1,784,-48,1654779887322694,1654779887322694,
300833b2ddd9014000030008,1,1,3572,-41,1654779887323920,1654779887323920,
300833b2ddd9014000030009,1,1,2852,-41,1654779887325203,1654779887325203,
300833b2ddd9014000030001,1,1,1800,-48,1654779887326886,1654779887326886,
300833b2ddd9014000030001,1,1,1796,-48,1654779887356771,1654779887356771,
300833b2ddd9014000030009,1,1,2848,-41,1654779887357873,1654779887357873,
300833b2ddd9014000030008,1,1,3568,-41,1654779887359197,1654779887359197,
300833b2ddd9014000030002,1,1,812,-48,1654779887362482,1654779887362482,
300833b2ddd9014000030008,1,1,3568,-41,1654779887365266,1654779887365266,
300833b2ddd9014000030001,1,1,1800,-48,1654779887366367,1654779887366367,
300833b2ddd9014000030009,1,1,2852,-41,1654779887368150,1654779887368150,
300833b2ddd9014000030002,1,1,816,-48,1654779887369844,1654779887369844,
300833b2ddd9014000030009,1,1,2848,-41,1654779887401185,1654779887401185,
300833b2ddd9014000030001,1,1,1792,-48,1654779887402273,1654779887402273,
300833b2ddd9014000030002,1,1,812,-49,1654779887403356,1654779887403356,
300833b2ddd9014000030008,1,1,3572,-41,1654779887404952,1654779887404952,
300833b2ddd9014000030001,1,1,1800,-48,1654779887409657,1654779887409657,
300833b2ddd9014000030002,1,1,812,-48,1654779887410698,1654779887410698,
300833b2ddd9014000030008,1,1,3560,-42,1654779887412052,1654779887412052,
300833b2ddd9014000030009,1,1,2860,-41,1654779887413378,1654779887413378,
300833b2ddd9014000030001,1,1,1824,-48,1654779887444817,1654779887444817,
300833b2ddd9014000030008,1,1,3564,-41,1654779887446408,1654779887446408,
300833b2ddd9014000030009,1,1,2872,-41,1654779887447495,1654779887447495,
300833b2ddd9014000030009,1,1,2864,-41,1654779887452954,1654779887452954,
300833b2ddd9014000030001,1,1,1828,-47,1654779887454624,1654779887454624,
300833b2ddd9014000030008,1,1,3572,-41,1654779887455678,1654779887455678,
300833b2ddd9014000030002,1,1,816,-49,1654779887456789,1654779887456789,
300833b2ddd9014000030009,1,1,2856,-41,1654779887487076,1654779887487076,
300833b2ddd9014000030002,1,1,812,-49,1654779887488127,1654779887488127,
300833b2ddd9014000030008,1,1,3560,-42,1654779887489907,1654779887489907,
300833b2ddd9014000030001,1,1,1812,-48,1654779887491235,1654779887491235,
300833b2ddd9014000030009,1,1,2856,-41,1654779887495452,1654779887495452,
300833b2ddd9014000030002,1,1,812,-49,1654779887497047,1654779887497047,
300833b2ddd9014000030001,1,1,1820,-48,1654779887498133,1654779887498133,
300833b2ddd9014000030008,1,1,3572,-42,1654779887499501,1654779887499501,
300833b2ddd9014000030008,1,1,3568,-42,1654779887531417,1654779887531417,
300833b2ddd9014000030009,1,1,2880,-41,1654779887532545,1654779887532545,
300833b2ddd9014000030002,1,1,816,-49,1654779887533613,1654779887533613,
300833b2ddd9014000030001,1,1,1824,-48,1654779887534924,1654779887534924,
300833b2ddd9014000030002,1,1,808,-49,1654779887539583,1654779887539583,
300833b2ddd9014000030009,1,1,2868,-41,1654779887540681,1654779887540681,
300833b2ddd9014000030008,1,1,3572,-41,1654779887542729,1654779887542729,
300833b2ddd9014000030001,1,1,1832,-48,1654779887544171,1654779887544171,
300833b2ddd9014000030001,1,1,1828,-48,1654779887575449,1654779887575449,
300833b2ddd9014000030002,1,1,820,-49,1654779887577224,1654779887577224,
300833b2ddd9014000030009,1,1,2872,-41,1654779887578282,1654779887578282,
300833b2ddd9014000030008,1,1,3564,-41,1654779887579337,1654779887579337,
300833b2ddd9014000030001,1,1,1832,-48,1654779887583659,1654779887583659,
300833b2ddd9014000030008,1,1,3560,-41,1654779887585112,1654779887585112,
300833b2ddd9014000030009,1,1,2856,-41,1654779887586469,1654779887586469,
300833b2ddd9014000030002,1,1,792,-49,1654779887587906,1654779887587906,
300833b2ddd9014000030001,1,1,1824,-48,1654779887617651,1654779887617651,
300833b2ddd9014000030008,1,1,3568,-41,1654779887619203,1654779887619203,
300833b2ddd9014000030002,1,1,808,-49,1654779887620510,1654779887620510,
300833b2ddd9014000030009,1,1,2868,-41,1654779887621554,1654779887621554,
300833b2ddd9014000030009,1,1,2856,-41,1654779887626545,1654779887626545,
300833b2ddd9014000030002,1,1,824,-49,1654779887627627,1654779887627627,
300833b2ddd9014000030001,1,1,1800,-48,1654779887628927,1654779887628927,
300833b2ddd9014000030008,1,1,3552,-42,1654779887630221,1654779887630221,
300833b2ddd9014000030008,1,1,3556,-41,1654779887662006,1654779887662006,
300833b2ddd9014000030001,1,1,1808,-48,1654779887663082,1654779887663082,
300833b2ddd9014000030009,1,1,2856,-41,1654779887664155,1654779887664155,
300833b2ddd9014000030002,1,1,812,-49,1654779887665507,1654779887665507,
300833b2ddd9014000030009,1,1,2860,-41,1654779887669990,1654779887669990,
300833b2ddd9014000030008,1,1,3560,-41,1654779887671329,1654779887671329,
300833b2ddd9014000030002,1,1,800,-49,1654779887672411,1654779887672411,
300833b2ddd9014000030001,1,1,1808,-48,1654779887675060,1654779887675060,
300833b2ddd9014000030008,1,1,3560,-41,1654779887707806,1654779887707806,
300833b2ddd9014000030001,1,1,1816,-48,1654779887708921,1654779887708921,
300833b2ddd9014000030009,1,1,2868,-41,1654779887710247,1654779887710247,
300833b2ddd9014000030002,1,1,784,-48,1654779887711470,1654779887711470,
300833b2ddd9014000030009,1,1,2856,-41,1654779887714783,1654779887714783,
300833b2ddd9014000030002,1,1,776,-48,1654779887716490,1654779887716490,
300833b2ddd9014000030008,1,1,3564,-41,1654779887717574,1654779887717574,
300833b2ddd9014000030001,1,1,1788,-48,1654779887718673,1654779887718673,
300833b2ddd9014000030002,1,1,796,-48,1654779887749516,1654779887749516,
300833b2ddd9014000030001,1,1,1816,-48,1654779887751254,1654779887751254,
300833b2ddd9014000030008,1,1,3560,-41,1654779887753254,1654779887753254,
300833b2ddd9014000030009,1,1,2852,-42,1654779887754327,1654779887754327,
300833b2ddd9014000030002,1,1,752,-48,1654779887758168,1654779887758168,
300833b2ddd9014000030008,1,1,3552,-41,1654779887760199,1654779887760199,
300833b2ddd9014000030009,1,1,2852,-41,1654779887761270,1654779887761270,
300833b2ddd9014000030001,1,1,1800,-48,1654779887762924,1654779887762924,
300833b2ddd9014000030009,1,1,2860,-41,1654779887793804,1654779887793804,
300833b2ddd9014000030008,1,1,3552,-41,1654779887794872,1654779887794872,
300833b2ddd9014000030002,1,1,752,-48,1654779887796395,1654779887796395,
300833b2ddd9014000030001,1,1,1796,-48,1654779887798035,1654779887798035,
300833b2ddd9014000030008,1,1,3540,-41,1654779887804338,1654779887804338,
300833b2ddd9014000030001,1,1,1788,-48,1654779887805383,1654779887805383,
300833b2ddd9014000030002,1,1,756,-48,1654779887806481,1654779887806481,
300833b2ddd9014000030009,1,1,2836,-41,1654779887808248,1654779887808248,
300833b2ddd9014000030008,1,1,3548,-41,1654779887839898,1654779887839898,
300833b2ddd9014000030009,1,1,2852,-41,1654779887841325,1654779887841325,
300833b2ddd9014000030002,1,1,768,-48,1654779887842692,1654779887842692,
300833b2ddd9014000030001,1,1,1824,-48,1654779887844150,1654779887844150,
300833b2ddd9014000030008,1,1,3548,-41,1654779887847140,1654779887847140,
300833b2ddd9014000030002,1,1,736,-48,1654779887848223,1654779887848223,
300833b2ddd9014000030001,1,1,1812,-48,1654779887849777,1654779887849777,
300833b2ddd9014000030009,1,1,2832,-41,1654779887851347,1654779887851347,
300833b2ddd9014000030008,1,1,3540,-41,1654779887883268,1654779887883268,
300833b2ddd9014000030009,1,1,2844,-41,1654779887886065,1654779887886065,
300833b2ddd9014000030001,1,1,1812,-48,1654779887887536,1654779887887536,
300833b2ddd9014000030002,1,1,736,-48,1654779887888778,1654779887888778,
300833b2ddd9014000030008,1,1,3540,-41,1654779887893392,1654779887893392,
300833b2ddd9014000030001,1,1,1808,-48,1654779887894850,1654779887894850,
300833b2ddd9014000030009,1,1,2856,-41,1654779887896133,1654779887896133,
300833b2ddd9014000030002,1,1,732,-48,1654779887897587,1654779887897587,
300833b2ddd9014000030002,1,1,740,-48,1654779887929643,1654779887929643,
300833b2ddd9014000030001,1,1,1812,-48,1654779887931895,1654779887931895,
300833b2ddd9014000030009,1,1,2840,-41,1654779887934279,1654779887934279,
300833b2ddd9014000030008,1,1,3552,-41,1654779887935332,1654779887935332,
300833b2ddd9014000030002,1,1,732,-48,1654779887938610,1654779887938610,
300833b2ddd9014000030001,1,1,1828,-48,1654779887939670,1654779887939670,
300833b2ddd9014000030008,1,1,3552,-41,1654779887943779,1654779887943779,
300833b2ddd9014000030009,1,1,2856,-41,1654779887944893,1654779887944893,
300833b2ddd9014000030008,1,1,3548,-41,1654779887974663,1654779887974663,
300833b2ddd9014000030002,1,1,736,-48,1654779887975744,1654779887975744,
300833b2ddd9014000030009,1,1,2852,-41,1654779887977527,1654779887977527,
300833b2ddd9014000030001,1,1,1832,-48,1654779887979241,1654779887979241,
300833b2ddd9014000030002,1,1,744,-48,1654779887983453,1654779887983453,
300833b2ddd9014000030009,1,1,2852,-41,1654779887984808,1654779887984808,
300833b2ddd9014000030008,1,1,3540,-41,1654779887985863,1654779887985863,
300833b2ddd9014000030001,1,1,1828,-48,1654779887989115,1654779887989115,
300833b2ddd9014000030009,1,1,2820,-41,1654779888026044,1654779888026044,
300833b2ddd9014000030002,1,1,764,-48,1654779888027112,1654779888027112,
300833b2ddd9014000030008,1,1,3540,-41,1654779888028446,1654779888028446,
300833b2ddd9014000030001,1,1,1820,-48,1654779888031681,1654779888031681,
300833b2ddd9014000030002,1,1,744,-48,1654779888034439,1654779888034439,
300833b2ddd9014000030008,1,1,3544,-41,1654779888036005,1654779888036005,
300833b2ddd9014000030009,1,1,2844,-41,1654779888037289,1654779888037289,
300833b2ddd9014000030001,1,1,1800,-48,1654779888039511,1654779888039511,
300833b2ddd9014000030002,1,1,724,-48,1654779888072558,1654779888072558,
300833b2ddd9014000030009,1,1,2816,-41,1654779888074270,1654779888074270,
300833b2ddd9014000030008,1,1,3548,-41,1654779888075323,1654779888075323,
300833b2ddd9014000030001,1,1,1804,-48,1654779888076536,1654779888076536,
300833b2ddd9014000030008,1,1,3544,-41,1654779888079766,1654779888079766,
300833b2ddd9014000030002,1,1,728,-48,1654779888081730,1654779888081730,
300833b2ddd9014000030009,1,1,2832,-41,1654779888082804,1654779888082804,
300833b2ddd9014000030001,1,1,1792,-48,1654779888084262,1654779888084262,
300833b2ddd9014000030008,1,1,3544,-41,1654779888114891,1654779888114891,
300833b2ddd9014000030001,1,1,1792,-49,1654779888116368,1654779888116368,
300833b2ddd9014000030002,1,1,724,-48,1654779888117436,1654779888117436,
300833b2ddd9014000030009,1,1,2832,-41,1654779888118466,1654779888118466,
300833b2ddd9014000030002,1,1,752,-48,1654779888121838,1654779888121838,
300833b2ddd9014000030009,1,1,2836,-41,1654779888122953,1654779888122953,
300833b2ddd9014000030008,1,1,3524,-41,1654779888125608,1654779888125608,
300833b2ddd9014000030001,1,1,1792,-49,1654779888126680,1654779888126680,
300833b2ddd9014000030008,1,1,3528,-41,1654779888158171,1654779888158171,
300833b2ddd9014000030009,1,1,2836,-41,1654779888159743,1654779888159743,
300833b2ddd9014000030002,1,1,740,-48,1654779888160839,1654779888160839,
300833b2ddd9014000030001,1,1,1780,-48,1654779888163632,1654779888163632,
300833b2ddd9014000030008,1,1,3544,-41,1654779888166629,1654779888166629,
300833b2ddd9014000030002,1,1,716,-48,1654779888168193,1654779888168193,
300833b2ddd9014000030001,1,1,1772,-49,1654779888169476,1654779888169476,
300833b2ddd9014000030009,1,1,2832,-41,1654779888170562,1654779888170562,
300833b2ddd9014000030009,1,1,2820,-41,1654779888202222,1654779888202222,
300833b2ddd9014000030008,1,1,3536,-41,1654779888203318,1654779888203318,
300833b2ddd9014000030001,1,1,1776,-49,1654779888205129,1654779888205129,
300833b2ddd9014000030002,1,1,716,-48,1654779888206468,1654779888206468,
300833b2ddd9014000030009,1,1,2836,-41,1654779888210750,1654779888210750,
300833b2ddd9014000030002,1,1,736,-48,1654779888212286,1654779888212286,
300833b2ddd9014000030008,1,1,3536,-42,1654779888213610,1654779888213610,
300833b2ddd9014000030001,1,1,1780,-49,1654779888214982,1654779888214982,
300833b2ddd9014000030008,1,1,3540,-41,1654779888248555,1654779888248555,
300833b2ddd9014000030009,1,1,2836,-41,1654779888249614,1654779888249614,
300833b2ddd9014000030001,1,1,1792,-49,1654779888250815,1654779888250815,
300833b2ddd9014000030002,1,1,716,-48,1654779888251871,1654779888251871,
300833b2ddd9014000030002,1,1,720,-48,1654779888254614,1654779888254614,
300833b2ddd9014000030008,1,1,3540,-41,1654779888255668,1654779888255668,
300833b2ddd9014000030001,1,1,1796,-49,1654779888256757,1654779888256757,
300833b2ddd9014000030009,1,1,2836,-41,1654779888258623,1654779888258623,
300833b2ddd9014000030008,1,1,3532,-41,1654779888290034,1654779888290034,
300833b2ddd9014000030009,1,1,2856,-41,1654779888291987,1654779888291987,
300833b2ddd9014000030002,1,1,716,-47,1654779888293058,1654779888293058,
300833b2ddd9014000030001,1,1,1788,-49,1654779888295730,1654779888295730,
300833b2ddd9014000030009,1,1,2852,-42,1654779888300196,1654779888300196,
300833b2ddd9014000030008,1,1,3540,-42,1654779888301521,1654779888301521,
300833b2ddd9014000030002,1,1,732,-48,1654779888302603,1654779888302603,
300833b2ddd9014000030001,1,1,1812,-49,1654779888303917,1654779888303917,
300833b2ddd9014000030002,1,1,736,-48,1654779888335851,1654779888335851,
300833b2ddd9014000030009,1,1,2880,-42,1654779888338087,1654779888338087,
300833b2ddd9014000030008,1,1,3548,-42,1654779888339170,1654779888339170,
300833b2ddd9014000030001,1,1,1848,-49,1654779888340372,1654779888340372,
300833b2ddd9014000030008,1,1,3540,-42,1654779888343942,1654779888343942,
300833b2ddd9014000030001,1,1,1844,-49,1654779888345115,1654779888345115,
300833b2ddd9014000030002,1,1,712,-48,1654779888346198,1654779888346198,
300833b2ddd9014000030009,1,1,2884,-42,1654779888347299,1654779888347299,
300833b2ddd9014000030008,1,1,3544,-42,1654779888377933,1654779888377933,
300833b2ddd9014000030009,1,1,2916,-42,1654779888379004,1654779888379004,
300833b2ddd9014000030002,1,1,716,-48,1654779888380825,1654779888380825,
300833b2ddd9014000030001,1,1,1876,-49,1654779888381941,1654779888381941,
300833b2ddd9014000030009,1,1,2916,-42,1654779888386487,1654779888386487,
300833b2ddd9014000030002,1,1,736,-48,1654779888387781,1654779888387781,
300833b2ddd9014000030008,1,1,3532,-42,1654779888389801,1654779888389801,
300833b2ddd9014000030001,1,1,1908,-49,1654779888391554,1654779888391554,
300833b2ddd9014000030002,1,1,704,-48,1654779888422483,1654779888422483,
300833b2ddd9014000030008,1,1,3532,-42,1654779888424202,1654779888424202,
300833b2ddd9014000030009,1,1,2952,-42,1654779888425260,1654779888425260,
300833b2ddd9014000030001,1,1,1960,-49,1654779888427016,1654779888427016,
300833b2ddd9014000030002,1,1,740,-49,1654779888429980,1654779888429980,
300833b2ddd9014000030008,1,1,3532,-42,1654779888431560,1654779888431560,
300833b2ddd9014000030009,1,1,2976,-43,1654779888432687,1654779888432687,
300833b2ddd9014000030001,1,1,1964,-49,1654779888434868,1654779888434868,
300833b2ddd9014000030009,1,1,2988,-43,1654779888466117,1654779888466117,
300833b2ddd9014000030002,1,1,732,-48,1654779888467471,1654779888467471,
300833b2ddd9014000030001,1,1,2016,-50,1654779888468841,1654779888468841,
300833b2ddd9014000030001,1,1,2028,-50,1654779888473797,1654779888473797,
300833b2ddd9014000030009,1,1,3008,-43,1654779888475123,1654779888475123,
300833b2ddd9014000030002,1,1,720,-49,1654779888476208,1654779888476208,
300833b2ddd9014000030008,1,1,3524,-42,1654779888477545,1654779888477545,
300833b2ddd9014000030009,1,1,3024,-44,1654779888516045,1654779888516045,
300833b2ddd9014000030008,1,1,3524,-42,1654779888517413,1654779888517413,
300833b2ddd9014000030002,1,1,700,-49,1654779888518680,1654779888518680,
300833b2ddd9014000030001,1,1,2092,-50,1654779888521726,1654779888521726,
300833b2ddd9014000030008,1,1,3504,-42,1654779888526852,1654779888526852,
300833b2ddd9014000030009,1,1,3020,-44,1654779888527952,1654779888527952,
300833b2ddd9014000030002,1,1,712,-49,1654779888529999,1654779888529999,
300833b2ddd9014000030001,1,1,2100,-51,1654779888531187,1654779888531187,
300833b2ddd9014000030002,1,1,676,-49,1654779888562288,1654779888562288,
300833b2ddd9014000030001,1,1,2152,-52,1654779888563617,1654779888563617,
300833b2ddd9014000030008,1,1,3496,-43,1654779888565167,1654779888565167,
300833b2ddd9014000030001,1,1,2120,-52,1654779888569878,1654779888569878,
300833b2ddd9014000030008,1,1,3500,-43,1654779888571395,1654779888571395,
300833b2ddd9014000030009,1,1,3000,-45,1654779888574055,1654779888574055,
300833b2ddd9014000030002,1,1,668,-49,1654779888575151,1654779888575151,
300833b2ddd9014000030008,1,1,3484,-43,1654779888605541,1654779888605541,
300833b2ddd9014000030001,1,1,2144,-54,1654779888607499,1654779888607499,
300833b2ddd9014000030002,1,1,640,-49,1654779888608567,1654779888608567,
300833b2ddd9014000030002,1,1,596,-49,1654779888612967,1654779888612967,
300833b2ddd9014000030009,1,1,2992,-46,1654779888614110,1654779888614110,
300833b2ddd9014000030008,1,1,3472,-43,1654779888615932,1654779888615932,
300833b2ddd9014000030001,1,1,2140,-55,1654779888617092,1654779888617092,
300833b2ddd9014000030008,1,1,3436,-43,1654779888649739,1654779888649739,
300833b2ddd9014000030001,1,1,2020,-57,1654779888650857,1654779888650857,
300833b2ddd9014000030002,1,1,528,-49,1654779888652650,1654779888652650,
300833b2ddd9014000030009,1,1,2916,-46,1654779888654316,1654779888654316,
300833b2ddd9014000030002,1,1,496,-49,1654779888657917,1654779888657917,
300833b2ddd9014000030009,1,1,2916,-46,1654779888659214,1654779888659214,
300833b2ddd9014000030008,1,1,3412,-43,1654779888660509,1654779888660509,
300833b2ddd9014000030001,1,1,2040,-58,1654779888662705,1654779888662705,
300833b2ddd9014000030002,1,1,400,-49,1654779888693540,1654779888693540,
300833b2ddd9014000030008,1,1,3356,-43,1654779888694836,1654779888694836,
300833b2ddd9014000030001,1,1,1852,-61,1654779888695924,1654779888695924,
300833b2ddd9014000030009,1,1,2832,-46,1654779888698580,1654779888698580,
300833b2ddd9014000030009,1,1,2816,-47,1654779888702813,1654779888702813,
300833b2ddd9014000030002,1,1,388,-49,1654779888703953,1654779888703953,
300833b2ddd9014000030001,1,1,1784,-61,1654779888705026,1654779888705026,
300833b2ddd9014000030008,1,1,3348,-43,1654779888706336,1654779888706336,
300833b2ddd9014000030008,1,1,3292,-43,1654779888738365,1654779888738365,
300833b2ddd9014000030001,1,1,1388,-64,1654779888740082,1654779888740082,
300833b2ddd9014000030009,1,1,2728,-46,1654779888741166,1654779888741166,
300833b2ddd9014000030002,1,1,292,-48,1654779888742251,1654779888742251,
300833b2ddd9014000030001,1,1,1512,-64,1654779888745610,1654779888745610,
300833b2ddd9014000030002,1,1,280,-48,1654779888746680,1654779888746680,
300833b2ddd9014000030009,1,1,2720,-46,1654779888747779,1654779888747779,
300833b2ddd9014000030008,1,1,3288,-43,1654779888749076,1654779888749076,
300833b2ddd9014000030009,1,1,2640,-46,1654779888780968,1654779888780968,
300833b2ddd9014000030002,1,1,216,-48,1654779888782969,1654779888782969,
300833b2ddd9014000030008,1,1,3220,-43,1654779888784053,1654779888784053,
300833b2ddd9014000030001,1,1,1000,-66,1654779888785144,1654779888785144,
300833b2ddd9014000030002,1,1,200,-48,1654779888792027,1654779888792027,
300833b2ddd9014000030009,1,1,2620,-47,1654779888793097,1654779888793097,
300833b2ddd9014000030001,1,1,1120,-66,1654779888794231,1654779888794231,
300833b2ddd9014000030008,1,1,3200,-43,1654779888795284,1654779888795284,
300833b2ddd9014000030001,1,1,680,-64,1654779888835930,1654779888835930,
300833b2ddd9014000030009,1,1,2560,-47,1654779888837599,1654779888837599,
300833b2ddd9014000030008,1,1,3148,-43,1654779888838683,1654779888838683,
300833b2ddd9014000030002,1,1,76,-48,1654779888840604,1654779888840604,
300833b2ddd9014000030001,1,1,764,-65,1654779888843854,1654779888843854,
300833b2ddd9014000030002,1,1,92,-48,1654779888845290,1654779888845290,
300833b2ddd9014000030008,1,1,3140,-43,1654779888846375,1654779888846375,
300833b2ddd9014000030009,1,1,2592,-47,1654779888847714,1654779888847714,
300833b2ddd9014000030002,1,1,36,-48,1654779888878531,1654779888878531,
300833b2ddd9014000030008,1,1,3104,-43,1654779888879584,1654779888879584,
300833b2ddd9014000030001,1,1,572,-64,1654779888881385,1654779888881385,
300833b2ddd9014000030009,1,1,2596,-47,1654779888883022,1654779888883022,
300833b2ddd9014000030009,1,1,2584,-47,1654779888886683,1654779888886683,
300833b2ddd9014000030001,1,1,580,-64,1654779888888629,1654779888888629,
300833b2ddd9014000030008,1,1,3104,-43,1654779888889967,1654779888889967,
300833b2ddd9014000030002,1,1,20,-48,1654779888891473,1654779888891473,
300833b2ddd9014000030008,1,1,3084,-43,1654779888924739,1654779888924739,
300833b2ddd9014000030009,1,1,2612,-46,1654779888926113,1654779888926113,
300833b2ddd9014000030001,1,1,704,-64,1654779888928121,1654779888928121,
300833b2ddd9014000030002,1,1,4088,-48,1654779888930185,1654779888930185,
300833b2ddd9014000030009,1,1,2612,-46,1654779888935681,1654779888935681,
300833b2ddd9014000030002,1,1,4080,-48,1654779888936778,1654779888936778,
300833b2ddd9014000030008,1,1,3080,-43,1654779888938357,1654779888938357,
300833b2ddd9014000030001,1,1,712,-63,1654779888939452,1654779888939452,
300833b2ddd9014000030008,1,1,3080,-43,1654779888971376,1654779888971376,
300833b2ddd9014000030009,1,1,2612,-46,1654779888973087,1654779888973087,
300833b2ddd9014000030001,1,1,1164,-63,1654779888974417,1654779888974417,
300833b2ddd9014000030002,1,1,4052,-48,1654779888975470,1654779888975470,
300833b2ddd9014000030008,1,1,3052,-43,1654779888978833,1654779888978833,
300833b2ddd9014000030002,1,1,4056,-48,1654779888980143,1654779888980143,
300833b2ddd9014000030009,1,1,2620,-46,1654779888981493,1654779888981493,
300833b2ddd9014000030001,1,1,1276,-62,1654779888985185,1654779888985185,
300833b2ddd9014000030008,1,1,3072,-43,1654779889021121,1654779889021121,
300833b2ddd9014000030009,1,1,2576,-46,1654779889023690,1654779889023690,
300833b2ddd9014000030001,1,1,1492,-60,1654779889024778,1654779889024778,
300833b2ddd9014000030002,1,1,4056,-48,1654779889026017,1654779889026017,
300833b2ddd9014000030008,1,1,3064,-43,1654779889029622,1654779889029622,
300833b2ddd9014000030001,1,1,1512,-60,1654779889031051,1654779889031051,
300833b2ddd9014000030009,1,1,2560,-46,1654779889032095,1654779889032095,
300833b2ddd9014000030002,1,1,4052,-48,1654779889033390,1654779889033390,
300833b2ddd9014000030002,1,1,4060,-48,1654779889063857,1654779889063857,
300833b2ddd9014000030009,1,1,2500,-46,1654779889066736,1654779889066736,
300833b2ddd9014000030008,1,1,3068,-44,1654779889067832,1654779889067832,
300833b2ddd9014000030001,1,1,1660,-58,1654779889069019,1654779889069019,
300833b2ddd9014000030008,1,1,3064,-44,1654779889073435,1654779889073435,
300833b2ddd9014000030009,1,1,2544,-45,1654779889074537,1654779889074537,
300833b2ddd9014000030001,1,1,1656,-57,1654779889075669,1654779889075669,
300833b2ddd9014000030002,1,1,4036,-48,1654779889077007,1654779889077007,
300833b2ddd9014000030009,1,1,2508,-45,1654779889109359,1654779889109359,
300833b2ddd9014000030002,1,1,4036,-49,1654779889110842,1654779889110842,
300833b2ddd9014000030008,1,1,3060,-44,1654779889112393,1654779889112393,
300833b2ddd9014000030001,1,1,1736,-55,1654779889113864,1654779889113864,
300833b2ddd9014000030002,1,1,4036,-48,1654779889116648,1654779889116648,
300833b2ddd9014000030009,1,1,2480,-45,1654779889118144,1654779889118144,
300833b2ddd9014000030008,1,1,3080,-44,1654779889119483,1654779889119483,
300833b2ddd9014000030001,1,1,1808,-55,1654779889121196,1654779889121196,
300833b2ddd9014000030002,1,1,4064,-49,1654779889152282,1654779889152282,
300833b2ddd9014000030009,1,1,2464,-44,1654779889154192,1654779889154192,
300833b2ddd9014000030008,1,1,3080,-44,1654779889155503,1654779889155503,
300833b2ddd9014000030001,1,1,1888,-54,1654779889157829,1654779889157829,
300833b2ddd9014000030001,1,1,1892,-54,1654779889163052,1654779889163052,
300833b2ddd9014000030002,1,1,4072,-49,1654779889164151,1654779889164151,
300833b2ddd9014000030009,1,1,2460,-44,1654779889166637,1654779889166637,
300833b2ddd9014000030008,1,1,3084,-45,1654779889168236,1654779889168236,
300833b2ddd9014000030008,1,1,3088,-45,1654779889198618,1654779889198618,
300833b2ddd9014000030009,1,1,2444,-44,1654779889199946,1654779889199946,
300833b2ddd9014000030002,1,1,4044,-49,1654779889201297,1654779889201297,
300833b2ddd9014000030001,1,1,1944,-53,1654779889205303,1654779889205303,
300833b2ddd9014000030002,1,1,4064,-49,1654779889208807,1654779889208807,
300833b2ddd9014000030009,1,1,2452,-44,1654779889210277,1654779889210277,
300833b2ddd9014000030008,1,1,3112,-45,1654779889211360,1654779889211360,
300833b2ddd9014000030001,1,1,1948,-53,1654779889212818,1654779889212818,
300833b2ddd9014000030009,1,1,2440,-44,1654779889243925,1654779889243925,
300833b2ddd9014000030008,1,1,3096,-45,1654779889245052,1654779889245052,
300833b2ddd9014000030001,1,1,2036,-52,1654779889246368,1654779889246368,
300833b2ddd9014000030002,1,1,4064,-49,1654779889247822,1654779889247822,
300833b2ddd9014000030001,1,1,1988,-53,1654779889251101,1654779889251101,
300833b2ddd9014000030008,1,1,3108,-45,1654779889252155,1654779889252155,
300833b2ddd9014000030002,1,1,4080,-50,1654779889253707,1654779889253707,
300833b2ddd9014000030009,1,1,2440,-43,1654779889254806,1654779889254806,
300833b2ddd9014000030001,1,1,1980,-52,1654779889302530,1654779889302530,
300833b2ddd9014000030009,1,1,2432,-43,1654779889303889,1654779889303889,
300833b2ddd9014000030008,1,1,3128,-45,1654779889305195,1654779889305195,
300833b2ddd9014000030002,1,1,4,-50,1654779889307377,1654779889307377,
300833b2ddd9014000030008,1,1,3120,-45,1654779889312458,1654779889312458,
300833b2ddd9014000030009,1,1,2436,-43,1654779889314037,1654779889314037,
300833b2ddd9014000030001,1,1,1964,-51,1654779889317452,1654779889317452,
300833b2ddd9014000030002,1,1,40,-50,1654779889318566,1654779889318566,
300833b2ddd9014000030009,1,1,2432,-43,1654779889348876,1654779889348876,
300833b2ddd9014000030001,1,1,2000,-51,1654779889350843,1654779889350843,
300833b2ddd9014000030008,1,1,3132,-45,1654779889352167,1654779889352167,
300833b2ddd9014000030002,1,1,4072,-50,1654779889353424,1654779889353424,
300833b2ddd9014000030009,1,1,2440,-43,1654779889356675,1654779889356675,
300833b2ddd9014000030008,1,1,3136,-45,1654779889358676,1654779889358676,
300833b2ddd9014000030001,1,1,1988,-51,1654779889359690,1654779889359690,
300833b2ddd9014000030002,1,1,0,-50,1654779889360788,1654779889360788,
300833b2ddd9014000030008,1,1,3132,-45,1654779889392136,1654779889392136,
300833b2ddd9014000030009,1,1,2428,-43,1654779889393448,1654779889393448,
300833b2ddd9014000030001,1,1,1996,-51,1654779889394876,1654779889394876,
300833b2ddd9014000030002,1,1,4084,-51,1654779889395961,1654779889395961,
300833b2ddd9014000030002,1,1,4092,-50,1654779889411489,1654779889411489,
300833b2ddd9014000030009,1,1,2436,-43,1654779889413954,1654779889413954,
300833b2ddd9014000030008,1,1,3132,-45,1654779889415066,1654779889415066,
300833b2ddd9014000030001,1,1,1944,-51,1654779889416312,1654779889416312,
300833b2ddd9014000030009,1,1,2432,-43,1654779889458841,1654779889458841,
300833b2ddd9014000030008,1,1,3164,-45,1654779889460164,1654779889460164,
300833b2ddd9014000030001,1,1,2008,-51,1654779889461760,1654779889461760,
300833b2ddd9014000030002,1,1,4092,-50,1654779889464282,1654779889464282,
300833b2ddd9014000030008,1,1,3144,-45,1654779889467294,1654779889467294,
300833b2ddd9014000030002,1,1,4040,-50,1654779889468821,1654779889468821,
300833b2ddd9014000030009,1,1,2440,-43,1654779889470657,1654779889470657,
300833b2ddd9014000030001,1,1,2012,-50,1654779889472116,1654779889472116,
300833b2ddd9014000030001,1,1,1980,-51,1654779889504986,1654779889504986,
300833b2ddd9014000030009,1,1,2448,-43,1654779889506043,1654779889506043,
300833b2ddd9014000030008,1,1,3148,-45,1654779889507155,1654779889507155,
300833b2ddd9014000030002,1,1,4092,-50,1654779889508226,1654779889508226,
300833b2ddd9014000030008,1,1,3160,-45,1654779889512191,1654779889512191,
300833b2ddd9014000030001,1,1,2012,-51,1654779889513265,1654779889513265,
300833b2ddd9014000030009,1,1,2428,-43,1654779889515117,1654779889515117,
300833b2ddd9014000030002,1,1,8,-51,1654779889517224,1654779889517224,
300833b2ddd9014000030009,1,1,2436,-43,1654779889547183,1654779889547183,
300833b2ddd9014000030008,1,1,3144,-45,1654779889548506,1654779889548506,
300833b2ddd9014000030001,1,1,2000,-51,1654779889550982,1654779889550982,
300833b2ddd9014000030002,1,1,4084,-51,1654779889552520,1654779889552520,
300833b2ddd9014000030001,1,1,1984,-51,1654779889556165,1654779889556165,
300833b2ddd9014000030009,1,1,2436,-43,1654779889557279,1654779889557279,
300833b2ddd9014000030008,1,1,3148,-45,1654779889558347,1654779889558347,
300833b2ddd9014000030002,1,1,4,-51,1654779889561373,1654779889561373,
300833b2ddd9014000030009,1,1,2452,-43,1654779889784460,1654779889784460,
300833b2ddd9014000030008,1,1,3140,-45,1654779889785587,1654779889785587,
300833b2ddd9014000030002,1,1,8,-50,1654779889787137,1654779889787137,
300833b2ddd9014000030001,1,1,1976,-51,1654779889789573,1654779889789573,
300833b2ddd9014000030009,1,1,2428,-43,1654779889793878,1654779889793878,
300833b2ddd9014000030008,1,1,3148,-45,1654779889795543,1654779889795543,
300833b2ddd9014000030001,1,1,1992,-51,1654779889803469,1654779889803469,
300833b2ddd9014000030002,1,1,12,-50,1654779889804569,1654779889804569,
300833b2ddd9014000030009,1,1,2436,-43,1654779889834447,1654779889834447,
300833b2ddd9014000030008,1,1,3140,-45,1654779889835713,1654779889835713,
300833b2ddd9014000030002,1,1,4088,-50,1654779889838186,1654779889838186,
300833b2ddd9014000030001,1,1,1984,-51,1654779889839472,1654779889839472,
300833b2ddd9014000030002,1,1,4088,-50,1654779889843398,1654779889843398,
300833b2ddd9014000030001,1,1,1980,-51,1654779889844444,1654779889844444,
300833b2ddd9014000030009,1,1,2432,-43,1654779889845559,1654779889845559,
300833b2ddd9014000030008,1,1,3136,-45,1654779889847410,1654779889847410,
300833b2ddd9014000030009,1,1,2436,-43,1654779889879081,1654779889879081,
300833b2ddd9014000030008,1,1,3136,-45,1654779889880520,1654779889880520,
300833b2ddd9014000030001,1,1,1972,-51,1654779889881580,1654779889881580,
300833b2ddd9014000030002,1,1,0,-50,1654779889882889,1654779889882889,
300833b2ddd9014000030002,1,1,4088,-51,1654779889887970,1654779889887970,
300833b2ddd9014000030001,1,1,1988,-51,1654779889889414,1654779889889414,
300833b2ddd9014000030009,1,1,2428,-43,1654779889890527,1654779889890527,
300833b2ddd9014000030008,1,1,3128,-45,1654779889891754,1654779889891754,
300833b2ddd9014000030001,1,1,1984,-51,1654779889922000,1654779889922000,
300833b2ddd9014000030009,1,1,2428,-43,1654779889923115,1654779889923115,
300833b2ddd9014000030008,1,1,3136,-45,1654779889924156,1654779889924156,
300833b2ddd9014000030002,1,1,4084,-50,1654779889926136,1654779889926136,
300833b2ddd9014000030008,1,1,3136,-45,1654779889931357,1654779889931357,
300833b2ddd9014000030009,1,1,2428,-43,1654779889932445,1654779889932445,
300833b2ddd9014000030001,1,1,1988,-51,1654779889934193,1654779889934193,
300833b2ddd9014000030002,1,1,4088,-50,1654779889935265,1654779889935265,
300833b2ddd9014000030009,1,1,2444,-43,1654779889965455,1654779889965455,
300833b2ddd9014000030008,1,1,3124,-45,1654779889966540,1654779889966540,
300833b2ddd9014000030001,1,1,1968,-51,1654779889968678,1654779889968678,
300833b2ddd9014000030002,1,1,4076,-50,1654779889970244,1654779889970244,
300833b2ddd9014000030008,1,1,3148,-45,1654779889974979,1654779889974979,
300833b2ddd9014000030009,1,1,2428,-43,1654779889976361,1654779889976361,
300833b2ddd9014000030002,1,1,8,-50,1654779889977585,1654779889977585,
300833b2ddd9014000030001,1,1,2000,-51,1654779889978661,1654779889978661,
300833b2ddd9014000030002,1,1,4084,-50,1654779890010248,1654779890010248,
300833b2ddd9014000030001,1,1,1964,-51,1654779890011352,1654779890011352,
300833b2ddd9014000030008,1,1,3124,-45,1654779890013621,1654779890013621,
300833b2ddd9014000030009,1,1,2444,-43,1654779890014692,1654779890014692,
300833b2ddd9014000030008,1,1,3120,-45,1654779890018202,1654779890018202,
300833b2ddd9014000030001,1,1,1976,-51,1654779890019404,1654779890019404,
300833b2ddd9014000030002,1,1,4088,-50,1654779890020502,1654779890020502,
300833b2ddd9014000030009,1,1,2424,-43,1654779890021631,1654779890021631,
300833b2ddd9014000030008,1,1,3112,-45,1654779890054242,1654779890054242,
300833b2ddd9014000030009,1,1,2432,-43,1654779890055313,1654779890055313,
300833b2ddd9014000030001,1,1,1976,-51,1654779890056529,1654779890056529,
300833b2ddd9014000030001,1,1,1992,-51,1654779890059768,1654779890059768,
300833b2ddd9014000030009,1,1,2424,-43,1654779890061210,1654779890061210,
300833b2ddd9014000030008,1,1,3108,-45,1654779890062549,1654779890062549,
300833b2ddd9014000030002,1,1,4068,-50,1654779890063960,1654779890063960,
300833b2ddd9014000030001,1,1,1972,-51,1654779890095571,1654779890095571,
300833b2ddd9014000030002,1,1,4092,-51,1654779890097226,1654779890097226,
300833b2ddd9014000030008,1,1,3116,-45,1654779890098322,1654779890098322,
300833b2ddd9014000030009,1,1,2420,-43,1654779890099664,1654779890099664,
300833b2ddd9014000030008,1,1,3112,-45,1654779890104968,1654779890104968,
300833b2ddd9014000030002,1,1,4088,-51,1654779890106054,1654779890106054,
300833b2ddd9014000030009,1,1,2432,-43,1654779890107861,1654779890107861,
300833b2ddd9014000030001,1,1,1968,-51,1654779890109617,1654779890109617,
300833b2ddd9014000030009,1,1,2428,-43,1654779890140418,1654779890140418,
300833b2ddd9014000030001,1,1,1988,-51,1654779890141490,1654779890141490,
300833b2ddd9014000030002,1,1,4084,-50,1654779890143056,1654779890143056,
300833b2ddd9014000030008,1,1,3120,-45,1654779890147711,1654779890147711,
300833b2ddd9014000030009,1,1,2436,-43,1654779890148798,1654779890148798,
300833b2ddd9014000030002,1,1,4076,-51,1654779890149838,1654779890149838,
300833b2ddd9014000030001,1,1,1992,-51,1654779890151859,1654779890151859,
300833b2ddd9014000030008,1,1,3136,-45,1654779890183397,1654779890183397,
300833b2ddd9014000030009,1,1,2436,-43,1654779890185037,1654779890185037,
300833b2ddd9014000030001,1,1,1944,-51,1654779890186998,1654779890186998,
300833b2ddd9014000030002,1,1,8,-51,1654779890188094,1654779890188094,
300833b2ddd9014000030009,1,1,2424,-43,1654779890192185,1654779890192185,
300833b2ddd9014000030002,1,1,4088,-51,1654779890193970,1654779890193970,
300833b2ddd9014000030008,1,1,3104,-45,1654779890196162,1654779890196162,
300833b2ddd9014000030001,1,1,1952,-50,1654779890198599,1654779890198599,
300833b2ddd9014000030009,1,1,2428,-43,1654779890230551,1654779890230551,
300833b2ddd9014000030008,1,1,3112,-45,1654779890231649,1654779890231649,
300833b2ddd9014000030001,1,1,1988,-51,1654779890232764,1654779890232764,
300833b2ddd9014000030002,1,1,4072,-50,1654779890234005,1654779890234005,
300833b2ddd9014000030002,1,1,4088,-51,1654779890238063,1654779890238063,
300833b2ddd9014000030009,1,1,2420,-43,1654779890239147,1654779890239147,
300833b2ddd9014000030001,1,1,1956,-51,1654779890240250,1654779890240250,
300833b2ddd9014000030008,1,1,3100,-45,1654779890241304,1654779890241304,
300833b2ddd9014000030008,1,1,3120,-45,1654779890271587,1654779890271587,
300833b2ddd9014000030009,1,1,2424,-43,1654779890273551,1654779890273551,
300833b2ddd9014000030001,1,1,1984,-51,1654779890275511,1654779890275511,
300833b2ddd9014000030002,1,1,4064,-51,1654779890276625,1654779890276625,
300833b2ddd9014000030009,1,1,2440,-43,1654779890281589,1654779890281589,
300833b2ddd9014000030008,1,1,3128,-45,1654779890283024,1654779890283024,
300833b2ddd9014000030001,1,1,1992,-51,1654779890284764,1654779890284764,
300833b2ddd9014000030002,1,1,4076,-50,1654779890285863,1654779890285863,
300833b2ddd9014000030001,1,1,1956,-51,1654779890316270,1654779890316270,
300833b2ddd9014000030009,1,1,2420,-43,1654779890317357,1654779890317357,
300833b2ddd9014000030008,1,1,3116,-45,1654779890319160,1654779890319160,
300833b2ddd9014000030002,1,1,4080,-50,1654779890320887,1654779890320887,
300833b2ddd9014000030008,1,1,3128,-45,1654779890326116,1654779890326116,
300833b2ddd9014000030009,1,1,2416,-43,1654779890327218,1654779890327218,
300833b2ddd9014000030002,1,1,4080,-50,1654779890328446,1654779890328446,
300833b2ddd9014000030001,1,1,1968,-51,1654779890329491,1654779890329491,
300833b2ddd9014000030002,1,1,4068,-50,1654779890359484,1654779890359484,
300833b2ddd9014000030008,1,1,3124,-45,1654779890360822,1654779890360822,
300833b2ddd9014000030009,1,1,2420,-43,1654779890361922,1654779890361922,
300833b2ddd9014000030001,1,1,2020,-51,1654779890364102,1654779890364102,
300833b2ddd9014000030001,1,1,2008,-51,1654779890367880,1654779890367880,
300833b2ddd9014000030009,1,1,2444,-43,1654779890370750,1654779890370750,
300833b2ddd9014000030008,1,1,3124,-45,1654779890371864,1654779890371864,
300833b2ddd9014000030002,1,1,4080,-50,1654779890373119,1654779890373119,
300833b2ddd9014000030008,1,1,3124,-45,1654779890403355,1654779890403355,
300833b2ddd9014000030009,1,1,2420,-43,1654779890404400,1654779890404400,
300833b2ddd9014000030002,1,1,4068,-51,1654779890405483,1654779890405483,
300833b2ddd9014000030001,1,1,1980,-51,1654779890406555,1654779890406555,
300833b2ddd9014000030001,1,1,1980,-51,1654779890412373,1654779890412373,
300833b2ddd9014000030009,1,1,2436,-43,1654779890414375,1654779890414375,
300833b2ddd9014000030008,1,1,3120,-45,1654779890415456,1654779890415456,
300833b2ddd9014000030002,1,1,4056,-50,1654779890416656,1654779890416656,
300833b2ddd9014000030001,1,1,1984,-51,1654779890447154,1654779890447154,
300833b2ddd9014000030008,1,1,3120,-45,1654779890448392,1654779890448392,
300833b2ddd9014000030002,1,1,8,-50,1654779890449778,1654779890449778,
300833b2ddd9014000030009,1,1,2428,-43,1654779890450849,1654779890450849,
300833b2ddd9014000030009,1,1,2428,-43,1654779890454195,1654779890454195,
300833b2ddd9014000030008,1,1,3120,-45,1654779890456124,1654779890456124,
300833b2ddd9014000030001,1,1,1992,-51,1654779890457678,1654779890457678,
300833b2ddd9014000030002,1,1,4068,-51,1654779890459147,1654779890459147,
300833b2ddd9014000030009,1,1,2424,-43,1654779890489392,1654779890489392,
300833b2ddd9014000030008,1,1,3124,-45,1654779890491073,1654779890491073,
300833b2ddd9014000030001,1,1,2024,-51,1654779890492419,1654779890492419,
300833b2ddd9014000030002,1,1,4068,-50,1654779890493687,1654779890493687,
300833b2ddd9014000030009,1,1,2432,-43,1654779890497391,1654779890497391,
300833b2ddd9014000030008,1,1,3096,-45,1654779890498560,1654779890498560,
300833b2ddd9014000030001,1,1,1988,-51,1654779890500098,1654779890500098,
300833b2ddd9014000030002,1,1,4084,-50,1654779890501497,1654779890501497,
300833b2ddd9014000030008,1,1,3120,-45,1654779890531235,1654779890531235,
300833b2ddd9014000030009,1,1,2416,-43,1654779890533724,1654779890533724,
300833b2ddd9014000030002,1,1,4068,-50,1654779890537324,1654779890537324,
300833b2ddd9014000030001,1,1,1996,-51,1654779890538410,1654779890538410,
300833b2ddd9014000030001,1,1,1996,-51,1654779890541247,1654779890541247,
300833b2ddd9014000030009,1,1,2420,-43,1654779890542829,1654779890542829,
300833b2ddd9014000030008,1,1,3116,-45,1654779890543924,1654779890543924,
300833b2ddd9014000030002,1,1,4072,-50,1654779890545464,1654779890545464,
300833b2ddd9014000030008,1,1,3104,-45,1654779890576611,1654779890576611,
300833b2ddd9014000030002,1,1,4076,-51,1654779890577949,1654779890577949,
300833b2ddd9014000030001,1,1,1960,-51,1654779890579519,1654779890579519,
300833b2ddd9014000030009,1,1,2412,-43,1654779890580619,1654779890580619,