epc,atenda,atendanum,phase,RSS,timestamp,timestamp2,
300833b2ddd9014000030008,1,1,2276,-54,1654693647267120,1654693647267120,
300833b2ddd9014000030001,1,1,1548,-65,1654693647271547,1654693647271547,
300833b2ddd9014000030002,1,1,2128,-68,1654693647274290,1654693647274290,
300833b2ddd9014000030002,1,1,2056,-68,1654693647277800,1654693647277800,
300833b2ddd9014000030008,1,1,2288,-54,1654693647278968,1654693647278968,
300833b2ddd9014000030001,1,1,1468,-65,1654693647281154,1654693647281154,
300833b2ddd9014000030001,1,1,1604,-65,1654693647312416,1654693647312416,
300833b2ddd9014000030008,1,1,2268,-54,1654693647314141,1654693647314141,
300833b2ddd9014000030002,1,1,2168,-68,1654693647320228,1654693647320228,
300833b2ddd9014000030001,1,1,1596,-62,1654693647324822,1654693647324822,
300833b2ddd9014000030008,1,1,2284,-54,1654693647325890,1654693647325890,
300833b2ddd9014000030001,1,1,1436,-65,1654693647357402,1654693647357402,
300833b2ddd9014000030008,1,1,2296,-54,1654693647358498,1654693647358498,
300833b2ddd9014000030002,1,1,2120,-67,1654693647363164,1654693647363164,
300833b2ddd9014000030001,1,1,1464,-64,1654693647364240,1654693647364240,
300833b2ddd9014000030008,1,1,2260,-54,1654693647365622,1654693647365622,
300833b2ddd9014000030002,1,1,2184,-67,1654693647395834,1654693647395834,
300833b2ddd9014000030008,1,1,2308,-54,1654693647397801,1654693647397801,
300833b2ddd9014000030001,1,1,1524,-64,1654693647399144,1654693647399144,
300833b2ddd9014000030008,1,1,2272,-54,1654693647403826,1654693647403826,
300833b2ddd9014000030001,1,1,1484,-64,1654693647405170,1654693647405170,
300833b2ddd9014000030002,1,1,2324,-67,1654693647406640,1654693647406640,
300833b2ddd9014000030001,1,1,1520,-64,1654693647436884,1654693647436884,
300833b2ddd9014000030008,1,1,2260,-54,1654693647437967,1654693647437967,
300833b2ddd9014000030002,1,1,2384,-66,1654693647440371,1654693647440371,
300833b2ddd9014000030008,1,1,2292,-54,1654693647445760,1654693647445760,
300833b2ddd9014000030001,1,1,1468,-65,1654693647447793,1654693647447793,
300833b2ddd9014000030002,1,1,2004,-67,1654693647453843,1654693647453843,
300833b2ddd9014000030001,1,1,1444,-64,1654693647485607,1654693647485607,
300833b2ddd9014000030008,1,1,2284,-54,1654693647486660,1654693647486660,
300833b2ddd9014000030001,1,1,1392,-65,1654693647491239,1654693647491239,
300833b2ddd9014000030008,1,1,2268,-53,1654693647494205,1654693647494205,
300833b2ddd9014000030008,1,1,2268,-54,1654693647527488,1654693647527488,
300833b2ddd9014000030002,1,1,2316,-68,1654693647529317,1654693647529317,
300833b2ddd9014000030001,1,1,1408,-64,1654693647530363,1654693647530363,
300833b2ddd9014000030008,1,1,2280,-54,1654693647534158,1654693647534158,
300833b2ddd9014000030001,1,1,1572,-64,1654693647535845,1654693647535845,
300833b2ddd9014000030002,1,1,1972,-67,1654693647536947,1654693647536947,
300833b2ddd9014000030001,1,1,1244,-64,1654693647569133,1654693647569133,
300833b2ddd9014000030008,1,1,2316,-54,1654693647570215,1654693647570215,
300833b2ddd9014000030002,1,1,2336,-66,1654693647575369,1654693647575369,
300833b2ddd9014000030001,1,1,1528,-65,1654693647578662,1654693647578662,
300833b2ddd9014000030008,1,1,2260,-54,1654693647580585,1654693647580585,
300833b2ddd9014000030002,1,1,2404,-66,1654693647581971,1654693647581971,
300833b2ddd9014000030001,1,1,1568,-64,1654693647611850,1654693647611850,
300833b2ddd9014000030008,1,1,2268,-54,1654693647614875,1654693647614875,
300833b2ddd9014000030001,1,1,1536,-64,1654693647619442,1654693647619442,
300833b2ddd9014000030002,1,1,2280,-67,1654693647620517,1654693647620517,
300833b2ddd9014000030008,1,1,2276,-54,1654693647622788,1654693647622788,
300833b2ddd9014000030008,1,1,2280,-54,1654693647654244,1654693647654244,
300833b2ddd9014000030002,1,1,2248,-67,1654693647655945,1654693647655945,
300833b2ddd9014000030001,1,1,1572,-64,1654693647657288,1654693647657288,
300833b2ddd9014000030008,1,1,2268,-54,1654693647661942,1654693647661942,
300833b2ddd9014000030002,1,1,2344,-67,1654693647663074,1654693647663074,
300833b2ddd9014000030001,1,1,1660,-64,1654693647665031,1654693647665031,
300833b2ddd9014000030008,1,1,2264,-54,1654693647695379,1654693647695379,
300833b2ddd9014000030001,1,1,1484,-64,1654693647697076,1654693647697076,
300833b2ddd9014000030002,1,1,2160,-67,1654693647703215,1654693647703215,
300833b2ddd9014000030008,1,1,2272,-54,1654693647706736,1654693647706736,
300833b2ddd9014000030001,1,1,1512,-65,1654693647708195,1654693647708195,
300833b2ddd9014000030002,1,1,2016,-67,1654693647709989,1654693647709989,
300833b2ddd9014000030001,1,1,1452,-64,1654693647740242,1654693647740242,
300833b2ddd9014000030008,1,1,2264,-54,1654693647741694,1654693647741694,
300833b2ddd9014000030002,1,1,2300,-67,1654693647743250,1654693647743250,
300833b2ddd9014000030008,1,1,2272,-54,1654693647747029,1654693647747029,
300833b2ddd9014000030001,1,1,1516,-64,1654693647749645,1654693647749645,
300833b2ddd9014000030002,1,1,2084,-67,1654693647752005,1654693647752005,
300833b2ddd9014000030008,1,1,2268,-53,1654693647782723,1654693647782723,
300833b2ddd9014000030002,1,1,2116,-68,1654693647784023,1654693647784023,
300833b2ddd9014000030001,1,1,1492,-64,1654693647785084,1654693647785084,
300833b2ddd9014000030008,1,1,2276,-54,1654693647788758,1654693647788758,
300833b2ddd9014000030002,1,1,2236,-67,1654693647790468,1654693647790468,
300833b2ddd9014000030001,1,1,1332,-64,1654693647791584,1654693647791584,
300833b2ddd9014000030001,1,1,1584,-65,1654693647822903,1654693647822903,
300833b2ddd9014000030008,1,1,2296,-53,1654693647824857,1654693647824857,
300833b2ddd9014000030002,1,1,2252,-67,1654693647825959,1654693647825959,
300833b2ddd9014000030008,1,1,2276,-54,1654693647829860,1654693647829860,
300833b2ddd9014000030001,1,1,1456,-64,1654693647830979,1654693647830979,
300833b2ddd9014000030002,1,1,2276,-67,1654693647836116,1654693647836116,
300833b2ddd9014000030008,1,1,2248,-54,1654693647867167,1654693647867167,
300833b2ddd9014000030001,1,1,1604,-64,1654693647868483,1654693647868483,
300833b2ddd9014000030002,1,1,2176,-66,1654693647869938,1654693647869938,
300833b2ddd9014000030008,1,1,2292,-54,1654693647873668,1654693647873668,
300833b2ddd9014000030001,1,1,1484,-64,1654693647874730,1654693647874730,
300833b2ddd9014000030002,1,1,2288,-68,1654693647876458,1654693647876458,
300833b2ddd9014000030001,1,1,1536,-65,1654693647906754,1654693647906754,
300833b2ddd9014000030008,1,1,2284,-54,1654693647907850,1654693647907850,
300833b2ddd9014000030002,1,1,2124,-67,1654693647911633,1654693647911633,
300833b2ddd9014000030001,1,1,1340,-64,1654693647915069,1654693647915069,
300833b2ddd9014000030008,1,1,2236,-54,1654693647917466,1654693647917466,
300833b2ddd9014000030002,1,1,2260,-67,1654693647919748,1654693647919748,
300833b2ddd9014000030008,1,1,2280,-54,1654693647951617,1654693647951617,
300833b2ddd9014000030001,1,1,1416,-64,1654693647954782,1654693647954782,
300833b2ddd9014000030008,1,1,2252,-54,1654693647958480,1654693647958480,
300833b2ddd9014000030001,1,1,1424,-64,1654693647959809,1654693647959809,
300833b2ddd9014000030008,1,1,2288,-53,1654693647994837,1654693647994837,
300833b2ddd9014000030001,1,1,1528,-64,1654693647995925,1654693647995925,
300833b2ddd9014000030002,1,1,2132,-67,1654693647997878,1654693647997878,
300833b2ddd9014000030001,1,1,1484,-64,1654693648001960,1654693648001960,
300833b2ddd9014000030008,1,1,2236,-54,1654693648003289,1654693648003289,
300833b2ddd9014000030002,1,1,2184,-68,1654693648005182,1654693648005182,
300833b2ddd9014000030008,1,1,2264,-54,1654693648035656,1654693648035656,
300833b2ddd9014000030002,1,1,2128,-68,1654693648037153,1654693648037153,
300833b2ddd9014000030001,1,1,1392,-65,1654693648038487,1654693648038487,
300833b2ddd9014000030008,1,1,2276,-53,1654693648043048,1654693648043048,
300833b2ddd9014000030001,1,1,1564,-64,1654693648044350,1654693648044350,
300833b2ddd9014000030002,1,1,1836,-67,1654693648046502,1654693648046502,
300833b2ddd9014000030008,1,1,2244,-54,1654693648076375,1654693648076375,
300833b2ddd9014000030001,1,1,1520,-64,1654693648078976,1654693648078976,
300833b2ddd9014000030002,1,1,2356,-67,1654693648080743,1654693648080743,
300833b2ddd9014000030008,1,1,2244,-54,1654693648084591,1654693648084591,
300833b2ddd9014000030002,1,1,2236,-68,1654693648086176,1654693648086176,
300833b2ddd9014000030001,1,1,1492,-64,1654693648088000,1654693648088000,
300833b2ddd9014000030008,1,1,2280,-53,1654693648119183,1654693648119183,
300833b2ddd9014000030001,1,1,1404,-64,1654693648120274,1654693648120274,
300833b2ddd9014000030002,1,1,2092,-68,1654693648123477,1654693648123477,
300833b2ddd9014000030008,1,1,2252,-54,1654693648127524,1654693648127524,
300833b2ddd9014000030002,1,1,2120,-67,1654693648129194,1654693648129194,
300833b2ddd9014000030001,1,1,1564,-65,1654693648130325,1654693648130325,
300833b2ddd9014000030008,1,1,2260,-54,1654693648161260,1654693648161260,
300833b2ddd9014000030001,1,1,1592,-64,1654693648165318,1654693648165318,
300833b2ddd9014000030002,1,1,1936,-67,1654693648166508,1654693648166508,
300833b2ddd9014000030001,1,1,1488,-64,1654693648170746,1654693648170746,
300833b2ddd9014000030008,1,1,2248,-54,1654693648172086,1654693648172086,
300833b2ddd9014000030002,1,1,2012,-67,1654693648176736,1654693648176736,
300833b2ddd9014000030001,1,1,1440,-64,1654693648207783,1654693648207783,
300833b2ddd9014000030008,1,1,2284,-54,1654693648209093,1654693648209093,
300833b2ddd9014000030002,1,1,2188,-66,1654693648211242,1654693648211242,
300833b2ddd9014000030001,1,1,1456,-64,1654693648214468,1654693648214468,
300833b2ddd9014000030008,1,1,2260,-54,1654693648216789,1654693648216789,
300833b2ddd9014000030002,1,1,2044,-68,1654693648219825,1654693648219825,
300833b2ddd9014000030008,1,1,2308,-54,1654693648251023,1654693648251023,
300833b2ddd9014000030001,1,1,1520,-64,1654693648252350,1654693648252350,
300833b2ddd9014000030002,1,1,2136,-67,1654693648259324,1654693648259324,
300833b2ddd9014000030001,1,1,1620,-65,1654693648262619,1654693648262619,
300833b2ddd9014000030008,1,1,2260,-54,1654693648264312,1654693648264312,
300833b2ddd9014000030002,1,1,1824,-67,1654693648271907,1654693648271907,
300833b2ddd9014000030001,1,1,1488,-65,1654693648302431,1654693648302431,
300833b2ddd9014000030008,1,1,2280,-54,1654693648303641,1654693648303641,
300833b2ddd9014000030002,1,1,2268,-67,1654693648307824,1654693648307824,
300833b2ddd9014000030008,1,1,2248,-54,1654693648311322,1654693648311322,
300833b2ddd9014000030001,1,1,1456,-64,1654693648312768,1654693648312768,
300833b2ddd9014000030002,1,1,1916,-66,1654693648314365,1654693648314365,
300833b2ddd9014000030008,1,1,2248,-54,1654693648344888,1654693648344888,
300833b2ddd9014000030001,1,1,1568,-64,1654693648353230,1654693648353230,
300833b2ddd9014000030002,1,1,1968,-66,1654693648355546,1654693648355546,
300833b2ddd9014000030001,1,1,1640,-64,1654693648359796,1654693648359796,
300833b2ddd9014000030008,1,1,2240,-54,1654693648361505,1654693648361505,
300833b2ddd9014000030002,1,1,2072,-66,1654693648364260,1654693648364260,
300833b2ddd9014000030001,1,1,1492,-64,1654693648394818,1654693648394818,
300833b2ddd9014000030008,1,1,2288,-54,1654693648395916,1654693648395916,
300833b2ddd9014000030002,1,1,1852,-66,1654693648400066,1654693648400066,
300833b2ddd9014000030001,1,1,1624,-63,1654693648403265,1654693648403265,
300833b2ddd9014000030008,1,1,2276,-54,1654693648404347,1654693648404347,
300833b2ddd9014000030002,1,1,2020,-67,1654693648409641,1654693648409641,
300833b2ddd9014000030008,1,1,2260,-54,1654693648439346,1654693648439346,
300833b2ddd9014000030001,1,1,1588,-63,1654693648442511,1654693648442511,
300833b2ddd9014000030002,1,1,2108,-66,1654693648444461,1654693648444461,
300833b2ddd9014000030008,1,1,2312,-54,1654693648447901,1654693648447901,
300833b2ddd9014000030001,1,1,1528,-64,1654693648449669,1654693648449669,
300833b2ddd9014000030002,1,1,2184,-66,1654693648451774,1654693648451774,
300833b2ddd9014000030001,1,1,1620,-64,1654693648481729,1654693648481729,
300833b2ddd9014000030008,1,1,2280,-54,1654693648484550,1654693648484550,
300833b2ddd9014000030002,1,1,2092,-66,1654693648486157,1654693648486157,
300833b2ddd9014000030008,1,1,2296,-54,1654693648490299,1654693648490299,
300833b2ddd9014000030001,1,1,1472,-64,1654693648493633,1654693648493633,
300833b2ddd9014000030002,1,1,1952,-66,1654693648494705,1654693648494705,
300833b2ddd9014000030001,1,1,1392,-64,1654693648526892,1654693648526892,
300833b2ddd9014000030002,1,1,2368,-66,1654693648529030,1654693648529030,
300833b2ddd9014000030008,1,1,2288,-54,1654693648530083,1654693648530083,
300833b2ddd9014000030002,1,1,2140,-66,1654693648535650,1654693648535650,
300833b2ddd9014000030008,1,1,2272,-54,1654693648536932,1654693648536932,
300833b2ddd9014000030001,1,1,1556,-65,1654693648538036,1654693648538036,
300833b2ddd9014000030008,1,1,2272,-54,1654693648569971,1654693648569971,
300833b2ddd9014000030001,1,1,1524,-63,1654693648572639,1654693648572639,
300833b2ddd9014000030002,1,1,2204,-67,1654693648576964,1654693648576964,
300833b2ddd9014000030008,1,1,2280,-54,1654693648580112,1654693648580112,
300833b2ddd9014000030001,1,1,1540,-65,1654693648581173,1654693648581173,
300833b2ddd9014000030002,1,1,2040,-68,1654693648582245,1654693648582245,
300833b2ddd9014000030008,1,1,2284,-54,1654693648615124,1654693648615124,
300833b2ddd9014000030001,1,1,1384,-64,1654693648617100,1654693648617100,
300833b2ddd9014000030002,1,1,2112,-67,1654693648619297,1654693648619297,
300833b2ddd9014000030001,1,1,1512,-65,1654693648624322,1654693648624322,
300833b2ddd9014000030008,1,1,2256,-54,1654693648625438,1654693648625438,
300833b2ddd9014000030008,1,1,2248,-54,1654693648657208,1654693648657208,
300833b2ddd9014000030001,1,1,1620,-65,1654693648658653,1654693648658653,
300833b2ddd9014000030002,1,1,2192,-67,1654693648659754,1654693648659754,
300833b2ddd9014000030008,1,1,2268,-54,1654693648663952,1654693648663952,
300833b2ddd9014000030001,1,1,1492,-64,1654693648665413,1654693648665413,
300833b2ddd9014000030002,1,1,2108,-67,1654693648666428,1654693648666428,
300833b2ddd9014000030001,1,1,1440,-64,1654693648697587,1654693648697587,
300833b2ddd9014000030008,1,1,2300,-54,1654693648699769,1654693648699769,
300833b2ddd9014000030002,1,1,2056,-67,1654693648701467,1654693648701467,
300833b2ddd9014000030008,1,1,2280,-54,1654693648704498,1654693648704498,
300833b2ddd9014000030002,1,1,2032,-68,1654693648706729,1654693648706729,
300833b2ddd9014000030001,1,1,1508,-65,1654693648707831,1654693648707831,
300833b2ddd9014000030001,1,1,1512,-64,1654693648739612,1654693648739612,
300833b2ddd9014000030002,1,1,2088,-68,1654693648740854,1654693648740854,
300833b2ddd9014000030008,1,1,2276,-54,1654693648741938,1654693648741938,
300833b2ddd9014000030002,1,1,2120,-66,1654693648745910,1654693648745910,
300833b2ddd9014000030008,1,1,2280,-54,1654693648747235,1654693648747235,
300833b2ddd9014000030001,1,1,1464,-64,1654693648748327,1654693648748327,
300833b2ddd9014000030008,1,1,2260,-54,1654693648781103,1654693648781103,
300833b2ddd9014000030002,1,1,2020,-67,1654693648782843,1654693648782843,
300833b2ddd9014000030001,1,1,1504,-65,1654693648783945,1654693648783945,
300833b2ddd9014000030008,1,1,2256,-54,1654693648788156,1654693648788156,
300833b2ddd9014000030002,1,1,1984,-67,1654693648789483,1654693648789483,
300833b2ddd9014000030001,1,1,1436,-65,1654693648792148,1654693648792148,
300833b2ddd9014000030001,1,1,1484,-65,1654693648823179,1654693648823179,
300833b2ddd9014000030008,1,1,2244,-54,1654693648824235,1654693648824235,
300833b2ddd9014000030002,1,1,2204,-67,1654693648827557,1654693648827557,
300833b2ddd9014000030001,1,1,1476,-65,1654693648830534,1654693648830534,
300833b2ddd9014000030002,1,1,2168,-67,1654693648831619,1654693648831619,
300833b2ddd9014000030008,1,1,2296,-54,1654693648833398,1654693648833398,
300833b2ddd9014000030002,1,1,2184,-68,1654693648866569,1654693648866569,
300833b2ddd9014000030008,1,1,2292,-54,1654693648867694,1654693648867694,
300833b2ddd9014000030001,1,1,1384,-64,1654693648868771,1654693648868771,
300833b2ddd9014000030002,1,1,2068,-67,1654693648872073,1654693648872073,
300833b2ddd9014000030008,1,1,2240,-54,1654693648874846,1654693648874846,
300833b2ddd9014000030001,1,1,1516,-64,1654693648875934,1654693648875934,
300833b2ddd9014000030002,1,1,2180,-66,1654693648907096,1654693648907096,
300833b2ddd9014000030001,1,1,1512,-65,1654693648908396,1654693648908396,
300833b2ddd9014000030008,1,1,2284,-54,1654693648909762,1654693648909762,
300833b2ddd9014000030002,1,1,2076,-68,1654693648914679,1654693648914679,
300833b2ddd9014000030008,1,1,2272,-54,1654693648916872,1654693648916872,
300833b2ddd9014000030001,1,1,1548,-65,1654693648918259,1654693648918259,
300833b2ddd9014000030001,1,1,1460,-65,1654693648949127,1654693648949127,
300833b2ddd9014000030008,1,1,2276,-54,1654693648951092,1654693648951092,
300833b2ddd9014000030002,1,1,2012,-68,1654693648952180,1654693648952180,
300833b2ddd9014000030008,1,1,2276,-54,1654693648956573,1654693648956573,
300833b2ddd9014000030001,1,1,1464,-64,1654693648957920,1654693648957920,
300833b2ddd9014000030002,1,1,2128,-68,1654693648960703,1654693648960703,
300833b2ddd9014000030001,1,1,1448,-65,1654693648990538,1654693648990538,
300833b2ddd9014000030008,1,1,2260,-54,1654693648991623,1654693648991623,
300833b2ddd9014000030002,1,1,2152,-68,1654693648994112,1654693648994112,
300833b2ddd9014000030008,1,1,2268,-54,1654693648998619,1654693648998619,
300833b2ddd9014000030001,1,1,1416,-64,1654693649000349,1654693649000349,
300833b2ddd9014000030002,1,1,2148,-68,1654693649003736,1654693649003736,
300833b2ddd9014000030008,1,1,2264,-54,1654693649034523,1654693649034523,
300833b2ddd9014000030001,1,1,1532,-65,1654693649036450,1654693649036450,
300833b2ddd9014000030008,1,1,2256,-54,1654693649041618,1654693649041618,
300833b2ddd9014000030002,1,1,2148,-68,1654693649043796,1654693649043796,
300833b2ddd9014000030001,1,1,1452,-65,1654693649044887,1654693649044887,
300833b2ddd9014000030008,1,1,2288,-54,1654693649076014,1654693649076014,
300833b2ddd9014000030001,1,1,1456,-65,1654693649077446,1654693649077446,
300833b2ddd9014000030002,1,1,2276,-67,1654693649078575,1654693649078575,
300833b2ddd9014000030008,1,1,2272,-54,1654693649082259,1654693649082259,
300833b2ddd9014000030001,1,1,1592,-65,1654693649085792,1654693649085792,
300833b2ddd9014000030002,1,1,2040,-68,1654693649087447,1654693649087447,
300833b2ddd9014000030008,1,1,2272,-54,1654693649118751,1654693649118751,
300833b2ddd9014000030001,1,1,1488,-65,1654693649120466,1654693649120466,
300833b2ddd9014000030002,1,1,2144,-67,1654693649121524,1654693649121524,
300833b2ddd9014000030002,1,1,2064,-66,1654693649124457,1654693649124457,
300833b2ddd9014000030001,1,1,1564,-65,1654693649125503,1654693649125503,
300833b2ddd9014000030008,1,1,2320,-54,1654693649126601,1654693649126601,
300833b2ddd9014000030008,1,1,2256,-54,1654693649166076,1654693649166076,
300833b2ddd9014000030001,1,1,1484,-64,1654693649170062,1654693649170062,
300833b2ddd9014000030002,1,1,2272,-67,1654693649171277,1654693649171277,
300833b2ddd9014000030001,1,1,1480,-64,1654693649174516,1654693649174516,
300833b2ddd9014000030008,1,1,2280,-54,1654693649175583,1654693649175583,
300833b2ddd9014000030001,1,1,1532,-65,1654693649208717,1654693649208717,
300833b2ddd9014000030002,1,1,2204,-68,1654693649209791,1654693649209791,
300833b2ddd9014000030008,1,1,2240,-54,1654693649210919,1654693649210919,
300833b2ddd9014000030001,1,1,1524,-65,1654693649217373,1654693649217373,
300833b2ddd9014000030008,1,1,2304,-54,1654693649218445,1654693649218445,
300833b2ddd9014000030002,1,1,2268,-68,1654693649220808,1654693649220808,
300833b2ddd9014000030001,1,1,1524,-65,1654693649250455,1654693649250455,
300833b2ddd9014000030002,1,1,2288,-67,1654693649251557,1654693649251557,
300833b2ddd9014000030008,1,1,2268,-54,1654693649252923,1654693649252923,
300833b2ddd9014000030002,1,1,2148,-67,1654693649259459,1654693649259459,
300833b2ddd9014000030001,1,1,1316,-65,1654693649260576,1654693649260576,
300833b2ddd9014000030008,1,1,2264,-54,1654693649261629,1654693649261629,
300833b2ddd9014000030008,1,1,2276,-54,1654693649292156,1654693649292156,
300833b2ddd9014000030001,1,1,1464,-65,1654693649295386,1654693649295386,
300833b2ddd9014000030002,1,1,2080,-67,1654693649296589,1654693649296589,
300833b2ddd9014000030008,1,1,2276,-54,1654693649300543,1654693649300543,
300833b2ddd9014000030002,1,1,2108,-68,1654693649301901,1654693649301901,
300833b2ddd9014000030001,1,1,1588,-65,1654693649302977,1654693649302977,
300833b2ddd9014000030008,1,1,2284,-54,1654693649334493,1654693649334493,
300833b2ddd9014000030001,1,1,1440,-65,1654693649336210,1654693649336210,
300833b2ddd9014000030002,1,1,2032,-67,1654693649337296,1654693649337296,
300833b2ddd9014000030001,1,1,1524,-65,1654693649341878,1654693649341878,
300833b2ddd9014000030008,1,1,2288,-54,1654693649343075,1654693649343075,
300833b2ddd9014000030002,1,1,2104,-67,1654693649344645,1654693649344645,
300833b2ddd9014000030008,1,1,2248,-54,1654693649376098,1654693649376098,
300833b2ddd9014000030001,1,1,1324,-65,1654693649377144,1654693649377144,
300833b2ddd9014000030002,1,1,1872,-68,1654693649380661,1654693649380661,
300833b2ddd9014000030008,1,1,2264,-54,1654693649384114,1654693649384114,
300833b2ddd9014000030001,1,1,1360,-64,1654693649385362,1654693649385362,
300833b2ddd9014000030002,1,1,1940,-67,1654693649386420,1654693649386420,
300833b2ddd9014000030001,1,1,1472,-64,1654693649417823,1654693649417823,
300833b2ddd9014000030008,1,1,2316,-54,1654693649419560,1654693649419560,
300833b2ddd9014000030002,1,1,2040,-67,1654693649421044,1654693649421044,
300833b2ddd9014000030002,1,1,2036,-67,1654693649425274,1654693649425274,
300833b2ddd9014000030008,1,1,2288,-54,1654693649426399,1654693649426399,
300833b2ddd9014000030001,1,1,1480,-65,1654693649428312,1654693649428312,
300833b2ddd9014000030008,1,1,2296,-54,1654693649461095,1654693649461095,
300833b2ddd9014000030001,1,1,1388,-65,1654693649462835,1654693649462835,
300833b2ddd9014000030002,1,1,2192,-68,1654693649466015,1654693649466015,
300833b2ddd9014000030008,1,1,2288,-54,1654693649469304,1654693649469304,
300833b2ddd9014000030001,1,1,1344,-63,1654693649470860,1654693649470860,
300833b2ddd9014000030002,1,1,2048,-67,1654693649479294,1654693649479294,
300833b2ddd9014000030008,1,1,2244,-54,1654693649509255,1654693649509255,
300833b2ddd9014000030001,1,1,1568,-65,1654693649510969,1654693649510969,
300833b2ddd9014000030002,1,1,1948,-68,1654693649512920,1654693649512920,
300833b2ddd9014000030008,1,1,2288,-54,1654693649518176,1654693649518176,
300833b2ddd9014000030001,1,1,1488,-64,1654693649519847,1654693649519847,
300833b2ddd9014000030008,1,1,2272,-54,1654693649550687,1654693649550687,
300833b2ddd9014000030001,1,1,1440,-64,1654693649552236,1654693649552236,
300833b2ddd9014000030002,1,1,2116,-67,1654693649553291,1654693649553291,
300833b2ddd9014000030008,1,1,2264,-54,1654693649558267,1654693649558267,
300833b2ddd9014000030001,1,1,1396,-64,1654693649560431,1654693649560431,
300833b2ddd9014000030002,1,1,2060,-67,1654693649562390,1654693649562390,
300833b2ddd9014000030008,1,1,2248,-54,1654693649592248,1654693649592248,
300833b2ddd9014000030001,1,1,1556,-64,1654693649593322,1654693649593322,
300833b2ddd9014000030002,1,1,1952,-67,1654693649595849,1654693649595849,
300833b2ddd9014000030001,1,1,1428,-65,1654693649600173,1654693649600173,
300833b2ddd9014000030008,1,1,2260,-54,1654693649601256,1654693649601256,
300833b2ddd9014000030002,1,1,2064,-67,1654693649602838,1654693649602838,
300833b2ddd9014000030008,1,1,2256,-54,1654693649634741,1654693649634741,
300833b2ddd9014000030001,1,1,1504,-65,1654693649636964,1654693649636964,
300833b2ddd9014000030002,1,1,2148,-67,1654693649638051,1654693649638051,
300833b2ddd9014000030002,1,1,2044,-67,1654693649642686,1654693649642686,
300833b2ddd9014000030001,1,1,1468,-65,1654693649644868,1654693649644868,
300833b2ddd9014000030008,1,1,2256,-54,1654693649645993,1654693649645993,
300833b2ddd9014000030001,1,1,1500,-65,1654693649676132,1654693649676132,
300833b2ddd9014000030008,1,1,2284,-54,1654693649677683,1654693649677683,
300833b2ddd9014000030002,1,1,2132,-67,1654693649680805,1654693649680805,
300833b2ddd9014000030001,1,1,1428,-65,1654693649684854,1654693649684854,
300833b2ddd9014000030008,1,1,2280,-54,1654693649686105,1654693649686105,
300833b2ddd9014000030002,1,1,1968,-67,1654693649687579,1654693649687579,
300833b2ddd9014000030008,1,1,2244,-54,1654693649717863,1654693649717863,
300833b2ddd9014000030001,1,1,1344,-65,1654693649719308,1654693649719308,
300833b2ddd9014000030002,1,1,2280,-67,1654693649720919,1654693649720919,
300833b2ddd9014000030008,1,1,2260,-54,1654693649724587,1654693649724587,
300833b2ddd9014000030001,1,1,1408,-64,1654693649726501,1654693649726501,
300833b2ddd9014000030002,1,1,2204,-66,1654693649727797,1654693649727797,
300833b2ddd9014000030008,1,1,2264,-54,1654693649758857,1654693649758857,
300833b2ddd9014000030002,1,1,2288,-66,1654693649760991,1654693649760991,
300833b2ddd9014000030001,1,1,1628,-65,1654693649762065,1654693649762065,
300833b2ddd9014000030008,1,1,2280,-54,1654693649764761,1654693649764761,
300833b2ddd9014000030001,1,1,1576,-65,1654693649766094,1654693649766094,
300833b2ddd9014000030002,1,1,2164,-67,1654693649767936,1654693649767936,
300833b2ddd9014000030008,1,1,2268,-54,1654693649799576,1654693649799576,
300833b2ddd9014000030002,1,1,2100,-65,1654693649801558,1654693649801558,
300833b2ddd9014000030001,1,1,1536,-64,1654693649802858,1654693649802858,
300833b2ddd9014000030002,1,1,2228,-66,1654693649807221,1654693649807221,
300833b2ddd9014000030001,1,1,1584,-65,1654693649808538,1654693649808538,
300833b2ddd9014000030008,1,1,2252,-54,1654693649809592,1654693649809592,
300833b2ddd9014000030001,1,1,1584,-65,1654693649839713,1654693649839713,
300833b2ddd9014000030002,1,1,2220,-65,1654693649841949,1654693649841949,
300833b2ddd9014000030008,1,1,2268,-54,1654693649843258,1654693649843258,
300833b2ddd9014000030002,1,1,2188,-64,1654693649846827,1654693649846827,
300833b2ddd9014000030008,1,1,2236,-54,1654693649848151,1654693649848151,
300833b2ddd9014000030001,1,1,1560,-64,1654693649849226,1654693649849226,
300833b2ddd9014000030002,1,1,2236,-64,1654693649881142,1654693649881142,
300833b2ddd9014000030008,1,1,2192,-54,1654693649882214,1654693649882214,
300833b2ddd9014000030001,1,1,1612,-64,1654693649884910,1654693649884910,
300833b2ddd9014000030008,1,1,2248,-54,1654693649889438,1654693649889438,
300833b2ddd9014000030001,1,1,1668,-64,1654693649891168,1654693649891168,
300833b2ddd9014000030002,1,1,2308,-65,1654693649892209,1654693649892209,
300833b2ddd9014000030002,1,1,2336,-64,1654693649922872,1654693649922872,
300833b2ddd9014000030008,1,1,2204,-54,1654693649923929,1654693649923929,
300833b2ddd9014000030001,1,1,1772,-65,1654693649925032,1654693649925032,
300833b2ddd9014000030002,1,1,2340,-63,1654693649930255,1654693649930255,
300833b2ddd9014000030001,1,1,1712,-65,1654693649932392,1654693649932392,
300833b2ddd9014000030008,1,1,2184,-54,1654693649933476,1654693649933476,
300833b2ddd9014000030001,1,1,1688,-64,1654693649964402,1654693649964402,
300833b2ddd9014000030002,1,1,2376,-64,1654693649965643,1654693649965643,
300833b2ddd9014000030008,1,1,2188,-54,1654693649967210,1654693649967210,
300833b2ddd9014000030008,1,1,2176,-55,1654693649972533,1654693649972533,
300833b2ddd9014000030002,1,1,2304,-64,1654693649975101,1654693649975101,
300833b2ddd9014000030001,1,1,1796,-64,1654693649976148,1654693649976148,
300833b2ddd9014000030008,1,1,2188,-54,1654693650007121,1654693650007121,
300833b2ddd9014000030002,1,1,2248,-64,1654693650009358,1654693650009358,
300833b2ddd9014000030001,1,1,1780,-63,1654693650010671,1654693650010671,
300833b2ddd9014000030001,1,1,1840,-64,1654693650014413,1654693650014413,
300833b2ddd9014000030002,1,1,2232,-64,1654693650015869,1654693650015869,
300833b2ddd9014000030008,1,1,2168,-55,1654693650016995,1654693650016995,
300833b2ddd9014000030008,1,1,2120,-55,1654693650047754,1654693650047754,
300833b2ddd9014000030001,1,1,1820,-63,1654693650049123,1654693650049123,
300833b2ddd9014000030002,1,1,2248,-64,1654693650050190,1654693650050190,
300833b2ddd9014000030008,1,1,2116,-55,1654693650055674,1654693650055674,
300833b2ddd9014000030002,1,1,2304,-63,1654693650057597,1654693650057597,
300833b2ddd9014000030001,1,1,1892,-62,1654693650058912,1654693650058912,
300833b2ddd9014000030002,1,1,2188,-63,1654693650089912,1654693650089912,
300833b2ddd9014000030001,1,1,1864,-63,1654693650091427,1654693650091427,
300833b2ddd9014000030008,1,1,2120,-55,1654693650092740,1654693650092740,
300833b2ddd9014000030002,1,1,2172,-62,1654693650096266,1654693650096266,
300833b2ddd9014000030001,1,1,1900,-63,1654693650097386,1654693650097386,
300833b2ddd9014000030008,1,1,2136,-55,1654693650099258,1654693650099258,
300833b2ddd9014000030001,1,1,1768,-62,1654693650131740,1654693650131740,
300833b2ddd9014000030002,1,1,2144,-62,1654693650132781,1654693650132781,
300833b2ddd9014000030008,1,1,2132,-55,1654693650133838,1654693650133838,
300833b2ddd9014000030008,1,1,2128,-55,1654693650137476,1654693650137476,
300833b2ddd9014000030001,1,1,1816,-61,1654693650138809,1654693650138809,
300833b2ddd9014000030002,1,1,2084,-63,1654693650140420,1654693650140420,
300833b2ddd9014000030008,1,1,2144,-56,1654693650172180,1654693650172180,
300833b2ddd9014000030002,1,1,2088,-63,1654693650174317,1654693650174317,
300833b2ddd9014000030001,1,1,1832,-61,1654693650175700,1654693650175700,
300833b2ddd9014000030001,1,1,1792,-62,1654693650181237,1654693650181237,
300833b2ddd9014000030008,1,1,2100,-56,1654693650183143,1654693650183143,
300833b2ddd9014000030002,1,1,2144,-63,1654693650184212,1654693650184212,
300833b2ddd9014000030008,1,1,2088,-55,1654693650214600,1654693650214600,
300833b2ddd9014000030001,1,1,1812,-61,1654693650216513,1654693650216513,
300833b2ddd9014000030002,1,1,2140,-63,1654693650217864,1654693650217864,
300833b2ddd9014000030001,1,1,1796,-61,1654693650222591,1654693650222591,
300833b2ddd9014000030002,1,1,2140,-63,1654693650223663,1654693650223663,
300833b2ddd9014000030008,1,1,2108,-55,1654693650224790,1654693650224790,
300833b2ddd9014000030008,1,1,2104,-55,1654693650256361,1654693650256361,
300833b2ddd9014000030001,1,1,1776,-61,1654693650257451,1654693650257451,
300833b2ddd9014000030002,1,1,2100,-63,1654693650258798,1654693650258798,
300833b2ddd9014000030008,1,1,2080,-56,1654693650263482,1654693650263482,
300833b2ddd9014000030001,1,1,1804,-61,1654693650264840,1654693650264840,
300833b2ddd9014000030002,1,1,2040,-63,1654693650266282,1654693650266282,
300833b2ddd9014000030008,1,1,2108,-56,1654693650295943,1654693650295943,
300833b2ddd9014000030001,1,1,1716,-61,1654693650297302,1654693650297302,
300833b2ddd9014000030002,1,1,2060,-63,1654693650299393,1654693650299393,
300833b2ddd9014000030008,1,1,2088,-56,1654693650303570,1654693650303570,
300833b2ddd9014000030002,1,1,2048,-63,1654693650304700,1654693650304700,
300833b2ddd9014000030001,1,1,1728,-61,1654693650306997,1654693650306997,
300833b2ddd9014000030001,1,1,1760,-61,1654693650338530,1654693650338530,
300833b2ddd9014000030008,1,1,2100,-56,1654693650339999,1654693650339999,
300833b2ddd9014000030002,1,1,2104,-64,1654693650341584,1654693650341584,
300833b2ddd9014000030001,1,1,1580,-61,1654693650344873,1654693650344873,
300833b2ddd9014000030002,1,1,2116,-64,1654693650345941,1654693650345941,
300833b2ddd9014000030008,1,1,2060,-56,1654693650347580,1654693650347580,
300833b2ddd9014000030002,1,1,2060,-63,1654693650379768,1654693650379768,
300833b2ddd9014000030001,1,1,1568,-61,1654693650381173,1654693650381173,
300833b2ddd9014000030008,1,1,2104,-56,1654693650382723,1654693650382723,
300833b2ddd9014000030009,1,1,1348,-69,1654693650384947,1654693650384947,
300833b2ddd9014000030001,1,1,1580,-62,1654693650387668,1654693650387668,
300833b2ddd9014000030008,1,1,2052,-57,1654693650390790,1654693650390790,
300833b2ddd9014000030002,1,1,2132,-64,1654693650392692,1654693650392692,
300833b2ddd9014000030001,1,1,1600,-63,1654693650422373,1654693650422373,
300833b2ddd9014000030002,1,1,2100,-64,1654693650423471,1654693650423471,
300833b2ddd9014000030008,1,1,2072,-57,1654693650424600,1654693650424600,
300833b2ddd9014000030002,1,1,2132,-64,1654693650429973,1654693650429973,
300833b2ddd9014000030009,1,1,1260,-65,1654693650431570,1654693650431570,
300833b2ddd9014000030001,1,1,1524,-62,1654693650432898,1654693650432898,
300833b2ddd9014000030008,1,1,2056,-58,1654693650434238,1654693650434238,
300833b2ddd9014000030002,1,1,2132,-64,1654693650465468,1654693650465468,
300833b2ddd9014000030001,1,1,1384,-64,1654693650466813,1654693650466813,
300833b2ddd9014000030008,1,1,2120,-59,1654693650468863,1654693650468863,
300833b2ddd9014000030009,1,1,1212,-62,1654693650470558,1654693650470558,
300833b2ddd9014000030009,1,1,1132,-62,1654693650475801,1654693650475801,
300833b2ddd9014000030008,1,1,2104,-59,1654693650476869,1654693650476869,
300833b2ddd9014000030001,1,1,1448,-63,1654693650478087,1654693650478087,
300833b2ddd9014000030002,1,1,2140,-64,1654693650479836,1654693650479836,
300833b2ddd9014000030008,1,1,2036,-60,1654693650511376,1654693650511376,
300833b2ddd9014000030009,1,1,1100,-60,1654693650512805,1654693650512805,
300833b2ddd9014000030002,1,1,2144,-65,1654693650513907,1654693650513907,
300833b2ddd9014000030001,1,1,1500,-64,1654693650514965,1654693650514965,
300833b2ddd9014000030009,1,1,1116,-60,1654693650518656,1654693650518656,
300833b2ddd9014000030001,1,1,1496,-63,1654693650519930,1654693650519930,
300833b2ddd9014000030008,1,1,1916,-61,1654693650521029,1654693650521029,
300833b2ddd9014000030002,1,1,2240,-64,1654693650523465,1654693650523465,
300833b2ddd9014000030001,1,1,1488,-63,1654693650554037,1654693650554037,
300833b2ddd9014000030009,1,1,1056,-60,1654693650555962,1654693650555962,
300833b2ddd9014000030008,1,1,2028,-62,1654693650559501,1654693650559501,
300833b2ddd9014000030002,1,1,2092,-65,1654693650560970,1654693650560970,
300833b2ddd9014000030001,1,1,1496,-64,1654693650563815,1654693650563815,
300833b2ddd9014000030008,1,1,1924,-62,1654693650565176,1654693650565176,
300833b2ddd9014000030002,1,1,2136,-65,1654693650566274,1654693650566274,
300833b2ddd9014000030009,1,1,1060,-60,1654693650567345,1654693650567345,
300833b2ddd9014000030009,1,1,884,-57,1654693650791086,1654693650791086,
300833b2ddd9014000030001,1,1,1408,-65,1654693650792191,1654693650792191,
300833b2ddd9014000030002,1,1,2168,-66,1654693650794042,1654693650794042,
300833b2ddd9014000030009,1,1,876,-57,1654693650804342,1654693650804342,
300833b2ddd9014000030001,1,1,1528,-66,1654693650805459,1654693650805459,
300833b2ddd9014000030002,1,1,1960,-66,1654693650807269,1654693650807269,
300833b2ddd9014000030001,1,1,1372,-66,1654693650838878,1654693650838878,
300833b2ddd9014000030002,1,1,2176,-67,1654693650839975,1654693650839975,
300833b2ddd9014000030009,1,1,848,-57,1654693650841089,1654693650841089,
300833b2ddd9014000030009,1,1,820,-57,1654693650846258,1654693650846258,
300833b2ddd9014000030001,1,1,1484,-65,1654693650847604,1654693650847604,
300833b2ddd9014000030002,1,1,2216,-67,1654693650849440,1654693650849440,
300833b2ddd9014000030009,1,1,856,-57,1654693650881278,1654693650881278,
300833b2ddd9014000030001,1,1,1368,-65,1654693650882381,1654693650882381,
300833b2ddd9014000030002,1,1,2172,-66,1654693650884161,1654693650884161,
300833b2ddd9014000030009,1,1,816,-57,1654693650889146,1654693650889146,
300833b2ddd9014000030001,1,1,1368,-67,1654693650890362,1654693650890362,
300833b2ddd9014000030002,1,1,2116,-67,1654693650891435,1654693650891435,
300833b2ddd9014000030001,1,1,1284,-66,1654693650922245,1654693650922245,
300833b2ddd9014000030009,1,1,836,-57,1654693650924181,1654693650924181,
300833b2ddd9014000030002,1,1,2016,-66,1654693650925765,1654693650925765,
300833b2ddd9014000030002,1,1,2204,-67,1654693650929922,1654693650929922,
300833b2ddd9014000030009,1,1,812,-57,1654693650931603,1654693650931603,
300833b2ddd9014000030001,1,1,1504,-66,1654693650933305,1654693650933305,
300833b2ddd9014000030002,1,1,2108,-67,1654693650963416,1654693650963416,
300833b2ddd9014000030001,1,1,1508,-66,1654693650964520,1654693650964520,
300833b2ddd9014000030009,1,1,816,-57,1654693650965635,1654693650965635,
300833b2ddd9014000030009,1,1,808,-57,1654693650971103,1654693650971103,
300833b2ddd9014000030002,1,1,2224,-66,1654693650972572,1654693650972572,
300833b2ddd9014000030001,1,1,1500,-66,1654693650973721,1654693650973721,
300833b2ddd9014000030002,1,1,2296,-67,1654693651005866,1654693651005866,
300833b2ddd9014000030009,1,1,848,-57,1654693651006947,1654693651006947,
300833b2ddd9014000030001,1,1,1348,-66,1654693651008023,1654693651008023,
300833b2ddd9014000030009,1,1,748,-57,1654693651012071,1654693651012071,
300833b2ddd9014000030001,1,1,1336,-66,1654693651014159,1654693651014159,
300833b2ddd9014000030002,1,1,2200,-66,1654693651015260,1654693651015260,
300833b2ddd9014000030002,1,1,2168,-66,1654693651045811,1654693651045811,
300833b2ddd9014000030009,1,1,836,-57,1654693651047034,1654693651047034,
300833b2ddd9014000030001,1,1,1500,-65,1654693651048981,1654693651048981,
300833b2ddd9014000030002,1,1,2036,-66,1654693651052193,1654693651052193,
300833b2ddd9014000030009,1,1,772,-57,1654693651053191,1654693651053191,
300833b2ddd9014000030001,1,1,1344,-65,1654693651056068,1654693651056068,
300833b2ddd9014000030001,1,1,1292,-66,1654693651093569,1654693651093569,
300833b2ddd9014000030002,1,1,2116,-66,1654693651095554,1654693651095554,
300833b2ddd9014000030009,1,1,844,-57,1654693651097178,1654693651097178,
300833b2ddd9014000030009,1,1,844,-57,1654693651101854,1654693651101854,
300833b2ddd9014000030002,1,1,2132,-66,1654693651102897,1654693651102897,
300833b2ddd9014000030001,1,1,1336,-66,1654693651104626,1654693651104626,
300833b2ddd9014000030009,1,1,816,-58,1654693651134467,1654693651134467,
300833b2ddd9014000030002,1,1,2244,-66,1654693651136210,1654693651136210,
300833b2ddd9014000030001,1,1,1240,-66,1654693651137724,1654693651137724,
300833b2ddd9014000030002,1,1,2128,-66,1654693651142394,1654693651142394,
300833b2ddd9014000030001,1,1,1344,-66,1654693651143457,1654693651143457,
300833b2ddd9014000030009,1,1,720,-57,1654693651144499,1654693651144499,
300833b2ddd9014000030002,1,1,2052,-66,1654693651175766,1654693651175766,
300833b2ddd9014000030009,1,1,868,-58,1654693651177302,1654693651177302,
300833b2ddd9014000030001,1,1,1116,-66,1654693651178538,1654693651178538,
300833b2ddd9014000030001,1,1,1448,-66,1654693651181568,1654693651181568,
300833b2ddd9014000030009,1,1,792,-57,1654693651182669,1654693651182669,
300833b2ddd9014000030002,1,1,2248,-67,1654693651185556,1654693651185556,
300833b2ddd9014000030002,1,1,2032,-67,1654693651216556,1654693651216556,
300833b2ddd9014000030001,1,1,1516,-66,1654693651217872,1654693651217872,
300833b2ddd9014000030009,1,1,812,-57,1654693651218970,1654693651218970,
300833b2ddd9014000030001,1,1,1352,-65,1654693651224573,1654693651224573,
300833b2ddd9014000030009,1,1,832,-57,1654693651225700,1654693651225700,
300833b2ddd9014000030002,1,1,2068,-66,1654693651226816,1654693651226816,
300833b2ddd9014000030001,1,1,1424,-65,1654693651260229,1654693651260229,
300833b2ddd9014000030009,1,1,836,-57,1654693651261356,1654693651261356,
300833b2ddd9014000030002,1,1,2060,-66,1654693651262503,1654693651262503,
300833b2ddd9014000030002,1,1,2276,-66,1654693651265646,1654693651265646,
300833b2ddd9014000030009,1,1,856,-57,1654693651267581,1654693651267581,
300833b2ddd9014000030001,1,1,1508,-66,1654693651268928,1654693651268928,
300833b2ddd9014000030009,1,1,820,-57,1654693651299495,1654693651299495,
300833b2ddd9014000030001,1,1,1400,-66,1654693651300599,1654693651300599,
300833b2ddd9014000030002,1,1,2120,-66,1654693651302437,1654693651302437,
300833b2ddd9014000030009,1,1,824,-57,1654693651307287,1654693651307287,
300833b2ddd9014000030001,1,1,1376,-66,1654693651309201,1654693651309201,
300833b2ddd9014000030002,1,1,2156,-67,1654693651310270,1654693651310270,
300833b2ddd9014000030001,1,1,1512,-67,1654693651340547,1654693651340547,
300833b2ddd9014000030002,1,1,2136,-66,1654693651342129,1654693651342129,
300833b2ddd9014000030009,1,1,800,-57,1654693651343410,1654693651343410,
300833b2ddd9014000030001,1,1,1400,-65,1654693651348549,1654693651348549,
300833b2ddd9014000030009,1,1,808,-57,1654693651349978,1654693651349978,
300833b2ddd9014000030002,1,1,2228,-66,1654693651351307,1654693651351307,
300833b2ddd9014000030009,1,1,756,-57,1654693651382924,1654693651382924,
300833b2ddd9014000030001,1,1,1308,-66,1654693651383998,1654693651383998,
300833b2ddd9014000030002,1,1,2020,-65,1654693651385709,1654693651385709,
300833b2ddd9014000030002,1,1,2164,-66,1654693651388725,1654693651388725,
300833b2ddd9014000030009,1,1,800,-57,1654693651391170,1654693651391170,
300833b2ddd9014000030001,1,1,1280,-66,1654693651392204,1654693651392204,
300833b2ddd9014000030009,1,1,844,-57,1654693651422971,1654693651422971,
300833b2ddd9014000030002,1,1,2232,-65,1654693651424088,1654693651424088,
300833b2ddd9014000030001,1,1,1316,-65,1654693651425389,1654693651425389,
300833b2ddd9014000030001,1,1,1428,-67,1654693651430557,1654693651430557,
300833b2ddd9014000030002,1,1,2108,-66,1654693651432013,1654693651432013,
300833b2ddd9014000030009,1,1,812,-58,1654693651433297,1654693651433297,
300833b2ddd9014000030001,1,1,1432,-67,1654693651464062,1654693651464062,
300833b2ddd9014000030009,1,1,832,-57,1654693651465804,1654693651465804,
300833b2ddd9014000030002,1,1,2264,-65,1654693651467134,1654693651467134,
300833b2ddd9014000030001,1,1,1484,-66,1654693651470695,1654693651470695,
300833b2ddd9014000030002,1,1,2120,-66,1654693651471795,1654693651471795,
300833b2ddd9014000030009,1,1,772,-58,1654693651473577,1654693651473577,
300833b2ddd9014000030002,1,1,2092,-66,1654693651505238,1654693651505238,
300833b2ddd9014000030009,1,1,824,-57,1654693651506789,1654693651506789,
300833b2ddd9014000030001,1,1,1452,-65,1654693651508544,1654693651508544,
300833b2ddd9014000030009,1,1,848,-57,1654693651512965,1654693651512965,
300833b2ddd9014000030001,1,1,1356,-66,1654693651514070,1654693651514070,
300833b2ddd9014000030002,1,1,2072,-65,1654693651515682,1654693651515682,
300833b2ddd9014000030002,1,1,2160,-66,1654693651547315,1654693651547315,
300833b2ddd9014000030009,1,1,840,-57,1654693651548441,1654693651548441,
300833b2ddd9014000030001,1,1,1388,-66,1654693651551335,1654693651551335,
300833b2ddd9014000030002,1,1,2040,-66,1654693651555422,1654693651555422,
300833b2ddd9014000030001,1,1,1408,-65,1654693651557079,1654693651557079,
300833b2ddd9014000030009,1,1,800,-57,1654693651558435,1654693651558435,
300833b2ddd9014000030009,1,1,824,-57,1654693651588973,1654693651588973,
300833b2ddd9014000030002,1,1,2212,-65,1654693651590299,1654693651590299,
300833b2ddd9014000030001,1,1,1312,-66,1654693651592367,1654693651592367,
300833b2ddd9014000030002,1,1,2164,-65,1654693651596504,1654693651596504,
300833b2ddd9014000030009,1,1,792,-57,1654693651598670,1654693651598670,
300833b2ddd9014000030001,1,1,1460,-65,1654693651599758,1654693651599758,
300833b2ddd9014000030001,1,1,1404,-65,1654693651630563,1654693651630563,
300833b2ddd9014000030009,1,1,808,-57,1654693651633174,1654693651633174,
300833b2ddd9014000030002,1,1,2168,-66,1654693651634273,1654693651634273,
300833b2ddd9014000030009,1,1,780,-57,1654693651636993,1654693651636993,
300833b2ddd9014000030001,1,1,1448,-66,1654693651638321,1654693651638321,
300833b2ddd9014000030002,1,1,2284,-65,1654693651640673,1654693651640673,
300833b2ddd9014000030002,1,1,2280,-65,1654693651672981,1654693651672981,
300833b2ddd9014000030009,1,1,812,-57,1654693651674094,1654693651674094,
300833b2ddd9014000030001,1,1,1456,-66,1654693651675511,1654693651675511,
300833b2ddd9014000030009,1,1,824,-57,1654693651678528,1654693651678528,
300833b2ddd9014000030002,1,1,2212,-66,1654693651680096,1654693651680096,
300833b2ddd9014000030001,1,1,1396,-66,1654693651681156,1654693651681156,
300833b2ddd9014000030001,1,1,1436,-65,1654693651714160,1654693651714160,
300833b2ddd9014000030009,1,1,836,-57,1654693651715456,1654693651715456,
300833b2ddd9014000030002,1,1,2156,-64,1654693651717153,1654693651717153,
300833b2ddd9014000030009,1,1,768,-57,1654693651720368,1654693651720368,
300833b2ddd9014000030002,1,1,2216,-66,1654693651722094,1654693651722094,
300833b2ddd9014000030001,1,1,1384,-65,1654693651723155,1654693651723155,
300833b2ddd9014000030002,1,1,2292,-66,1654693651754191,1654693651754191,
300833b2ddd9014000030009,1,1,788,-57,1654693651756153,1654693651756153,
300833b2ddd9014000030001,1,1,1268,-66,1654693651757627,1654693651757627,
300833b2ddd9014000030009,1,1,780,-57,1654693651762197,1654693651762197,
300833b2ddd9014000030002,1,1,2004,-66,1654693651764719,1654693651764719,
300833b2ddd9014000030001,1,1,1392,-65,1654693651765778,1654693651765778,
300833b2ddd9014000030009,1,1,828,-57,1654693651797215,1654693651797215,
300833b2ddd9014000030002,1,1,2084,-67,1654693651799369,1654693651799369,
300833b2ddd9014000030001,1,1,1276,-65,1654693651800430,1654693651800430,
300833b2ddd9014000030001,1,1,1304,-65,1654693651803163,1654693651803163,
300833b2ddd9014000030009,1,1,828,-57,1654693651804245,1654693651804245,
300833b2ddd9014000030002,1,1,2200,-66,1654693651806946,1654693651806946,
300833b2ddd9014000030009,1,1,776,-57,1654693651838620,1654693651838620,
300833b2ddd9014000030001,1,1,1412,-65,1654693651839881,1654693651839881,
300833b2ddd9014000030002,1,1,2128,-65,1654693651841405,1654693651841405,
300833b2ddd9014000030002,1,1,2120,-67,1654693651846437,1654693651846437,
300833b2ddd9014000030001,1,1,1412,-65,1654693651847808,1654693651847808,
300833b2ddd9014000030009,1,1,808,-57,1654693651849105,1654693651849105,
300833b2ddd9014000030001,1,1,1416,-66,1654693651881969,1654693651881969,
300833b2ddd9014000030009,1,1,812,-57,1654693651883009,1654693651883009,
300833b2ddd9014000030002,1,1,2060,-66,1654693651884338,1654693651884338,
300833b2ddd9014000030002,1,1,2116,-66,1654693651888969,1654693651888969,
300833b2ddd9014000030009,1,1,784,-57,1654693651890295,1654693651890295,
300833b2ddd9014000030001,1,1,1308,-65,1654693651891528,1654693651891528,
300833b2ddd9014000030002,1,1,2188,-66,1654693651922139,1654693651922139,
300833b2ddd9014000030009,1,1,784,-57,1654693651923367,1654693651923367,
300833b2ddd9014000030001,1,1,1352,-66,1654693651925550,1654693651925550,
300833b2ddd9014000030009,1,1,772,-57,1654693651928518,1654693651928518,
300833b2ddd9014000030002,1,1,2152,-66,1654693651929830,1654693651929830,
300833b2ddd9014000030001,1,1,1304,-65,1654693651931149,1654693651931149,
300833b2ddd9014000030002,1,1,2156,-65,1654693651962647,1654693651962647,
300833b2ddd9014000030001,1,1,1300,-65,1654693651965458,1654693651965458,
300833b2ddd9014000030009,1,1,744,-57,1654693651966545,1654693651966545,
300833b2ddd9014000030002,1,1,2232,-66,1654693651969730,1654693651969730,
300833b2ddd9014000030009,1,1,796,-57,1654693651971157,1654693651971157,
300833b2ddd9014000030001,1,1,1396,-66,1654693651973340,1654693651973340,
300833b2ddd9014000030002,1,1,2304,-65,1654693652003006,1654693652003006,
300833b2ddd9014000030009,1,1,820,-57,1654693652005396,1654693652005396,
300833b2ddd9014000030001,1,1,1412,-66,1654693652007081,1654693652007081,
300833b2ddd9014000030001,1,1,1416,-65,1654693652009794,1654693652009794,
300833b2ddd9014000030002,1,1,2312,-66,1654693652010893,1654693652010893,
300833b2ddd9014000030009,1,1,776,-57,1654693652012942,1654693652012942,
300833b2ddd9014000030009,1,1,812,-57,1654693652046054,1654693652046054,
300833b2ddd9014000030001,1,1,1424,-65,1654693652047839,1654693652047839,
300833b2ddd9014000030002,1,1,2296,-65,1654693652049493,1654693652049493,
300833b2ddd9014000030009,1,1,816,-57,1654693652054198,1654693652054198,
300833b2ddd9014000030001,1,1,1472,-65,1654693652055515,1654693652055515,
300833b2ddd9014000030002,1,1,2232,-66,1654693652056998,1654693652056998,
300833b2ddd9014000030009,1,1,736,-57,1654693652086781,1654693652086781,
300833b2ddd9014000030002,1,1,2168,-67,1654693652088716,1654693652088716,
300833b2ddd9014000030001,1,1,1204,-66,1654693652090289,1654693652090289,
300833b2ddd9014000030009,1,1,800,-57,1654693652093714,1654693652093714,
300833b2ddd9014000030002,1,1,2284,-66,1654693652095895,1654693652095895,
300833b2ddd9014000030001,1,1,1276,-65,1654693652097197,1654693652097197,
300833b2ddd9014000030009,1,1,812,-57,1654693652127658,1654693652127658,
300833b2ddd9014000030002,1,1,2228,-66,1654693652131419,1654693652131419,
300833b2ddd9014000030001,1,1,1368,-65,1654693652132958,1654693652132958,
300833b2ddd9014000030001,1,1,1236,-66,1654693652137063,1654693652137063,
300833b2ddd9014000030009,1,1,756,-57,1654693652138264,1654693652138264,
300833b2ddd9014000030002,1,1,2208,-66,1654693652140494,1654693652140494,
300833b2ddd9014000030009,1,1,756,-57,1654693652170156,1654693652170156,
300833b2ddd9014000030002,1,1,2136,-67,1654693652172160,1654693652172160,
300833b2ddd9014000030001,1,1,1448,-65,1654693652173462,1654693652173462,
300833b2ddd9014000030009,1,1,812,-57,1654693652177041,1654693652177041,
300833b2ddd9014000030002,1,1,2160,-66,1654693652178376,1654693652178376,
300833b2ddd9014000030001,1,1,1352,-66,1654693652181971,1654693652181971,
300833b2ddd9014000030001,1,1,1296,-64,1654693652211937,1654693652211937,
300833b2ddd9014000030002,1,1,2020,-66,1654693652213651,1654693652213651,
300833b2ddd9014000030009,1,1,776,-57,1654693652215034,1654693652215034,
300833b2ddd9014000030009,1,1,796,-57,1654693652218914,1654693652218914,
300833b2ddd9014000030002,1,1,2252,-66,1654693652219974,1654693652219974,
300833b2ddd9014000030001,1,1,1336,-65,1654693652221770,1654693652221770,
300833b2ddd9014000030002,1,1,2156,-67,1654693652254729,1654693652254729,
300833b2ddd9014000030009,1,1,784,-57,1654693652255814,1654693652255814,
300833b2ddd9014000030001,1,1,1320,-66,1654693652257613,1654693652257613,
300833b2ddd9014000030002,1,1,2160,-66,1654693652264173,1654693652264173,
300833b2ddd9014000030009,1,1,856,-57,1654693652265262,1654693652265262,
300833b2ddd9014000030001,1,1,1412,-65,1654693652268198,1654693652268198,
300833b2ddd9014000030001,1,1,1276,-65,1654693652299120,1654693652299120,
300833b2ddd9014000030009,1,1,800,-57,1654693652300176,1654693652300176,
300833b2ddd9014000030002,1,1,2196,-67,1654693652302000,1654693652302000,
300833b2ddd9014000030009,1,1,740,-57,1654693652306832,1654693652306832,
300833b2ddd9014000030001,1,1,1232,-66,1654693652308532,1654693652308532,
300833b2ddd9014000030002,1,1,2272,-66,1654693652310709,1654693652310709,
300833b2ddd9014000030009,1,1,816,-57,1654693652340869,1654693652340869,
300833b2ddd9014000030001,1,1,1344,-65,1654693652341988,1654693652341988,
300833b2ddd9014000030002,1,1,2260,-67,1654693652343274,1654693652343274,
300833b2ddd9014000030009,1,1,780,-57,1654693652348123,1654693652348123,
300833b2ddd9014000030001,1,1,1440,-65,1654693652350731,1654693652350731,
300833b2ddd9014000030002,1,1,2200,-67,1654693652351757,1654693652351757,
300833b2ddd9014000030002,1,1,2240,-66,1654693652381685,1654693652381685,
300833b2ddd9014000030009,1,1,812,-57,1654693652384189,1654693652384189,
300833b2ddd9014000030001,1,1,1492,-64,1654693652385267,1654693652385267,
300833b2ddd9014000030001,1,1,1400,-66,1654693652387967,1654693652387967,
300833b2ddd9014000030009,1,1,800,-57,1654693652389548,1654693652389548,
300833b2ddd9014000030002,1,1,2296,-67,1654693652391772,1654693652391772,
300833b2ddd9014000030009,1,1,804,-57,1654693652423263,1654693652423263,
300833b2ddd9014000030002,1,1,2328,-66,1654693652424965,1654693652424965,
300833b2ddd9014000030001,1,1,1300,-65,1654693652426068,1654693652426068,
300833b2ddd9014000030009,1,1,824,-57,1654693652429595,1654693652429595,
300833b2ddd9014000030001,1,1,1364,-65,1654693652431749,1654693652431749,
300833b2ddd9014000030002,1,1,2252,-66,1654693652433698,1654693652433698,
300833b2ddd9014000030001,1,1,1448,-65,1654693652464196,1654693652464196,
300833b2ddd9014000030009,1,1,800,-57,1654693652465421,1654693652465421,
300833b2ddd9014000030002,1,1,2204,-65,1654693652467587,1654693652467587,
300833b2ddd9014000030002,1,1,2268,-66,1654693652470359,1654693652470359,
300833b2ddd9014000030001,1,1,1388,-65,1654693652472524,1654693652472524,
300833b2ddd9014000030009,1,1,832,-57,1654693652473836,1654693652473836,
300833b2ddd9014000030002,1,1,2352,-66,1654693652504315,1654693652504315,
300833b2ddd9014000030001,1,1,1308,-64,1654693652505432,1654693652505432,
300833b2ddd9014000030009,1,1,824,-57,1654693652506502,1654693652506502,
300833b2ddd9014000030009,1,1,812,-57,1654693652511666,1654693652511666,
300833b2ddd9014000030002,1,1,2184,-66,1654693652512993,1654693652512993,
300833b2ddd9014000030001,1,1,1308,-65,1654693652516271,1654693652516271,
300833b2ddd9014000030002,1,1,2200,-66,1654693652547347,1654693652547347,
300833b2ddd9014000030001,1,1,1328,-65,1654693652548436,1654693652548436,
300833b2ddd9014000030009,1,1,812,-57,1654693652549761,1654693652549761,
300833b2ddd9014000030009,1,1,808,-57,1654693652553165,1654693652553165,
300833b2ddd9014000030001,1,1,1356,-65,1654693652554467,1654693652554467,
300833b2ddd9014000030002,1,1,2236,-66,1654693652555571,1654693652555571,
300833b2ddd9014000030009,1,1,728,-57,1654693652587599,1654693652587599,
300833b2ddd9014000030002,1,1,2256,-66,1654693652588698,1654693652588698,
300833b2ddd9014000030001,1,1,1396,-65,1654693652590506,1654693652590506,
300833b2ddd9014000030009,1,1,828,-57,1654693652596503,1654693652596503,
300833b2ddd9014000030002,1,1,2132,-67,1654693652598310,1654693652598310,
300833b2ddd9014000030001,1,1,1364,-65,1654693652600957,1654693652600957,
300833b2ddd9014000030009,1,1,816,-57,1654693652631846,1654693652631846,
300833b2ddd9014000030001,1,1,1484,-65,1654693652633248,1654693652633248,
300833b2ddd9014000030002,1,1,2188,-66,1654693652634306,1654693652634306,
300833b2ddd9014000030001,1,1,1320,-65,1654693652637603,1654693652637603,
300833b2ddd9014000030009,1,1,792,-57,1654693652640038,1654693652640038,
300833b2ddd9014000030002,1,1,2308,-67,1654693652641123,1654693652641123,
300833b2ddd9014000030009,1,1,792,-57,1654693652671482,1654693652671482,
300833b2ddd9014000030002,1,1,2220,-66,1654693652673647,1654693652673647,
300833b2ddd9014000030001,1,1,1180,-65,1654693652674750,1654693652674750,
300833b2ddd9014000030002,1,1,2268,-67,1654693652678659,1654693652678659,
300833b2ddd9014000030009,1,1,812,-57,1654693652679758,1654693652679758,
300833b2ddd9014000030001,1,1,1332,-65,1654693652682664,1654693652682664,
300833b2ddd9014000030009,1,1,768,-57,1654693652713938,1654693652713938,
300833b2ddd9014000030001,1,1,1332,-65,1654693652715990,1654693652715990,
300833b2ddd9014000030002,1,1,2108,-67,1654693652717093,1654693652717093,
300833b2ddd9014000030002,1,1,2164,-66,1654693652719856,1654693652719856,
300833b2ddd9014000030001,1,1,1504,-65,1654693652721486,1654693652721486,
300833b2ddd9014000030009,1,1,852,-57,1654693652723277,1654693652723277,
300833b2ddd9014000030001,1,1,1396,-64,1654693652755205,1654693652755205,
300833b2ddd9014000030009,1,1,856,-57,1654693652756418,1654693652756418,
300833b2ddd9014000030002,1,1,2216,-67,1654693652757789,1654693652757789,
300833b2ddd9014000030002,1,1,2296,-67,1654693652761392,1654693652761392,
300833b2ddd9014000030009,1,1,856,-57,1654693652763028,1654693652763028,
300833b2ddd9014000030001,1,1,1428,-66,1654693652764357,1654693652764357,
300833b2ddd9014000030001,1,1,1336,-65,1654693652795874,1654693652795874,
300833b2ddd9014000030009,1,1,828,-57,1654693652796986,1654693652796986,
300833b2ddd9014000030002,1,1,2164,-66,1654693652799988,1654693652799988,
300833b2ddd9014000030009,1,1,816,-57,1654693652807588,1654693652807588,
300833b2ddd9014000030002,1,1,2316,-66,1654693652809571,1654693652809571,
300833b2ddd9014000030001,1,1,1392,-65,1654693652810898,1654693652810898,
300833b2ddd9014000030009,1,1,800,-57,1654693652841299,1654693652841299,
300833b2ddd9014000030002,1,1,2072,-66,1654693652843091,1654693652843091,
300833b2ddd9014000030001,1,1,1452,-66,1654693652844180,1654693652844180,
300833b2ddd9014000030009,1,1,812,-57,1654693652849341,1654693652849341,
300833b2ddd9014000030001,1,1,1280,-65,1654693652850685,1654693652850685,
300833b2ddd9014000030002,1,1,2148,-66,1654693652852561,1654693652852561,
300833b2ddd9014000030009,1,1,676,-57,1654693652882602,1654693652882602,
300833b2ddd9014000030001,1,1,1336,-64,1654693652886219,1654693652886219,
300833b2ddd9014000030002,1,1,2228,-66,1654693652887706,1654693652887706,
300833b2ddd9014000030002,1,1,2128,-66,1654693652892081,1654693652892081,
300833b2ddd9014000030009,1,1,832,-57,1654693652893452,1654693652893452,
300833b2ddd9014000030001,1,1,1412,-66,1654693652895321,1654693652895321,
300833b2ddd9014000030009,1,1,912,-57,1654693652926666,1654693652926666,
300833b2ddd9014000030001,1,1,1344,-64,1654693652927740,1654693652927740,
300833b2ddd9014000030002,1,1,2084,-66,1654693652929593,1654693652929593,