epc,atenda,atendanum,phase,RSS,timestamp,timestamp2,
300833b2ddd9014000030001,1,1,1564,-51,1654780035067700,1654780035067700,
300833b2ddd9014000030008,1,1,3396,-41,1654780035069395,1654780035069395,
300833b2ddd9014000030002,1,1,604,-49,1654780035074763,1654780035074763,
300833b2ddd9014000030009,1,1,2384,-41,1654780035076473,1654780035076473,
300833b2ddd9014000030008,1,1,3376,-41,1654780035077826,1654780035077826,
300833b2ddd9014000030001,1,1,1580,-51,1654780035078927,1654780035078927,
300833b2ddd9014000030008,1,1,3384,-41,1654780035109506,1654780035109506,
300833b2ddd9014000030002,1,1,624,-49,1654780035110873,1654780035110873,
300833b2ddd9014000030009,1,1,2400,-41,1654780035111914,1654780035111914,
300833b2ddd9014000030001,1,1,1584,-51,1654780035114883,1654780035114883,
300833b2ddd9014000030002,1,1,600,-49,1654780035119371,1654780035119371,
300833b2ddd9014000030001,1,1,1572,-51,1654780035120801,1654780035120801,
300833b2ddd9014000030009,1,1,2396,-41,1654780035121829,1654780035121829,
300833b2ddd9014000030008,1,1,3392,-41,1654780035122940,1654780035122940,
300833b2ddd9014000030009,1,1,2396,-41,1654780035153753,1654780035153753,
300833b2ddd9014000030002,1,1,592,-49,1654780035154878,1654780035154878,
300833b2ddd9014000030008,1,1,3388,-41,1654780035156670,1654780035156670,
300833b2ddd9014000030001,1,1,1560,-51,1654780035157771,1654780035157771,
300833b2ddd9014000030009,1,1,2404,-41,1654780035163353,1654780035163353,
300833b2ddd9014000030008,1,1,3392,-41,1654780035164663,1654780035164663,
300833b2ddd9014000030002,1,1,612,-49,1654780035165842,1654780035165842,
300833b2ddd9014000030001,1,1,1592,-51,1654780035167288,1654780035167288,
300833b2ddd9014000030009,1,1,2396,-41,1654780035197309,1654780035197309,
300833b2ddd9014000030008,1,1,3396,-41,1654780035198661,1654780035198661,
300833b2ddd9014000030001,1,1,1564,-51,1654780035200259,1654780035200259,
300833b2ddd9014000030002,1,1,616,-49,1654780035201330,1654780035201330,
300833b2ddd9014000030009,1,1,2392,-42,1654780035205803,1654780035205803,
300833b2ddd9014000030002,1,1,616,-49,1654780035207777,1654780035207777,
300833b2ddd9014000030008,1,1,3388,-41,1654780035209090,1654780035209090,
300833b2ddd9014000030001,1,1,1568,-51,1654780035210335,1654780035210335,
300833b2ddd9014000030008,1,1,3408,-41,1654780035240769,1654780035240769,
300833b2ddd9014000030009,1,1,2392,-41,1654780035242708,1654780035242708,
300833b2ddd9014000030001,1,1,1584,-51,1654780035243806,1654780035243806,
300833b2ddd9014000030002,1,1,608,-49,1654780035245306,1654780035245306,
300833b2ddd9014000030001,1,1,1552,-51,1654780035248257,1654780035248257,
300833b2ddd9014000030008,1,1,3404,-41,1654780035249326,1654780035249326,
300833b2ddd9014000030002,1,1,604,-48,1654780035250438,1654780035250438,
300833b2ddd9014000030009,1,1,2376,-42,1654780035251991,1654780035251991,
300833b2ddd9014000030008,1,1,3400,-41,1654780035284611,1654780035284611,
300833b2ddd9014000030009,1,1,2380,-42,1654780035285668,1654780035285668,
300833b2ddd9014000030002,1,1,600,-48,1654780035286781,1654780035286781,
300833b2ddd9014000030001,1,1,1540,-51,1654780035287884,1654780035287884,
300833b2ddd9014000030009,1,1,2392,-42,1654780035291228,1654780035291228,
300833b2ddd9014000030008,1,1,3404,-41,1654780035292311,1654780035292311,
300833b2ddd9014000030002,1,1,624,-48,1654780035293876,1654780035293876,
300833b2ddd9014000030001,1,1,1568,-51,1654780035295232,1654780035295232,
300833b2ddd9014000030001,1,1,1572,-51,1654780035326827,1654780035326827,
300833b2ddd9014000030002,1,1,608,-48,1654780035327898,1654780035327898,
300833b2ddd9014000030008,1,1,3400,-41,1654780035329407,1654780035329407,
300833b2ddd9014000030009,1,1,2392,-41,1654780035330989,1654780035330989,
300833b2ddd9014000030002,1,1,600,-48,1654780035335489,1654780035335489,
300833b2ddd9014000030008,1,1,3396,-41,1654780035336586,1654780035336586,
300833b2ddd9014000030001,1,1,1536,-51,1654780035338412,1654780035338412,
300833b2ddd9014000030009,1,1,2392,-41,1654780035340349,1654780035340349,
300833b2ddd9014000030001,1,1,1548,-51,1654780035370999,1654780035370999,
300833b2ddd9014000030002,1,1,624,-49,1654780035373467,1654780035373467,
300833b2ddd9014000030009,1,1,2380,-41,1654780035375005,1654780035375005,
300833b2ddd9014000030008,1,1,3396,-41,1654780035376087,1654780035376087,
300833b2ddd9014000030002,1,1,616,-49,1654780035378853,1654780035378853,
300833b2ddd9014000030009,1,1,2396,-41,1654780035380420,1654780035380420,
300833b2ddd9014000030008,1,1,3396,-41,1654780035382056,1654780035382056,
300833b2ddd9014000030001,1,1,1560,-51,1654780035384366,1654780035384366,
300833b2ddd9014000030008,1,1,3392,-41,1654780035414544,1654780035414544,
300833b2ddd9014000030009,1,1,2396,-41,1654780035415642,1654780035415642,
300833b2ddd9014000030001,1,1,1548,-51,1654780035417155,1654780035417155,
300833b2ddd9014000030002,1,1,600,-48,1654780035419076,1654780035419076,
300833b2ddd9014000030001,1,1,1548,-51,1654780035422922,1654780035422922,
300833b2ddd9014000030008,1,1,3400,-41,1654780035424472,1654780035424472,
300833b2ddd9014000030009,1,1,2396,-42,1654780035425571,1654780035425571,
300833b2ddd9014000030002,1,1,604,-48,1654780035427535,1654780035427535,
300833b2ddd9014000030001,1,1,1552,-51,1654780035876228,1654780035876228,
300833b2ddd9014000030009,1,1,2396,-42,1654780035877286,1654780035877286,
300833b2ddd9014000030002,1,1,608,-48,1654780035878595,1654780035878595,
300833b2ddd9014000030008,1,1,3404,-41,1654780035879891,1654780035879891,
300833b2ddd9014000030008,1,1,3408,-41,1654780035884400,1654780035884400,
300833b2ddd9014000030009,1,1,2384,-42,1654780035886521,1654780035886521,
300833b2ddd9014000030001,1,1,1556,-51,1654780035887594,1654780035887594,
300833b2ddd9014000030002,1,1,608,-48,1654780035888706,1654780035888706,
300833b2ddd9014000030001,1,1,1560,-51,1654780035919349,1654780035919349,
300833b2ddd9014000030009,1,1,2388,-42,1654780035920463,1654780035920463,
300833b2ddd9014000030002,1,1,628,-48,1654780035921560,1654780035921560,
300833b2ddd9014000030008,1,1,3404,-41,1654780035923112,1654780035923112,
300833b2ddd9014000030009,1,1,2384,-42,1654780035930550,1654780035930550,
300833b2ddd9014000030008,1,1,3404,-41,1654780035931983,1654780035931983,
300833b2ddd9014000030002,1,1,604,-48,1654780035933323,1654780035933323,
300833b2ddd9014000030001,1,1,1596,-51,1654780035934767,1654780035934767,
300833b2ddd9014000030001,1,1,1568,-51,1654780035984457,1654780035984457,
300833b2ddd9014000030008,1,1,3400,-41,1654780035985555,1654780035985555,
300833b2ddd9014000030009,1,1,2384,-41,1654780035986882,1654780035986882,
300833b2ddd9014000030002,1,1,624,-48,1654780035988350,1654780035988350,
300833b2ddd9014000030009,1,1,2400,-42,1654780035992276,1654780035992276,
300833b2ddd9014000030001,1,1,1572,-51,1654780035993349,1654780035993349,
300833b2ddd9014000030008,1,1,3400,-41,1654780035994660,1654780035994660,
300833b2ddd9014000030002,1,1,604,-48,1654780035996099,1654780035996099,
300833b2ddd9014000030001,1,1,1556,-51,1654780036025994,1654780036025994,
300833b2ddd9014000030008,1,1,3412,-41,1654780036027528,1654780036027528,
300833b2ddd9014000030001,1,1,1548,-51,1654780036033276,1654780036033276,
300833b2ddd9014000030002,1,1,640,-49,1654780036034346,1654780036034346,
300833b2ddd9014000030008,1,1,3396,-41,1654780036035970,1654780036035970,
300833b2ddd9014000030009,1,1,2384,-41,1654780036037070,1654780036037070,
300833b2ddd9014000030008,1,1,3396,-41,1654780036069088,1654780036069088,
300833b2ddd9014000030009,1,1,2412,-42,1654780036070544,1654780036070544,
300833b2ddd9014000030002,1,1,660,-49,1654780036072888,1654780036072888,
300833b2ddd9014000030001,1,1,1560,-51,1654780036074131,1654780036074131,
300833b2ddd9014000030009,1,1,2388,-42,1654780036077166,1654780036077166,
300833b2ddd9014000030008,1,1,3416,-41,1654780036078475,1654780036078475,
300833b2ddd9014000030001,1,1,1560,-51,1654780036079550,1654780036079550,
300833b2ddd9014000030002,1,1,636,-49,1654780036081997,1654780036081997,
300833b2ddd9014000030001,1,1,1580,-51,1654780036112935,1654780036112935,
300833b2ddd9014000030008,1,1,3380,-41,1654780036114616,1654780036114616,
300833b2ddd9014000030009,1,1,2380,-42,1654780036115729,1654780036115729,
300833b2ddd9014000030009,1,1,2376,-41,1654780036119564,1654780036119564,
300833b2ddd9014000030001,1,1,1548,-51,1654780036120664,1654780036120664,
300833b2ddd9014000030008,1,1,3392,-41,1654780036121719,1654780036121719,
300833b2ddd9014000030002,1,1,632,-48,1654780036124122,1654780036124122,
300833b2ddd9014000030008,1,1,3400,-41,1654780036156686,1654780036156686,
300833b2ddd9014000030009,1,1,2380,-42,1654780036158012,1654780036158012,
300833b2ddd9014000030001,1,1,1652,-51,1654780036159272,1654780036159272,
300833b2ddd9014000030009,1,1,2384,-42,1654780036162832,1654780036162832,
300833b2ddd9014000030001,1,1,1552,-51,1654780036163919,1654780036163919,
300833b2ddd9014000030002,1,1,636,-49,1654780036165002,1654780036165002,
300833b2ddd9014000030008,1,1,3400,-41,1654780036166341,1654780036166341,
300833b2ddd9014000030002,1,1,620,-49,1654780036198156,1654780036198156,
300833b2ddd9014000030009,1,1,2372,-41,1654780036200107,1654780036200107,
300833b2ddd9014000030008,1,1,3416,-41,1654780036201233,1654780036201233,
300833b2ddd9014000030009,1,1,2360,-42,1654780036205534,1654780036205534,
300833b2ddd9014000030002,1,1,648,-49,1654780036206729,1654780036206729,
300833b2ddd9014000030008,1,1,3392,-41,1654780036208281,1654780036208281,
300833b2ddd9014000030001,1,1,1564,-51,1654780036209540,1654780036209540,
300833b2ddd9014000030008,1,1,3400,-41,1654780036241909,1654780036241909,
300833b2ddd9014000030001,1,1,1556,-51,1654780036243011,1654780036243011,
300833b2ddd9014000030009,1,1,2376,-42,1654780036244381,1654780036244381,
300833b2ddd9014000030002,1,1,628,-48,1654780036245636,1654780036245636,
300833b2ddd9014000030008,1,1,3408,-41,1654780036249183,1654780036249183,
300833b2ddd9014000030002,1,1,608,-49,1654780036250238,1654780036250238,
300833b2ddd9014000030001,1,1,1580,-51,1654780036251325,1654780036251325,
300833b2ddd9014000030009,1,1,2388,-41,1654780036252380,1654780036252380,
300833b2ddd9014000030009,1,1,2384,-41,1654780036284816,1654780036284816,
300833b2ddd9014000030008,1,1,3392,-41,1654780036286240,1654780036286240,
300833b2ddd9014000030002,1,1,616,-49,1654780036287310,1654780036287310,
300833b2ddd9014000030001,1,1,1548,-51,1654780036289065,1654780036289065,
300833b2ddd9014000030002,1,1,620,-49,1654780036291860,1654780036291860,
300833b2ddd9014000030008,1,1,3400,-41,1654780036292942,1654780036292942,
300833b2ddd9014000030001,1,1,1552,-51,1654780036294468,1654780036294468,
300833b2ddd9014000030009,1,1,2376,-41,1654780036296079,1654780036296079,
300833b2ddd9014000030009,1,1,2396,-41,1654780036327768,1654780036327768,
300833b2ddd9014000030001,1,1,1576,-51,1654780036329183,1654780036329183,
300833b2ddd9014000030008,1,1,3396,-41,1654780036330535,1654780036330535,
300833b2ddd9014000030002,1,1,624,-48,1654780036332214,1654780036332214,
300833b2ddd9014000030009,1,1,2384,-41,1654780036335317,1654780036335317,
300833b2ddd9014000030008,1,1,3408,-41,1654780036336429,1654780036336429,
300833b2ddd9014000030002,1,1,624,-49,1654780036338233,1654780036338233,
300833b2ddd9014000030001,1,1,1560,-51,1654780036339918,1654780036339918,
300833b2ddd9014000030008,1,1,3404,-41,1654780036372603,1654780036372603,
300833b2ddd9014000030009,1,1,2384,-41,1654780036373716,1654780036373716,
300833b2ddd9014000030002,1,1,604,-48,1654780036374799,1654780036374799,
300833b2ddd9014000030001,1,1,1556,-51,1654780036376029,1654780036376029,
300833b2ddd9014000030001,1,1,1564,-51,1654780036379155,1654780036379155,
300833b2ddd9014000030009,1,1,2392,-41,1654780036380287,1654780036380287,
300833b2ddd9014000030008,1,1,3404,-41,1654780036381890,1654780036381890,
300833b2ddd9014000030002,1,1,612,-48,1654780036384365,1654780036384365,
300833b2ddd9014000030008,1,1,3400,-41,1654780036416403,1654780036416403,
300833b2ddd9014000030001,1,1,1568,-51,1654780036417548,1654780036417548,
300833b2ddd9014000030009,1,1,2392,-42,1654780036418676,1654780036418676,
300833b2ddd9014000030002,1,1,608,-48,1654780036420385,1654780036420385,
300833b2ddd9014000030008,1,1,3396,-41,1654780036423479,1654780036423479,
300833b2ddd9014000030001,1,1,1544,-51,1654780036425035,1654780036425035,
300833b2ddd9014000030009,1,1,2396,-41,1654780036426828,1654780036426828,
300833b2ddd9014000030002,1,1,612,-48,1654780036428550,1654780036428550,
300833b2ddd9014000030001,1,1,1552,-51,1654780036459628,1654780036459628,
300833b2ddd9014000030009,1,1,2400,-41,1654780036461821,1654780036461821,
300833b2ddd9014000030002,1,1,616,-49,1654780036462947,1654780036462947,
300833b2ddd9014000030008,1,1,3404,-41,1654780036464031,1654780036464031,
300833b2ddd9014000030008,1,1,3408,-41,1654780036467444,1654780036467444,
300833b2ddd9014000030001,1,1,1524,-51,1654780036468744,1654780036468744,
300833b2ddd9014000030009,1,1,2392,-41,1654780036470311,1654780036470311,
300833b2ddd9014000030002,1,1,620,-48,1654780036472231,1654780036472231,
300833b2ddd9014000030001,1,1,1568,-51,1654780036503670,1654780036503670,
300833b2ddd9014000030002,1,1,616,-49,1654780036504756,1654780036504756,
300833b2ddd9014000030009,1,1,2380,-42,1654780036506294,1654780036506294,
300833b2ddd9014000030008,1,1,3404,-41,1654780036507603,1654780036507603,
300833b2ddd9014000030001,1,1,1556,-51,1654780036512232,1654780036512232,
300833b2ddd9014000030002,1,1,628,-48,1654780036513569,1654780036513569,
300833b2ddd9014000030009,1,1,2388,-41,1654780036514615,1654780036514615,
300833b2ddd9014000030008,1,1,3396,-41,1654780036516392,1654780036516392,
300833b2ddd9014000030002,1,1,624,-48,1654780036549338,1654780036549338,
300833b2ddd9014000030008,1,1,3396,-41,1654780036550407,1654780036550407,
300833b2ddd9014000030009,1,1,2380,-41,1654780036551492,1654780036551492,
300833b2ddd9014000030001,1,1,1556,-51,1654780036553273,1654780036553273,
300833b2ddd9014000030008,1,1,3408,-41,1654780036557932,1654780036557932,
300833b2ddd9014000030001,1,1,1568,-51,1654780036559632,1654780036559632,
300833b2ddd9014000030009,1,1,2384,-41,1654780036560774,1654780036560774,
300833b2ddd9014000030002,1,1,616,-48,1654780036562683,1654780036562683,
300833b2ddd9014000030002,1,1,608,-48,1654780036592808,1654780036592808,
300833b2ddd9014000030001,1,1,1560,-51,1654780036594733,1654780036594733,
300833b2ddd9014000030009,1,1,2384,-41,1654780036595806,1654780036595806,
300833b2ddd9014000030008,1,1,3404,-41,1654780036596861,1654780036596861,
300833b2ddd9014000030001,1,1,1552,-51,1654780036600430,1654780036600430,
300833b2ddd9014000030009,1,1,2388,-41,1654780036601487,1654780036601487,
300833b2ddd9014000030002,1,1,624,-49,1654780036602542,1654780036602542,
300833b2ddd9014000030008,1,1,3404,-41,1654780036604357,1654780036604357,
300833b2ddd9014000030008,1,1,3404,-41,1654780036635881,1654780036635881,
300833b2ddd9014000030002,1,1,616,-48,1654780036637219,1654780036637219,
300833b2ddd9014000030001,1,1,1528,-51,1654780036638549,1654780036638549,
300833b2ddd9014000030009,1,1,2380,-42,1654780036639859,1654780036639859,
300833b2ddd9014000030002,1,1,608,-49,1654780036644603,1654780036644603,
300833b2ddd9014000030001,1,1,1548,-51,1654780036645705,1654780036645705,
300833b2ddd9014000030008,1,1,3432,-41,1654780036646788,1654780036646788,
300833b2ddd9014000030009,1,1,2384,-41,1654780036648114,1654780036648114,
300833b2ddd9014000030008,1,1,3400,-41,1654780036679638,1654780036679638,
300833b2ddd9014000030001,1,1,1564,-51,1654780036680951,1654780036680951,
300833b2ddd9014000030001,1,1,1568,-51,1654780036686319,1654780036686319,
300833b2ddd9014000030009,1,1,2388,-41,1654780036687601,1654780036687601,
300833b2ddd9014000030002,1,1,620,-48,1654780036688713,1654780036688713,
300833b2ddd9014000030008,1,1,3404,-41,1654780036689795,1654780036689795,
300833b2ddd9014000030008,1,1,3396,-41,1654780036722560,1654780036722560,
300833b2ddd9014000030001,1,1,1552,-51,1654780036724113,1654780036724113,
300833b2ddd9014000030009,1,1,2380,-41,1654780036727395,1654780036727395,
300833b2ddd9014000030009,1,1,2400,-41,1654780036730116,1654780036730116,
300833b2ddd9014000030001,1,1,1568,-51,1654780036731175,1654780036731175,
300833b2ddd9014000030002,1,1,612,-48,1654780036732260,1654780036732260,
300833b2ddd9014000030008,1,1,3400,-41,1654780036733613,1654780036733613,
300833b2ddd9014000030001,1,1,1544,-51,1654780036765819,1654780036765819,
300833b2ddd9014000030002,1,1,628,-48,1654780036766901,1654780036766901,
300833b2ddd9014000030009,1,1,2392,-42,1654780036767972,1654780036767972,
300833b2ddd9014000030008,1,1,3400,-41,1654780036777618,1654780036777618,
300833b2ddd9014000030008,1,1,3412,-41,1654780036781581,1654780036781581,
300833b2ddd9014000030002,1,1,636,-48,1654780036782678,1654780036782678,
300833b2ddd9014000030009,1,1,2400,-41,1654780036783990,1654780036783990,
300833b2ddd9014000030001,1,1,1552,-51,1654780036785331,1654780036785331,
300833b2ddd9014000030009,1,1,2388,-41,1654780036817727,1654780036817727,
300833b2ddd9014000030001,1,1,1564,-51,1654780036819680,1654780036819680,
300833b2ddd9014000030008,1,1,3404,-41,1654780036821058,1654780036821058,
300833b2ddd9014000030002,1,1,636,-49,1654780036824608,1654780036824608,
300833b2ddd9014000030001,1,1,1596,-51,1654780036825966,1654780036825966,
300833b2ddd9014000030008,1,1,3420,-41,1654780036827062,1654780036827062,
300833b2ddd9014000030009,1,1,2392,-41,1654780036828377,1654780036828377,
300833b2ddd9014000030008,1,1,3408,-41,1654780036860279,1654780036860279,
300833b2ddd9014000030009,1,1,2384,-41,1654780036861662,1654780036861662,
300833b2ddd9014000030002,1,1,640,-49,1654780036862743,1654780036862743,
300833b2ddd9014000030001,1,1,1552,-51,1654780036864713,1654780036864713,
300833b2ddd9014000030008,1,1,3400,-41,1654780036868801,1654780036868801,
300833b2ddd9014000030001,1,1,1544,-51,1654780036869859,1654780036869859,
300833b2ddd9014000030002,1,1,620,-49,1654780036871139,1654780036871139,
300833b2ddd9014000030009,1,1,2380,-41,1654780036872693,1654780036872693,
300833b2ddd9014000030001,1,1,1516,-51,1654780036904918,1654780036904918,
300833b2ddd9014000030008,1,1,3420,-41,1654780036906131,1654780036906131,
300833b2ddd9014000030009,1,1,2380,-41,1654780036907457,1654780036907457,
300833b2ddd9014000030002,1,1,636,-49,1654780036908481,1654780036908481,
300833b2ddd9014000030009,1,1,2376,-41,1654780036911863,1654780036911863,
300833b2ddd9014000030008,1,1,3416,-41,1654780036913172,1654780036913172,
300833b2ddd9014000030001,1,1,1552,-51,1654780036914516,1654780036914516,
300833b2ddd9014000030002,1,1,640,-49,1654780036915597,1654780036915597,
300833b2ddd9014000030008,1,1,3432,-41,1654780036947500,1654780036947500,
300833b2ddd9014000030009,1,1,2384,-41,1654780036948885,1654780036948885,
300833b2ddd9014000030002,1,1,632,-48,1654780036950707,1654780036950707,
300833b2ddd9014000030001,1,1,1540,-51,1654780036953001,1654780036953001,
300833b2ddd9014000030008,1,1,3420,-41,1654780036956219,1654780036956219,
300833b2ddd9014000030002,1,1,632,-48,1654780036957885,1654780036957885,
300833b2ddd9014000030009,1,1,2384,-41,1654780036959239,1654780036959239,
300833b2ddd9014000030001,1,1,1540,-51,1654780036960439,1654780036960439,
300833b2ddd9014000030002,1,1,624,-48,1654780036990433,1654780036990433,
300833b2ddd9014000030001,1,1,1572,-51,1654780036991749,1654780036991749,
300833b2ddd9014000030009,1,1,2404,-41,1654780036992819,1654780036992819,
300833b2ddd9014000030008,1,1,3424,-41,1654780036994698,1654780036994698,
300833b2ddd9014000030002,1,1,620,-48,1654780036999064,1654780036999064,
300833b2ddd9014000030009,1,1,2404,-41,1654780037000379,1654780037000379,
300833b2ddd9014000030008,1,1,3436,-41,1654780037001433,1654780037001433,
300833b2ddd9014000030001,1,1,1544,-51,1654780037003643,1654780037003643,
300833b2ddd9014000030009,1,1,2428,-41,1654780037035083,1654780037035083,
300833b2ddd9014000030002,1,1,608,-49,1654780037036648,1654780037036648,
300833b2ddd9014000030001,1,1,1560,-50,1654780037037736,1654780037037736,
300833b2ddd9014000030008,1,1,3436,-41,1654780037038890,1654780037038890,
300833b2ddd9014000030002,1,1,628,-49,1654780037043787,1654780037043787,
300833b2ddd9014000030008,1,1,3432,-41,1654780037045085,1654780037045085,
300833b2ddd9014000030009,1,1,2428,-41,1654780037046654,1654780037046654,
300833b2ddd9014000030001,1,1,1584,-50,1654780037047742,1654780037047742,
300833b2ddd9014000030001,1,1,1596,-50,1654780037078891,1654780037078891,
300833b2ddd9014000030008,1,1,3448,-41,1654780037079917,1654780037079917,
300833b2ddd9014000030009,1,1,2464,-40,1654780037080916,1654780037080916,
300833b2ddd9014000030002,1,1,620,-48,1654780037082751,1654780037082751,
300833b2ddd9014000030009,1,1,2464,-41,1654780037087164,1654780037087164,
300833b2ddd9014000030008,1,1,3452,-41,1654780037088473,1654780037088473,
300833b2ddd9014000030001,1,1,1588,-50,1654780037089590,1654780037089590,
300833b2ddd9014000030002,1,1,620,-48,1654780037092234,1654780037092234,
300833b2ddd9014000030002,1,1,632,-48,1654780037122897,1654780037122897,
300833b2ddd9014000030009,1,1,2532,-41,1654780037123983,1654780037123983,
300833b2ddd9014000030001,1,1,1624,-49,1654780037125100,1654780037125100,
300833b2ddd9014000030008,1,1,3444,-41,1654780037126199,1654780037126199,
300833b2ddd9014000030009,1,1,2532,-40,1654780037131389,1654780037131389,
300833b2ddd9014000030008,1,1,3460,-41,1654780037132939,1654780037132939,
300833b2ddd9014000030001,1,1,1652,-49,1654780037134041,1654780037134041,
300833b2ddd9014000030002,1,1,652,-48,1654780037136006,1654780037136006,
300833b2ddd9014000030001,1,1,1664,-49,1654780037167058,1654780037167058,
300833b2ddd9014000030002,1,1,656,-48,1654780037168423,1654780037168423,
300833b2ddd9014000030009,1,1,2624,-40,1654780037169548,1654780037169548,
300833b2ddd9014000030008,1,1,3484,-41,1654780037170620,1654780037170620,
300833b2ddd9014000030002,1,1,644,-48,1654780037175879,1654780037175879,
300833b2ddd9014000030009,1,1,2624,-40,1654780037177219,1654780037177219,
300833b2ddd9014000030008,1,1,3468,-41,1654780037178319,1654780037178319,
300833b2ddd9014000030001,1,1,1720,-49,1654780037180705,1654780037180705,
300833b2ddd9014000030008,1,1,3492,-41,1654780037212289,1654780037212289,
300833b2ddd9014000030002,1,1,652,-48,1654780037213386,1654780037213386,
300833b2ddd9014000030001,1,1,1740,-48,1654780037214714,1654780037214714,
300833b2ddd9014000030009,1,1,2704,-40,1654780037215814,1654780037215814,
300833b2ddd9014000030009,1,1,2728,-40,1654780037220618,1654780037220618,
300833b2ddd9014000030008,1,1,3476,-42,1654780037221702,1654780037221702,
300833b2ddd9014000030002,1,1,660,-48,1654780037223720,1654780037223720,
300833b2ddd9014000030001,1,1,1788,-49,1654780037225716,1654780037225716,
300833b2ddd9014000030009,1,1,2808,-41,1654780037256362,1654780037256362,
300833b2ddd9014000030008,1,1,3492,-42,1654780037258569,1654780037258569,
300833b2ddd9014000030002,1,1,668,-48,1654780037260343,1654780037260343,
300833b2ddd9014000030001,1,1,1856,-48,1654780037261388,1654780037261388,
300833b2ddd9014000030008,1,1,3524,-42,1654780037267587,1654780037267587,
300833b2ddd9014000030009,1,1,2840,-41,1654780037268913,1654780037268913,
300833b2ddd9014000030002,1,1,652,-49,1654780037270718,1654780037270718,
300833b2ddd9014000030001,1,1,1872,-48,1654780037271948,1654780037271948,
300833b2ddd9014000030008,1,1,3520,-42,1654780037309225,1654780037309225,
300833b2ddd9014000030002,1,1,652,-48,1654780037310563,1654780037310563,
300833b2ddd9014000030009,1,1,2936,-42,1654780037311634,1654780037311634,
300833b2ddd9014000030001,1,1,1932,-48,1654780037313133,1654780037313133,
300833b2ddd9014000030009,1,1,2936,-42,1654780037318716,1654780037318716,
300833b2ddd9014000030008,1,1,3504,-42,1654780037319817,1654780037319817,
300833b2ddd9014000030001,1,1,1980,-49,1654780037320891,1654780037320891,
300833b2ddd9014000030002,1,1,684,-49,1654780037322599,1654780037322599,
300833b2ddd9014000030001,1,1,2108,-49,1654780037352586,1654780037352586,
300833b2ddd9014000030008,1,1,3484,-42,1654780037354237,1654780037354237,
300833b2ddd9014000030009,1,1,2964,-43,1654780037355336,1654780037355336,
300833b2ddd9014000030002,1,1,652,-49,1654780037356661,1654780037356661,
300833b2ddd9014000030008,1,1,3488,-42,1654780037360736,1654780037360736,
300833b2ddd9014000030002,1,1,664,-49,1654780037362160,1654780037362160,
300833b2ddd9014000030001,1,1,2056,-50,1654780037363204,1654780037363204,
300833b2ddd9014000030009,1,1,3016,-43,1654780037364320,1654780037364320,
300833b2ddd9014000030001,1,1,2064,-50,1654780037394801,1654780037394801,
300833b2ddd9014000030002,1,1,648,-49,1654780037396337,1654780037396337,
300833b2ddd9014000030008,1,1,3464,-43,1654780037397691,1654780037397691,
300833b2ddd9014000030009,1,1,2996,-44,1654780037398972,1654780037398972,
300833b2ddd9014000030008,1,1,3488,-43,1654780037403183,1654780037403183,
300833b2ddd9014000030001,1,1,2060,-51,1654780037405390,1654780037405390,
300833b2ddd9014000030009,1,1,2992,-44,1654780037406489,1654780037406489,
300833b2ddd9014000030002,1,1,636,-49,1654780037407573,1654780037407573,
300833b2ddd9014000030001,1,1,2104,-52,1654780037438499,1654780037438499,
300833b2ddd9014000030009,1,1,2912,-45,1654780037439599,1654780037439599,
300833b2ddd9014000030002,1,1,580,-49,1654780037440754,1654780037440754,
300833b2ddd9014000030008,1,1,3472,-43,1654780037441809,1654780037441809,
300833b2ddd9014000030001,1,1,2048,-53,1654780037446538,1654780037446538,
300833b2ddd9014000030008,1,1,3452,-43,1654780037447651,1654780037447651,
300833b2ddd9014000030009,1,1,2932,-45,1654780037448935,1654780037448935,
300833b2ddd9014000030002,1,1,568,-49,1654780037450713,1654780037450713,
300833b2ddd9014000030001,1,1,1944,-54,1654780037482094,1654780037482094,
300833b2ddd9014000030009,1,1,2860,-46,1654780037483178,1654780037483178,
300833b2ddd9014000030002,1,1,488,-49,1654780037484532,1654780037484532,
300833b2ddd9014000030008,1,1,3428,-43,1654780037485587,1654780037485587,
300833b2ddd9014000030009,1,1,2840,-46,1654780037490679,1654780037490679,
300833b2ddd9014000030002,1,1,492,-49,1654780037491748,1654780037491748,
300833b2ddd9014000030008,1,1,3428,-44,1654780037493571,1654780037493571,
300833b2ddd9014000030001,1,1,1912,-55,1654780037495509,1654780037495509,
300833b2ddd9014000030008,1,1,3384,-44,1654780037526722,1654780037526722,
300833b2ddd9014000030009,1,1,2752,-46,1654780037528191,1654780037528191,
300833b2ddd9014000030002,1,1,404,-49,1654780037529261,1654780037529261,
300833b2ddd9014000030001,1,1,1732,-57,1654780037530350,1654780037530350,
300833b2ddd9014000030002,1,1,384,-49,1654780037533992,1654780037533992,
300833b2ddd9014000030008,1,1,3380,-44,1654780037536168,1654780037536168,
300833b2ddd9014000030001,1,1,1672,-57,1654780037537270,1654780037537270,
300833b2ddd9014000030009,1,1,2724,-46,1654780037538327,1654780037538327,
300833b2ddd9014000030008,1,1,3328,-43,1654780037569090,1654780037569090,
300833b2ddd9014000030009,1,1,2668,-47,1654780037570801,1654780037570801,
300833b2ddd9014000030001,1,1,1516,-59,1654780037571904,1654780037571904,
300833b2ddd9014000030002,1,1,308,-49,1654780037573016,1654780037573016,
300833b2ddd9014000030008,1,1,3296,-43,1654780037576332,1654780037576332,
300833b2ddd9014000030009,1,1,2644,-47,1654780037577413,1654780037577413,
300833b2ddd9014000030002,1,1,296,-49,1654780037579137,1654780037579137,
300833b2ddd9014000030001,1,1,1280,-59,1654780037581079,1654780037581079,
300833b2ddd9014000030002,1,1,260,-48,1654780037612293,1654780037612293,
300833b2ddd9014000030001,1,1,1192,-59,1654780037613966,1654780037613966,
300833b2ddd9014000030009,1,1,2572,-47,1654780037615262,1654780037615262,
300833b2ddd9014000030008,1,1,3304,-43,1654780037616359,1654780037616359,
300833b2ddd9014000030001,1,1,1148,-59,1654780037620410,1654780037620410,
300833b2ddd9014000030009,1,1,2560,-47,1654780037621637,1654780037621637,
300833b2ddd9014000030002,1,1,224,-48,1654780037622693,1654780037622693,
300833b2ddd9014000030008,1,1,3276,-44,1654780037623804,1654780037623804,
300833b2ddd9014000030009,1,1,2532,-47,1654780037654835,1654780037654835,
300833b2ddd9014000030002,1,1,168,-48,1654780037655919,1654780037655919,
300833b2ddd9014000030008,1,1,3248,-44,1654780037657258,1654780037657258,
300833b2ddd9014000030001,1,1,932,-59,1654780037658619,1654780037658619,
300833b2ddd9014000030009,1,1,2560,-47,1654780037663295,1654780037663295,
300833b2ddd9014000030008,1,1,3252,-43,1654780037664331,1654780037664331,
300833b2ddd9014000030002,1,1,144,-48,1654780037666510,1654780037666510,
300833b2ddd9014000030001,1,1,920,-59,1654780037668038,1654780037668038,
300833b2ddd9014000030009,1,1,2528,-47,1654780037698632,1654780037698632,
300833b2ddd9014000030008,1,1,3228,-43,1654780037699973,1654780037699973,
300833b2ddd9014000030001,1,1,832,-58,1654780037701557,1654780037701557,
300833b2ddd9014000030002,1,1,120,-48,1654780037703025,1654780037703025,
300833b2ddd9014000030009,1,1,2524,-48,1654780037707349,1654780037707349,
300833b2ddd9014000030002,1,1,108,-48,1654780037708659,1654780037708659,
300833b2ddd9014000030008,1,1,3232,-44,1654780037710211,1654780037710211,
300833b2ddd9014000030001,1,1,776,-58,1654780037712791,1654780037712791,
300833b2ddd9014000030009,1,1,2556,-48,1654780037742806,1654780037742806,
300833b2ddd9014000030001,1,1,680,-57,1654780037744109,1654780037744109,
300833b2ddd9014000030002,1,1,92,-48,1654780037745162,1654780037745162,
300833b2ddd9014000030008,1,1,3224,-43,1654780037746271,1654780037746271,
300833b2ddd9014000030001,1,1,736,-57,1654780037751420,1654780037751420,
300833b2ddd9014000030008,1,1,3228,-44,1654780037752575,1654780037752575,
300833b2ddd9014000030009,1,1,2596,-48,1654780037753895,1654780037753895,
300833b2ddd9014000030002,1,1,96,-48,1654780037755590,1654780037755590,
300833b2ddd9014000030001,1,1,664,-57,1654780037787275,1654780037787275,
300833b2ddd9014000030008,1,1,3220,-44,1654780037788355,1654780037788355,
300833b2ddd9014000030002,1,1,116,-48,1654780037789723,1654780037789723,
300833b2ddd9014000030009,1,1,2664,-48,1654780037791887,1654780037791887,
300833b2ddd9014000030009,1,1,2684,-48,1654780037795734,1654780037795734,
300833b2ddd9014000030002,1,1,100,-48,1654780037797029,1654780037797029,
300833b2ddd9014000030001,1,1,732,-57,1654780037798104,1654780037798104,
300833b2ddd9014000030008,1,1,3224,-44,1654780037799170,1654780037799170,
300833b2ddd9014000030008,1,1,3240,-44,1654780037831018,1654780037831018,
300833b2ddd9014000030002,1,1,128,-48,1654780037832300,1654780037832300,
300833b2ddd9014000030009,1,1,2752,-47,1654780037833895,1654780037833895,
300833b2ddd9014000030001,1,1,852,-57,1654780037835324,1654780037835324,
300833b2ddd9014000030002,1,1,108,-48,1654780037839484,1654780037839484,
300833b2ddd9014000030001,1,1,852,-57,1654780037840757,1654780037840757,
300833b2ddd9014000030008,1,1,3260,-44,1654780037843241,1654780037843241,
300833b2ddd9014000030009,1,1,2748,-47,1654780037844298,1654780037844298,
300833b2ddd9014000030001,1,1,984,-56,1654780037876116,1654780037876116,
300833b2ddd9014000030008,1,1,3280,-44,1654780037877212,1654780037877212,
300833b2ddd9014000030002,1,1,168,-48,1654780037878581,1654780037878581,
300833b2ddd9014000030009,1,1,2776,-46,1654780037880374,1654780037880374,
300833b2ddd9014000030008,1,1,3276,-44,1654780037884602,1654780037884602,
300833b2ddd9014000030009,1,1,2764,-47,1654780037885701,1654780037885701,
300833b2ddd9014000030002,1,1,172,-48,1654780037888410,1654780037888410,
300833b2ddd9014000030001,1,1,1056,-56,1654780037890550,1654780037890550,
300833b2ddd9014000030009,1,1,2804,-45,1654780037921353,1654780037921353,
300833b2ddd9014000030008,1,1,3336,-44,1654780037922396,1654780037922396,
300833b2ddd9014000030002,1,1,164,-49,1654780037923494,1654780037923494,
300833b2ddd9014000030001,1,1,1196,-56,1654780037924937,1654780037924937,
300833b2ddd9014000030002,1,1,180,-49,1654780037928158,1654780037928158,
300833b2ddd9014000030009,1,1,2780,-46,1654780037929254,1654780037929254,
300833b2ddd9014000030008,1,1,3316,-44,1654780037930381,1654780037930381,
300833b2ddd9014000030001,1,1,1144,-55,1654780037932834,1654780037932834,
300833b2ddd9014000030008,1,1,3352,-44,1654780037964248,1654780037964248,
300833b2ddd9014000030009,1,1,2756,-45,1654780037965718,1654780037965718,
300833b2ddd9014000030001,1,1,1264,-55,1654780037967289,1654780037967289,
300833b2ddd9014000030002,1,1,216,-49,1654780037968724,1654780037968724,
300833b2ddd9014000030009,1,1,2764,-45,1654780037973214,1654780037973214,
300833b2ddd9014000030008,1,1,3364,-44,1654780037974340,1654780037974340,
300833b2ddd9014000030002,1,1,236,-49,1654780037975439,1654780037975439,
300833b2ddd9014000030001,1,1,1296,-55,1654780037976528,1654780037976528,
300833b2ddd9014000030009,1,1,2756,-44,1654780038008095,1654780038008095,
300833b2ddd9014000030008,1,1,3392,-45,1654780038009660,1654780038009660,
300833b2ddd9014000030001,1,1,1340,-55,1654780038012431,1654780038012431,
300833b2ddd9014000030002,1,1,284,-49,1654780038013981,1654780038013981,
300833b2ddd9014000030002,1,1,240,-49,1654780038017578,1654780038017578,
300833b2ddd9014000030009,1,1,2748,-44,1654780038019273,1654780038019273,
300833b2ddd9014000030001,1,1,1404,-55,1654780038020347,1654780038020347,
300833b2ddd9014000030008,1,1,3388,-45,1654780038022024,1654780038022024,
300833b2ddd9014000030001,1,1,1500,-55,1654780038052201,1654780038052201,
300833b2ddd9014000030009,1,1,2748,-44,1654780038054961,1654780038054961,
300833b2ddd9014000030008,1,1,3416,-45,1654780038056058,1654780038056058,
300833b2ddd9014000030002,1,1,272,-50,1654780038057243,1654780038057243,
300833b2ddd9014000030009,1,1,2744,-44,1654780038063995,1654780038063995,
300833b2ddd9014000030002,1,1,284,-50,1654780038065106,1654780038065106,
300833b2ddd9014000030008,1,1,3412,-45,1654780038066418,1654780038066418,
300833b2ddd9014000030001,1,1,1556,-55,1654780038067607,1654780038067607,
300833b2ddd9014000030008,1,1,3456,-46,1654780038097779,1654780038097779,
300833b2ddd9014000030002,1,1,276,-51,1654780038099745,1654780038099745,
300833b2ddd9014000030001,1,1,2032,-53,1654780038325941,1654780038325941,
300833b2ddd9014000030002,1,1,312,-53,1654780038327877,1654780038327877,
300833b2ddd9014000030009,1,1,2692,-42,1654780038328960,1654780038328960,
300833b2ddd9014000030009,1,1,2676,-42,1654780038336190,1654780038336190,
300833b2ddd9014000030002,1,1,308,-53,1654780038338366,1654780038338366,
300833b2ddd9014000030008,1,1,3544,-47,1654780038340812,1654780038340812,
300833b2ddd9014000030001,1,1,2032,-53,1654780038342125,1654780038342125,
300833b2ddd9014000030002,1,1,328,-53,1654780038373874,1654780038373874,
300833b2ddd9014000030008,1,1,3508,-46,1654780038374930,1654780038374930,
300833b2ddd9014000030009,1,1,2664,-42,1654780038376028,1654780038376028,
300833b2ddd9014000030001,1,1,2028,-52,1654780038378463,1654780038378463,
300833b2ddd9014000030008,1,1,3556,-47,1654780038383479,1654780038383479,
300833b2ddd9014000030001,1,1,2076,-52,1654780038384809,1654780038384809,
300833b2ddd9014000030009,1,1,2676,-42,1654780038386119,1654780038386119,
300833b2ddd9014000030002,1,1,308,-53,1654780038387429,1654780038387429,
300833b2ddd9014000030001,1,1,2088,-52,1654780038419427,1654780038419427,
300833b2ddd9014000030002,1,1,320,-53,1654780038420554,1654780038420554,
300833b2ddd9014000030009,1,1,2660,-42,1654780038422149,1654780038422149,
300833b2ddd9014000030008,1,1,3544,-47,1654780038423246,1654780038423246,
300833b2ddd9014000030009,1,1,2676,-42,1654780038427696,1654780038427696,
300833b2ddd9014000030008,1,1,3564,-47,1654780038428780,1654780038428780,
300833b2ddd9014000030002,1,1,312,-53,1654780038430618,1654780038430618,
300833b2ddd9014000030001,1,1,2072,-52,1654780038432585,1654780038432585,
300833b2ddd9014000030002,1,1,320,-53,1654780038463776,1654780038463776,
300833b2ddd9014000030008,1,1,3528,-47,1654780038465228,1654780038465228,
300833b2ddd9014000030009,1,1,2664,-41,1654780038466356,1654780038466356,
300833b2ddd9014000030001,1,1,2064,-52,1654780038467414,1654780038467414,
300833b2ddd9014000030008,1,1,3544,-47,1654780038475810,1654780038475810,
300833b2ddd9014000030002,1,1,288,-54,1654780038477281,1654780038477281,
300833b2ddd9014000030009,1,1,2652,-42,1654780038478338,1654780038478338,
300833b2ddd9014000030001,1,1,2088,-52,1654780038479412,1654780038479412,
300833b2ddd9014000030008,1,1,3556,-47,1654780038510234,1654780038510234,
300833b2ddd9014000030002,1,1,328,-54,1654780038512186,1654780038512186,
300833b2ddd9014000030001,1,1,2096,-52,1654780038513247,1654780038513247,
300833b2ddd9014000030009,1,1,2640,-42,1654780038514331,1654780038514331,
300833b2ddd9014000030008,1,1,3528,-47,1654780038518769,1654780038518769,
300833b2ddd9014000030009,1,1,2636,-42,1654780038520153,1654780038520153,
300833b2ddd9014000030001,1,1,2092,-52,1654780038521890,1654780038521890,
300833b2ddd9014000030002,1,1,332,-53,1654780038523101,1654780038523101,
300833b2ddd9014000030001,1,1,2072,-52,1654780038552939,1654780038552939,
300833b2ddd9014000030002,1,1,288,-54,1654780038554237,1654780038554237,
300833b2ddd9014000030009,1,1,2636,-42,1654780038567094,1654780038567094,
300833b2ddd9014000030008,1,1,3548,-47,1654780038568460,1654780038568460,
300833b2ddd9014000030002,1,1,312,-54,1654780038569769,1654780038569769,
300833b2ddd9014000030001,1,1,2128,-52,1654780038570859,1654780038570859,
300833b2ddd9014000030001,1,1,2080,-52,1654780038602743,1654780038602743,
300833b2ddd9014000030009,1,1,2636,-42,1654780038603813,1654780038603813,
300833b2ddd9014000030002,1,1,332,-54,1654780038605390,1654780038605390,
300833b2ddd9014000030008,1,1,3548,-47,1654780038607584,1654780038607584,
300833b2ddd9014000030002,1,1,264,-54,1654780038611697,1654780038611697,
300833b2ddd9014000030008,1,1,3548,-47,1654780038613387,1654780038613387,
300833b2ddd9014000030009,1,1,2624,-42,1654780038614458,1654780038614458,
300833b2ddd9014000030001,1,1,2096,-52,1654780038615945,1654780038615945,
300833b2ddd9014000030008,1,1,3580,-47,1654780038649565,1654780038649565,
300833b2ddd9014000030001,1,1,2088,-51,1654780038650806,1654780038650806,
300833b2ddd9014000030002,1,1,300,-54,1654780038652133,1654780038652133,
300833b2ddd9014000030008,1,1,3544,-47,1654780038658097,1654780038658097,
300833b2ddd9014000030001,1,1,2088,-51,1654780038659826,1654780038659826,
300833b2ddd9014000030009,1,1,2628,-41,1654780038661179,1654780038661179,
300833b2ddd9014000030002,1,1,340,-54,1654780038662830,1654780038662830,
300833b2ddd9014000030009,1,1,2632,-42,1654780038693098,1654780038693098,
300833b2ddd9014000030001,1,1,2112,-51,1654780038694589,1654780038694589,
300833b2ddd9014000030008,1,1,3552,-47,1654780038695984,1654780038695984,
300833b2ddd9014000030002,1,1,344,-54,1654780038697465,1654780038697465,
300833b2ddd9014000030002,1,1,336,-54,1654780038701517,1654780038701517,
300833b2ddd9014000030008,1,1,3560,-47,1654780038703056,1654780038703056,
300833b2ddd9014000030009,1,1,2624,-42,1654780038704183,1654780038704183,
300833b2ddd9014000030001,1,1,2072,-51,1654780038706166,1654780038706166,
300833b2ddd9014000030008,1,1,3540,-47,1654780038737294,1654780038737294,
300833b2ddd9014000030009,1,1,2636,-42,1654780038738391,1654780038738391,
300833b2ddd9014000030002,1,1,332,-55,1654780038740455,1654780038740455,
300833b2ddd9014000030001,1,1,2096,-51,1654780038741942,1654780038741942,
300833b2ddd9014000030009,1,1,2644,-42,1654780038746813,1654780038746813,
300833b2ddd9014000030008,1,1,3556,-47,1654780038748878,1654780038748878,
300833b2ddd9014000030001,1,1,2052,-51,1654780038751028,1654780038751028,
300833b2ddd9014000030002,1,1,332,-55,1654780038752253,1654780038752253,
300833b2ddd9014000030008,1,1,3564,-46,1654780038783141,1654780038783141,
300833b2ddd9014000030009,1,1,2636,-41,1654780038784200,1654780038784200,
300833b2ddd9014000030001,1,1,2084,-51,1654780038785273,1654780038785273,
300833b2ddd9014000030002,1,1,284,-54,1654780038786715,1654780038786715,
300833b2ddd9014000030002,1,1,300,-54,1654780038789926,1654780038789926,
300833b2ddd9014000030009,1,1,2628,-41,1654780038790968,1654780038790968,
300833b2ddd9014000030008,1,1,3564,-47,1654780038792250,1654780038792250,
300833b2ddd9014000030001,1,1,2084,-51,1654780038794671,1654780038794671,
300833b2ddd9014000030008,1,1,3560,-47,1654780038825256,1654780038825256,
300833b2ddd9014000030002,1,1,292,-54,1654780038827191,1654780038827191,
300833b2ddd9014000030009,1,1,2624,-42,1654780038829320,1654780038829320,
300833b2ddd9014000030001,1,1,2084,-51,1654780038830537,1654780038830537,
300833b2ddd9014000030002,1,1,292,-54,1654780038853119,1654780038853119,
300833b2ddd9014000030009,1,1,2632,-41,1654780038854444,1654780038854444,
300833b2ddd9014000030008,1,1,3572,-47,1654780038855528,1654780038855528,
300833b2ddd9014000030001,1,1,2100,-51,1654780038857425,1654780038857425,
300833b2ddd9014000030009,1,1,2636,-41,1654780038889002,1654780038889002,
300833b2ddd9014000030001,1,1,2076,-51,1654780038891177,1654780038891177,
300833b2ddd9014000030008,1,1,3564,-47,1654780038892275,1654780038892275,
300833b2ddd9014000030002,1,1,332,-54,1654780038895079,1654780038895079,
300833b2ddd9014000030009,1,1,2644,-42,1654780038898701,1654780038898701,
300833b2ddd9014000030008,1,1,3568,-47,1654780038900397,1654780038900397,
300833b2ddd9014000030002,1,1,336,-54,1654780038901879,1654780038901879,
300833b2ddd9014000030001,1,1,2100,-51,1654780038902939,1654780038902939,
300833b2ddd9014000030001,1,1,2100,-51,1654780038932975,1654780038932975,
300833b2ddd9014000030002,1,1,292,-54,1654780038934672,1654780038934672,
300833b2ddd9014000030009,1,1,2628,-42,1654780038936221,1654780038936221,
300833b2ddd9014000030008,1,1,3544,-47,1654780038937405,1654780038937405,
300833b2ddd9014000030009,1,1,2628,-42,1654780038941754,1654780038941754,
300833b2ddd9014000030002,1,1,312,-54,1654780038943164,1654780038943164,
300833b2ddd9014000030001,1,1,2084,-51,1654780038944306,1654780038944306,
300833b2ddd9014000030008,1,1,3560,-47,1654780038945407,1654780038945407,
300833b2ddd9014000030002,1,1,348,-54,1654780038977381,1654780038977381,
300833b2ddd9014000030009,1,1,2648,-42,1654780038978467,1654780038978467,
300833b2ddd9014000030008,1,1,3548,-47,1654780038979831,1654780038979831,
300833b2ddd9014000030001,1,1,2060,-51,1654780038981460,1654780038981460,
300833b2ddd9014000030008,1,1,3540,-47,1654780038987043,1654780038987043,
300833b2ddd9014000030009,1,1,2624,-42,1654780038988171,1654780038988171,
300833b2ddd9014000030001,1,1,2072,-51,1654780038989826,1654780038989826,
300833b2ddd9014000030002,1,1,312,-54,1654780038991054,1654780038991054,
300833b2ddd9014000030009,1,1,2636,-42,1654780039021976,1654780039021976,
300833b2ddd9014000030008,1,1,3516,-47,1654780039023315,1654780039023315,
300833b2ddd9014000030001,1,1,2072,-51,1654780039025477,1654780039025477,
300833b2ddd9014000030002,1,1,340,-54,1654780039026682,1654780039026682,
300833b2ddd9014000030009,1,1,2636,-42,1654780039031809,1654780039031809,
300833b2ddd9014000030008,1,1,3508,-47,1654780039033076,1654780039033076,
300833b2ddd9014000030001,1,1,2068,-51,1654780039034204,1654780039034204,
300833b2ddd9014000030002,1,1,280,-54,1654780039036718,1654780039036718,
300833b2ddd9014000030002,1,1,324,-55,1654780039094770,1654780039094770,
300833b2ddd9014000030008,1,1,3520,-47,1654780039097241,1654780039097241,
300833b2ddd9014000030001,1,1,2048,-51,1654780039098300,1654780039098300,
300833b2ddd9014000030009,1,1,2632,-42,1654780039102832,1654780039102832,
300833b2ddd9014000030001,1,1,2068,-52,1654780039104868,1654780039104868,
300833b2ddd9014000030008,1,1,3524,-47,1654780039105966,1654780039105966,
300833b2ddd9014000030002,1,1,348,-55,1654780039107204,1654780039107204,
300833b2ddd9014000030008,1,1,3528,-47,1654780039136922,1654780039136922,
300833b2ddd9014000030009,1,1,2624,-41,1654780039138277,1654780039138277,
300833b2ddd9014000030002,1,1,340,-55,1654780039139415,1654780039139415,
300833b2ddd9014000030001,1,1,2036,-51,1654780039141242,1654780039141242,
300833b2ddd9014000030009,1,1,2616,-42,1654780039146200,1654780039146200,
300833b2ddd9014000030008,1,1,3528,-47,1654780039147624,1654780039147624,
300833b2ddd9014000030001,1,1,2004,-52,1654780039150001,1654780039150001,
300833b2ddd9014000030002,1,1,312,-55,1654780039151168,1654780039151168,
300833b2ddd9014000030009,1,1,2636,-42,1654780039180885,1654780039180885,
300833b2ddd9014000030008,1,1,3552,-46,1654780039182836,1654780039182836,
300833b2ddd9014000030001,1,1,2056,-52,1654780039185042,1654780039185042,
300833b2ddd9014000030008,1,1,3516,-47,1654780039188861,1654780039188861,
300833b2ddd9014000030001,1,1,2052,-51,1654780039190773,1654780039190773,
300833b2ddd9014000030009,1,1,2628,-42,1654780039192112,1654780039192112,
300833b2ddd9014000030009,1,1,2624,-42,1654780039224465,1654780039224465,
300833b2ddd9014000030001,1,1,2064,-52,1654780039225880,1654780039225880,
300833b2ddd9014000030008,1,1,3532,-47,1654780039226931,1654780039226931,
300833b2ddd9014000030002,1,1,328,-56,1654780039228032,1654780039228032,
300833b2ddd9014000030001,1,1,2044,-52,1654780039231606,1654780039231606,
300833b2ddd9014000030008,1,1,3516,-47,1654780039233540,1654780039233540,
300833b2ddd9014000030002,1,1,344,-55,1654780039234654,1654780039234654,
300833b2ddd9014000030009,1,1,2620,-42,1654780039235751,1654780039235751,
300833b2ddd9014000030009,1,1,2624,-42,1654780039266258,1654780039266258,
300833b2ddd9014000030002,1,1,336,-55,1654780039267344,1654780039267344,
300833b2ddd9014000030001,1,1,2056,-52,1654780039268418,1654780039268418,
300833b2ddd9014000030008,1,1,3540,-47,1654780039269711,1654780039269711,
300833b2ddd9014000030009,1,1,2620,-42,1654780039274420,1654780039274420,
300833b2ddd9014000030001,1,1,2028,-52,1654780039275492,1654780039275492,
300833b2ddd9014000030002,1,1,328,-55,1654780039277370,1654780039277370,
300833b2ddd9014000030008,1,1,3500,-47,1654780039279902,1654780039279902,
300833b2ddd9014000030001,1,1,2060,-52,1654780039311398,1654780039311398,
300833b2ddd9014000030009,1,1,2632,-42,1654780039312480,1654780039312480,
300833b2ddd9014000030002,1,1,320,-54,1654780039314062,1654780039314062,
300833b2ddd9014000030008,1,1,3552,-47,1654780039317141,1654780039317141,
300833b2ddd9014000030008,1,1,3548,-47,1654780039320431,1654780039320431,
300833b2ddd9014000030002,1,1,380,-54,1654780039321872,1654780039321872,
300833b2ddd9014000030001,1,1,2032,-52,1654780039323172,1654780039323172,
300833b2ddd9014000030009,1,1,2612,-42,1654780039324243,1654780039324243,
300833b2ddd9014000030002,1,1,268,-54,1654780039354765,1654780039354765,
300833b2ddd9014000030001,1,1,2072,-52,1654780039356449,1654780039356449,
300833b2ddd9014000030009,1,1,2624,-42,1654780039357774,1654780039357774,
300833b2ddd9014000030008,1,1,3564,-47,1654780039359242,1654780039359242,
300833b2ddd9014000030001,1,1,2056,-52,1654780039362219,1654780039362219,
300833b2ddd9014000030008,1,1,3548,-47,1654780039364841,1654780039364841,
300833b2ddd9014000030009,1,1,2624,-42,1654780039365929,1654780039365929,
300833b2ddd9014000030002,1,1,368,-54,1654780039367225,1654780039367225,
300833b2ddd9014000030008,1,1,3568,-47,1654780039398827,1654780039398827,
300833b2ddd9014000030009,1,1,2640,-42,1654780039400495,1654780039400495,
300833b2ddd9014000030001,1,1,2064,-52,1654780039402037,1654780039402037,
300833b2ddd9014000030002,1,1,392,-54,1654780039403321,1654780039403321,
300833b2ddd9014000030008,1,1,3552,-47,1654780039407004,1654780039407004,
300833b2ddd9014000030001,1,1,2044,-52,1654780039408223,1654780039408223,
300833b2ddd9014000030009,1,1,2624,-42,1654780039409279,1654780039409279,
300833b2ddd9014000030002,1,1,336,-54,1654780039410349,1654780039410349,
300833b2ddd9014000030001,1,1,2040,-52,1654780039440922,1654780039440922,
300833b2ddd9014000030009,1,1,2632,-42,1654780039441993,1654780039441993,
300833b2ddd9014000030008,1,1,3552,-47,1654780039444310,1654780039444310,
300833b2ddd9014000030002,1,1,352,-54,1654780039446645,1654780039446645,
300833b2ddd9014000030002,1,1,340,-54,1654780039450271,1654780039450271,
300833b2ddd9014000030001,1,1,2044,-52,1654780039451529,1654780039451529,
300833b2ddd9014000030009,1,1,2616,-42,1654780039452870,1654780039452870,
300833b2ddd9014000030008,1,1,3536,-47,1654780039454296,1654780039454296,
300833b2ddd9014000030008,1,1,3532,-47,1654780039486219,1654780039486219,
300833b2ddd9014000030002,1,1,320,-54,1654780039487290,1654780039487290,
300833b2ddd9014000030009,1,1,2628,-42,1654780039489111,1654780039489111,
300833b2ddd9014000030001,1,1,2036,-52,1654780039490569,1654780039490569,
300833b2ddd9014000030001,1,1,2040,-52,1654780039494675,1654780039494675,
300833b2ddd9014000030002,1,1,368,-54,1654780039497107,1654780039497107,
300833b2ddd9014000030009,1,1,2628,-42,1654780039498163,1654780039498163,
300833b2ddd9014000030008,1,1,3556,-47,1654780039499630,1654780039499630,
300833b2ddd9014000030009,1,1,2624,-42,1654780039529930,1654780039529930,
300833b2ddd9014000030008,1,1,3540,-47,1654780039530996,1654780039530996,
300833b2ddd9014000030002,1,1,344,-54,1654780039532324,1654780039532324,
300833b2ddd9014000030001,1,1,2044,-52,1654780039535833,1654780039535833,
300833b2ddd9014000030002,1,1,328,-54,1654780039542015,1654780039542015,
300833b2ddd9014000030009,1,1,2620,-42,1654780039543084,1654780039543084,
300833b2ddd9014000030008,1,1,3556,-47,1654780039544890,1654780039544890,
300833b2ddd9014000030001,1,1,2032,-52,1654780039546078,1654780039546078,
300833b2ddd9014000030008,1,1,3540,-47,1654780039577617,1654780039577617,
300833b2ddd9014000030009,1,1,2632,-42,1654780039579285,1654780039579285,
300833b2ddd9014000030002,1,1,328,-54,1654780039580356,1654780039580356,
300833b2ddd9014000030001,1,1,2052,-52,1654780039581800,1654780039581800,
300833b2ddd9014000030008,1,1,3560,-47,1654780039586307,1654780039586307,
300833b2ddd9014000030002,1,1,356,-54,1654780039587320,1654780039587320,
300833b2ddd9014000030009,1,1,2616,-42,1654780039589156,1654780039589156,
300833b2ddd9014000030001,1,1,2000,-52,1654780039591095,1654780039591095,
300833b2ddd9014000030002,1,1,376,-54,1654780039623214,1654780039623214,
300833b2ddd9014000030008,1,1,3524,-47,1654780039624763,1654780039624763,
300833b2ddd9014000030001,1,1,2048,-52,1654780039625979,1654780039625979,
300833b2ddd9014000030002,1,1,332,-54,1654780039630044,1654780039630044,
300833b2ddd9014000030001,1,1,2016,-52,1654780039631358,1654780039631358,
300833b2ddd9014000030009,1,1,2632,-42,1654780039632657,1654780039632657,
300833b2ddd9014000030008,1,1,3548,-47,1654780039634846,1654780039634846,
300833b2ddd9014000030009,1,1,2636,-42,1654780039667411,1654780039667411,
300833b2ddd9014000030001,1,1,2004,-52,1654780039668485,1654780039668485,
300833b2ddd9014000030008,1,1,3540,-47,1654780039669638,1654780039669638,
300833b2ddd9014000030002,1,1,312,-54,1654780039670696,1654780039670696,
300833b2ddd9014000030002,1,1,324,-54,1654780039674114,1654780039674114,
300833b2ddd9014000030001,1,1,2044,-52,1654780039675315,1654780039675315,
300833b2ddd9014000030008,1,1,3536,-47,1654780039676398,1654780039676398,
300833b2ddd9014000030009,1,1,2624,-42,1654780039677762,1654780039677762,