epc,atenda,atendanum,phase,RSS,timestamp,timestamp2,
300833b2ddd9014000030002,1,1,2408,-67,1654693588329744,1654693588329744,
300833b2ddd9014000030001,1,1,1484,-63,1654693588330816,1654693588330816,
300833b2ddd9014000030001,1,1,1424,-63,1654693588334200,1654693588334200,
300833b2ddd9014000030008,1,1,2132,-54,1654693588337790,1654693588337790,
300833b2ddd9014000030008,1,1,2112,-54,1654693588367435,1654693588367435,
300833b2ddd9014000030002,1,1,2444,-67,1654693588369105,1654693588369105,
300833b2ddd9014000030001,1,1,1312,-63,1654693588370487,1654693588370487,
300833b2ddd9014000030002,1,1,2436,-68,1654693588374150,1654693588374150,
300833b2ddd9014000030001,1,1,1404,-63,1654693588375722,1654693588375722,
300833b2ddd9014000030008,1,1,2096,-54,1654693588376819,1654693588376819,
300833b2ddd9014000030001,1,1,1376,-64,1654693588408744,1654693588408744,
300833b2ddd9014000030008,1,1,2108,-54,1654693588410097,1654693588410097,
300833b2ddd9014000030002,1,1,2416,-68,1654693588412116,1654693588412116,
300833b2ddd9014000030008,1,1,2120,-54,1654693588417017,1654693588417017,
300833b2ddd9014000030001,1,1,1480,-63,1654693588418221,1654693588418221,
300833b2ddd9014000030008,1,1,2128,-54,1654693588450381,1654693588450381,
300833b2ddd9014000030001,1,1,1472,-63,1654693588452981,1654693588452981,
300833b2ddd9014000030002,1,1,2408,-67,1654693588455132,1654693588455132,
300833b2ddd9014000030008,1,1,2112,-54,1654693588458331,1654693588458331,
300833b2ddd9014000030001,1,1,1508,-64,1654693588460276,1654693588460276,
300833b2ddd9014000030002,1,1,2316,-68,1654693588462044,1654693588462044,
300833b2ddd9014000030008,1,1,2156,-54,1654693588491855,1654693588491855,
300833b2ddd9014000030002,1,1,2356,-66,1654693588492956,1654693588492956,
300833b2ddd9014000030001,1,1,1468,-64,1654693588494285,1654693588494285,
300833b2ddd9014000030008,1,1,2120,-54,1654693588499248,1654693588499248,
300833b2ddd9014000030001,1,1,1480,-64,1654693588500367,1654693588500367,
300833b2ddd9014000030002,1,1,2416,-68,1654693588505075,1654693588505075,
300833b2ddd9014000030008,1,1,2112,-54,1654693588535485,1654693588535485,
300833b2ddd9014000030001,1,1,1420,-63,1654693588538132,1654693588538132,
300833b2ddd9014000030002,1,1,2408,-68,1654693588539851,1654693588539851,
300833b2ddd9014000030008,1,1,2044,-54,1654693588543436,1654693588543436,
300833b2ddd9014000030001,1,1,1368,-64,1654693588544695,1654693588544695,
300833b2ddd9014000030002,1,1,2432,-68,1654693588545770,1654693588545770,
300833b2ddd9014000030008,1,1,2136,-54,1654693588576667,1654693588576667,
300833b2ddd9014000030001,1,1,1428,-63,1654693588577983,1654693588577983,
300833b2ddd9014000030002,1,1,2512,-68,1654693588584952,1654693588584952,
300833b2ddd9014000030008,1,1,2120,-54,1654693588589485,1654693588589485,
300833b2ddd9014000030001,1,1,1428,-63,1654693588591413,1654693588591413,
300833b2ddd9014000030002,1,1,2372,-66,1654693588594887,1654693588594887,
300833b2ddd9014000030002,1,1,2232,-68,1654693588625506,1654693588625506,
300833b2ddd9014000030001,1,1,1540,-63,1654693588627177,1654693588627177,
300833b2ddd9014000030008,1,1,2100,-54,1654693588628247,1654693588628247,
300833b2ddd9014000030001,1,1,1460,-64,1654693588631902,1654693588631902,
300833b2ddd9014000030008,1,1,2064,-54,1654693588634518,1654693588634518,
300833b2ddd9014000030002,1,1,2312,-68,1654693588635602,1654693588635602,
300833b2ddd9014000030008,1,1,2128,-54,1654693588665292,1654693588665292,
300833b2ddd9014000030001,1,1,1480,-63,1654693588667539,1654693588667539,
300833b2ddd9014000030002,1,1,2380,-67,1654693588668638,1654693588668638,
300833b2ddd9014000030008,1,1,2100,-54,1654693588672476,1654693588672476,
300833b2ddd9014000030002,1,1,2412,-67,1654693588673776,1654693588673776,
300833b2ddd9014000030001,1,1,1356,-63,1654693588675078,1654693588675078,
300833b2ddd9014000030008,1,1,2108,-54,1654693588707131,1654693588707131,
300833b2ddd9014000030001,1,1,1400,-64,1654693588708605,1654693588708605,
300833b2ddd9014000030002,1,1,2392,-69,1654693588709704,1654693588709704,
300833b2ddd9014000030001,1,1,1388,-63,1654693588713350,1654693588713350,
300833b2ddd9014000030008,1,1,2132,-54,1654693588715315,1654693588715315,
300833b2ddd9014000030002,1,1,2300,-68,1654693588717491,1654693588717491,
300833b2ddd9014000030001,1,1,1440,-63,1654693588748049,1654693588748049,
300833b2ddd9014000030002,1,1,2224,-69,1654693588749266,1654693588749266,
300833b2ddd9014000030008,1,1,2136,-54,1654693588750308,1654693588750308,
300833b2ddd9014000030008,1,1,2112,-54,1654693588754900,1654693588754900,
300833b2ddd9014000030001,1,1,1392,-63,1654693588756117,1654693588756117,
300833b2ddd9014000030002,1,1,2172,-67,1654693588761678,1654693588761678,
300833b2ddd9014000030001,1,1,1368,-64,1654693588791984,1654693588791984,
300833b2ddd9014000030008,1,1,2120,-54,1654693588793947,1654693588793947,
300833b2ddd9014000030002,1,1,2360,-67,1654693588796388,1654693588796388,
300833b2ddd9014000030008,1,1,2108,-54,1654693588802759,1654693588802759,
300833b2ddd9014000030001,1,1,1592,-63,1654693588804868,1654693588804868,
300833b2ddd9014000030002,1,1,2300,-69,1654693588808991,1654693588808991,
300833b2ddd9014000030001,1,1,1184,-63,1654693588839487,1654693588839487,
300833b2ddd9014000030008,1,1,2124,-54,1654693588840939,1654693588840939,
300833b2ddd9014000030002,1,1,2236,-67,1654693588842704,1654693588842704,
300833b2ddd9014000030001,1,1,1356,-64,1654693588848057,1654693588848057,
300833b2ddd9014000030008,1,1,2120,-54,1654693588849708,1654693588849708,
300833b2ddd9014000030002,1,1,2312,-68,1654693588851366,1654693588851366,
300833b2ddd9014000030001,1,1,1400,-64,1654693588881040,1654693588881040,
300833b2ddd9014000030008,1,1,2128,-54,1654693588882124,1654693588882124,
300833b2ddd9014000030002,1,1,2348,-68,1654693588889637,1654693588889637,
300833b2ddd9014000030008,1,1,2108,-54,1654693588893152,1654693588893152,
300833b2ddd9014000030002,1,1,2412,-69,1654693588894369,1654693588894369,
300833b2ddd9014000030001,1,1,1480,-64,1654693588895496,1654693588895496,
300833b2ddd9014000030008,1,1,2108,-54,1654693588927762,1654693588927762,
300833b2ddd9014000030001,1,1,1408,-64,1654693588929260,1654693588929260,
300833b2ddd9014000030002,1,1,2500,-66,1654693588931151,1654693588931151,
300833b2ddd9014000030008,1,1,2116,-54,1654693588937364,1654693588937364,
300833b2ddd9014000030001,1,1,1400,-63,1654693588939034,1654693588939034,
300833b2ddd9014000030001,1,1,1360,-63,1654693588969523,1654693588969523,
300833b2ddd9014000030008,1,1,2116,-54,1654693588970637,1654693588970637,
300833b2ddd9014000030002,1,1,2220,-67,1654693588971962,1654693588971962,
300833b2ddd9014000030008,1,1,2120,-54,1654693588978824,1654693588978824,
300833b2ddd9014000030001,1,1,1356,-63,1654693588979901,1654693588979901,
300833b2ddd9014000030002,1,1,2152,-67,1654693588982938,1654693588982938,
300833b2ddd9014000030001,1,1,1316,-63,1654693589012481,1654693589012481,
300833b2ddd9014000030008,1,1,2120,-54,1654693589014016,1654693589014016,
300833b2ddd9014000030002,1,1,2380,-68,1654693589016503,1654693589016503,
300833b2ddd9014000030009,1,1,1300,-69,1654693589018399,1654693589018399,
300833b2ddd9014000030002,1,1,2212,-68,1654693589021172,1654693589021172,
300833b2ddd9014000030008,1,1,2124,-54,1654693589022481,1654693589022481,
300833b2ddd9014000030001,1,1,1568,-63,1654693589024039,1654693589024039,
300833b2ddd9014000030008,1,1,2124,-54,1654693589057652,1654693589057652,
300833b2ddd9014000030001,1,1,1452,-63,1654693589058941,1654693589058941,
300833b2ddd9014000030002,1,1,2368,-67,1654693589061146,1654693589061146,
300833b2ddd9014000030008,1,1,2132,-54,1654693589064553,1654693589064553,
300833b2ddd9014000030001,1,1,1540,-64,1654693589066971,1654693589066971,
300833b2ddd9014000030002,1,1,2332,-68,1654693589068666,1654693589068666,
300833b2ddd9014000030001,1,1,1488,-64,1654693589101860,1654693589101860,
300833b2ddd9014000030008,1,1,2112,-54,1654693589104006,1654693589104006,
300833b2ddd9014000030002,1,1,2276,-67,1654693589105091,1654693589105091,
300833b2ddd9014000030001,1,1,1396,-64,1654693589108264,1654693589108264,
300833b2ddd9014000030008,1,1,2112,-54,1654693589109786,1654693589109786,
300833b2ddd9014000030002,1,1,2284,-68,1654693589112389,1654693589112389,
300833b2ddd9014000030008,1,1,2116,-54,1654693589142417,1654693589142417,
300833b2ddd9014000030001,1,1,1376,-64,1654693589143465,1654693589143465,
300833b2ddd9014000030002,1,1,2388,-68,1654693589145019,1654693589145019,
300833b2ddd9014000030008,1,1,2108,-54,1654693589150455,1654693589150455,
300833b2ddd9014000030001,1,1,1360,-63,1654693589151673,1654693589151673,
300833b2ddd9014000030002,1,1,2240,-68,1654693589152731,1654693589152731,
300833b2ddd9014000030002,1,1,2276,-68,1654693589184305,1654693589184305,
300833b2ddd9014000030001,1,1,1408,-63,1654693589185521,1654693589185521,
300833b2ddd9014000030008,1,1,2120,-54,1654693589186804,1654693589186804,
300833b2ddd9014000030008,1,1,2108,-54,1654693589190809,1654693589190809,
300833b2ddd9014000030001,1,1,1416,-63,1654693589191896,1654693589191896,
300833b2ddd9014000030002,1,1,2320,-68,1654693589196765,1654693589196765,
300833b2ddd9014000030001,1,1,1332,-64,1654693589228738,1654693589228738,
300833b2ddd9014000030008,1,1,2108,-54,1654693589229965,1654693589229965,
300833b2ddd9014000030002,1,1,2296,-68,1654693589233834,1654693589233834,
300833b2ddd9014000030001,1,1,1236,-63,1654693589236784,1654693589236784,
300833b2ddd9014000030008,1,1,2128,-54,1654693589239995,1654693589239995,
300833b2ddd9014000030002,1,1,2412,-68,1654693589241210,1654693589241210,
300833b2ddd9014000030009,1,1,1236,-71,1654693589244238,1654693589244238,
300833b2ddd9014000030002,1,1,2440,-69,1654693589274268,1654693589274268,
300833b2ddd9014000030001,1,1,1280,-64,1654693589276237,1654693589276237,
300833b2ddd9014000030008,1,1,2084,-54,1654693589277521,1654693589277521,
300833b2ddd9014000030008,1,1,2124,-54,1654693589283092,1654693589283092,
300833b2ddd9014000030001,1,1,1444,-63,1654693589285295,1654693589285295,
300833b2ddd9014000030002,1,1,2320,-69,1654693589286703,1654693589286703,
300833b2ddd9014000030001,1,1,1440,-63,1654693589317385,1654693589317385,
300833b2ddd9014000030008,1,1,2104,-54,1654693589319136,1654693589319136,
300833b2ddd9014000030002,1,1,2324,-69,1654693589322211,1654693589322211,
300833b2ddd9014000030009,1,1,1644,-71,1654693589324956,1654693589324956,
300833b2ddd9014000030002,1,1,2228,-69,1654693589328184,1654693589328184,
300833b2ddd9014000030008,1,1,2092,-54,1654693589330107,1654693589330107,
300833b2ddd9014000030001,1,1,1340,-63,1654693589331224,1654693589331224,
300833b2ddd9014000030009,1,1,1400,-72,1654693589332452,1654693589332452,
300833b2ddd9014000030001,1,1,1340,-63,1654693589363088,1654693589363088,
300833b2ddd9014000030008,1,1,2132,-54,1654693589364552,1654693589364552,
300833b2ddd9014000030002,1,1,2148,-68,1654693589365871,1654693589365871,
300833b2ddd9014000030008,1,1,2100,-54,1654693589370000,1654693589370000,
300833b2ddd9014000030001,1,1,1388,-63,1654693589371670,1654693589371670,
300833b2ddd9014000030002,1,1,2452,-67,1654693589373434,1654693589373434,
300833b2ddd9014000030008,1,1,2128,-54,1654693589404191,1654693589404191,
300833b2ddd9014000030001,1,1,1464,-63,1654693589406971,1654693589406971,
300833b2ddd9014000030002,1,1,2200,-68,1654693589412546,1654693589412546,
300833b2ddd9014000030002,1,1,2452,-67,1654693589416824,1654693589416824,
300833b2ddd9014000030008,1,1,2136,-54,1654693589418360,1654693589418360,
300833b2ddd9014000030001,1,1,1360,-63,1654693589420145,1654693589420145,
300833b2ddd9014000030008,1,1,2116,-54,1654693589451997,1654693589451997,
300833b2ddd9014000030002,1,1,2240,-70,1654693589454118,1654693589454118,
300833b2ddd9014000030001,1,1,1352,-63,1654693589455207,1654693589455207,
300833b2ddd9014000030008,1,1,2100,-54,1654693589467038,1654693589467038,
300833b2ddd9014000030001,1,1,1432,-64,1654693589468268,1654693589468268,
300833b2ddd9014000030002,1,1,2160,-67,1654693589470264,1654693589470264,
300833b2ddd9014000030002,1,1,2348,-68,1654693589499973,1654693589499973,
300833b2ddd9014000030001,1,1,1412,-64,1654693589501560,1654693589501560,
300833b2ddd9014000030008,1,1,2140,-54,1654693589502938,1654693589502938,
300833b2ddd9014000030008,1,1,2112,-54,1654693589510253,1654693589510253,
300833b2ddd9014000030001,1,1,1424,-64,1654693589511471,1654693589511471,
300833b2ddd9014000030002,1,1,2292,-68,1654693589512813,1654693589512813,
300833b2ddd9014000030002,1,1,2316,-69,1654693589543281,1654693589543281,
300833b2ddd9014000030001,1,1,1468,-64,1654693589544764,1654693589544764,
300833b2ddd9014000030008,1,1,2104,-54,1654693589546063,1654693589546063,
300833b2ddd9014000030008,1,1,2124,-54,1654693589551619,1654693589551619,
300833b2ddd9014000030001,1,1,1396,-64,1654693589552780,1654693589552780,
300833b2ddd9014000030002,1,1,2368,-68,1654693589553881,1654693589553881,
300833b2ddd9014000030008,1,1,2120,-54,1654693589584905,1654693589584905,
300833b2ddd9014000030001,1,1,1584,-64,1654693589587109,1654693589587109,
300833b2ddd9014000030002,1,1,2320,-67,1654693589588591,1654693589588591,
300833b2ddd9014000030001,1,1,1348,-64,1654693589594499,1654693589594499,
300833b2ddd9014000030008,1,1,2128,-54,1654693589596049,1654693589596049,
300833b2ddd9014000030002,1,1,2440,-68,1654693589599413,1654693589599413,
300833b2ddd9014000030008,1,1,2136,-54,1654693589630730,1654693589630730,
300833b2ddd9014000030001,1,1,1380,-64,1654693589632443,1654693589632443,
300833b2ddd9014000030002,1,1,2180,-70,1654693589633658,1654693589633658,
300833b2ddd9014000030008,1,1,2124,-54,1654693589636919,1654693589636919,
300833b2ddd9014000030001,1,1,1372,-65,1654693589638366,1654693589638366,
300833b2ddd9014000030002,1,1,2300,-68,1654693589639692,1654693589639692,
300833b2ddd9014000030001,1,1,1384,-63,1654693589670747,1654693589670747,
300833b2ddd9014000030008,1,1,2136,-54,1654693589672521,1654693589672521,
300833b2ddd9014000030002,1,1,2444,-67,1654693589676970,1654693589676970,
300833b2ddd9014000030008,1,1,2124,-54,1654693589683718,1654693589683718,
300833b2ddd9014000030001,1,1,1332,-63,1654693589685048,1654693589685048,
300833b2ddd9014000030002,1,1,2292,-69,1654693589686190,1654693589686190,
300833b2ddd9014000030001,1,1,1360,-63,1654693589935843,1654693589935843,
300833b2ddd9014000030008,1,1,2140,-54,1654693589936996,1654693589936996,
300833b2ddd9014000030002,1,1,2296,-68,1654693589938055,1654693589938055,
300833b2ddd9014000030001,1,1,1364,-63,1654693589942034,1654693589942034,
300833b2ddd9014000030008,1,1,2132,-54,1654693589943146,1654693589943146,
300833b2ddd9014000030002,1,1,2128,-68,1654693589944957,1654693589944957,
300833b2ddd9014000030008,1,1,2096,-54,1654693589976558,1654693589976558,
300833b2ddd9014000030001,1,1,1452,-63,1654693589978710,1654693589978710,
300833b2ddd9014000030002,1,1,2400,-68,1654693589979798,1654693589979798,
300833b2ddd9014000030001,1,1,1380,-63,1654693589983778,1654693589983778,
300833b2ddd9014000030002,1,1,2356,-68,1654693589984863,1654693589984863,
300833b2ddd9014000030008,1,1,2112,-54,1654693589986204,1654693589986204,
300833b2ddd9014000030001,1,1,1384,-63,1654693590018096,1654693590018096,
300833b2ddd9014000030002,1,1,2256,-67,1654693590019650,1654693590019650,
300833b2ddd9014000030008,1,1,2128,-54,1654693590020962,1654693590020962,
300833b2ddd9014000030009,1,1,1220,-71,1654693590023487,1654693590023487,
300833b2ddd9014000030008,1,1,2124,-54,1654693590027977,1654693590027977,
300833b2ddd9014000030002,1,1,2140,-68,1654693590029929,1654693590029929,
300833b2ddd9014000030001,1,1,1424,-64,1654693590030974,1654693590030974,
300833b2ddd9014000030001,1,1,1408,-64,1654693590062847,1654693590062847,
300833b2ddd9014000030008,1,1,2112,-54,1654693590064413,1654693590064413,
300833b2ddd9014000030002,1,1,2220,-67,1654693590065924,1654693590065924,
300833b2ddd9014000030001,1,1,1396,-64,1654693590071111,1654693590071111,
300833b2ddd9014000030008,1,1,2144,-54,1654693590072833,1654693590072833,
300833b2ddd9014000030002,1,1,2164,-66,1654693590074967,1654693590074967,
300833b2ddd9014000030009,1,1,1456,-71,1654693590079751,1654693590079751,
300833b2ddd9014000030001,1,1,1356,-63,1654693590109587,1654693590109587,
300833b2ddd9014000030008,1,1,2148,-54,1654693590111541,1654693590111541,
300833b2ddd9014000030002,1,1,2308,-69,1654693590114169,1654693590114169,
300833b2ddd9014000030009,1,1,1520,-72,1654693590115717,1654693590115717,
300833b2ddd9014000030008,1,1,2140,-54,1654693590118815,1654693590118815,
300833b2ddd9014000030001,1,1,1304,-63,1654693590121005,1654693590121005,
300833b2ddd9014000030002,1,1,2272,-69,1654693590122400,1654693590122400,
300833b2ddd9014000030009,1,1,1328,-73,1654693590124282,1654693590124282,
300833b2ddd9014000030001,1,1,1372,-64,1654693590154527,1654693590154527,
300833b2ddd9014000030002,1,1,2444,-68,1654693590156210,1654693590156210,
300833b2ddd9014000030008,1,1,2104,-54,1654693590157283,1654693590157283,
300833b2ddd9014000030009,1,1,2080,-72,1654693590160912,1654693590160912,
300833b2ddd9014000030008,1,1,2136,-54,1654693590164223,1654693590164223,
300833b2ddd9014000030001,1,1,1384,-63,1654693590165685,1654693590165685,
300833b2ddd9014000030002,1,1,2344,-68,1654693590169478,1654693590169478,
300833b2ddd9014000030008,1,1,2128,-54,1654693590201395,1654693590201395,
300833b2ddd9014000030001,1,1,1312,-63,1654693590203521,1654693590203521,
300833b2ddd9014000030002,1,1,2404,-68,1654693590205641,1654693590205641,
300833b2ddd9014000030008,1,1,2112,-54,1654693590209538,1654693590209538,
300833b2ddd9014000030002,1,1,2324,-68,1654693590211185,1654693590211185,
300833b2ddd9014000030001,1,1,1340,-63,1654693590212418,1654693590212418,
300833b2ddd9014000030009,1,1,1516,-73,1654693590214293,1654693590214293,
300833b2ddd9014000030008,1,1,2156,-54,1654693590245455,1654693590245455,
300833b2ddd9014000030002,1,1,2244,-68,1654693590246500,1654693590246500,
300833b2ddd9014000030001,1,1,1376,-64,1654693590247605,1654693590247605,
300833b2ddd9014000030002,1,1,2252,-68,1654693590253716,1654693590253716,
300833b2ddd9014000030001,1,1,1436,-64,1654693590254960,1654693590254960,
300833b2ddd9014000030008,1,1,2124,-54,1654693590256256,1654693590256256,
300833b2ddd9014000030001,1,1,1348,-64,1654693590286743,1654693590286743,
300833b2ddd9014000030008,1,1,2120,-54,1654693590288308,1654693590288308,
300833b2ddd9014000030002,1,1,2224,-68,1654693590289397,1654693590289397,
300833b2ddd9014000030009,1,1,1252,-73,1654693590290739,1654693590290739,
300833b2ddd9014000030002,1,1,2380,-68,1654693590295560,1654693590295560,
300833b2ddd9014000030008,1,1,2072,-54,1654693590297804,1654693590297804,
300833b2ddd9014000030001,1,1,1408,-63,1654693590298890,1654693590298890,
300833b2ddd9014000030009,1,1,1092,-73,1654693590302199,1654693590302199,
300833b2ddd9014000030001,1,1,1348,-63,1654693590333017,1654693590333017,
300833b2ddd9014000030008,1,1,2136,-54,1654693590334142,1654693590334142,
300833b2ddd9014000030002,1,1,2088,-67,1654693590335501,1654693590335501,
300833b2ddd9014000030008,1,1,2124,-54,1654693590345154,1654693590345154,
300833b2ddd9014000030001,1,1,1336,-64,1654693590347161,1654693590347161,
300833b2ddd9014000030002,1,1,2284,-68,1654693590348599,1654693590348599,
300833b2ddd9014000030002,1,1,2240,-68,1654693590381913,1654693590381913,
300833b2ddd9014000030008,1,1,2104,-54,1654693590382954,1654693590382954,
300833b2ddd9014000030001,1,1,1428,-64,1654693590385015,1654693590385015,
300833b2ddd9014000030001,1,1,1344,-63,1654693590389746,1654693590389746,
300833b2ddd9014000030002,1,1,2080,-68,1654693590391230,1654693590391230,
300833b2ddd9014000030008,1,1,2124,-54,1654693590392570,1654693590392570,
300833b2ddd9014000030001,1,1,1376,-63,1654693590423504,1654693590423504,
300833b2ddd9014000030002,1,1,2280,-69,1654693590425171,1654693590425171,
300833b2ddd9014000030008,1,1,2124,-54,1654693590426269,1654693590426269,
300833b2ddd9014000030008,1,1,2108,-54,1654693590438875,1654693590438875,
300833b2ddd9014000030001,1,1,1276,-63,1654693590440576,1654693590440576,
300833b2ddd9014000030002,1,1,2164,-68,1654693590443130,1654693590443130,
300833b2ddd9014000030009,1,1,1184,-73,1654693590444717,1654693590444717,
300833b2ddd9014000030008,1,1,2100,-54,1654693590475536,1654693590475536,
300833b2ddd9014000030002,1,1,2124,-68,1654693590477144,1654693590477144,
300833b2ddd9014000030001,1,1,1472,-63,1654693590478639,1654693590478639,
300833b2ddd9014000030002,1,1,2312,-68,1654693590485985,1654693590485985,
300833b2ddd9014000030008,1,1,2124,-54,1654693590487948,1654693590487948,
300833b2ddd9014000030001,1,1,1408,-64,1654693590489079,1654693590489079,
300833b2ddd9014000030002,1,1,2352,-68,1654693590519805,1654693590519805,
300833b2ddd9014000030008,1,1,2124,-54,1654693590521749,1654693590521749,
300833b2ddd9014000030001,1,1,1440,-64,1654693590522895,1654693590522895,
300833b2ddd9014000030008,1,1,2120,-54,1654693590526776,1654693590526776,
300833b2ddd9014000030001,1,1,1432,-64,1654693590528730,1654693590528730,
300833b2ddd9014000030002,1,1,2416,-66,1654693590530692,1654693590530692,
300833b2ddd9014000030001,1,1,1376,-64,1654693590560734,1654693590560734,
300833b2ddd9014000030002,1,1,2212,-68,1654693590562162,1654693590562162,
300833b2ddd9014000030008,1,1,2100,-54,1654693590563245,1654693590563245,
300833b2ddd9014000030001,1,1,1404,-63,1654693590567112,1654693590567112,
300833b2ddd9014000030008,1,1,2116,-54,1654693590568694,1654693590568694,
300833b2ddd9014000030002,1,1,2320,-67,1654693590571150,1654693590571150,
300833b2ddd9014000030002,1,1,2164,-67,1654693590602439,1654693590602439,
300833b2ddd9014000030001,1,1,1440,-64,1654693590604219,1654693590604219,
300833b2ddd9014000030008,1,1,2108,-54,1654693590605304,1654693590605304,
300833b2ddd9014000030001,1,1,1264,-63,1654693590609197,1654693590609197,
300833b2ddd9014000030008,1,1,2084,-54,1654693590610521,1654693590610521,
300833b2ddd9014000030002,1,1,2296,-66,1654693590612883,1654693590612883,
300833b2ddd9014000030008,1,1,2116,-54,1654693590644215,1654693590644215,
300833b2ddd9014000030001,1,1,1412,-64,1654693590645278,1654693590645278,
300833b2ddd9014000030002,1,1,2312,-67,1654693590646433,1654693590646433,
300833b2ddd9014000030001,1,1,1464,-64,1654693590651908,1654693590651908,
300833b2ddd9014000030008,1,1,2104,-54,1654693590652937,1654693590652937,
300833b2ddd9014000030002,1,1,2288,-66,1654693590655943,1654693590655943,
300833b2ddd9014000030008,1,1,2112,-54,1654693590685859,1654693590685859,
300833b2ddd9014000030002,1,1,2496,-65,1654693590687145,1654693590687145,
300833b2ddd9014000030001,1,1,1460,-65,1654693590688694,1654693590688694,
300833b2ddd9014000030001,1,1,1368,-64,1654693590694145,1654693590694145,
300833b2ddd9014000030002,1,1,2384,-66,1654693590695330,1654693590695330,
300833b2ddd9014000030008,1,1,2092,-54,1654693590696882,1654693590696882,
300833b2ddd9014000030008,1,1,2132,-54,1654693590727979,1654693590727979,
300833b2ddd9014000030002,1,1,2268,-66,1654693590729223,1654693590729223,
300833b2ddd9014000030001,1,1,1532,-65,1654693590730765,1654693590730765,
300833b2ddd9014000030008,1,1,2080,-54,1654693590734053,1654693590734053,
300833b2ddd9014000030001,1,1,1548,-65,1654693590736346,1654693590736346,
300833b2ddd9014000030002,1,1,2276,-65,1654693590737392,1654693590737392,
300833b2ddd9014000030001,1,1,1564,-64,1654693590768662,1654693590768662,
300833b2ddd9014000030002,1,1,2372,-65,1654693590770384,1654693590770384,
300833b2ddd9014000030008,1,1,2092,-54,1654693590771456,1654693590771456,
300833b2ddd9014000030002,1,1,2364,-64,1654693590774819,1654693590774819,
300833b2ddd9014000030001,1,1,1572,-64,1654693590776160,1654693590776160,
300833b2ddd9014000030008,1,1,2104,-54,1654693590778137,1654693590778137,
300833b2ddd9014000030002,1,1,2432,-65,1654693590810866,1654693590810866,
300833b2ddd9014000030008,1,1,2080,-54,1654693590812816,1654693590812816,
300833b2ddd9014000030001,1,1,1632,-63,1654693590814885,1654693590814885,
300833b2ddd9014000030002,1,1,2316,-65,1654693590817866,1654693590817866,
300833b2ddd9014000030001,1,1,1576,-64,1654693590819565,1654693590819565,
300833b2ddd9014000030008,1,1,2080,-54,1654693590821145,1654693590821145,
300833b2ddd9014000030002,1,1,2436,-65,1654693590851399,1654693590851399,
300833b2ddd9014000030008,1,1,2076,-54,1654693590853836,1654693590853836,
300833b2ddd9014000030001,1,1,1656,-64,1654693590854923,1654693590854923,
300833b2ddd9014000030001,1,1,1628,-64,1654693590859459,1654693590859459,
300833b2ddd9014000030008,1,1,2064,-54,1654693590861080,1654693590861080,
300833b2ddd9014000030002,1,1,2348,-64,1654693590862926,1654693590862926,
300833b2ddd9014000030008,1,1,2048,-54,1654693590893946,1654693590893946,
300833b2ddd9014000030002,1,1,2332,-64,1654693590895492,1654693590895492,
300833b2ddd9014000030001,1,1,1648,-64,1654693590896826,1654693590896826,
300833b2ddd9014000030008,1,1,2068,-55,1654693590901465,1654693590901465,
300833b2ddd9014000030002,1,1,2364,-63,1654693590903077,1654693590903077,
300833b2ddd9014000030001,1,1,1648,-64,1654693590904892,1654693590904892,
300833b2ddd9014000030001,1,1,1728,-63,1654693590936112,1654693590936112,
300833b2ddd9014000030008,1,1,2064,-55,1654693590938134,1654693590938134,
300833b2ddd9014000030002,1,1,2476,-64,1654693590939492,1654693590939492,
300833b2ddd9014000030002,1,1,2304,-64,1654693590943491,1654693590943491,
300833b2ddd9014000030001,1,1,1644,-65,1654693590944964,1654693590944964,
300833b2ddd9014000030008,1,1,2056,-54,1654693590946289,1654693590946289,
300833b2ddd9014000030008,1,1,2036,-55,1654693590976826,1654693590976826,
300833b2ddd9014000030001,1,1,1684,-64,1654693590979023,1654693590979023,
300833b2ddd9014000030002,1,1,2328,-63,1654693590981018,1654693590981018,
300833b2ddd9014000030008,1,1,2008,-55,1654693590983780,1654693590983780,
300833b2ddd9014000030001,1,1,1712,-63,1654693590985989,1654693590985989,
300833b2ddd9014000030002,1,1,2332,-64,1654693590987103,1654693590987103,
300833b2ddd9014000030008,1,1,2020,-55,1654693591018052,1654693591018052,
300833b2ddd9014000030001,1,1,1752,-63,1654693591019565,1654693591019565,
300833b2ddd9014000030002,1,1,2272,-63,1654693591020919,1654693591020919,
300833b2ddd9014000030009,1,1,3156,-73,1654693591022660,1654693591022660,
300833b2ddd9014000030008,1,1,2024,-55,1654693591025882,1654693591025882,
300833b2ddd9014000030002,1,1,2292,-63,1654693591028246,1654693591028246,
300833b2ddd9014000030001,1,1,1756,-63,1654693591029337,1654693591029337,
300833b2ddd9014000030001,1,1,1732,-62,1654693591058895,1654693591058895,
300833b2ddd9014000030008,1,1,2012,-55,1654693591060464,1654693591060464,
300833b2ddd9014000030002,1,1,2236,-63,1654693591062288,1654693591062288,
300833b2ddd9014000030008,1,1,2036,-55,1654693591066453,1654693591066453,
300833b2ddd9014000030001,1,1,1760,-63,1654693591067528,1654693591067528,
300833b2ddd9014000030002,1,1,2224,-63,1654693591071360,1654693591071360,
300833b2ddd9014000030009,1,1,2896,-74,1654693591076384,1654693591076384,
300833b2ddd9014000030002,1,1,2224,-63,1654693591106409,1654693591106409,
300833b2ddd9014000030001,1,1,1760,-62,1654693591107769,1654693591107769,
300833b2ddd9014000030008,1,1,2004,-55,1654693591109792,1654693591109792,
300833b2ddd9014000030009,1,1,2824,-72,1654693591110969,1654693591110969,
300833b2ddd9014000030008,1,1,2012,-55,1654693591115602,1654693591115602,
300833b2ddd9014000030001,1,1,1696,-62,1654693591117354,1654693591117354,
300833b2ddd9014000030002,1,1,2236,-63,1654693591118428,1654693591118428,
300833b2ddd9014000030002,1,1,2092,-61,1654693591149368,1654693591149368,
300833b2ddd9014000030001,1,1,1612,-60,1654693591151548,1654693591151548,
300833b2ddd9014000030008,1,1,2000,-55,1654693591152647,1654693591152647,
300833b2ddd9014000030001,1,1,1780,-60,1654693591155959,1654693591155959,
300833b2ddd9014000030002,1,1,2208,-60,1654693591157259,1654693591157259,
300833b2ddd9014000030008,1,1,1972,-55,1654693591159335,1654693591159335,
300833b2ddd9014000030008,1,1,2040,-55,1654693591192026,1654693591192026,
300833b2ddd9014000030002,1,1,2124,-61,1654693591197912,1654693591197912,
300833b2ddd9014000030001,1,1,1704,-60,1654693591199058,1654693591199058,
300833b2ddd9014000030001,1,1,1644,-61,1654693591202071,1654693591202071,
300833b2ddd9014000030002,1,1,2088,-61,1654693591203754,1654693591203754,
300833b2ddd9014000030008,1,1,1976,-55,1654693591205066,1654693591205066,
300833b2ddd9014000030002,1,1,2168,-61,1654693591235522,1654693591235522,
300833b2ddd9014000030008,1,1,1992,-55,1654693591237445,1654693591237445,
300833b2ddd9014000030001,1,1,1564,-60,1654693591238803,1654693591238803,
300833b2ddd9014000030008,1,1,2000,-55,1654693591242610,1654693591242610,
300833b2ddd9014000030002,1,1,2276,-61,1654693591244324,1654693591244324,
300833b2ddd9014000030001,1,1,1660,-61,1654693591245428,1654693591245428,
300833b2ddd9014000030001,1,1,1640,-60,1654693591277533,1654693591277533,
300833b2ddd9014000030002,1,1,2048,-60,1654693591278647,1654693591278647,
300833b2ddd9014000030008,1,1,2016,-55,1654693591279746,1654693591279746,
300833b2ddd9014000030008,1,1,1988,-55,1654693591285121,1654693591285121,
300833b2ddd9014000030002,1,1,2104,-61,1654693591286686,1654693591286686,
300833b2ddd9014000030001,1,1,1592,-60,1654693591288305,1654693591288305,
300833b2ddd9014000030002,1,1,2060,-61,1654693591319031,1654693591319031,
300833b2ddd9014000030008,1,1,1940,-56,1654693591320741,1654693591320741,
300833b2ddd9014000030001,1,1,1536,-60,1654693591322667,1654693591322667,
300833b2ddd9014000030008,1,1,2004,-56,1654693591325387,1654693591325387,
300833b2ddd9014000030002,1,1,2128,-61,1654693591326514,1654693591326514,
300833b2ddd9014000030001,1,1,1540,-60,1654693591329391,1654693591329391,
300833b2ddd9014000030001,1,1,1444,-60,1654693591361036,1654693591361036,
300833b2ddd9014000030002,1,1,2088,-63,1654693591362234,1654693591362234,
300833b2ddd9014000030008,1,1,1960,-57,1654693591363814,1654693591363814,
300833b2ddd9014000030002,1,1,2148,-63,1654693591367095,1654693591367095,
300833b2ddd9014000030008,1,1,2016,-57,1654693591368180,1654693591368180,
300833b2ddd9014000030001,1,1,1440,-61,1654693591370246,1654693591370246,
300833b2ddd9014000030008,1,1,2024,-57,1654693591403484,1654693591403484,
300833b2ddd9014000030002,1,1,2036,-64,1654693591405210,1654693591405210,
300833b2ddd9014000030001,1,1,1516,-62,1654693591406552,1654693591406552,
300833b2ddd9014000030002,1,1,2172,-63,1654693591409841,1654693591409841,
300833b2ddd9014000030001,1,1,1508,-61,1654693591412036,1654693591412036,
300833b2ddd9014000030008,1,1,1988,-57,1654693591413120,1654693591413120,
300833b2ddd9014000030009,1,1,1232,-66,1654693591415214,1654693591415214,
300833b2ddd9014000030008,1,1,1972,-57,1654693591445687,1654693591445687,
300833b2ddd9014000030002,1,1,2140,-64,1654693591446915,1654693591446915,
300833b2ddd9014000030001,1,1,1544,-61,1654693591448034,1654693591448034,
300833b2ddd9014000030009,1,1,1232,-64,1654693591449163,1654693591449163,
300833b2ddd9014000030001,1,1,1388,-62,1654693591453471,1654693591453471,
300833b2ddd9014000030008,1,1,2004,-58,1654693591454729,1654693591454729,
300833b2ddd9014000030002,1,1,2064,-64,1654693591455786,1654693591455786,
300833b2ddd9014000030009,1,1,1140,-63,1654693591457657,1654693591457657,
300833b2ddd9014000030008,1,1,1972,-59,1654693591488009,1654693591488009,
300833b2ddd9014000030009,1,1,1116,-62,1654693591489464,1654693591489464,
300833b2ddd9014000030001,1,1,1524,-62,1654693591491260,1654693591491260,
300833b2ddd9014000030002,1,1,2184,-66,1654693591492347,1654693591492347,
300833b2ddd9014000030008,1,1,2028,-59,1654693591495315,1654693591495315,
300833b2ddd9014000030001,1,1,1516,-62,1654693591496646,1654693591496646,
300833b2ddd9014000030002,1,1,2124,-64,1654693591498211,1654693591498211,
300833b2ddd9014000030009,1,1,1236,-62,1654693591499329,1654693591499329,
300833b2ddd9014000030008,1,1,1884,-59,1654693591531328,1654693591531328,
300833b2ddd9014000030009,1,1,1200,-61,1654693591532670,1654693591532670,
300833b2ddd9014000030001,1,1,1404,-62,1654693591533801,1654693591533801,
300833b2ddd9014000030002,1,1,2112,-65,1654693591535300,1654693591535300,
300833b2ddd9014000030002,1,1,2276,-64,1654693591538755,1654693591538755,
300833b2ddd9014000030008,1,1,2072,-60,1654693591539997,1654693591539997,
300833b2ddd9014000030001,1,1,1408,-62,1654693591541056,1654693591541056,
300833b2ddd9014000030009,1,1,1192,-61,1654693591542129,1654693591542129,
300833b2ddd9014000030001,1,1,1284,-63,1654693591574052,1654693591574052,
300833b2ddd9014000030009,1,1,1148,-60,1654693591575533,1654693591575533,
300833b2ddd9014000030008,1,1,2128,-61,1654693591576621,1654693591576621,
300833b2ddd9014000030002,1,1,2260,-66,1654693591578075,1654693591578075,
300833b2ddd9014000030001,1,1,1432,-63,1654693591581647,1654693591581647,
300833b2ddd9014000030008,1,1,2012,-61,1654693591583075,1654693591583075,
300833b2ddd9014000030009,1,1,1096,-60,1654693591584670,1654693591584670,
300833b2ddd9014000030002,1,1,2228,-65,1654693591586566,1654693591586566,
300833b2ddd9014000030009,1,1,1068,-59,1654693591617039,1654693591617039,
300833b2ddd9014000030008,1,1,2040,-62,1654693591618124,1654693591618124,
300833b2ddd9014000030001,1,1,1416,-63,1654693591619891,1654693591619891,
300833b2ddd9014000030002,1,1,2108,-66,1654693591621574,1654693591621574,
300833b2ddd9014000030009,1,1,1048,-59,1654693591625551,1654693591625551,
300833b2ddd9014000030001,1,1,1320,-63,1654693591626638,1654693591626638,
300833b2ddd9014000030008,1,1,1944,-62,1654693591628672,1654693591628672,
300833b2ddd9014000030002,1,1,2056,-66,1654693591629803,1654693591629803,
300833b2ddd9014000030008,1,1,1748,-64,1654693591661822,1654693591661822,
300833b2ddd9014000030001,1,1,1360,-63,1654693591663563,1654693591663563,
300833b2ddd9014000030002,1,1,2212,-67,1654693591664849,1654693591664849,
300833b2ddd9014000030009,1,1,1028,-59,1654693591665916,1654693591665916,
300833b2ddd9014000030002,1,1,2180,-67,1654693591669389,1654693591669389,
300833b2ddd9014000030008,1,1,1856,-64,1654693591670925,1654693591670925,
300833b2ddd9014000030009,1,1,968,-59,1654693591672467,1654693591672467,
300833b2ddd9014000030001,1,1,1320,-63,1654693591674409,1654693591674409,
300833b2ddd9014000030001,1,1,1332,-64,1654693591705604,1654693591705604,
300833b2ddd9014000030002,1,1,2160,-66,1654693591706663,1654693591706663,
300833b2ddd9014000030008,1,1,1900,-66,1654693591708218,1654693591708218,
300833b2ddd9014000030009,1,1,964,-58,1654693591709830,1654693591709830,
300833b2ddd9014000030009,1,1,976,-58,1654693591714152,1654693591714152,
300833b2ddd9014000030008,1,1,1672,-66,1654693591715268,1654693591715268,
300833b2ddd9014000030002,1,1,2152,-68,1654693591716397,1654693591716397,
300833b2ddd9014000030001,1,1,1380,-64,1654693591717739,1654693591717739,
300833b2ddd9014000030009,1,1,920,-58,1654693591750322,1654693591750322,
300833b2ddd9014000030002,1,1,2012,-67,1654693591752277,1654693591752277,
300833b2ddd9014000030001,1,1,1252,-64,1654693591753621,1654693591753621,
300833b2ddd9014000030008,1,1,1796,-69,1654693591755088,1654693591755088,
300833b2ddd9014000030001,1,1,1316,-63,1654693591758083,1654693591758083,
300833b2ddd9014000030009,1,1,944,-58,1654693591759214,1654693591759214,
300833b2ddd9014000030002,1,1,2144,-69,1654693591762538,1654693591762538,
300833b2ddd9014000030008,1,1,1820,-69,1654693591764935,1654693591764935,
300833b2ddd9014000030009,1,1,896,-57,1654693591795514,1654693591795514,
300833b2ddd9014000030001,1,1,1288,-63,1654693591796960,1654693591796960,
300833b2ddd9014000030002,1,1,2200,-69,1654693591799970,1654693591799970,
300833b2ddd9014000030002,1,1,2424,-69,1654693591803239,1654693591803239,
300833b2ddd9014000030009,1,1,828,-57,1654693591804265,1654693591804265,
300833b2ddd9014000030001,1,1,1280,-64,1654693591805624,1654693591805624,
300833b2ddd9014000030009,1,1,884,-57,1654693591837721,1654693591837721,
300833b2ddd9014000030001,1,1,1292,-65,1654693591839433,1654693591839433,
300833b2ddd9014000030002,1,1,2088,-69,1654693591841641,1654693591841641,
300833b2ddd9014000030002,1,1,2356,-69,1654693591844660,1654693591844660,
300833b2ddd9014000030009,1,1,832,-57,1654693591845944,1654693591845944,
300833b2ddd9014000030001,1,1,1204,-64,1654693591847518,1654693591847518,
300833b2ddd9014000030009,1,1,788,-57,1654693591879492,1654693591879492,
300833b2ddd9014000030001,1,1,1324,-64,1654693591881229,1654693591881229,
300833b2ddd9014000030002,1,1,2212,-71,1654693591883594,1654693591883594,
300833b2ddd9014000030001,1,1,1196,-64,1654693591890472,1654693591890472,
300833b2ddd9014000030009,1,1,788,-57,1654693591891614,1654693591891614,
300833b2ddd9014000030009,1,1,812,-57,1654693591923641,1654693591923641,
300833b2ddd9014000030001,1,1,1256,-65,1654693591926220,1654693591926220,
300833b2ddd9014000030009,1,1,788,-57,1654693591929814,1654693591929814,
300833b2ddd9014000030001,1,1,1132,-64,1654693591931049,1654693591931049,
300833b2ddd9014000030009,1,1,712,-57,1654693591964905,1654693591964905,
300833b2ddd9014000030001,1,1,1200,-64,1654693591967115,1654693591967115,
300833b2ddd9014000030001,1,1,1312,-65,1654693591971475,1654693591971475,
300833b2ddd9014000030009,1,1,696,-57,1654693591973555,1654693591973555,
300833b2ddd9014000030009,1,1,712,-57,1654693592008427,1654693592008427,
300833b2ddd9014000030001,1,1,1144,-66,1654693592010173,1654693592010173,
300833b2ddd9014000030009,1,1,712,-57,1654693592015811,1654693592015811,
300833b2ddd9014000030001,1,1,1268,-64,1654693592017340,1654693592017340,
300833b2ddd9014000030001,1,1,1068,-65,1654693592050118,1654693592050118,
300833b2ddd9014000030009,1,1,656,-57,1654693592052054,1654693592052054,
300833b2ddd9014000030009,1,1,688,-57,1654693592055638,1654693592055638,
300833b2ddd9014000030001,1,1,1188,-65,1654693592056954,1654693592056954,
300833b2ddd9014000030009,1,1,632,-57,1654693592089378,1654693592089378,
300833b2ddd9014000030001,1,1,1080,-65,1654693592091289,1654693592091289,
300833b2ddd9014000030009,1,1,648,-57,1654693592095098,1654693592095098,
300833b2ddd9014000030001,1,1,1112,-65,1654693592096669,1654693592096669,
300833b2ddd9014000030009,1,1,668,-58,1654693592129330,1654693592129330,
300833b2ddd9014000030001,1,1,1136,-64,1654693592130788,1654693592130788,
300833b2ddd9014000030001,1,1,1168,-65,1654693592142871,1654693592142871,
300833b2ddd9014000030009,1,1,628,-57,1654693592144211,1654693592144211,
300833b2ddd9014000030009,1,1,644,-57,1654693592174892,1654693592174892,
300833b2ddd9014000030001,1,1,1184,-65,1654693592177086,1654693592177086,
300833b2ddd9014000030009,1,1,624,-57,1654693592181532,1654693592181532,
300833b2ddd9014000030001,1,1,1096,-64,1654693592214608,1654693592214608,
300833b2ddd9014000030009,1,1,664,-57,1654693592217900,1654693592217900,
300833b2ddd9014000030001,1,1,1128,-64,1654693592222168,1654693592222168,
300833b2ddd9014000030009,1,1,652,-57,1654693592223849,1654693592223849,
300833b2ddd9014000030009,1,1,676,-57,1654693592255465,1654693592255465,
300833b2ddd9014000030001,1,1,1160,-65,1654693592256926,1654693592256926,
300833b2ddd9014000030009,1,1,640,-57,1654693592260908,1654693592260908,
300833b2ddd9014000030001,1,1,1148,-65,1654693592261955,1654693592261955,
300833b2ddd9014000030009,1,1,656,-57,1654693592297114,1654693592297114,
300833b2ddd9014000030001,1,1,1168,-65,1654693592298486,1654693592298486,
300833b2ddd9014000030009,1,1,640,-57,1654693592312066,1654693592312066,
300833b2ddd9014000030001,1,1,1256,-65,1654693592313467,1654693592313467,
300833b2ddd9014000030009,1,1,708,-57,1654693592343553,1654693592343553,
300833b2ddd9014000030001,1,1,1212,-64,1654693592344644,1654693592344644,
300833b2ddd9014000030001,1,1,1020,-65,1654693592355607,1654693592355607,
300833b2ddd9014000030009,1,1,648,-57,1654693592356705,1654693592356705,
300833b2ddd9014000030001,1,1,1136,-65,1654693592388427,1654693592388427,
300833b2ddd9014000030009,1,1,680,-57,1654693592389481,1654693592389481,
300833b2ddd9014000030009,1,1,644,-57,1654693592393631,1654693592393631,
300833b2ddd9014000030001,1,1,1084,-65,1654693592395075,1654693592395075,
300833b2ddd9014000030001,1,1,1148,-65,1654693592425769,1654693592425769,
300833b2ddd9014000030009,1,1,656,-57,1654693592427759,1654693592427759,
300833b2ddd9014000030009,1,1,660,-57,1654693592431900,1654693592431900,
300833b2ddd9014000030001,1,1,1164,-65,1654693592433231,1654693592433231,
300833b2ddd9014000030001,1,1,1132,-65,1654693592465882,1654693592465882,
300833b2ddd9014000030009,1,1,680,-57,1654693592467009,1654693592467009,
300833b2ddd9014000030001,1,1,1124,-65,1654693592473450,1654693592473450,
300833b2ddd9014000030009,1,1,656,-57,1654693592474532,1654693592474532,
300833b2ddd9014000030009,1,1,688,-57,1654693592505325,1654693592505325,
300833b2ddd9014000030001,1,1,1120,-65,1654693592506674,1654693592506674,
300833b2ddd9014000030001,1,1,1184,-66,1654693592513683,1654693592513683,
300833b2ddd9014000030009,1,1,672,-57,1654693592514724,1654693592514724,
300833b2ddd9014000030009,1,1,612,-57,1654693592545369,1654693592545369,
300833b2ddd9014000030001,1,1,1144,-65,1654693592547731,1654693592547731,
300833b2ddd9014000030009,1,1,644,-57,1654693592550693,1654693592550693,
300833b2ddd9014000030001,1,1,1128,-66,1654693592552615,1654693592552615,
300833b2ddd9014000030001,1,1,1140,-65,1654693592584203,1654693592584203,
300833b2ddd9014000030009,1,1,688,-57,1654693592585317,1654693592585317,
300833b2ddd9014000030001,1,1,1136,-64,1654693592592220,1654693592592220,
300833b2ddd9014000030009,1,1,664,-57,1654693592593419,1654693592593419,
300833b2ddd9014000030009,1,1,664,-57,1654693592626500,1654693592626500,
300833b2ddd9014000030001,1,1,1188,-65,1654693592627947,1654693592627947,
300833b2ddd9014000030009,1,1,660,-57,1654693592632179,1654693592632179,
300833b2ddd9014000030001,1,1,1224,-65,1654693592633494,1654693592633494,
300833b2ddd9014000030009,1,1,648,-57,1654693592665948,1654693592665948,
300833b2ddd9014000030001,1,1,1228,-65,1654693592667064,1654693592667064,
300833b2ddd9014000030009,1,1,664,-57,1654693592675038,1654693592675038,
300833b2ddd9014000030001,1,1,1164,-65,1654693592676354,1654693592676354,
300833b2ddd9014000030009,1,1,712,-57,1654693592708800,1654693592708800,
300833b2ddd9014000030001,1,1,1144,-65,1654693592711917,1654693592711917,
300833b2ddd9014000030009,1,1,748,-57,1654693592714628,1654693592714628,
300833b2ddd9014000030001,1,1,1260,-66,1654693592717438,1654693592717438,
300833b2ddd9014000030009,1,1,660,-57,1654693592750159,1654693592750159,
300833b2ddd9014000030001,1,1,1284,-65,1654693592752138,1654693592752138,
300833b2ddd9014000030009,1,1,664,-57,1654693592754785,1654693592754785,
300833b2ddd9014000030001,1,1,1204,-65,1654693592757871,1654693592757871,
300833b2ddd9014000030009,1,1,624,-57,1654693592790720,1654693592790720,
300833b2ddd9014000030001,1,1,1124,-65,1654693592792364,1654693592792364,
300833b2ddd9014000030001,1,1,1160,-65,1654693592795564,1654693592795564,
300833b2ddd9014000030009,1,1,652,-57,1654693592797319,1654693592797319,
300833b2ddd9014000030009,1,1,668,-57,1654693592828735,1654693592828735,
300833b2ddd9014000030009,1,1,668,-57,1654693592836187,1654693592836187,
300833b2ddd9014000030009,1,1,676,-57,1654693592865870,1654693592865870,
300833b2ddd9014000030009,1,1,636,-56,1654693592872076,1654693592872076,
300833b2ddd9014000030001,1,1,1400,-63,1654693592903943,1654693592903943,
300833b2ddd9014000030009,1,1,740,-57,1654693592906022,1654693592906022,
300833b2ddd9014000030009,1,1,748,-58,1654693592910270,1654693592910270,
300833b2ddd9014000030009,1,1,600,-57,1654693592942354,1654693592942354,
300833b2ddd9014000030009,1,1,764,-57,1654693592947386,1654693592947386,
300833b2ddd9014000030009,1,1,684,-57,1654693593180117,1654693593180117,
300833b2ddd9014000030009,1,1,676,-57,1654693593185628,1654693593185628,
300833b2ddd9014000030001,1,1,1248,-64,1654693593186730,1654693593186730,
300833b2ddd9014000030001,1,1,1168,-64,1654693593218686,1654693593218686,
300833b2ddd9014000030009,1,1,656,-57,1654693593220039,1654693593220039,
300833b2ddd9014000030009,1,1,688,-57,1654693593226739,1654693593226739,
300833b2ddd9014000030001,1,1,1108,-64,1654693593227817,1654693593227817,
300833b2ddd9014000030009,1,1,664,-57,1654693593259734,1654693593259734,
300833b2ddd9014000030001,1,1,1200,-64,1654693593261034,1654693593261034,
300833b2ddd9014000030009,1,1,652,-57,1654693593267700,1654693593267700,
300833b2ddd9014000030001,1,1,1208,-65,1654693593269035,1654693593269035,
300833b2ddd9014000030001,1,1,1164,-66,1654693593299254,1654693593299254,
300833b2ddd9014000030009,1,1,676,-57,1654693593301203,1654693593301203,
300833b2ddd9014000030009,1,1,632,-57,1654693593305711,1654693593305711,
300833b2ddd9014000030001,1,1,1080,-64,1654693593306803,1654693593306803,
300833b2ddd9014000030001,1,1,1204,-65,1654693593339419,1654693593339419,
300833b2ddd9014000030009,1,1,692,-57,1654693593340890,1654693593340890,
300833b2ddd9014000030009,1,1,648,-57,1654693593345311,1654693593345311,
300833b2ddd9014000030001,1,1,1148,-65,1654693593346370,1654693593346370,
300833b2ddd9014000030009,1,1,668,-57,1654693593378713,1654693593378713,
300833b2ddd9014000030001,1,1,1004,-65,1654693593381080,1654693593381080,
300833b2ddd9014000030009,1,1,680,-57,1654693593385063,1654693593385063,
300833b2ddd9014000030001,1,1,1072,-64,1654693593386525,1654693593386525,
300833b2ddd9014000030009,1,1,648,-57,1654693593417902,1654693593417902,
300833b2ddd9014000030001,1,1,1276,-65,1654693593420700,1654693593420700,
300833b2ddd9014000030001,1,1,1148,-65,1654693593424235,1654693593424235,
300833b2ddd9014000030009,1,1,684,-57,1654693593426623,1654693593426623,
300833b2ddd9014000030001,1,1,1236,-64,1654693593457887,1654693593457887,
300833b2ddd9014000030009,1,1,660,-57,1654693593460277,1654693593460277,
300833b2ddd9014000030009,1,1,628,-57,1654693593464270,1654693593464270,
300833b2ddd9014000030001,1,1,1084,-64,1654693593465996,1654693593465996,
300833b2ddd9014000030009,1,1,716,-57,1654693593499343,1654693593499343,
300833b2ddd9014000030001,1,1,1068,-65,1654693593500434,1654693593500434,
300833b2ddd9014000030001,1,1,1148,-64,1654693593503855,1654693593503855,
300833b2ddd9014000030009,1,1,672,-57,1654693593505040,1654693593505040,
300833b2ddd9014000030009,1,1,660,-57,1654693593535896,1654693593535896,
300833b2ddd9014000030001,1,1,1164,-65,1654693593538947,1654693593538947,
300833b2ddd9014000030001,1,1,1204,-63,1654693593542905,1654693593542905,
300833b2ddd9014000030009,1,1,700,-57,1654693593543978,1654693593543978,