epc,atenda,atendanum,phase,RSS,timestamp,timestamp2,
300833b2ddd9014000030002,1,1,600,-49,1654780013297742,1654780013297742,
300833b2ddd9014000030008,1,1,3388,-40,1654780013298827,1654780013298827,
300833b2ddd9014000030009,1,1,2352,-41,1654780013299912,1654780013299912,
300833b2ddd9014000030001,1,1,1548,-50,1654780013301865,1654780013301865,
300833b2ddd9014000030009,1,1,2348,-41,1654780013306169,1654780013306169,
300833b2ddd9014000030008,1,1,3372,-40,1654780013307806,1654780013307806,
300833b2ddd9014000030002,1,1,600,-49,1654780013309129,1654780013309129,
300833b2ddd9014000030001,1,1,1540,-51,1654780013310261,1654780013310261,
300833b2ddd9014000030008,1,1,3388,-40,1654780013340552,1654780013340552,
300833b2ddd9014000030009,1,1,2356,-41,1654780013342775,1654780013342775,
300833b2ddd9014000030002,1,1,608,-49,1654780013344027,1654780013344027,
300833b2ddd9014000030001,1,1,1548,-51,1654780013345228,1654780013345228,
300833b2ddd9014000030002,1,1,600,-49,1654780013348222,1654780013348222,
300833b2ddd9014000030009,1,1,2368,-41,1654780013349760,1654780013349760,
300833b2ddd9014000030008,1,1,3384,-41,1654780013351342,1654780013351342,
300833b2ddd9014000030001,1,1,1524,-51,1654780013352786,1654780013352786,
300833b2ddd9014000030008,1,1,3400,-40,1654780013384156,1654780013384156,
300833b2ddd9014000030001,1,1,1524,-51,1654780013385214,1654780013385214,
300833b2ddd9014000030002,1,1,620,-49,1654780013386936,1654780013386936,
300833b2ddd9014000030009,1,1,2360,-41,1654780013388675,1654780013388675,
300833b2ddd9014000030009,1,1,2356,-41,1654780013393042,1654780013393042,
300833b2ddd9014000030001,1,1,1516,-51,1654780013394751,1654780013394751,
300833b2ddd9014000030008,1,1,3384,-40,1654780013396050,1654780013396050,
300833b2ddd9014000030002,1,1,608,-48,1654780013397290,1654780013397290,
300833b2ddd9014000030008,1,1,3380,-40,1654780013427220,1654780013427220,
300833b2ddd9014000030009,1,1,2360,-41,1654780013428802,1654780013428802,
300833b2ddd9014000030001,1,1,1524,-51,1654780013430611,1654780013430611,
300833b2ddd9014000030002,1,1,596,-48,1654780013432291,1654780013432291,
300833b2ddd9014000030009,1,1,2352,-41,1654780013437311,1654780013437311,
300833b2ddd9014000030008,1,1,3384,-40,1654780013438647,1654780013438647,
300833b2ddd9014000030002,1,1,600,-49,1654780013439846,1654780013439846,
300833b2ddd9014000030001,1,1,1528,-51,1654780013441347,1654780013441347,
300833b2ddd9014000030001,1,1,1512,-51,1654780013471324,1654780013471324,
300833b2ddd9014000030009,1,1,2364,-41,1654780013472621,1654780013472621,
300833b2ddd9014000030008,1,1,3388,-41,1654780013473946,1654780013473946,
300833b2ddd9014000030002,1,1,620,-49,1654780013475071,1654780013475071,
300833b2ddd9014000030008,1,1,3384,-40,1654780013479534,1654780013479534,
300833b2ddd9014000030002,1,1,608,-48,1654780013480846,1654780013480846,
300833b2ddd9014000030001,1,1,1524,-51,1654780013482385,1654780013482385,
300833b2ddd9014000030009,1,1,2364,-41,1654780013483500,1654780013483500,
300833b2ddd9014000030009,1,1,2352,-41,1654780013515035,1654780013515035,
300833b2ddd9014000030002,1,1,616,-48,1654780013516344,1654780013516344,
300833b2ddd9014000030008,1,1,3396,-41,1654780013517383,1654780013517383,
300833b2ddd9014000030001,1,1,1500,-51,1654780013519804,1654780013519804,
300833b2ddd9014000030001,1,1,1516,-51,1654780013524376,1654780013524376,
300833b2ddd9014000030008,1,1,3388,-41,1654780013525828,1654780013525828,
300833b2ddd9014000030009,1,1,2352,-41,1654780013526856,1654780013526856,
300833b2ddd9014000030002,1,1,616,-48,1654780013528325,1654780013528325,
300833b2ddd9014000030001,1,1,1512,-51,1654780013558283,1654780013558283,
300833b2ddd9014000030002,1,1,608,-48,1654780013560205,1654780013560205,
300833b2ddd9014000030008,1,1,3396,-41,1654780013561315,1654780013561315,
300833b2ddd9014000030009,1,1,2360,-41,1654780013562372,1654780013562372,
300833b2ddd9014000030001,1,1,1496,-51,1654780013566470,1654780013566470,
300833b2ddd9014000030008,1,1,3404,-41,1654780013567853,1654780013567853,
300833b2ddd9014000030009,1,1,2356,-41,1654780013568910,1654780013568910,
300833b2ddd9014000030002,1,1,620,-48,1654780013570619,1654780013570619,
300833b2ddd9014000030009,1,1,2348,-41,1654780013601166,1654780013601166,
300833b2ddd9014000030008,1,1,3396,-40,1654780013602235,1654780013602235,
300833b2ddd9014000030001,1,1,1472,-51,1654780013603308,1654780013603308,
300833b2ddd9014000030002,1,1,620,-48,1654780013604830,1654780013604830,
300833b2ddd9014000030009,1,1,2356,-41,1654780013609293,1654780013609293,
300833b2ddd9014000030002,1,1,620,-48,1654780013610603,1654780013610603,
300833b2ddd9014000030001,1,1,1504,-51,1654780013612143,1654780013612143,
300833b2ddd9014000030008,1,1,3404,-41,1654780013613223,1654780013613223,
300833b2ddd9014000030008,1,1,3412,-41,1654780013648630,1654780013648630,
300833b2ddd9014000030002,1,1,620,-48,1654780013649940,1654780013649940,
300833b2ddd9014000030009,1,1,2352,-41,1654780013650997,1654780013650997,
300833b2ddd9014000030001,1,1,1488,-51,1654780013652180,1654780013652180,
300833b2ddd9014000030009,1,1,2368,-41,1654780013656730,1654780013656730,
300833b2ddd9014000030001,1,1,1464,-51,1654780013658045,1654780013658045,
300833b2ddd9014000030008,1,1,3400,-40,1654780013659595,1654780013659595,
300833b2ddd9014000030002,1,1,612,-48,1654780013660678,1654780013660678,
300833b2ddd9014000030009,1,1,2360,-41,1654780013692820,1654780013692820,
300833b2ddd9014000030008,1,1,3400,-41,1654780013694031,1654780013694031,
300833b2ddd9014000030002,1,1,628,-49,1654780013695097,1654780013695097,
300833b2ddd9014000030001,1,1,1476,-51,1654780013697039,1654780013697039,
300833b2ddd9014000030009,1,1,2364,-41,1654780013699829,1654780013699829,
300833b2ddd9014000030008,1,1,3400,-40,1654780013702257,1654780013702257,
300833b2ddd9014000030002,1,1,624,-48,1654780013703329,1654780013703329,
300833b2ddd9014000030001,1,1,1484,-51,1654780013704559,1654780013704559,
300833b2ddd9014000030009,1,1,2356,-41,1654780013735257,1654780013735257,
300833b2ddd9014000030008,1,1,3404,-40,1654780013736456,1654780013736456,
300833b2ddd9014000030002,1,1,612,-48,1654780013737992,1654780013737992,
300833b2ddd9014000030001,1,1,1436,-52,1654780013739266,1654780013739266,
300833b2ddd9014000030001,1,1,1464,-51,1654780013746428,1654780013746428,
300833b2ddd9014000030009,1,1,2348,-41,1654780013748898,1654780013748898,
300833b2ddd9014000030008,1,1,3396,-40,1654780013749995,1654780013749995,
300833b2ddd9014000030002,1,1,604,-48,1654780013751476,1654780013751476,
300833b2ddd9014000030009,1,1,2356,-41,1654780013781326,1654780013781326,
300833b2ddd9014000030008,1,1,3408,-40,1654780013782422,1654780013782422,
300833b2ddd9014000030001,1,1,1444,-51,1654780013784191,1654780013784191,
300833b2ddd9014000030002,1,1,624,-49,1654780013785244,1654780013785244,
300833b2ddd9014000030002,1,1,632,-48,1654780013790256,1654780013790256,
300833b2ddd9014000030001,1,1,1472,-51,1654780013791981,1654780013791981,
300833b2ddd9014000030008,1,1,3404,-40,1654780013793036,1654780013793036,
300833b2ddd9014000030009,1,1,2352,-41,1654780013794805,1654780013794805,
300833b2ddd9014000030009,1,1,2352,-41,1654780013824938,1654780013824938,
300833b2ddd9014000030001,1,1,1472,-51,1654780013826406,1654780013826406,
300833b2ddd9014000030008,1,1,3380,-40,1654780013827734,1654780013827734,
300833b2ddd9014000030002,1,1,632,-48,1654780013828760,1654780013828760,
300833b2ddd9014000030009,1,1,2460,-41,1654780013833239,1654780013833239,
300833b2ddd9014000030002,1,1,644,-48,1654780013834590,1654780013834590,
300833b2ddd9014000030008,1,1,3400,-40,1654780013835674,1654780013835674,
300833b2ddd9014000030001,1,1,1444,-51,1654780013837103,1654780013837103,
300833b2ddd9014000030001,1,1,1456,-51,1654780013869982,1654780013869982,
300833b2ddd9014000030008,1,1,3400,-40,1654780013872817,1654780013872817,
300833b2ddd9014000030009,1,1,2356,-41,1654780013873848,1654780013873848,
300833b2ddd9014000030002,1,1,632,-48,1654780013875272,1654780013875272,
300833b2ddd9014000030002,1,1,632,-48,1654780013892244,1654780013892244,
300833b2ddd9014000030001,1,1,1444,-51,1654780013893335,1654780013893335,
300833b2ddd9014000030008,1,1,3392,-40,1654780013894405,1654780013894405,
300833b2ddd9014000030009,1,1,2352,-41,1654780013895745,1654780013895745,
300833b2ddd9014000030009,1,1,2368,-41,1654780013927225,1654780013927225,
300833b2ddd9014000030008,1,1,3492,-40,1654780013929682,1654780013929682,
300833b2ddd9014000030001,1,1,1476,-51,1654780013931719,1654780013931719,
300833b2ddd9014000030009,1,1,2344,-41,1654780013935523,1654780013935523,
300833b2ddd9014000030001,1,1,1432,-51,1654780013936610,1654780013936610,
300833b2ddd9014000030008,1,1,3408,-40,1654780013938217,1654780013938217,
300833b2ddd9014000030008,1,1,3404,-40,1654780013972036,1654780013972036,
300833b2ddd9014000030009,1,1,2360,-41,1654780013973136,1654780013973136,
300833b2ddd9014000030001,1,1,1444,-51,1654780013974421,1654780013974421,
300833b2ddd9014000030008,1,1,3408,-40,1654780013977710,1654780013977710,
300833b2ddd9014000030002,1,1,620,-48,1654780013978794,1654780013978794,
300833b2ddd9014000030001,1,1,1468,-51,1654780013980093,1654780013980093,
300833b2ddd9014000030009,1,1,2356,-41,1654780013981646,1654780013981646,
300833b2ddd9014000030002,1,1,624,-48,1654780014013363,1654780014013363,
300833b2ddd9014000030008,1,1,3404,-40,1654780014014446,1654780014014446,
300833b2ddd9014000030009,1,1,2348,-41,1654780014016255,1654780014016255,
300833b2ddd9014000030001,1,1,1432,-51,1654780014018550,1654780014018550,
300833b2ddd9014000030001,1,1,1464,-51,1654780014022103,1654780014022103,
300833b2ddd9014000030008,1,1,3408,-40,1654780014023584,1654780014023584,
300833b2ddd9014000030002,1,1,608,-48,1654780014025580,1654780014025580,
300833b2ddd9014000030009,1,1,2364,-41,1654780014026622,1654780014026622,
300833b2ddd9014000030009,1,1,2364,-41,1654780014057151,1654780014057151,
300833b2ddd9014000030002,1,1,620,-48,1654780014058574,1654780014058574,
300833b2ddd9014000030001,1,1,1472,-51,1654780014059675,1654780014059675,
300833b2ddd9014000030008,1,1,3412,-40,1654780014060770,1654780014060770,
300833b2ddd9014000030008,1,1,3408,-40,1654780014064610,1654780014064610,
300833b2ddd9014000030001,1,1,1456,-51,1654780014066097,1654780014066097,
300833b2ddd9014000030009,1,1,2364,-41,1654780014067168,1654780014067168,
300833b2ddd9014000030002,1,1,628,-48,1654780014068236,1654780014068236,
300833b2ddd9014000030008,1,1,3412,-40,1654780014099056,1654780014099056,
300833b2ddd9014000030009,1,1,2356,-41,1654780014100754,1654780014100754,
300833b2ddd9014000030001,1,1,1464,-51,1654780014102109,1654780014102109,
300833b2ddd9014000030002,1,1,608,-48,1654780014103206,1654780014103206,
300833b2ddd9014000030001,1,1,1428,-51,1654780014106600,1654780014106600,
300833b2ddd9014000030009,1,1,2360,-41,1654780014107940,1654780014107940,
300833b2ddd9014000030008,1,1,3408,-40,1654780014109446,1654780014109446,
300833b2ddd9014000030002,1,1,620,-48,1654780014111368,1654780014111368,
300833b2ddd9014000030009,1,1,2356,-41,1654780014142293,1654780014142293,
300833b2ddd9014000030002,1,1,620,-48,1654780014143363,1654780014143363,
300833b2ddd9014000030008,1,1,3412,-40,1654780014144726,1654780014144726,
300833b2ddd9014000030001,1,1,1460,-51,1654780014145830,1654780014145830,
300833b2ddd9014000030001,1,1,1452,-51,1654780014151000,1654780014151000,
300833b2ddd9014000030002,1,1,612,-48,1654780014152025,1654780014152025,
300833b2ddd9014000030009,1,1,2364,-41,1654780014153125,1654780014153125,
300833b2ddd9014000030008,1,1,3424,-40,1654780014154970,1654780014154970,
300833b2ddd9014000030009,1,1,2360,-41,1654780014186412,1654780014186412,
300833b2ddd9014000030001,1,1,1444,-51,1654780014187782,1654780014187782,
300833b2ddd9014000030008,1,1,3412,-41,1654780014188864,1654780014188864,
300833b2ddd9014000030002,1,1,600,-49,1654780014190230,1654780014190230,
300833b2ddd9014000030001,1,1,1436,-51,1654780014194648,1654780014194648,
300833b2ddd9014000030009,1,1,2376,-41,1654780014196614,1654780014196614,
300833b2ddd9014000030008,1,1,3408,-41,1654780014198107,1654780014198107,
300833b2ddd9014000030002,1,1,596,-48,1654780014199561,1654780014199561,
300833b2ddd9014000030008,1,1,3412,-40,1654780014229346,1654780014229346,
300833b2ddd9014000030001,1,1,1432,-51,1654780014230492,1654780014230492,
300833b2ddd9014000030009,1,1,2364,-41,1654780014231818,1654780014231818,
300833b2ddd9014000030001,1,1,1448,-51,1654780014237693,1654780014237693,
300833b2ddd9014000030009,1,1,2364,-41,1654780014238922,1654780014238922,
300833b2ddd9014000030008,1,1,3412,-41,1654780014240429,1654780014240429,
300833b2ddd9014000030002,1,1,624,-48,1654780014241896,1654780014241896,
300833b2ddd9014000030002,1,1,620,-48,1654780014271839,1654780014271839,
300833b2ddd9014000030009,1,1,2360,-41,1654780014273183,1654780014273183,
300833b2ddd9014000030008,1,1,3416,-40,1654780014274250,1654780014274250,
300833b2ddd9014000030001,1,1,1432,-51,1654780014275324,1654780014275324,
300833b2ddd9014000030001,1,1,1432,-51,1654780014281631,1654780014281631,
300833b2ddd9014000030008,1,1,3416,-40,1654780014283053,1654780014283053,
300833b2ddd9014000030002,1,1,616,-48,1654780014285238,1654780014285238,
300833b2ddd9014000030009,1,1,2372,-41,1654780014286353,1654780014286353,
300833b2ddd9014000030008,1,1,3416,-40,1654780014316750,1654780014316750,
300833b2ddd9014000030002,1,1,604,-49,1654780014318074,1654780014318074,
300833b2ddd9014000030009,1,1,2368,-41,1654780014319159,1654780014319159,
300833b2ddd9014000030001,1,1,1436,-51,1654780014320770,1654780014320770,
300833b2ddd9014000030001,1,1,1448,-51,1654780014329381,1654780014329381,
300833b2ddd9014000030008,1,1,3420,-40,1654780014330604,1654780014330604,
300833b2ddd9014000030009,1,1,2364,-41,1654780014331707,1654780014331707,
300833b2ddd9014000030002,1,1,620,-48,1654780014332860,1654780014332860,
300833b2ddd9014000030001,1,1,1476,-51,1654780014365022,1654780014365022,
300833b2ddd9014000030008,1,1,3416,-40,1654780014366077,1654780014366077,
300833b2ddd9014000030008,1,1,3412,-41,1654780014369841,1654780014369841,
300833b2ddd9014000030001,1,1,1432,-51,1654780014370943,1654780014370943,
300833b2ddd9014000030009,1,1,2368,-41,1654780014372707,1654780014372707,
300833b2ddd9014000030002,1,1,648,-48,1654780014375026,1654780014375026,
300833b2ddd9014000030009,1,1,2360,-41,1654780014405186,1654780014405186,
300833b2ddd9014000030002,1,1,632,-49,1654780014406282,1654780014406282,
300833b2ddd9014000030001,1,1,1472,-51,1654780014407625,1654780014407625,
300833b2ddd9014000030008,1,1,3428,-40,1654780014408991,1654780014408991,
300833b2ddd9014000030009,1,1,2352,-41,1654780014413549,1654780014413549,
300833b2ddd9014000030002,1,1,640,-49,1654780014414557,1654780014414557,
300833b2ddd9014000030008,1,1,3424,-40,1654780014415627,1654780014415627,
300833b2ddd9014000030001,1,1,1436,-51,1654780014417812,1654780014417812,
300833b2ddd9014000030001,1,1,1456,-51,1654780014452053,1654780014452053,
300833b2ddd9014000030009,1,1,2352,-41,1654780014453154,1654780014453154,
300833b2ddd9014000030002,1,1,636,-48,1654780014454462,1654780014454462,
300833b2ddd9014000030008,1,1,3424,-40,1654780014455588,1654780014455588,
300833b2ddd9014000030009,1,1,2368,-41,1654780014461051,1654780014461051,
300833b2ddd9014000030008,1,1,3420,-41,1654780014462376,1654780014462376,
300833b2ddd9014000030001,1,1,1432,-51,1654780014464158,1654780014464158,
300833b2ddd9014000030002,1,1,652,-48,1654780014465226,1654780014465226,
300833b2ddd9014000030009,1,1,2368,-41,1654780014496392,1654780014496392,
300833b2ddd9014000030008,1,1,3428,-40,1654780014497970,1654780014497970,
300833b2ddd9014000030002,1,1,640,-49,1654780014499010,1654780014499010,
300833b2ddd9014000030001,1,1,1472,-51,1654780014500324,1654780014500324,
300833b2ddd9014000030002,1,1,648,-48,1654780014506189,1654780014506189,
300833b2ddd9014000030009,1,1,2364,-41,1654780014507503,1654780014507503,
300833b2ddd9014000030008,1,1,3428,-40,1654780014509111,1654780014509111,
300833b2ddd9014000030001,1,1,1436,-51,1654780014510213,1654780014510213,
300833b2ddd9014000030001,1,1,1440,-51,1654780014544543,1654780014544543,
300833b2ddd9014000030008,1,1,3432,-41,1654780014545924,1654780014545924,
300833b2ddd9014000030009,1,1,2372,-41,1654780014547280,1654780014547280,
300833b2ddd9014000030002,1,1,640,-48,1654780014548604,1654780014548604,
300833b2ddd9014000030009,1,1,2356,-41,1654780014554471,1654780014554471,
300833b2ddd9014000030001,1,1,1468,-51,1654780014556180,1654780014556180,
300833b2ddd9014000030002,1,1,652,-48,1654780014557251,1654780014557251,
300833b2ddd9014000030008,1,1,3428,-40,1654780014558548,1654780014558548,
300833b2ddd9014000030009,1,1,2368,-41,1654780014787893,1654780014787893,
300833b2ddd9014000030008,1,1,3432,-40,1654780014788961,1654780014788961,
300833b2ddd9014000030001,1,1,1456,-51,1654780014791012,1654780014791012,
300833b2ddd9014000030002,1,1,636,-48,1654780014792095,1654780014792095,
300833b2ddd9014000030001,1,1,1436,-51,1654780014796546,1654780014796546,
300833b2ddd9014000030002,1,1,620,-48,1654780014797644,1654780014797644,
300833b2ddd9014000030008,1,1,3424,-40,1654780014800298,1654780014800298,
300833b2ddd9014000030009,1,1,2368,-41,1654780014802251,1654780014802251,
300833b2ddd9014000030002,1,1,628,-48,1654780014832300,1654780014832300,
300833b2ddd9014000030008,1,1,3416,-41,1654780014833428,1654780014833428,
300833b2ddd9014000030001,1,1,1476,-51,1654780014834712,1654780014834712,
300833b2ddd9014000030009,1,1,2376,-41,1654780014836863,1654780014836863,
300833b2ddd9014000030008,1,1,3420,-40,1654780014842059,1654780014842059,
300833b2ddd9014000030001,1,1,1460,-51,1654780014843091,1654780014843091,
300833b2ddd9014000030002,1,1,624,-48,1654780014844573,1654780014844573,
300833b2ddd9014000030009,1,1,2368,-41,1654780014845601,1654780014845601,
300833b2ddd9014000030008,1,1,3420,-41,1654780014875346,1654780014875346,
300833b2ddd9014000030002,1,1,652,-48,1654780014876400,1654780014876400,
300833b2ddd9014000030001,1,1,1456,-51,1654780014877530,1654780014877530,
300833b2ddd9014000030009,1,1,2368,-41,1654780014878872,1654780014878872,
300833b2ddd9014000030001,1,1,1484,-51,1654780014883846,1654780014883846,
300833b2ddd9014000030008,1,1,3424,-40,1654780014885825,1654780014885825,
300833b2ddd9014000030009,1,1,2368,-41,1654780014886926,1654780014886926,
300833b2ddd9014000030002,1,1,628,-48,1654780014888278,1654780014888278,
300833b2ddd9014000030009,1,1,2368,-41,1654780014918625,1654780014918625,
300833b2ddd9014000030008,1,1,3428,-41,1654780014919693,1654780014919693,
300833b2ddd9014000030002,1,1,640,-48,1654780014921995,1654780014921995,
300833b2ddd9014000030001,1,1,1452,-51,1654780014923452,1654780014923452,
300833b2ddd9014000030008,1,1,3428,-41,1654780014927773,1654780014927773,
300833b2ddd9014000030001,1,1,1456,-51,1654780014929457,1654780014929457,
300833b2ddd9014000030009,1,1,2368,-41,1654780014930473,1654780014930473,
300833b2ddd9014000030002,1,1,624,-48,1654780014932137,1654780014932137,
300833b2ddd9014000030008,1,1,3420,-41,1654780014961869,1654780014961869,
300833b2ddd9014000030001,1,1,1460,-51,1654780014963396,1654780014963396,
300833b2ddd9014000030002,1,1,632,-48,1654780014964436,1654780014964436,
300833b2ddd9014000030009,1,1,2368,-41,1654780014965579,1654780014965579,
300833b2ddd9014000030002,1,1,636,-48,1654780014970243,1654780014970243,
300833b2ddd9014000030001,1,1,1456,-51,1654780014971514,1654780014971514,
300833b2ddd9014000030009,1,1,2388,-41,1654780014972627,1654780014972627,
300833b2ddd9014000030008,1,1,3420,-41,1654780014973951,1654780014973951,
300833b2ddd9014000030008,1,1,3424,-41,1654780015006258,1654780015006258,
300833b2ddd9014000030009,1,1,2388,-41,1654780015007685,1654780015007685,
300833b2ddd9014000030002,1,1,636,-48,1654780015008783,1654780015008783,
300833b2ddd9014000030001,1,1,1488,-51,1654780015009839,1654780015009839,
300833b2ddd9014000030002,1,1,636,-48,1654780015014130,1654780015014130,
300833b2ddd9014000030001,1,1,1504,-51,1654780015015346,1654780015015346,
300833b2ddd9014000030008,1,1,3424,-41,1654780015016922,1654780015016922,
300833b2ddd9014000030009,1,1,2384,-41,1654780015018107,1654780015018107,
300833b2ddd9014000030002,1,1,624,-48,1654780015048235,1654780015048235,
300833b2ddd9014000030009,1,1,2396,-41,1654780015049562,1654780015049562,
300833b2ddd9014000030008,1,1,3432,-40,1654780015050887,1654780015050887,
300833b2ddd9014000030001,1,1,1508,-51,1654780015051989,1654780015051989,
300833b2ddd9014000030009,1,1,2400,-41,1654780015057064,1654780015057064,
300833b2ddd9014000030008,1,1,3428,-41,1654780015058119,1654780015058119,
300833b2ddd9014000030002,1,1,640,-48,1654780015059727,1654780015059727,
300833b2ddd9014000030001,1,1,1508,-51,1654780015061012,1654780015061012,
300833b2ddd9014000030009,1,1,2400,-41,1654780015092161,1654780015092161,
300833b2ddd9014000030008,1,1,3432,-40,1654780015093216,1654780015093216,
300833b2ddd9014000030001,1,1,1500,-51,1654780015095480,1654780015095480,
300833b2ddd9014000030002,1,1,632,-48,1654780015097202,1654780015097202,
300833b2ddd9014000030009,1,1,2424,-40,1654780015102881,1654780015102881,
300833b2ddd9014000030001,1,1,1532,-51,1654780015103997,1654780015103997,
300833b2ddd9014000030008,1,1,3440,-41,1654780015105846,1654780015105846,
300833b2ddd9014000030002,1,1,640,-48,1654780015107572,1654780015107572,
300833b2ddd9014000030002,1,1,648,-48,1654780015138357,1654780015138357,
300833b2ddd9014000030008,1,1,3444,-41,1654780015140067,1654780015140067,
300833b2ddd9014000030009,1,1,2456,-40,1654780015141153,1654780015141153,
300833b2ddd9014000030001,1,1,1520,-50,1654780015142884,1654780015142884,
300833b2ddd9014000030002,1,1,624,-49,1654780015146158,1654780015146158,
300833b2ddd9014000030009,1,1,2452,-40,1654780015147513,1654780015147513,
300833b2ddd9014000030008,1,1,3464,-41,1654780015148835,1654780015148835,
300833b2ddd9014000030001,1,1,1548,-50,1654780015149895,1654780015149895,
300833b2ddd9014000030009,1,1,3044,-38,1654780015319971,1654780015319971,
300833b2ddd9014000030008,1,1,3708,-39,1654780015321251,1654780015321251,
300833b2ddd9014000030008,1,1,3392,-38,1654780015324555,1654780015324555,
300833b2ddd9014000030009,1,1,2596,-38,1654780015326976,1654780015326976,
300833b2ddd9014000030009,1,1,2592,-47,1654780015597925,1654780015597925,
300833b2ddd9014000030001,1,1,1260,-57,1654780015599013,1654780015599013,
300833b2ddd9014000030008,1,1,3316,-44,1654780015600109,1654780015600109,
300833b2ddd9014000030002,1,1,300,-49,1654780015601449,1654780015601449,
300833b2ddd9014000030009,1,1,2568,-47,1654780015606022,1654780015606022,
300833b2ddd9014000030001,1,1,1244,-57,1654780015607083,1654780015607083,
300833b2ddd9014000030008,1,1,3296,-44,1654780015608137,1654780015608137,
300833b2ddd9014000030002,1,1,288,-49,1654780015609190,1654780015609190,
300833b2ddd9014000030009,1,1,2496,-47,1654780015641979,1654780015641979,
300833b2ddd9014000030001,1,1,1168,-57,1654780015644360,1654780015644360,
300833b2ddd9014000030008,1,1,3256,-43,1654780015645410,1654780015645410,
300833b2ddd9014000030002,1,1,188,-49,1654780015646893,1654780015646893,
300833b2ddd9014000030001,1,1,1020,-57,1654780015649715,1654780015649715,
300833b2ddd9014000030002,1,1,180,-48,1654780015650798,1654780015650798,
300833b2ddd9014000030008,1,1,3256,-43,1654780015652405,1654780015652405,
300833b2ddd9014000030009,1,1,2488,-47,1654780015655239,1654780015655239,
300833b2ddd9014000030009,1,1,2516,-48,1654780015685813,1654780015685813,
300833b2ddd9014000030008,1,1,3248,-43,1654780015687279,1654780015687279,
300833b2ddd9014000030001,1,1,828,-57,1654780015688327,1654780015688327,
300833b2ddd9014000030002,1,1,124,-48,1654780015690262,1654780015690262,
300833b2ddd9014000030008,1,1,3248,-43,1654780015695179,1654780015695179,
300833b2ddd9014000030009,1,1,2528,-48,1654780015696363,1654780015696363,
300833b2ddd9014000030001,1,1,848,-57,1654780015697437,1654780015697437,
300833b2ddd9014000030002,1,1,120,-48,1654780015698747,1654780015698747,
300833b2ddd9014000030009,1,1,2616,-48,1654780015730049,1654780015730049,
300833b2ddd9014000030001,1,1,804,-56,1654780015731522,1654780015731522,
300833b2ddd9014000030002,1,1,116,-48,1654780015732844,1654780015732844,
300833b2ddd9014000030008,1,1,3208,-43,1654780015733927,1654780015733927,
300833b2ddd9014000030002,1,1,108,-48,1654780015737443,1654780015737443,
300833b2ddd9014000030001,1,1,820,-56,1654780015738771,1654780015738771,
300833b2ddd9014000030009,1,1,2624,-48,1654780015740083,1654780015740083,
300833b2ddd9014000030008,1,1,3216,-43,1654780015741120,1654780015741120,
300833b2ddd9014000030009,1,1,2688,-47,1654780015773792,1654780015773792,
300833b2ddd9014000030008,1,1,3220,-44,1654780015775232,1654780015775232,
300833b2ddd9014000030002,1,1,112,-48,1654780015776287,1654780015776287,
300833b2ddd9014000030001,1,1,896,-55,1654780015777997,1654780015777997,
300833b2ddd9014000030008,1,1,3228,-44,1654780015781831,1654780015781831,
300833b2ddd9014000030002,1,1,132,-48,1654780015783072,1654780015783072,
300833b2ddd9014000030001,1,1,924,-56,1654780015784131,1654780015784131,
300833b2ddd9014000030009,1,1,2700,-47,1654780015785529,1654780015785529,
300833b2ddd9014000030009,1,1,2752,-46,1654780015815953,1654780015815953,
300833b2ddd9014000030008,1,1,3276,-44,1654780015817249,1654780015817249,
300833b2ddd9014000030001,1,1,1084,-55,1654780015818834,1654780015818834,
300833b2ddd9014000030002,1,1,156,-48,1654780015820143,1654780015820143,
300833b2ddd9014000030001,1,1,1016,-54,1654780015824332,1654780015824332,
300833b2ddd9014000030002,1,1,140,-48,1654780015825854,1654780015825854,
300833b2ddd9014000030008,1,1,3272,-44,1654780015826937,1654780015826937,
300833b2ddd9014000030009,1,1,2756,-46,1654780015829939,1654780015829939,
300833b2ddd9014000030008,1,1,3332,-44,1654780015860121,1654780015860121,
300833b2ddd9014000030009,1,1,2736,-45,1654780015861206,1654780015861206,
300833b2ddd9014000030001,1,1,1188,-54,1654780015863898,1654780015863898,
300833b2ddd9014000030001,1,1,1228,-54,1654780015867746,1654780015867746,
300833b2ddd9014000030008,1,1,3296,-44,1654780015869523,1654780015869523,
300833b2ddd9014000030009,1,1,2736,-45,1654780015870621,1654780015870621,
300833b2ddd9014000030002,1,1,176,-49,1654780015871763,1654780015871763,
300833b2ddd9014000030008,1,1,3360,-45,1654780015902849,1654780015902849,
300833b2ddd9014000030002,1,1,216,-49,1654780015904843,1654780015904843,
300833b2ddd9014000030009,1,1,2728,-44,1654780015905939,1654780015905939,
300833b2ddd9014000030001,1,1,1364,-55,1654780015907398,1654780015907398,
300833b2ddd9014000030001,1,1,1340,-55,1654780015911328,1654780015911328,
300833b2ddd9014000030002,1,1,216,-50,1654780015912399,1654780015912399,
300833b2ddd9014000030008,1,1,3364,-45,1654780015914175,1654780015914175,
300833b2ddd9014000030009,1,1,2756,-44,1654780015915289,1654780015915289,
300833b2ddd9014000030009,1,1,2712,-43,1654780015945251,1654780015945251,
300833b2ddd9014000030001,1,1,1540,-55,1654780015946820,1654780015946820,
300833b2ddd9014000030008,1,1,3408,-45,1654780015948653,1654780015948653,
300833b2ddd9014000030002,1,1,220,-50,1654780015950650,1654780015950650,
300833b2ddd9014000030001,1,1,1548,-55,1654780015953676,1654780015953676,
300833b2ddd9014000030002,1,1,184,-50,1654780015955571,1654780015955571,
300833b2ddd9014000030009,1,1,2708,-43,1654780015956924,1654780015956924,
300833b2ddd9014000030008,1,1,3372,-45,1654780015958337,1654780015958337,
300833b2ddd9014000030001,1,1,1704,-54,1654780015990488,1654780015990488,
300833b2ddd9014000030002,1,1,248,-51,1654780015992504,1654780015992504,
300833b2ddd9014000030009,1,1,2704,-43,1654780015993618,1654780015993618,
300833b2ddd9014000030008,1,1,3432,-46,1654780015994983,1654780015994983,
300833b2ddd9014000030009,1,1,2704,-43,1654780015998388,1654780015998388,
300833b2ddd9014000030008,1,1,3452,-46,1654780015999696,1654780015999696,
300833b2ddd9014000030002,1,1,256,-52,1654780016000951,1654780016000951,
300833b2ddd9014000030001,1,1,1720,-54,1654780016002365,1654780016002365,
300833b2ddd9014000030001,1,1,1876,-54,1654780016034192,1654780016034192,
300833b2ddd9014000030002,1,1,268,-52,1654780016035543,1654780016035543,
300833b2ddd9014000030009,1,1,2684,-42,1654780016036911,1654780016036911,
300833b2ddd9014000030008,1,1,3488,-46,1654780016038178,1654780016038178,
300833b2ddd9014000030009,1,1,2696,-42,1654780016044126,1654780016044126,
300833b2ddd9014000030008,1,1,3484,-46,1654780016046059,1654780016046059,
300833b2ddd9014000030002,1,1,272,-52,1654780016047200,1654780016047200,
300833b2ddd9014000030001,1,1,1864,-53,1654780016048913,1654780016048913,
300833b2ddd9014000030001,1,1,1928,-53,1654780016079130,1654780016079130,
300833b2ddd9014000030008,1,1,3488,-46,1654780016080426,1654780016080426,
300833b2ddd9014000030009,1,1,2656,-42,1654780016081767,1654780016081767,
300833b2ddd9014000030002,1,1,276,-53,1654780016083901,1654780016083901,
300833b2ddd9014000030008,1,1,3500,-46,1654780016088902,1654780016088902,
300833b2ddd9014000030001,1,1,1984,-53,1654780016090020,1654780016090020,
300833b2ddd9014000030009,1,1,2664,-42,1654780016091922,1654780016091922,
300833b2ddd9014000030002,1,1,292,-53,1654780016093047,1654780016093047,
300833b2ddd9014000030002,1,1,316,-53,1654780016124844,1654780016124844,
300833b2ddd9014000030008,1,1,3520,-46,1654780016125941,1654780016125941,
300833b2ddd9014000030001,1,1,2016,-53,1654780016127045,1654780016127045,
300833b2ddd9014000030009,1,1,2644,-42,1654780016128654,1654780016128654,
300833b2ddd9014000030009,1,1,2652,-42,1654780016132850,1654780016132850,
300833b2ddd9014000030008,1,1,3524,-46,1654780016134427,1654780016134427,
300833b2ddd9014000030002,1,1,292,-53,1654780016135528,1654780016135528,
300833b2ddd9014000030001,1,1,1976,-52,1654780016136602,1654780016136602,
300833b2ddd9014000030009,1,1,2644,-42,1654780016168531,1654780016168531,
300833b2ddd9014000030002,1,1,284,-54,1654780016170253,1654780016170253,
300833b2ddd9014000030008,1,1,3528,-46,1654780016171349,1654780016171349,
300833b2ddd9014000030001,1,1,2024,-52,1654780016172677,1654780016172677,
300833b2ddd9014000030009,1,1,2632,-42,1654780016176794,1654780016176794,
300833b2ddd9014000030008,1,1,3532,-47,1654780016177960,1654780016177960,
300833b2ddd9014000030001,1,1,2008,-52,1654780016179900,1654780016179900,
300833b2ddd9014000030002,1,1,276,-54,1654780016181043,1654780016181043,
300833b2ddd9014000030001,1,1,2040,-52,1654780016210622,1654780016210622,
300833b2ddd9014000030009,1,1,2648,-42,1654780016211678,1654780016211678,
300833b2ddd9014000030008,1,1,3532,-47,1654780016212719,1654780016212719,
300833b2ddd9014000030002,1,1,292,-54,1654780016215166,1654780016215166,
300833b2ddd9014000030008,1,1,3536,-47,1654780016219668,1654780016219668,
300833b2ddd9014000030009,1,1,2648,-41,1654780016220780,1654780016220780,
300833b2ddd9014000030002,1,1,304,-54,1654780016222094,1654780016222094,
300833b2ddd9014000030001,1,1,2024,-52,1654780016223778,1654780016223778,
300833b2ddd9014000030001,1,1,2048,-51,1654780016254839,1654780016254839,
300833b2ddd9014000030002,1,1,336,-54,1654780016256136,1654780016256136,
300833b2ddd9014000030008,1,1,3536,-47,1654780016257219,1654780016257219,
300833b2ddd9014000030009,1,1,2636,-42,1654780016258956,1654780016258956,
300833b2ddd9014000030002,1,1,312,-54,1654780016263210,1654780016263210,
300833b2ddd9014000030009,1,1,2644,-42,1654780016264508,1654780016264508,
300833b2ddd9014000030008,1,1,3556,-47,1654780016266271,1654780016266271,
300833b2ddd9014000030001,1,1,2068,-51,1654780016267416,1654780016267416,
300833b2ddd9014000030009,1,1,2636,-41,1654780016299761,1654780016299761,
300833b2ddd9014000030008,1,1,3544,-47,1654780016300841,1654780016300841,
300833b2ddd9014000030002,1,1,296,-54,1654780016301901,1654780016301901,
300833b2ddd9014000030001,1,1,2100,-51,1654780016303754,1654780016303754,
300833b2ddd9014000030002,1,1,280,-54,1654780016309025,1654780016309025,
300833b2ddd9014000030009,1,1,2620,-41,1654780016310479,1654780016310479,
300833b2ddd9014000030008,1,1,3548,-47,1654780016311774,1654780016311774,
300833b2ddd9014000030001,1,1,2092,-51,1654780016313203,1654780016313203,
300833b2ddd9014000030001,1,1,2056,-51,1654780016343175,1654780016343175,
300833b2ddd9014000030002,1,1,300,-54,1654780016344243,1654780016344243,
300833b2ddd9014000030008,1,1,3552,-47,1654780016345845,1654780016345845,
300833b2ddd9014000030009,1,1,2616,-41,1654780016347202,1654780016347202,
300833b2ddd9014000030001,1,1,2080,-51,1654780016353010,1654780016353010,
300833b2ddd9014000030008,1,1,3540,-47,1654780016354733,1654780016354733,
300833b2ddd9014000030009,1,1,2624,-41,1654780016356051,1654780016356051,
300833b2ddd9014000030002,1,1,296,-54,1654780016357221,1654780016357221,
300833b2ddd9014000030002,1,1,288,-54,1654780016387472,1654780016387472,
300833b2ddd9014000030009,1,1,2628,-41,1654780016389152,1654780016389152,
300833b2ddd9014000030001,1,1,2080,-51,1654780016390467,1654780016390467,
300833b2ddd9014000030008,1,1,3540,-47,1654780016391579,1654780016391579,
300833b2ddd9014000030008,1,1,3548,-47,1654780016394995,1654780016394995,
300833b2ddd9014000030009,1,1,2616,-41,1654780016396336,1654780016396336,
300833b2ddd9014000030002,1,1,292,-54,1654780016397675,1654780016397675,
300833b2ddd9014000030001,1,1,1984,-51,1654780016398794,1654780016398794,
300833b2ddd9014000030001,1,1,2096,-51,1654780016430465,1654780016430465,
300833b2ddd9014000030008,1,1,3540,-47,1654780016431773,1654780016431773,
300833b2ddd9014000030002,1,1,304,-54,1654780016433354,1654780016433354,
300833b2ddd9014000030009,1,1,2624,-41,1654780016434692,1654780016434692,
300833b2ddd9014000030002,1,1,288,-54,1654780016439399,1654780016439399,
300833b2ddd9014000030009,1,1,2620,-41,1654780016440468,1654780016440468,
300833b2ddd9014000030001,1,1,2040,-51,1654780016441825,1654780016441825,
300833b2ddd9014000030008,1,1,3520,-47,1654780016443193,1654780016443193,
300833b2ddd9014000030009,1,1,2636,-41,1654780016474420,1654780016474420,
300833b2ddd9014000030008,1,1,3532,-47,1654780016476688,1654780016476688,
300833b2ddd9014000030001,1,1,2096,-51,1654780016478496,1654780016478496,
300833b2ddd9014000030002,1,1,268,-54,1654780016479608,1654780016479608,
300833b2ddd9014000030008,1,1,3548,-47,1654780016485350,1654780016485350,
300833b2ddd9014000030001,1,1,2028,-51,1654780016487617,1654780016487617,
300833b2ddd9014000030009,1,1,2616,-41,1654780016488957,1654780016488957,
300833b2ddd9014000030002,1,1,296,-55,1654780016490168,1654780016490168,
300833b2ddd9014000030002,1,1,280,-55,1654780016520178,1654780016520178,
300833b2ddd9014000030009,1,1,2628,-41,1654780016522098,1654780016522098,
300833b2ddd9014000030001,1,1,2104,-51,1654780016523683,1654780016523683,
300833b2ddd9014000030008,1,1,3544,-47,1654780016524853,1654780016524853,
300833b2ddd9014000030008,1,1,3528,-47,1654780016527818,1654780016527818,
300833b2ddd9014000030001,1,1,2084,-51,1654780016529204,1654780016529204,
300833b2ddd9014000030009,1,1,2616,-41,1654780016530778,1654780016530778,
300833b2ddd9014000030002,1,1,272,-55,1654780016533325,1654780016533325,
300833b2ddd9014000030001,1,1,2088,-51,1654780016563578,1654780016563578,
300833b2ddd9014000030009,1,1,2612,-41,1654780016565374,1654780016565374,
300833b2ddd9014000030002,1,1,280,-55,1654780016566458,1654780016566458,
300833b2ddd9014000030008,1,1,3532,-47,1654780016567542,1654780016567542,
300833b2ddd9014000030008,1,1,3544,-47,1654780016571151,1654780016571151,
300833b2ddd9014000030009,1,1,2616,-41,1654780016573132,1654780016573132,
300833b2ddd9014000030001,1,1,2036,-51,1654780016574448,1654780016574448,
300833b2ddd9014000030002,1,1,324,-55,1654780016575531,1654780016575531,
300833b2ddd9014000030008,1,1,3536,-47,1654780016606112,1654780016606112,
300833b2ddd9014000030001,1,1,2072,-51,1654780016607146,1654780016607146,
300833b2ddd9014000030009,1,1,2620,-42,1654780016608500,1654780016608500,
300833b2ddd9014000030002,1,1,252,-54,1654780016610410,1654780016610410,
300833b2ddd9014000030009,1,1,2624,-41,1654780016614716,1654780016614716,
300833b2ddd9014000030001,1,1,2084,-51,1654780016616430,1654780016616430,
300833b2ddd9014000030008,1,1,3520,-47,1654780016617797,1654780016617797,
300833b2ddd9014000030002,1,1,296,-54,1654780016619477,1654780016619477,
300833b2ddd9014000030009,1,1,2612,-41,1654780016649869,1654780016649869,
300833b2ddd9014000030002,1,1,300,-54,1654780016651308,1654780016651308,
300833b2ddd9014000030008,1,1,3536,-47,1654780016652647,1654780016652647,
300833b2ddd9014000030001,1,1,2088,-51,1654780016654075,1654780016654075,
300833b2ddd9014000030008,1,1,3516,-47,1654780016656767,1654780016656767,
300833b2ddd9014000030002,1,1,288,-55,1654780016657865,1654780016657865,
300833b2ddd9014000030009,1,1,2612,-41,1654780016659659,1654780016659659,
300833b2ddd9014000030001,1,1,2072,-51,1654780016661387,1654780016661387,
300833b2ddd9014000030008,1,1,3528,-47,1654780016693888,1654780016693888,
300833b2ddd9014000030009,1,1,2620,-41,1654780016695415,1654780016695415,
300833b2ddd9014000030002,1,1,304,-54,1654780016696470,1654780016696470,
300833b2ddd9014000030001,1,1,2092,-51,1654780016698055,1654780016698055,
300833b2ddd9014000030008,1,1,3536,-47,1654780016703665,1654780016703665,
300833b2ddd9014000030002,1,1,268,-55,1654780016705135,1654780016705135,
300833b2ddd9014000030001,1,1,2072,-51,1654780016706448,1654780016706448,
300833b2ddd9014000030009,1,1,2628,-41,1654780016707518,1654780016707518,
300833b2ddd9014000030008,1,1,3520,-47,1654780016738152,1654780016738152,
300833b2ddd9014000030002,1,1,312,-54,1654780016739420,1654780016739420,
300833b2ddd9014000030001,1,1,2064,-51,1654780016740479,1654780016740479,
300833b2ddd9014000030009,1,1,2628,-41,1654780016741805,1654780016741805,
300833b2ddd9014000030008,1,1,3512,-47,1654780016746342,1654780016746342,
300833b2ddd9014000030009,1,1,2632,-42,1654780016748518,1654780016748518,
300833b2ddd9014000030001,1,1,2056,-51,1654780016749862,1654780016749862,
300833b2ddd9014000030002,1,1,272,-54,1654780016751286,1654780016751286,
300833b2ddd9014000030009,1,1,2628,-42,1654780016780976,1654780016780976,
300833b2ddd9014000030001,1,1,2052,-51,1654780016782304,1654780016782304,
300833b2ddd9014000030008,1,1,3516,-47,1654780016784333,1654780016784333,
300833b2ddd9014000030002,1,1,280,-55,1654780016787531,1654780016787531,
300833b2ddd9014000030008,1,1,3520,-47,1654780016792008,1654780016792008,
300833b2ddd9014000030009,1,1,2620,-42,1654780016793121,1654780016793121,
300833b2ddd9014000030001,1,1,2036,-51,1654780016795438,1654780016795438,
300833b2ddd9014000030002,1,1,324,-54,1654780016797176,1654780016797176,
300833b2ddd9014000030009,1,1,2616,-42,1654780016828324,1654780016828324,
300833b2ddd9014000030008,1,1,3508,-47,1654780016829749,1654780016829749,
300833b2ddd9014000030001,1,1,2040,-51,1654780016830865,1654780016830865,
300833b2ddd9014000030002,1,1,280,-54,1654780016832591,1654780016832591,
300833b2ddd9014000030001,1,1,2036,-51,1654780016839509,1654780016839509,
300833b2ddd9014000030002,1,1,280,-54,1654780016840621,1654780016840621,
300833b2ddd9014000030009,1,1,2628,-42,1654780016842712,1654780016842712,
300833b2ddd9014000030008,1,1,3524,-47,1654780016844793,1654780016844793,
300833b2ddd9014000030001,1,1,2064,-50,1654780016875894,1654780016875894,
300833b2ddd9014000030008,1,1,3568,-47,1654780016877276,1654780016877276,
300833b2ddd9014000030009,1,1,2620,-42,1654780016878373,1654780016878373,
300833b2ddd9014000030002,1,1,312,-55,1654780016879571,1654780016879571,
300833b2ddd9014000030002,1,1,304,-55,1654780016883925,1654780016883925,
300833b2ddd9014000030009,1,1,2632,-42,1654780016884936,1654780016884936,
300833b2ddd9014000030001,1,1,2052,-51,1654780016886792,1654780016886792,
300833b2ddd9014000030008,1,1,3516,-47,1654780016887833,1654780016887833,
300833b2ddd9014000030008,1,1,3536,-47,1654780016919154,1654780016919154,
300833b2ddd9014000030009,1,1,2608,-42,1654780016920282,1654780016920282,
300833b2ddd9014000030001,1,1,2032,-51,1654780016921395,1654780016921395,
300833b2ddd9014000030002,1,1,292,-54,1654780016922721,1654780016922721,
300833b2ddd9014000030001,1,1,2028,-51,1654780016929384,1654780016929384,
300833b2ddd9014000030009,1,1,2608,-42,1654780016930512,1654780016930512,
300833b2ddd9014000030002,1,1,292,-55,1654780016931597,1654780016931597,
300833b2ddd9014000030008,1,1,3524,-47,1654780016933051,1654780016933051,
300833b2ddd9014000030001,1,1,1996,-51,1654780016963192,1654780016963192,
300833b2ddd9014000030009,1,1,2620,-41,1654780016964290,1654780016964290,
300833b2ddd9014000030008,1,1,3524,-47,1654780016966080,1654780016966080,
300833b2ddd9014000030002,1,1,296,-55,1654780016967392,1654780016967392,
300833b2ddd9014000030001,1,1,2044,-51,1654780016972064,1654780016972064,
300833b2ddd9014000030009,1,1,2624,-41,1654780016973163,1654780016973163,
300833b2ddd9014000030008,1,1,3528,-47,1654780016974315,1654780016974315,
300833b2ddd9014000030002,1,1,292,-54,1654780016976241,1654780016976241,
300833b2ddd9014000030002,1,1,288,-54,1654780017007765,1654780017007765,
300833b2ddd9014000030009,1,1,2612,-41,1654780017008864,1654780017008864,
300833b2ddd9014000030001,1,1,2056,-51,1654780017009966,1654780017009966,
300833b2ddd9014000030008,1,1,3500,-47,1654780017011559,1654780017011559,
300833b2ddd9014000030002,1,1,268,-54,1654780017016064,1654780017016064,
300833b2ddd9014000030009,1,1,2608,-42,1654780017017133,1654780017017133,
300833b2ddd9014000030008,1,1,3508,-47,1654780017019822,1654780017019822,
300833b2ddd9014000030001,1,1,2040,-50,1654780017020908,1654780017020908,
300833b2ddd9014000030008,1,1,3540,-47,1654780017052080,1654780017052080,
300833b2ddd9014000030002,1,1,328,-55,1654780017053550,1654780017053550,
300833b2ddd9014000030009,1,1,2640,-42,1654780017054634,1654780017054634,
300833b2ddd9014000030001,1,1,2032,-51,1654780017056654,1654780017056654,
300833b2ddd9014000030008,1,1,3532,-47,1654780017059403,1654780017059403,
300833b2ddd9014000030002,1,1,264,-54,1654780017060715,1654780017060715,
300833b2ddd9014000030009,1,1,2624,-42,1654780017062535,1654780017062535,
300833b2ddd9014000030001,1,1,2040,-51,1654780017064234,1654780017064234,
300833b2ddd9014000030009,1,1,2612,-42,1654780017095142,1654780017095142,
300833b2ddd9014000030001,1,1,1988,-51,1654780017096515,1654780017096515,
300833b2ddd9014000030008,1,1,3524,-47,1654780017104605,1654780017104605,
300833b2ddd9014000030002,1,1,356,-54,1654780017106783,1654780017106783,
300833b2ddd9014000030009,1,1,2628,-41,1654780017110525,1654780017110525,
300833b2ddd9014000030001,1,1,2052,-51,1654780017111897,1654780017111897,
300833b2ddd9014000030002,1,1,244,-54,1654780017113237,1654780017113237,
300833b2ddd9014000030008,1,1,3520,-47,1654780017114361,1654780017114361,
300833b2ddd9014000030009,1,1,2624,-42,1654780017146426,1654780017146426,
300833b2ddd9014000030001,1,1,2068,-51,1654780017147532,1654780017147532,
300833b2ddd9014000030008,1,1,3496,-47,1654780017148600,1654780017148600,
300833b2ddd9014000030002,1,1,336,-54,1654780017151002,1654780017151002,
300833b2ddd9014000030002,1,1,304,-54,1654780017155063,1654780017155063,
300833b2ddd9014000030001,1,1,2016,-51,1654780017156222,1654780017156222,
300833b2ddd9014000030009,1,1,2620,-41,1654780017158240,1654780017158240,
300833b2ddd9014000030008,1,1,3528,-47,1654780017159451,1654780017159451,
300833b2ddd9014000030002,1,1,232,-55,1654780017190515,1654780017190515,
300833b2ddd9014000030008,1,1,3496,-47,1654780017192020,1654780017192020,
300833b2ddd9014000030009,1,1,2632,-42,1654780017193148,1654780017193148,
300833b2ddd9014000030001,1,1,2020,-51,1654780017196165,1654780017196165,
300833b2ddd9014000030002,1,1,272,-55,1654780017198937,1654780017198937,
300833b2ddd9014000030008,1,1,3516,-47,1654780017200034,1654780017200034,
300833b2ddd9014000030009,1,1,2604,-41,1654780017201133,1654780017201133,
300833b2ddd9014000030001,1,1,2008,-51,1654780017202207,1654780017202207,
300833b2ddd9014000030002,1,1,276,-54,1654780017234616,1654780017234616,
300833b2ddd9014000030008,1,1,3480,-47,1654780017235983,1654780017235983,
300833b2ddd9014000030009,1,1,2628,-41,1654780017237053,1654780017237053,
300833b2ddd9014000030001,1,1,2036,-51,1654780017239277,1654780017239277,
300833b2ddd9014000030009,1,1,2628,-41,1654780017243644,1654780017243644,
300833b2ddd9014000030008,1,1,3508,-47,1654780017244698,1654780017244698,
300833b2ddd9014000030002,1,1,284,-54,1654780017246024,1654780017246024,
300833b2ddd9014000030001,1,1,2044,-51,1654780017247681,1654780017247681,
300833b2ddd9014000030002,1,1,276,-55,1654780017279095,1654780017279095,
300833b2ddd9014000030009,1,1,2612,-42,1654780017281048,1654780017281048,
300833b2ddd9014000030008,1,1,3476,-46,1654780017282786,1654780017282786,
300833b2ddd9014000030001,1,1,2060,-51,1654780017284003,1654780017284003,
300833b2ddd9014000030001,1,1,2036,-51,1654780017286977,1654780017286977,
300833b2ddd9014000030002,1,1,280,-55,1654780017288260,1654780017288260,
300833b2ddd9014000030009,1,1,2620,-42,1654780017289557,1654780017289557,
300833b2ddd9014000030008,1,1,3492,-47,1654780017291762,1654780017291762,
300833b2ddd9014000030001,1,1,2028,-51,1654780017322346,1654780017322346,
300833b2ddd9014000030008,1,1,3480,-47,1654780017323401,1654780017323401,
300833b2ddd9014000030009,1,1,2616,-42,1654780017325017,1654780017325017,
300833b2ddd9014000030002,1,1,264,-55,1654780017326130,1654780017326130,
300833b2ddd9014000030001,1,1,2024,-51,1654780017331399,1654780017331399,
300833b2ddd9014000030009,1,1,2620,-42,1654780017333308,1654780017333308,
300833b2ddd9014000030008,1,1,3480,-47,1654780017334422,1654780017334422,
300833b2ddd9014000030002,1,1,248,-54,1654780017335650,1654780017335650,
300833b2ddd9014000030009,1,1,2620,-42,1654780017366077,1654780017366077,
300833b2ddd9014000030008,1,1,3484,-47,1654780017367118,1654780017367118,
300833b2ddd9014000030001,1,1,2028,-51,1654780017368899,1654780017368899,
300833b2ddd9014000030009,1,1,2628,-42,1654780017373542,1654780017373542,
300833b2ddd9014000030002,1,1,288,-55,1654780017375251,1654780017375251,
300833b2ddd9014000030008,1,1,3492,-47,1654780017376854,1654780017376854,
300833b2ddd9014000030001,1,1,2024,-51,1654780017378297,1654780017378297,
300833b2ddd9014000030008,1,1,3500,-47,1654780017408004,1654780017408004,
300833b2ddd9014000030009,1,1,2616,-42,1654780017409301,1654780017409301,
300833b2ddd9014000030002,1,1,288,-55,1654780017410442,1654780017410442,
300833b2ddd9014000030001,1,1,2028,-51,1654780017411741,1654780017411741,
300833b2ddd9014000030008,1,1,3480,-47,1654780017416696,1654780017416696,
300833b2ddd9014000030002,1,1,284,-54,1654780017417779,1654780017417779,
300833b2ddd9014000030009,1,1,2608,-42,1654780017419361,1654780017419361,
300833b2ddd9014000030001,1,1,2012,-51,1654780017420717,1654780017420717,
300833b2ddd9014000030001,1,1,2024,-51,1654780017453843,1654780017453843,
300833b2ddd9014000030008,1,1,3480,-47,1654780017454856,1654780017454856,
300833b2ddd9014000030009,1,1,2616,-42,1654780017457452,1654780017457452,
300833b2ddd9014000030001,1,1,2024,-51,1654780017461729,1654780017461729,
300833b2ddd9014000030002,1,1,256,-55,1654780017463351,1654780017463351,
300833b2ddd9014000030009,1,1,2616,-42,1654780017464649,1654780017464649,
300833b2ddd9014000030008,1,1,3488,-47,1654780017465959,1654780017465959,
300833b2ddd9014000030002,1,1,300,-54,1654780017498709,1654780017498709,
300833b2ddd9014000030008,1,1,3504,-47,1654780017499734,1654780017499734,
300833b2ddd9014000030001,1,1,2028,-51,1654780017500954,1654780017500954,
300833b2ddd9014000030009,1,1,2612,-42,1654780017503863,1654780017503863,
300833b2ddd9014000030008,1,1,3508,-47,1654780017505002,1654780017505002,
300833b2ddd9014000030001,1,1,2028,-51,1654780017506331,1654780017506331,
300833b2ddd9014000030002,1,1,240,-55,1654780017507672,1654780017507672,
300833b2ddd9014000030008,1,1,3472,-47,1654780017539317,1654780017539317,
300833b2ddd9014000030001,1,1,2024,-51,1654780017541793,1654780017541793,
300833b2ddd9014000030001,1,1,2008,-51,1654780017545319,1654780017545319,
300833b2ddd9014000030008,1,1,3484,-47,1654780017546615,1654780017546615,
300833b2ddd9014000030009,1,1,2612,-42,1654780017548366,1654780017548366,
300833b2ddd9014000030002,1,1,272,-55,1654780017550300,1654780017550300,
300833b2ddd9014000030008,1,1,3492,-47,1654780017581766,1654780017581766,
300833b2ddd9014000030009,1,1,2612,-42,1654780017583007,1654780017583007,
300833b2ddd9014000030002,1,1,252,-55,1654780017584046,1654780017584046,
300833b2ddd9014000030001,1,1,2064,-51,1654780017585394,1654780017585394,
300833b2ddd9014000030001,1,1,2024,-51,1654780017590447,1654780017590447,
300833b2ddd9014000030008,1,1,3488,-47,1654780017591756,1654780017591756,
300833b2ddd9014000030009,1,1,2616,-42,1654780017592854,1654780017592854,
300833b2ddd9014000030002,1,1,248,-55,1654780017594322,1654780017594322,
300833b2ddd9014000030008,1,1,3468,-47,1654780017626709,1654780017626709,
300833b2ddd9014000030009,1,1,2596,-42,1654780017628688,1654780017628688,
300833b2ddd9014000030002,1,1,264,-54,1654780017629757,1654780017629757,
300833b2ddd9014000030001,1,1,2012,-51,1654780017632441,1654780017632441,
300833b2ddd9014000030002,1,1,252,-55,1654780017635238,1654780017635238,
300833b2ddd9014000030009,1,1,2612,-42,1654780017637233,1654780017637233,
300833b2ddd9014000030008,1,1,3496,-47,1654780017638798,1654780017638798,
300833b2ddd9014000030001,1,1,2012,-51,1654780017640252,1654780017640252,
300833b2ddd9014000030009,1,1,2616,-42,1654780017670583,1654780017670583,
300833b2ddd9014000030001,1,1,2012,-51,1654780017671771,1654780017671771,
300833b2ddd9014000030008,1,1,3480,-47,1654780017673082,1654780017673082,
300833b2ddd9014000030002,1,1,256,-55,1654780017674800,1654780017674800,
300833b2ddd9014000030009,1,1,2608,-42,1654780017680273,1654780017680273,
300833b2ddd9014000030008,1,1,3508,-47,1654780017681612,1654780017681612,
300833b2ddd9014000030002,1,1,268,-55,1654780017684326,1654780017684326,
300833b2ddd9014000030001,1,1,2016,-51,1654780017685425,1654780017685425,
300833b2ddd9014000030008,1,1,3484,-47,1654780017716489,1654780017716489,
300833b2ddd9014000030009,1,1,2624,-42,1654780017717602,1654780017717602,
300833b2ddd9014000030001,1,1,2020,-51,1654780017718662,1654780017718662,
300833b2ddd9014000030002,1,1,292,-55,1654780017721095,1654780017721095,
300833b2ddd9014000030008,1,1,3480,-47,1654780017724945,1654780017724945,
300833b2ddd9014000030001,1,1,2012,-51,1654780017726630,1654780017726630,
300833b2ddd9014000030009,1,1,2620,-42,1654780017727714,1654780017727714,
300833b2ddd9014000030002,1,1,220,-55,1654780017729012,1654780017729012,
300833b2ddd9014000030002,1,1,248,-54,1654780017760075,1654780017760075,
300833b2ddd9014000030001,1,1,2012,-51,1654780017761334,1654780017761334,
300833b2ddd9014000030008,1,1,3476,-47,1654780017762674,1654780017762674,
300833b2ddd9014000030009,1,1,2612,-42,1654780017763757,1654780017763757,
300833b2ddd9014000030001,1,1,2052,-51,1654780017767097,1654780017767097,
300833b2ddd9014000030009,1,1,2612,-42,1654780017768653,1654780017768653,
300833b2ddd9014000030008,1,1,3488,-47,1654780017770277,1654780017770277,
300833b2ddd9014000030002,1,1,272,-55,1654780017772197,1654780017772197,
300833b2ddd9014000030001,1,1,2028,-51,1654780017803134,1654780017803134,
300833b2ddd9014000030008,1,1,3512,-47,1654780017804260,1654780017804260,
300833b2ddd9014000030009,1,1,2620,-41,1654780017806308,1654780017806308,
300833b2ddd9014000030002,1,1,256,-54,1654780017807523,1654780017807523,
300833b2ddd9014000030008,1,1,3508,-47,1654780018019780,1654780018019780,
300833b2ddd9014000030001,1,1,2064,-51,1654780018021351,1654780018021351,
300833b2ddd9014000030009,1,1,2632,-42,1654780018022433,1654780018022433,
300833b2ddd9014000030002,1,1,268,-55,1654780018023775,1654780018023775,
300833b2ddd9014000030009,1,1,2612,-42,1654780018055914,1654780018055914,
300833b2ddd9014000030002,1,1,264,-55,1654780018057001,1654780018057001,
300833b2ddd9014000030008,1,1,3512,-47,1654780018058803,1654780018058803,
300833b2ddd9014000030001,1,1,2048,-51,1654780018060249,1654780018060249,
300833b2ddd9014000030002,1,1,284,-55,1654780018064576,1654780018064576,
300833b2ddd9014000030001,1,1,2040,-51,1654780018065662,1654780018065662,
300833b2ddd9014000030009,1,1,2620,-42,1654780018067013,1654780018067013,
300833b2ddd9014000030008,1,1,3488,-47,1654780018068099,1654780018068099,
300833b2ddd9014000030001,1,1,2020,-51,1654780018099519,1654780018099519,
300833b2ddd9014000030008,1,1,3500,-47,1654780018100588,1654780018100588,
300833b2ddd9014000030009,1,1,2620,-42,1654780018102633,1654780018102633,
300833b2ddd9014000030002,1,1,268,-55,1654780018105226,1654780018105226,
300833b2ddd9014000030008,1,1,3488,-47,1654780018107956,1654780018107956,
300833b2ddd9014000030002,1,1,272,-55,1654780018109537,1654780018109537,
300833b2ddd9014000030009,1,1,2616,-42,1654780018111076,1654780018111076,
300833b2ddd9014000030001,1,1,2028,-51,1654780018112548,1654780018112548,
300833b2ddd9014000030009,1,1,2608,-42,1654780018143771,1654780018143771,
300833b2ddd9014000030002,1,1,276,-55,1654780018144911,1654780018144911,
300833b2ddd9014000030001,1,1,2028,-51,1654780018145956,1654780018145956,
300833b2ddd9014000030008,1,1,3500,-47,1654780018147295,1654780018147295,
300833b2ddd9014000030008,1,1,3492,-47,1654780018152272,1654780018152272,
300833b2ddd9014000030001,1,1,2016,-51,1654780018153614,1654780018153614,
300833b2ddd9014000030009,1,1,2608,-42,1654780018154942,1654780018154942,
300833b2ddd9014000030002,1,1,284,-55,1654780018157360,1654780018157360,