epc,atenda,atendanum,phase,RSS,timestamp,timestamp2,
300833b2ddd9014000030008,1,1,3424,-41,1654780163682690,1654780163682690,
300833b2ddd9014000030001,1,1,1644,-51,1654780163684373,1654780163684373,
300833b2ddd9014000030009,1,1,2472,-43,1654780163685928,1654780163685928,
300833b2ddd9014000030002,1,1,604,-48,1654780163687336,1654780163687336,
300833b2ddd9014000030009,1,1,2468,-42,1654780163691172,1654780163691172,
300833b2ddd9014000030008,1,1,3424,-41,1654780163692253,1654780163692253,
300833b2ddd9014000030002,1,1,612,-48,1654780163693333,1654780163693333,
300833b2ddd9014000030001,1,1,1628,-50,1654780163694836,1654780163694836,
300833b2ddd9014000030008,1,1,3412,-41,1654780163725461,1654780163725461,
300833b2ddd9014000030001,1,1,1616,-50,1654780163726663,1654780163726663,
300833b2ddd9014000030002,1,1,584,-48,1654780163727791,1654780163727791,
300833b2ddd9014000030009,1,1,2472,-43,1654780163728848,1654780163728848,
300833b2ddd9014000030001,1,1,1604,-50,1654780163732692,1654780163732692,
300833b2ddd9014000030002,1,1,612,-48,1654780163734416,1654780163734416,
300833b2ddd9014000030008,1,1,3408,-41,1654780163735982,1654780163735982,
300833b2ddd9014000030009,1,1,2468,-42,1654780163737195,1654780163737195,
300833b2ddd9014000030001,1,1,1664,-50,1654780163767727,1654780163767727,
300833b2ddd9014000030008,1,1,3424,-41,1654780163769975,1654780163769975,
300833b2ddd9014000030009,1,1,2508,-43,1654780163771360,1654780163771360,
300833b2ddd9014000030002,1,1,588,-48,1654780163772557,1654780163772557,
300833b2ddd9014000030002,1,1,600,-48,1654780163775539,1654780163775539,
300833b2ddd9014000030008,1,1,3424,-41,1654780163777418,1654780163777418,
300833b2ddd9014000030009,1,1,2472,-43,1654780163778575,1654780163778575,
300833b2ddd9014000030001,1,1,1628,-50,1654780163780275,1654780163780275,
300833b2ddd9014000030009,1,1,2500,-42,1654780163810062,1654780163810062,
300833b2ddd9014000030008,1,1,3424,-41,1654780163811642,1654780163811642,
300833b2ddd9014000030002,1,1,612,-48,1654780163813477,1654780163813477,
300833b2ddd9014000030001,1,1,1632,-50,1654780163815132,1654780163815132,
300833b2ddd9014000030008,1,1,3420,-41,1654780163819027,1654780163819027,
300833b2ddd9014000030002,1,1,588,-48,1654780163820110,1654780163820110,
300833b2ddd9014000030009,1,1,2484,-42,1654780163821436,1654780163821436,
300833b2ddd9014000030001,1,1,1616,-50,1654780163822991,1654780163822991,
300833b2ddd9014000030009,1,1,2472,-42,1654780163854222,1654780163854222,
300833b2ddd9014000030008,1,1,3432,-41,1654780163855784,1654780163855784,
300833b2ddd9014000030001,1,1,1632,-50,1654780163857982,1654780163857982,
300833b2ddd9014000030002,1,1,600,-48,1654780163859349,1654780163859349,
300833b2ddd9014000030009,1,1,2488,-42,1654780163862974,1654780163862974,
300833b2ddd9014000030008,1,1,3432,-41,1654780163864301,1654780163864301,
300833b2ddd9014000030001,1,1,1632,-50,1654780163865432,1654780163865432,
300833b2ddd9014000030002,1,1,584,-48,1654780163866772,1654780163866772,
300833b2ddd9014000030002,1,1,588,-48,1654780163898706,1654780163898706,
300833b2ddd9014000030008,1,1,3412,-41,1654780163899805,1654780163899805,
300833b2ddd9014000030009,1,1,2468,-42,1654780163902720,1654780163902720,
300833b2ddd9014000030001,1,1,1640,-50,1654780163904205,1654780163904205,
300833b2ddd9014000030009,1,1,2460,-42,1654780163907716,1654780163907716,
300833b2ddd9014000030008,1,1,3408,-41,1654780163908857,1654780163908857,
300833b2ddd9014000030002,1,1,604,-48,1654780163910717,1654780163910717,
300833b2ddd9014000030001,1,1,1636,-50,1654780163912135,1654780163912135,
300833b2ddd9014000030008,1,1,3416,-41,1654780163943193,1654780163943193,
300833b2ddd9014000030002,1,1,608,-48,1654780163945368,1654780163945368,
300833b2ddd9014000030009,1,1,2496,-43,1654780163946412,1654780163946412,
300833b2ddd9014000030001,1,1,1616,-50,1654780163947871,1654780163947871,
300833b2ddd9014000030002,1,1,600,-48,1654780163950627,1654780163950627,
300833b2ddd9014000030009,1,1,2460,-42,1654780163951969,1654780163951969,
300833b2ddd9014000030008,1,1,3412,-41,1654780163953023,1654780163953023,
300833b2ddd9014000030001,1,1,1604,-50,1654780163955700,1654780163955700,
300833b2ddd9014000030009,1,1,2472,-42,1654780163986766,1654780163986766,
300833b2ddd9014000030002,1,1,604,-48,1654780163988489,1654780163988489,
300833b2ddd9014000030008,1,1,3416,-41,1654780163989858,1654780163989858,
300833b2ddd9014000030001,1,1,1636,-50,1654780163991060,1654780163991060,
300833b2ddd9014000030008,1,1,3412,-41,1654780163994124,1654780163994124,
300833b2ddd9014000030009,1,1,2460,-42,1654780163995660,1654780163995660,
300833b2ddd9014000030001,1,1,1624,-50,1654780163998096,1654780163998096,
300833b2ddd9014000030002,1,1,616,-48,1654780163999417,1654780163999417,
300833b2ddd9014000030001,1,1,1668,-50,1654780164029967,1654780164029967,
300833b2ddd9014000030002,1,1,604,-48,1654780164032138,1654780164032138,
300833b2ddd9014000030008,1,1,3408,-41,1654780164034496,1654780164034496,
300833b2ddd9014000030009,1,1,2460,-42,1654780164035696,1654780164035696,
300833b2ddd9014000030009,1,1,2464,-43,1654780164039245,1654780164039245,
300833b2ddd9014000030008,1,1,3416,-41,1654780164041294,1654780164041294,
300833b2ddd9014000030002,1,1,600,-48,1654780164042705,1654780164042705,
300833b2ddd9014000030001,1,1,1596,-50,1654780164043964,1654780164043964,
300833b2ddd9014000030009,1,1,2468,-42,1654780164073626,1654780164073626,
300833b2ddd9014000030008,1,1,3404,-41,1654780164074708,1654780164074708,
300833b2ddd9014000030001,1,1,1636,-50,1654780164075994,1654780164075994,
300833b2ddd9014000030002,1,1,604,-48,1654780164077616,1654780164077616,
300833b2ddd9014000030009,1,1,2480,-42,1654780164082163,1654780164082163,
300833b2ddd9014000030008,1,1,3412,-41,1654780164083232,1654780164083232,
300833b2ddd9014000030002,1,1,580,-48,1654780164084983,1654780164084983,
300833b2ddd9014000030001,1,1,1640,-50,1654780164086906,1654780164086906,
300833b2ddd9014000030002,1,1,596,-48,1654780164117612,1654780164117612,
300833b2ddd9014000030008,1,1,3404,-41,1654780164119576,1654780164119576,
300833b2ddd9014000030009,1,1,2492,-42,1654780164120884,1654780164120884,
300833b2ddd9014000030001,1,1,1648,-50,1654780164122380,1654780164122380,
300833b2ddd9014000030009,1,1,2460,-42,1654780164125610,1654780164125610,
300833b2ddd9014000030008,1,1,3404,-41,1654780164126877,1654780164126877,
300833b2ddd9014000030002,1,1,604,-48,1654780164128625,1654780164128625,
300833b2ddd9014000030001,1,1,1616,-50,1654780164130112,1654780164130112,
300833b2ddd9014000030009,1,1,2472,-42,1654780164161714,1654780164161714,
300833b2ddd9014000030002,1,1,584,-48,1654780164162957,1654780164162957,
300833b2ddd9014000030001,1,1,1632,-50,1654780164164284,1654780164164284,
300833b2ddd9014000030008,1,1,3396,-41,1654780164165353,1654780164165353,
300833b2ddd9014000030008,1,1,3400,-41,1654780164168760,1654780164168760,
300833b2ddd9014000030009,1,1,2468,-42,1654780164170116,1654780164170116,
300833b2ddd9014000030001,1,1,1656,-50,1654780164171219,1654780164171219,
300833b2ddd9014000030002,1,1,592,-48,1654780164172529,1654780164172529,
300833b2ddd9014000030008,1,1,3400,-41,1654780164204562,1654780164204562,
300833b2ddd9014000030002,1,1,592,-48,1654780164206753,1654780164206753,
300833b2ddd9014000030009,1,1,2452,-42,1654780164207867,1654780164207867,
300833b2ddd9014000030001,1,1,1648,-50,1654780164209351,1654780164209351,
300833b2ddd9014000030009,1,1,2464,-42,1654780164212380,1654780164212380,
300833b2ddd9014000030008,1,1,3412,-41,1654780164213648,1654780164213648,
300833b2ddd9014000030001,1,1,1660,-50,1654780164214989,1654780164214989,
300833b2ddd9014000030002,1,1,596,-48,1654780164216328,1654780164216328,
300833b2ddd9014000030001,1,1,1656,-50,1654780164247485,1654780164247485,
300833b2ddd9014000030009,1,1,2460,-42,1654780164248840,1654780164248840,
300833b2ddd9014000030002,1,1,592,-48,1654780164249923,1654780164249923,
300833b2ddd9014000030008,1,1,3404,-41,1654780164250975,1654780164250975,
300833b2ddd9014000030001,1,1,1652,-50,1654780164256171,1654780164256171,
300833b2ddd9014000030008,1,1,3412,-41,1654780164257975,1654780164257975,
300833b2ddd9014000030009,1,1,2464,-42,1654780164259526,1654780164259526,
300833b2ddd9014000030002,1,1,592,-48,1654780164260796,1654780164260796,
300833b2ddd9014000030009,1,1,2472,-42,1654780164290565,1654780164290565,
300833b2ddd9014000030008,1,1,3400,-41,1654780164291620,1654780164291620,
300833b2ddd9014000030002,1,1,584,-48,1654780164293144,1654780164293144,
300833b2ddd9014000030001,1,1,1644,-50,1654780164294471,1654780164294471,
300833b2ddd9014000030008,1,1,3404,-41,1654780164299197,1654780164299197,
300833b2ddd9014000030009,1,1,2456,-42,1654780164300496,1654780164300496,
300833b2ddd9014000030002,1,1,592,-48,1654780164302898,1654780164302898,
300833b2ddd9014000030001,1,1,1664,-50,1654780164304867,1654780164304867,
300833b2ddd9014000030001,1,1,1652,-50,1654780164334584,1654780164334584,
300833b2ddd9014000030009,1,1,2448,-42,1654780164336555,1654780164336555,
300833b2ddd9014000030008,1,1,3404,-41,1654780164337878,1654780164337878,
300833b2ddd9014000030002,1,1,592,-48,1654780164339572,1654780164339572,
300833b2ddd9014000030002,1,1,604,-48,1654780164342311,1654780164342311,
300833b2ddd9014000030009,1,1,2468,-42,1654780164344505,1654780164344505,
300833b2ddd9014000030008,1,1,3412,-41,1654780164345560,1654780164345560,
300833b2ddd9014000030001,1,1,1652,-50,1654780164347048,1654780164347048,
300833b2ddd9014000030009,1,1,2456,-42,1654780164377203,1654780164377203,
300833b2ddd9014000030008,1,1,3412,-41,1654780164378258,1654780164378258,
300833b2ddd9014000030001,1,1,1664,-50,1654780164379838,1654780164379838,
300833b2ddd9014000030002,1,1,596,-48,1654780164381805,1654780164381805,
300833b2ddd9014000030009,1,1,2472,-42,1654780164385728,1654780164385728,
300833b2ddd9014000030001,1,1,1640,-50,1654780164387028,1654780164387028,
300833b2ddd9014000030008,1,1,3416,-41,1654780164388849,1654780164388849,
300833b2ddd9014000030002,1,1,576,-48,1654780164391368,1654780164391368,
300833b2ddd9014000030008,1,1,3416,-41,1654780164421505,1654780164421505,
300833b2ddd9014000030001,1,1,1644,-50,1654780164422593,1654780164422593,
300833b2ddd9014000030009,1,1,2464,-42,1654780164423975,1654780164423975,
300833b2ddd9014000030002,1,1,588,-48,1654780164425001,1654780164425001,
300833b2ddd9014000030002,1,1,596,-48,1654780164429725,1654780164429725,
300833b2ddd9014000030001,1,1,1624,-50,1654780164431892,1654780164431892,
300833b2ddd9014000030008,1,1,3400,-41,1654780164432960,1654780164432960,
300833b2ddd9014000030009,1,1,2476,-42,1654780164434030,1654780164434030,
300833b2ddd9014000030008,1,1,3404,-41,1654780164464296,1654780164464296,
300833b2ddd9014000030001,1,1,1636,-50,1654780164465383,1654780164465383,
300833b2ddd9014000030002,1,1,596,-48,1654780164466949,1654780164466949,
300833b2ddd9014000030009,1,1,2464,-42,1654780164468020,1654780164468020,
300833b2ddd9014000030008,1,1,3408,-41,1654780164473415,1654780164473415,
300833b2ddd9014000030002,1,1,592,-48,1654780164474600,1654780164474600,
300833b2ddd9014000030009,1,1,2468,-42,1654780164475670,1654780164475670,
300833b2ddd9014000030001,1,1,1660,-50,1654780164476956,1654780164476956,
300833b2ddd9014000030001,1,1,1656,-50,1654780164507235,1654780164507235,
300833b2ddd9014000030009,1,1,2464,-42,1654780164508351,1654780164508351,
300833b2ddd9014000030002,1,1,600,-48,1654780164509661,1654780164509661,
300833b2ddd9014000030008,1,1,3404,-41,1654780164511169,1654780164511169,
300833b2ddd9014000030008,1,1,3400,-41,1654780164515654,1654780164515654,
300833b2ddd9014000030001,1,1,1656,-50,1654780164516783,1654780164516783,
300833b2ddd9014000030009,1,1,2444,-42,1654780164517926,1654780164517926,
300833b2ddd9014000030002,1,1,572,-49,1654780164519536,1654780164519536,
300833b2ddd9014000030008,1,1,3404,-41,1654780164551676,1654780164551676,
300833b2ddd9014000030001,1,1,1656,-50,1654780164553357,1654780164553357,
300833b2ddd9014000030002,1,1,604,-48,1654780164555064,1654780164555064,
300833b2ddd9014000030009,1,1,2460,-42,1654780164556136,1654780164556136,
300833b2ddd9014000030008,1,1,3408,-41,1654780164559421,1654780164559421,
300833b2ddd9014000030002,1,1,608,-48,1654780164561382,1654780164561382,
300833b2ddd9014000030009,1,1,2472,-42,1654780164562427,1654780164562427,
300833b2ddd9014000030001,1,1,1640,-50,1654780164563642,1654780164563642,
300833b2ddd9014000030001,1,1,1640,-50,1654780164593755,1654780164593755,
300833b2ddd9014000030002,1,1,600,-48,1654780164595065,1654780164595065,
300833b2ddd9014000030008,1,1,3408,-41,1654780164596105,1654780164596105,
300833b2ddd9014000030009,1,1,2456,-42,1654780164597730,1654780164597730,
300833b2ddd9014000030001,1,1,1664,-50,1654780164602207,1654780164602207,
300833b2ddd9014000030008,1,1,3400,-41,1654780164603545,1654780164603545,
300833b2ddd9014000030009,1,1,2444,-42,1654780164605127,1654780164605127,
300833b2ddd9014000030002,1,1,592,-48,1654780164606835,1654780164606835,
300833b2ddd9014000030009,1,1,2460,-42,1654780164638056,1654780164638056,
300833b2ddd9014000030002,1,1,588,-48,1654780164639352,1654780164639352,
300833b2ddd9014000030008,1,1,3400,-41,1654780164640888,1654780164640888,
300833b2ddd9014000030001,1,1,1656,-50,1654780164642842,1654780164642842,
300833b2ddd9014000030008,1,1,3404,-41,1654780164646815,1654780164646815,
300833b2ddd9014000030001,1,1,1640,-50,1654780164648529,1654780164648529,
300833b2ddd9014000030009,1,1,2472,-42,1654780164649613,1654780164649613,
300833b2ddd9014000030002,1,1,584,-48,1654780164650910,1654780164650910,
300833b2ddd9014000030008,1,1,3404,-41,1654780164681266,1654780164681266,
300833b2ddd9014000030009,1,1,2452,-42,1654780164682337,1654780164682337,
300833b2ddd9014000030002,1,1,592,-49,1654780164684160,1654780164684160,
300833b2ddd9014000030001,1,1,1648,-50,1654780164685217,1654780164685217,
300833b2ddd9014000030009,1,1,2456,-42,1654780164690853,1654780164690853,
300833b2ddd9014000030008,1,1,3432,-41,1654780164691935,1654780164691935,
300833b2ddd9014000030001,1,1,1664,-50,1654780164693232,1654780164693232,
300833b2ddd9014000030002,1,1,608,-48,1654780164694685,1654780164694685,
300833b2ddd9014000030008,1,1,3408,-41,1654780164724632,1654780164724632,
300833b2ddd9014000030001,1,1,1684,-50,1654780164726303,1654780164726303,
300833b2ddd9014000030009,1,1,2460,-42,1654780164727388,1654780164727388,
300833b2ddd9014000030002,1,1,584,-48,1654780164729308,1654780164729308,
300833b2ddd9014000030008,1,1,3412,-41,1654780164732174,1654780164732174,
300833b2ddd9014000030002,1,1,596,-49,1654780164733272,1654780164733272,
300833b2ddd9014000030001,1,1,1652,-50,1654780164734613,1654780164734613,
300833b2ddd9014000030009,1,1,2468,-42,1654780164736210,1654780164736210,
300833b2ddd9014000030008,1,1,3400,-41,1654780164768139,1654780164768139,
300833b2ddd9014000030002,1,1,588,-48,1654780164769536,1654780164769536,
300833b2ddd9014000030009,1,1,2480,-42,1654780164770861,1654780164770861,
300833b2ddd9014000030001,1,1,1652,-50,1654780164772334,1654780164772334,
300833b2ddd9014000030008,1,1,3408,-41,1654780164775322,1654780164775322,
300833b2ddd9014000030009,1,1,2460,-42,1654780164776407,1654780164776407,
300833b2ddd9014000030002,1,1,604,-48,1654780164779312,1654780164779312,
300833b2ddd9014000030001,1,1,1652,-50,1654780164780587,1654780164780587,
300833b2ddd9014000030009,1,1,2488,-42,1654780164810881,1654780164810881,
300833b2ddd9014000030001,1,1,1644,-50,1654780164812196,1654780164812196,
300833b2ddd9014000030008,1,1,3420,-41,1654780164813278,1654780164813278,
300833b2ddd9014000030002,1,1,592,-48,1654780164814532,1654780164814532,
300833b2ddd9014000030001,1,1,1660,-50,1654780164819206,1654780164819206,
300833b2ddd9014000030009,1,1,2460,-42,1654780164820321,1654780164820321,
300833b2ddd9014000030002,1,1,592,-48,1654780164821673,1654780164821673,
300833b2ddd9014000030008,1,1,3404,-41,1654780164823028,1654780164823028,
300833b2ddd9014000030002,1,1,592,-48,1654780164855002,1654780164855002,
300833b2ddd9014000030008,1,1,3408,-41,1654780164856937,1654780164856937,
300833b2ddd9014000030009,1,1,2452,-42,1654780164858264,1654780164858264,
300833b2ddd9014000030001,1,1,1676,-50,1654780164859507,1654780164859507,
300833b2ddd9014000030002,1,1,596,-48,1654780164862509,1654780164862509,
300833b2ddd9014000030008,1,1,3412,-41,1654780164864075,1654780164864075,
300833b2ddd9014000030009,1,1,2480,-42,1654780164865839,1654780164865839,
300833b2ddd9014000030001,1,1,1656,-50,1654780164868149,1654780164868149,
300833b2ddd9014000030002,1,1,604,-48,1654780164898050,1654780164898050,
300833b2ddd9014000030009,1,1,2456,-42,1654780164899150,1654780164899150,
300833b2ddd9014000030008,1,1,3412,-41,1654780164900263,1654780164900263,
300833b2ddd9014000030001,1,1,1684,-50,1654780164901594,1654780164901594,
300833b2ddd9014000030008,1,1,3420,-41,1654780164906534,1654780164906534,
300833b2ddd9014000030009,1,1,2448,-42,1654780164908263,1654780164908263,
300833b2ddd9014000030001,1,1,1688,-50,1654780164909861,1654780164909861,
300833b2ddd9014000030002,1,1,588,-48,1654780164911324,1654780164911324,
300833b2ddd9014000030009,1,1,2476,-42,1654780164941227,1654780164941227,
300833b2ddd9014000030002,1,1,600,-48,1654780164942580,1654780164942580,
300833b2ddd9014000030008,1,1,3404,-41,1654780164943606,1654780164943606,
300833b2ddd9014000030001,1,1,1676,-50,1654780164945547,1654780164945547,
300833b2ddd9014000030008,1,1,3404,-41,1654780164949616,1654780164949616,
300833b2ddd9014000030001,1,1,1832,-50,1654780164950948,1654780164950948,
300833b2ddd9014000030009,1,1,2460,-42,1654780164952525,1654780164952525,
300833b2ddd9014000030002,1,1,592,-48,1654780164954676,1654780164954676,
300833b2ddd9014000030009,1,1,2468,-42,1654780164986084,1654780164986084,
300833b2ddd9014000030002,1,1,600,-48,1654780164987282,1654780164987282,
300833b2ddd9014000030008,1,1,3408,-41,1654780164988791,1654780164988791,
300833b2ddd9014000030001,1,1,1660,-50,1654780164990006,1654780164990006,
300833b2ddd9014000030009,1,1,2460,-42,1654780164992977,1654780164992977,
300833b2ddd9014000030008,1,1,3416,-41,1654780164994528,1654780164994528,
300833b2ddd9014000030001,1,1,1692,-50,1654780164995674,1654780164995674,
300833b2ddd9014000030002,1,1,616,-48,1654780164996984,1654780164996984,
300833b2ddd9014000030008,1,1,3412,-41,1654780165029595,1654780165029595,
300833b2ddd9014000030001,1,1,1720,-50,1654780165030868,1654780165030868,
300833b2ddd9014000030009,1,1,2460,-42,1654780165031981,1654780165031981,
300833b2ddd9014000030002,1,1,600,-48,1654780165033192,1654780165033192,
300833b2ddd9014000030001,1,1,1688,-50,1654780165036447,1654780165036447,
300833b2ddd9014000030008,1,1,3400,-41,1654780165037557,1654780165037557,
300833b2ddd9014000030002,1,1,580,-48,1654780165039165,1654780165039165,
300833b2ddd9014000030009,1,1,2460,-42,1654780165040434,1654780165040434,
300833b2ddd9014000030008,1,1,3396,-41,1654780165071709,1654780165071709,
300833b2ddd9014000030002,1,1,588,-48,1654780165073046,1654780165073046,
300833b2ddd9014000030001,1,1,1672,-50,1654780165074361,1654780165074361,
300833b2ddd9014000030009,1,1,2464,-42,1654780165076268,1654780165076268,
300833b2ddd9014000030008,1,1,3404,-41,1654780165081679,1654780165081679,
300833b2ddd9014000030009,1,1,2456,-42,1654780165082992,1654780165082992,
300833b2ddd9014000030002,1,1,592,-48,1654780165084512,1654780165084512,
300833b2ddd9014000030001,1,1,1644,-50,1654780165086226,1654780165086226,
300833b2ddd9014000030008,1,1,3416,-41,1654780165116978,1654780165116978,
300833b2ddd9014000030001,1,1,1668,-50,1654780165118036,1654780165118036,
300833b2ddd9014000030009,1,1,2460,-42,1654780165121547,1654780165121547,
300833b2ddd9014000030002,1,1,588,-48,1654780165122671,1654780165122671,
300833b2ddd9014000030009,1,1,2464,-42,1654780165126792,1654780165126792,
300833b2ddd9014000030002,1,1,596,-48,1654780165127905,1654780165127905,
300833b2ddd9014000030008,1,1,3412,-41,1654780165128987,1654780165128987,
300833b2ddd9014000030001,1,1,1652,-50,1654780165130176,1654780165130176,
300833b2ddd9014000030002,1,1,592,-49,1654780165160380,1654780165160380,
300833b2ddd9014000030008,1,1,3412,-41,1654780165162091,1654780165162091,
300833b2ddd9014000030001,1,1,1652,-50,1654780165163675,1654780165163675,
300833b2ddd9014000030001,1,1,1668,-50,1654780165166987,1654780165166987,
300833b2ddd9014000030008,1,1,3404,-41,1654780165168888,1654780165168888,
300833b2ddd9014000030009,1,1,2472,-42,1654780165171061,1654780165171061,
300833b2ddd9014000030002,1,1,588,-48,1654780165172271,1654780165172271,
300833b2ddd9014000030008,1,1,3416,-41,1654780165202131,1654780165202131,
300833b2ddd9014000030002,1,1,572,-48,1654780165203185,1654780165203185,
300833b2ddd9014000030009,1,1,2480,-42,1654780165204992,1654780165204992,
300833b2ddd9014000030001,1,1,1648,-50,1654780165207784,1654780165207784,
300833b2ddd9014000030008,1,1,3420,-41,1654780165211059,1654780165211059,
300833b2ddd9014000030009,1,1,2460,-42,1654780165212730,1654780165212730,
300833b2ddd9014000030001,1,1,1668,-50,1654780165214070,1654780165214070,
300833b2ddd9014000030002,1,1,584,-48,1654780165215540,1654780165215540,
300833b2ddd9014000030008,1,1,3412,-41,1654780165245248,1654780165245248,
300833b2ddd9014000030009,1,1,2456,-42,1654780165246589,1654780165246589,
300833b2ddd9014000030002,1,1,600,-48,1654780165248150,1654780165248150,
300833b2ddd9014000030001,1,1,1660,-50,1654780165249226,1654780165249226,
300833b2ddd9014000030009,1,1,2476,-42,1654780165254113,1654780165254113,
300833b2ddd9014000030008,1,1,3408,-41,1654780165255793,1654780165255793,
300833b2ddd9014000030002,1,1,604,-48,1654780165256860,1654780165256860,
300833b2ddd9014000030001,1,1,1652,-50,1654780165258576,1654780165258576,
300833b2ddd9014000030001,1,1,1656,-50,1654780165291103,1654780165291103,
300833b2ddd9014000030008,1,1,3408,-41,1654780165292187,1654780165292187,
300833b2ddd9014000030002,1,1,592,-48,1654780165293497,1654780165293497,
300833b2ddd9014000030009,1,1,2480,-42,1654780165294664,1654780165294664,
300833b2ddd9014000030008,1,1,3412,-41,1654780165298122,1654780165298122,
300833b2ddd9014000030009,1,1,2456,-42,1654780165299178,1654780165299178,
300833b2ddd9014000030001,1,1,1648,-50,1654780165300251,1654780165300251,
300833b2ddd9014000030002,1,1,572,-48,1654780165301546,1654780165301546,
300833b2ddd9014000030009,1,1,2452,-42,1654780165333711,1654780165333711,
300833b2ddd9014000030008,1,1,3412,-41,1654780165334922,1654780165334922,
300833b2ddd9014000030001,1,1,1660,-50,1654780165336023,1654780165336023,
300833b2ddd9014000030002,1,1,588,-48,1654780165337123,1654780165337123,
300833b2ddd9014000030002,1,1,600,-48,1654780165340992,1654780165340992,
300833b2ddd9014000030001,1,1,1656,-50,1654780165342705,1654780165342705,
300833b2ddd9014000030008,1,1,3404,-41,1654780165344058,1654780165344058,
300833b2ddd9014000030009,1,1,2460,-42,1654780165345171,1654780165345171,
300833b2ddd9014000030008,1,1,3408,-41,1654780165376309,1654780165376309,
300833b2ddd9014000030001,1,1,1636,-50,1654780165378006,1654780165378006,
300833b2ddd9014000030001,1,1,1640,-50,1654780165381482,1654780165381482,
300833b2ddd9014000030002,1,1,592,-49,1654780165382548,1654780165382548,
300833b2ddd9014000030008,1,1,3412,-41,1654780165384550,1654780165384550,
300833b2ddd9014000030009,1,1,2436,-42,1654780165385625,1654780165385625,
300833b2ddd9014000030009,1,1,2436,-42,1654780165417462,1654780165417462,
300833b2ddd9014000030008,1,1,3408,-41,1654780165418687,1654780165418687,
300833b2ddd9014000030001,1,1,1628,-50,1654780165419790,1654780165419790,
300833b2ddd9014000030002,1,1,588,-49,1654780165420873,1654780165420873,
300833b2ddd9014000030001,1,1,1652,-50,1654780165424498,1654780165424498,
300833b2ddd9014000030002,1,1,596,-49,1654780165425780,1654780165425780,
300833b2ddd9014000030008,1,1,3400,-41,1654780165427331,1654780165427331,
300833b2ddd9014000030009,1,1,2424,-42,1654780165428418,1654780165428418,
300833b2ddd9014000030002,1,1,600,-49,1654780165460091,1654780165460091,
300833b2ddd9014000030008,1,1,3396,-41,1654780165461671,1654780165461671,
300833b2ddd9014000030009,1,1,2408,-42,1654780165463492,1654780165463492,
300833b2ddd9014000030001,1,1,1628,-50,1654780165465802,1654780165465802,
300833b2ddd9014000030002,1,1,596,-49,1654780165469992,1654780165469992,
300833b2ddd9014000030001,1,1,1624,-50,1654780165471080,1654780165471080,
300833b2ddd9014000030009,1,1,2408,-42,1654780165472194,1654780165472194,
300833b2ddd9014000030008,1,1,3396,-41,1654780165473703,1654780165473703,
300833b2ddd9014000030008,1,1,3396,-41,1654780165503621,1654780165503621,
300833b2ddd9014000030009,1,1,2392,-42,1654780165504692,1654780165504692,
300833b2ddd9014000030001,1,1,1600,-50,1654780165505764,1654780165505764,
300833b2ddd9014000030002,1,1,616,-48,1654780165509034,1654780165509034,
300833b2ddd9014000030002,1,1,592,-49,1654780165511783,1654780165511783,
300833b2ddd9014000030001,1,1,1620,-50,1654780165512867,1654780165512867,
300833b2ddd9014000030008,1,1,3400,-41,1654780165514208,1654780165514208,
300833b2ddd9014000030009,1,1,2384,-42,1654780165516031,1654780165516031,
300833b2ddd9014000030008,1,1,3396,-41,1654780165547462,1654780165547462,
300833b2ddd9014000030002,1,1,588,-49,1654780165548506,1654780165548506,
300833b2ddd9014000030001,1,1,1588,-50,1654780165550076,1654780165550076,
300833b2ddd9014000030009,1,1,2388,-41,1654780165551359,1654780165551359,
300833b2ddd9014000030009,1,1,2372,-41,1654780165555596,1654780165555596,
300833b2ddd9014000030001,1,1,1612,-50,1654780165557733,1654780165557733,
300833b2ddd9014000030008,1,1,3420,-41,1654780165558816,1654780165558816,
300833b2ddd9014000030002,1,1,600,-49,1654780165560254,1654780165560254,
300833b2ddd9014000030009,1,1,2368,-41,1654780165590172,1654780165590172,
300833b2ddd9014000030001,1,1,1596,-50,1654780165591470,1654780165591470,
300833b2ddd9014000030008,1,1,3396,-41,1654780165592823,1654780165592823,
300833b2ddd9014000030002,1,1,572,-49,1654780165593906,1654780165593906,
300833b2ddd9014000030001,1,1,1604,-50,1654780165598722,1654780165598722,
300833b2ddd9014000030008,1,1,3404,-41,1654780165601247,1654780165601247,
300833b2ddd9014000030009,1,1,2384,-41,1654780165602332,1654780165602332,
300833b2ddd9014000030002,1,1,584,-49,1654780165605267,1654780165605267,
300833b2ddd9014000030001,1,1,1608,-50,1654780165636487,1654780165636487,
300833b2ddd9014000030008,1,1,3412,-41,1654780165637797,1654780165637797,
300833b2ddd9014000030002,1,1,592,-49,1654780165639463,1654780165639463,
300833b2ddd9014000030009,1,1,2396,-40,1654780165640505,1654780165640505,
300833b2ddd9014000030002,1,1,584,-49,1654780165646918,1654780165646918,
300833b2ddd9014000030009,1,1,2420,-40,1654780165648016,1654780165648016,
300833b2ddd9014000030008,1,1,3420,-41,1654780165649498,1654780165649498,
300833b2ddd9014000030001,1,1,1612,-50,1654780165650955,1654780165650955,
300833b2ddd9014000030002,1,1,572,-49,1654780165680816,1654780165680816,
300833b2ddd9014000030001,1,1,1624,-49,1654780165681932,1654780165681932,
300833b2ddd9014000030008,1,1,3440,-41,1654780165683439,1654780165683439,
300833b2ddd9014000030009,1,1,2460,-40,1654780165685390,1654780165685390,
300833b2ddd9014000030001,1,1,1616,-49,1654780165690425,1654780165690425,
300833b2ddd9014000030008,1,1,3444,-41,1654780165691835,1654780165691835,
300833b2ddd9014000030009,1,1,2488,-40,1654780165693176,1654780165693176,
300833b2ddd9014000030002,1,1,596,-49,1654780165694416,1654780165694416,
300833b2ddd9014000030002,1,1,600,-49,1654780165724727,1654780165724727,
300833b2ddd9014000030001,1,1,1648,-48,1654780165726099,1654780165726099,
300833b2ddd9014000030008,1,1,3468,-41,1654780165727453,1654780165727453,
300833b2ddd9014000030009,1,1,2592,-40,1654780165728808,1654780165728808,
300833b2ddd9014000030002,1,1,612,-49,1654780165736404,1654780165736404,
300833b2ddd9014000030009,1,1,2600,-40,1654780165737534,1654780165737534,
300833b2ddd9014000030001,1,1,1680,-48,1654780165739103,1654780165739103,
300833b2ddd9014000030008,1,1,3476,-41,1654780165740229,1654780165740229,
300833b2ddd9014000030001,1,1,1764,-48,1654780165772716,1654780165772716,
300833b2ddd9014000030008,1,1,3512,-41,1654780165774025,1654780165774025,
300833b2ddd9014000030009,1,1,2720,-40,1654780165775096,1654780165775096,
300833b2ddd9014000030002,1,1,640,-49,1654780165776516,1654780165776516,
300833b2ddd9014000030002,1,1,632,-48,1654780165779257,1654780165779257,
300833b2ddd9014000030009,1,1,2732,-40,1654780165781465,1654780165781465,
300833b2ddd9014000030008,1,1,3496,-42,1654780165783145,1654780165783145,
300833b2ddd9014000030001,1,1,1788,-47,1654780165784189,1654780165784189,
300833b2ddd9014000030002,1,1,640,-48,1654780165815748,1654780165815748,
300833b2ddd9014000030008,1,1,3532,-42,1654780165816957,1654780165816957,
300833b2ddd9014000030009,1,1,2852,-41,1654780165818058,1654780165818058,
300833b2ddd9014000030001,1,1,1880,-48,1654780165819657,1654780165819657,
300833b2ddd9014000030009,1,1,2872,-41,1654780165825656,1654780165825656,
300833b2ddd9014000030008,1,1,3524,-42,1654780165826735,1654780165826735,
300833b2ddd9014000030002,1,1,632,-48,1654780165827851,1654780165827851,
300833b2ddd9014000030001,1,1,1880,-48,1654780165829080,1654780165829080,
300833b2ddd9014000030009,1,1,2924,-42,1654780165859654,1654780165859654,
300833b2ddd9014000030001,1,1,1984,-49,1654780165860884,1654780165860884,
300833b2ddd9014000030002,1,1,656,-49,1654780165861982,1654780165861982,
300833b2ddd9014000030008,1,1,3484,-42,1654780165863051,1654780165863051,
300833b2ddd9014000030001,1,1,1984,-49,1654780165867382,1654780165867382,
300833b2ddd9014000030009,1,1,2924,-43,1654780165868611,1654780165868611,
300833b2ddd9014000030002,1,1,648,-49,1654780165869666,1654780165869666,
300833b2ddd9014000030008,1,1,3480,-42,1654780165870706,1654780165870706,
300833b2ddd9014000030002,1,1,616,-45,1654780165901645,1654780165901645,
300833b2ddd9014000030001,1,1,1972,-47,1654780165902763,1654780165902763,
300833b2ddd9014000030009,1,1,2872,-42,1654780165903847,1654780165903847,
300833b2ddd9014000030008,1,1,3472,-43,1654780165904929,1654780165904929,
300833b2ddd9014000030009,1,1,2892,-45,1654780165910410,1654780165910410,
300833b2ddd9014000030008,1,1,3384,-43,1654780165911824,1654780165911824,
300833b2ddd9014000030002,1,1,612,-49,1654780165912904,1654780165912904,
300833b2ddd9014000030001,1,1,1984,-52,1654780165914220,1654780165914220,
300833b2ddd9014000030001,1,1,1868,-53,1654780165944575,1654780165944575,
300833b2ddd9014000030002,1,1,436,-49,1654780165946540,1654780165946540,
300833b2ddd9014000030009,1,1,2808,-46,1654780165947863,1654780165947863,
300833b2ddd9014000030008,1,1,3432,-43,1654780165948961,1654780165948961,
300833b2ddd9014000030001,1,1,1876,-54,1654780165953211,1654780165953211,
300833b2ddd9014000030008,1,1,3432,-43,1654780165954336,1654780165954336,
300833b2ddd9014000030009,1,1,2816,-46,1654780165956342,1654780165956342,
300833b2ddd9014000030002,1,1,524,-49,1654780165957440,1654780165957440,
300833b2ddd9014000030001,1,1,1652,-55,1654780165989346,1654780165989346,
300833b2ddd9014000030009,1,1,2716,-47,1654780165990402,1654780165990402,
300833b2ddd9014000030008,1,1,3412,-43,1654780165991512,1654780165991512,
300833b2ddd9014000030002,1,1,472,-49,1654780165992851,1654780165992851,
300833b2ddd9014000030002,1,1,460,-49,1654780165997955,1654780165997955,
300833b2ddd9014000030009,1,1,2668,-47,1654780165999026,1654780165999026,
300833b2ddd9014000030008,1,1,3400,-43,1654780166000351,1654780166000351,
300833b2ddd9014000030001,1,1,1620,-56,1654780166002051,1654780166002051,
300833b2ddd9014000030009,1,1,2560,-47,1654780166033749,1654780166033749,
300833b2ddd9014000030002,1,1,372,-49,1654780166035242,1654780166035242,
300833b2ddd9014000030008,1,1,3336,-43,1654780166037064,1654780166037064,
300833b2ddd9014000030001,1,1,1380,-56,1654780166038818,1654780166038818,
300833b2ddd9014000030009,1,1,2528,-48,1654780166042805,1654780166042805,
300833b2ddd9014000030002,1,1,344,-49,1654780166043903,1654780166043903,
300833b2ddd9014000030001,1,1,1304,-56,1654780166045008,1654780166045008,
300833b2ddd9014000030008,1,1,3336,-43,1654780166046105,1654780166046105,
300833b2ddd9014000030001,1,1,1264,-56,1654780166078602,1654780166078602,
300833b2ddd9014000030002,1,1,280,-49,1654780166079671,1654780166079671,
300833b2ddd9014000030008,1,1,3284,-43,1654780166081236,1654780166081236,
300833b2ddd9014000030009,1,1,2456,-47,1654780166084013,1654780166084013,
300833b2ddd9014000030008,1,1,3272,-43,1654780166089335,1654780166089335,
300833b2ddd9014000030001,1,1,1208,-56,1654780166091544,1654780166091544,
300833b2ddd9014000030002,1,1,260,-49,1654780166092629,1654780166092629,
300833b2ddd9014000030009,1,1,2440,-47,1654780166093744,1654780166093744,
300833b2ddd9014000030002,1,1,200,-48,1654780166124836,1654780166124836,
300833b2ddd9014000030008,1,1,3248,-43,1654780166126729,1654780166126729,
300833b2ddd9014000030001,1,1,1064,-56,1654780166127802,1654780166127802,
300833b2ddd9014000030009,1,1,2440,-47,1654780166129273,1654780166129273,
300833b2ddd9014000030009,1,1,2460,-47,1654780166132617,1654780166132617,
300833b2ddd9014000030002,1,1,176,-48,1654780166133733,1654780166133733,
300833b2ddd9014000030008,1,1,3232,-43,1654780166135481,1654780166135481,
300833b2ddd9014000030001,1,1,1040,-56,1654780166136568,1654780166136568,
300833b2ddd9014000030009,1,1,2516,-47,1654780166168904,1654780166168904,
300833b2ddd9014000030008,1,1,3208,-43,1654780166171335,1654780166171335,
300833b2ddd9014000030002,1,1,124,-48,1654780166172347,1654780166172347,
300833b2ddd9014000030001,1,1,984,-56,1654780166173848,1654780166173848,
300833b2ddd9014000030001,1,1,976,-56,1654780166176865,1654780166176865,
300833b2ddd9014000030008,1,1,3216,-43,1654780166179033,1654780166179033,
300833b2ddd9014000030009,1,1,2520,-47,1654780166180705,1654780166180705,
300833b2ddd9014000030002,1,1,128,-48,1654780166181973,1654780166181973,
300833b2ddd9014000030009,1,1,2588,-47,1654780166211791,1654780166211791,
300833b2ddd9014000030008,1,1,3220,-43,1654780166212831,1654780166212831,
300833b2ddd9014000030001,1,1,932,-55,1654780166214887,1654780166214887,
300833b2ddd9014000030002,1,1,112,-48,1654780166217752,1654780166217752,
300833b2ddd9014000030008,1,1,3196,-43,1654780166221816,1654780166221816,
300833b2ddd9014000030001,1,1,928,-56,1654780166223758,1654780166223758,
300833b2ddd9014000030009,1,1,2644,-46,1654780166225515,1654780166225515,
300833b2ddd9014000030002,1,1,120,-48,1654780166226745,1654780166226745,
300833b2ddd9014000030009,1,1,2644,-46,1654780166256877,1654780166256877,
300833b2ddd9014000030008,1,1,3212,-44,1654780166258331,1654780166258331,
300833b2ddd9014000030001,1,1,1016,-55,1654780166259674,1654780166259674,
300833b2ddd9014000030002,1,1,140,-48,1654780166260800,1654780166260800,
300833b2ddd9014000030002,1,1,116,-48,1654780166264181,1654780166264181,
300833b2ddd9014000030009,1,1,2660,-46,1654780166265747,1654780166265747,
300833b2ddd9014000030001,1,1,1012,-55,1654780166267303,1654780166267303,
300833b2ddd9014000030008,1,1,3228,-44,1654780166268400,1654780166268400,
300833b2ddd9014000030008,1,1,3256,-44,1654780166299588,1654780166299588,
300833b2ddd9014000030009,1,1,2688,-45,1654780166300687,1654780166300687,
300833b2ddd9014000030002,1,1,144,-48,1654780166302283,1654780166302283,
300833b2ddd9014000030001,1,1,1100,-54,1654780166303357,1654780166303357,
300833b2ddd9014000030002,1,1,132,-48,1654780166308273,1654780166308273,
300833b2ddd9014000030001,1,1,1096,-54,1654780166309402,1654780166309402,
300833b2ddd9014000030008,1,1,3256,-44,1654780166310982,1654780166310982,
300833b2ddd9014000030009,1,1,2684,-45,1654780166312293,1654780166312293,
300833b2ddd9014000030008,1,1,3312,-44,1654780166343535,1654780166343535,
300833b2ddd9014000030009,1,1,2716,-44,1654780166344634,1654780166344634,
300833b2ddd9014000030001,1,1,1208,-54,1654780166345990,1654780166345990,
300833b2ddd9014000030002,1,1,172,-49,1654780166348459,1654780166348459,
300833b2ddd9014000030002,1,1,176,-49,1654780166352976,1654780166352976,
300833b2ddd9014000030009,1,1,2684,-44,1654780166354047,1654780166354047,
300833b2ddd9014000030008,1,1,3312,-44,1654780166355924,1654780166355924,
300833b2ddd9014000030001,1,1,1264,-54,1654780166357639,1654780166357639,
300833b2ddd9014000030008,1,1,3336,-45,1654780166388713,1654780166388713,
300833b2ddd9014000030001,1,1,1328,-54,1654780166391104,1654780166391104,
300833b2ddd9014000030001,1,1,1372,-54,1654780166394865,1654780166394865,
300833b2ddd9014000030002,1,1,192,-50,1654780166396189,1654780166396189,
300833b2ddd9014000030009,1,1,2688,-43,1654780166397472,1654780166397472,
300833b2ddd9014000030008,1,1,3364,-45,1654780166398797,1654780166398797,
300833b2ddd9014000030002,1,1,204,-50,1654780166430231,1654780166430231,
300833b2ddd9014000030009,1,1,2684,-43,1654780166431273,1654780166431273,
300833b2ddd9014000030001,1,1,1472,-54,1654780166432589,1654780166432589,
300833b2ddd9014000030008,1,1,3360,-45,1654780166433644,1654780166433644,
300833b2ddd9014000030002,1,1,204,-51,1654780166438402,1654780166438402,
300833b2ddd9014000030009,1,1,2688,-43,1654780166439728,1654780166439728,
300833b2ddd9014000030008,1,1,3396,-45,1654780166441351,1654780166441351,
300833b2ddd9014000030001,1,1,1540,-54,1654780166442652,1654780166442652,
300833b2ddd9014000030001,1,1,1592,-54,1654780166473882,1654780166473882,
300833b2ddd9014000030009,1,1,2684,-42,1654780166475237,1654780166475237,
300833b2ddd9014000030002,1,1,212,-52,1654780166476518,1654780166476518,
300833b2ddd9014000030008,1,1,3428,-46,1654780166477811,1654780166477811,
300833b2ddd9014000030002,1,1,216,-52,1654780166482574,1654780166482574,
300833b2ddd9014000030009,1,1,2664,-42,1654780166483928,1654780166483928,
300833b2ddd9014000030001,1,1,1704,-53,1654780166484974,1654780166484974,
300833b2ddd9014000030008,1,1,3440,-46,1654780166486100,1654780166486100,
300833b2ddd9014000030009,1,1,2692,-42,1654780166518196,1654780166518196,
300833b2ddd9014000030001,1,1,1736,-52,1654780166519854,1654780166519854,
300833b2ddd9014000030002,1,1,236,-52,1654780166521161,1654780166521161,
300833b2ddd9014000030008,1,1,3460,-46,1654780166522260,1654780166522260,
300833b2ddd9014000030002,1,1,208,-52,1654780166525857,1654780166525857,
300833b2ddd9014000030009,1,1,2640,-42,1654780166527568,1654780166527568,
300833b2ddd9014000030008,1,1,3468,-46,1654780166528652,1654780166528652,
300833b2ddd9014000030001,1,1,1792,-52,1654780166529980,1654780166529980,
300833b2ddd9014000030008,1,1,3480,-46,1654780166560287,1654780166560287,
300833b2ddd9014000030009,1,1,2656,-42,1654780166561387,1654780166561387,
300833b2ddd9014000030001,1,1,1844,-52,1654780166564287,1654780166564287,
300833b2ddd9014000030002,1,1,280,-53,1654780166566213,1654780166566213,
300833b2ddd9014000030009,1,1,2632,-42,1654780166569248,1654780166569248,
300833b2ddd9014000030008,1,1,3492,-46,1654780166570616,1654780166570616,
300833b2ddd9014000030002,1,1,224,-53,1654780166571913,1654780166571913,
300833b2ddd9014000030001,1,1,1872,-51,1654780166574733,1654780166574733,
300833b2ddd9014000030001,1,1,1916,-51,1654780166604840,1654780166604840,
300833b2ddd9014000030009,1,1,2632,-42,1654780166605926,1654780166605926,
300833b2ddd9014000030008,1,1,3496,-47,1654780166606939,1654780166606939,
300833b2ddd9014000030002,1,1,300,-54,1654780166608905,1654780166608905,
300833b2ddd9014000030008,1,1,3492,-47,1654780166613553,1654780166613553,
300833b2ddd9014000030009,1,1,2636,-42,1654780166615267,1654780166615267,
300833b2ddd9014000030001,1,1,1904,-51,1654780166616384,1654780166616384,
300833b2ddd9014000030002,1,1,228,-54,1654780166617868,1654780166617868,
300833b2ddd9014000030009,1,1,2604,-42,1654780166651007,1654780166651007,
300833b2ddd9014000030008,1,1,3528,-46,1654780166652118,1654780166652118,
300833b2ddd9014000030002,1,1,240,-54,1654780166655324,1654780166655324,
300833b2ddd9014000030001,1,1,1956,-50,1654780166656411,1654780166656411,
300833b2ddd9014000030001,1,1,2008,-50,1654780166663105,1654780166663105,
300833b2ddd9014000030008,1,1,3528,-47,1654780166664159,1654780166664159,
300833b2ddd9014000030002,1,1,256,-54,1654780166665227,1654780166665227,
300833b2ddd9014000030009,1,1,2612,-42,1654780166666300,1654780166666300,
300833b2ddd9014000030009,1,1,2616,-41,1654780166697600,1654780166697600,
300833b2ddd9014000030001,1,1,1996,-50,1654780166698660,1654780166698660,
300833b2ddd9014000030008,1,1,3544,-47,1654780166699743,1654780166699743,
300833b2ddd9014000030002,1,1,272,-55,1654780166701763,1654780166701763,
300833b2ddd9014000030002,1,1,272,-55,1654780166706024,1654780166706024,
300833b2ddd9014000030001,1,1,2000,-50,1654780166707353,1654780166707353,
300833b2ddd9014000030008,1,1,3524,-47,1654780166708946,1654780166708946,
300833b2ddd9014000030009,1,1,2604,-41,1654780166710255,1654780166710255,
300833b2ddd9014000030008,1,1,3520,-47,1654780166942613,1654780166942613,
300833b2ddd9014000030001,1,1,2024,-49,1654780166943929,1654780166943929,
300833b2ddd9014000030009,1,1,2580,-42,1654780166947189,1654780166947189,
300833b2ddd9014000030001,1,1,2020,-49,1654780166949574,1654780166949574,
300833b2ddd9014000030008,1,1,3528,-47,1654780166951110,1654780166951110,
300833b2ddd9014000030002,1,1,280,-57,1654780166952536,1654780166952536,
300833b2ddd9014000030001,1,1,1992,-48,1654780166983704,1654780166983704,
300833b2ddd9014000030009,1,1,2576,-41,1654780166985030,1654780166985030,
300833b2ddd9014000030002,1,1,276,-57,1654780166986355,1654780166986355,
300833b2ddd9014000030008,1,1,3528,-47,1654780166987435,1654780166987435,
300833b2ddd9014000030008,1,1,3520,-47,1654780166992640,1654780166992640,
300833b2ddd9014000030001,1,1,2020,-49,1654780166994869,1654780166994869,
300833b2ddd9014000030009,1,1,2588,-41,1654780166995968,1654780166995968,
300833b2ddd9014000030002,1,1,276,-56,1654780166997466,1654780166997466,
300833b2ddd9014000030002,1,1,296,-56,1654780167028020,1654780167028020,
300833b2ddd9014000030009,1,1,2572,-41,1654780167029094,1654780167029094,
300833b2ddd9014000030001,1,1,2012,-49,1654780167030696,1654780167030696,
300833b2ddd9014000030002,1,1,264,-56,1654780167036470,1654780167036470,
300833b2ddd9014000030009,1,1,2568,-41,1654780167037526,1654780167037526,
300833b2ddd9014000030008,1,1,3536,-47,1654780167038565,1654780167038565,
300833b2ddd9014000030001,1,1,1996,-49,1654780167039754,1654780167039754,
300833b2ddd9014000030009,1,1,2576,-41,1654780167069653,1654780167069653,
300833b2ddd9014000030002,1,1,268,-57,1654780167070751,1654780167070751,
300833b2ddd9014000030001,1,1,2016,-49,1654780167072123,1654780167072123,
300833b2ddd9014000030008,1,1,3532,-47,1654780167073207,1654780167073207,
300833b2ddd9014000030008,1,1,3512,-47,1654780167079299,1654780167079299,
300833b2ddd9014000030002,1,1,252,-56,1654780167080384,1654780167080384,
300833b2ddd9014000030009,1,1,2576,-42,1654780167081481,1654780167081481,
300833b2ddd9014000030001,1,1,1996,-49,1654780167085171,1654780167085171,
300833b2ddd9014000030002,1,1,260,-56,1654780167116820,1654780167116820,
300833b2ddd9014000030009,1,1,2572,-41,1654780167117918,1654780167117918,
300833b2ddd9014000030001,1,1,2024,-49,1654780167119714,1654780167119714,
300833b2ddd9014000030008,1,1,3536,-47,1654780167121903,1654780167121903,
300833b2ddd9014000030009,1,1,2580,-42,1654780167125551,1654780167125551,
300833b2ddd9014000030008,1,1,3524,-47,1654780167127980,1654780167127980,
300833b2ddd9014000030001,1,1,1984,-49,1654780167129410,1654780167129410,
300833b2ddd9014000030002,1,1,268,-56,1654780167130937,1654780167130937,
300833b2ddd9014000030002,1,1,252,-56,1654780167160831,1654780167160831,
300833b2ddd9014000030008,1,1,3552,-47,1654780167162126,1654780167162126,
300833b2ddd9014000030009,1,1,2580,-41,1654780167163708,1654780167163708,
300833b2ddd9014000030001,1,1,2000,-49,1654780167165887,1654780167165887,
300833b2ddd9014000030009,1,1,2580,-41,1654780167169539,1654780167169539,
300833b2ddd9014000030008,1,1,3536,-47,1654780167170633,1654780167170633,
300833b2ddd9014000030001,1,1,2040,-49,1654780167171980,1654780167171980,
300833b2ddd9014000030002,1,1,284,-56,1654780167173035,1654780167173035,
300833b2ddd9014000030009,1,1,2576,-42,1654780167206263,1654780167206263,
300833b2ddd9014000030002,1,1,308,-56,1654780167207332,1654780167207332,
300833b2ddd9014000030008,1,1,3532,-47,1654780167208416,1654780167208416,
300833b2ddd9014000030001,1,1,2012,-49,1654780167209843,1654780167209843,
300833b2ddd9014000030009,1,1,2576,-41,1654780167212888,1654780167212888,
300833b2ddd9014000030008,1,1,3548,-47,1654780167214440,1654780167214440,
300833b2ddd9014000030002,1,1,276,-56,1654780167215481,1654780167215481,
300833b2ddd9014000030001,1,1,2004,-49,1654780167217061,1654780167217061,
300833b2ddd9014000030009,1,1,2604,-41,1654780167248805,1654780167248805,
300833b2ddd9014000030002,1,1,296,-56,1654780167250202,1654780167250202,
300833b2ddd9014000030008,1,1,3556,-47,1654780167252134,1654780167252134,
300833b2ddd9014000030001,1,1,2004,-49,1654780167253193,1654780167253193,
300833b2ddd9014000030009,1,1,2572,-42,1654780167256274,1654780167256274,
300833b2ddd9014000030008,1,1,3544,-47,1654780167257341,1654780167257341,
300833b2ddd9014000030002,1,1,280,-56,1654780167259165,1654780167259165,
300833b2ddd9014000030001,1,1,2020,-49,1654780167260878,1654780167260878,
300833b2ddd9014000030009,1,1,2584,-41,1654780167293355,1654780167293355,
300833b2ddd9014000030002,1,1,300,-56,1654780167294709,1654780167294709,
300833b2ddd9014000030001,1,1,2012,-49,1654780167296024,1654780167296024,
300833b2ddd9014000030008,1,1,3540,-47,1654780167298661,1654780167298661,
300833b2ddd9014000030001,1,1,2028,-49,1654780167301671,1654780167301671,
300833b2ddd9014000030008,1,1,3560,-47,1654780167303009,1654780167303009,
300833b2ddd9014000030009,1,1,2560,-41,1654780167304350,1654780167304350,
300833b2ddd9014000030002,1,1,300,-56,1654780167306271,1654780167306271,
300833b2ddd9014000030008,1,1,3556,-47,1654780167742581,1654780167742581,
300833b2ddd9014000030001,1,1,1976,-49,1654780167744436,1654780167744436,
300833b2ddd9014000030002,1,1,292,-55,1654780167745477,1654780167745477,
300833b2ddd9014000030009,1,1,2588,-41,1654780167746577,1654780167746577,
300833b2ddd9014000030002,1,1,268,-55,1654780167750192,1654780167750192,
300833b2ddd9014000030009,1,1,2600,-41,1654780167751290,1654780167751290,
300833b2ddd9014000030001,1,1,1996,-50,1654780167753299,1654780167753299,
300833b2ddd9014000030008,1,1,3532,-47,1654780167754525,1654780167754525,
300833b2ddd9014000030008,1,1,3540,-47,1654780167786209,1654780167786209,
300833b2ddd9014000030001,1,1,1988,-50,1654780167787666,1654780167787666,
300833b2ddd9014000030009,1,1,2596,-41,1654780167788978,1654780167788978,
300833b2ddd9014000030002,1,1,260,-55,1654780167790463,1654780167790463,
300833b2ddd9014000030002,1,1,312,-55,1654780167793483,1654780167793483,
300833b2ddd9014000030009,1,1,2604,-41,1654780167795079,1654780167795079,
300833b2ddd9014000030008,1,1,3544,-47,1654780167796374,1654780167796374,
300833b2ddd9014000030001,1,1,1976,-50,1654780167797744,1654780167797744,
300833b2ddd9014000030008,1,1,3540,-47,1654780167830137,1654780167830137,
300833b2ddd9014000030001,1,1,1976,-50,1654780167831241,1654780167831241,
300833b2ddd9014000030009,1,1,2608,-41,1654780167833050,1654780167833050,
300833b2ddd9014000030002,1,1,296,-55,1654780167835619,1654780167835619,
300833b2ddd9014000030008,1,1,3556,-47,1654780167839228,1654780167839228,
300833b2ddd9014000030009,1,1,2596,-42,1654780167840284,1654780167840284,
300833b2ddd9014000030001,1,1,1984,-50,1654780167841357,1654780167841357,
300833b2ddd9014000030002,1,1,300,-55,1654780167843366,1654780167843366,
300833b2ddd9014000030008,1,1,3532,-47,1654780167874349,1654780167874349,
300833b2ddd9014000030001,1,1,1968,-50,1654780167876246,1654780167876246,
300833b2ddd9014000030009,1,1,2612,-41,1654780167877374,1654780167877374,
300833b2ddd9014000030002,1,1,284,-55,1654780167878684,1654780167878684,
300833b2ddd9014000030002,1,1,264,-55,1654780167882292,1654780167882292,
300833b2ddd9014000030009,1,1,2600,-41,1654780167884004,1654780167884004,
300833b2ddd9014000030008,1,1,3532,-47,1654780167885916,1654780167885916,
300833b2ddd9014000030001,1,1,1988,-50,1654780167887403,1654780167887403,
300833b2ddd9014000030009,1,1,2604,-41,1654780167917078,1654780167917078,
300833b2ddd9014000030001,1,1,1980,-50,1654780167918420,1654780167918420,
300833b2ddd9014000030008,1,1,3516,-47,1654780167919505,1654780167919505,
300833b2ddd9014000030002,1,1,284,-55,1654780167922604,1654780167922604,
300833b2ddd9014000030001,1,1,1988,-50,1654780167925598,1654780167925598,
300833b2ddd9014000030008,1,1,3540,-47,1654780167926921,1654780167926921,
300833b2ddd9014000030009,1,1,2612,-41,1654780167928233,1654780167928233,
300833b2ddd9014000030002,1,1,260,-54,1654780167930622,1654780167930622,
300833b2ddd9014000030009,1,1,2620,-42,1654780167962273,1654780167962273,
300833b2ddd9014000030001,1,1,1968,-50,1654780167963390,1654780167963390,
300833b2ddd9014000030002,1,1,312,-55,1654780167964502,1654780167964502,
300833b2ddd9014000030008,1,1,3528,-47,1654780167967416,1654780167967416,
300833b2ddd9014000030002,1,1,292,-55,1654780167971297,1654780167971297,
300833b2ddd9014000030001,1,1,1960,-50,1654780167973237,1654780167973237,
300833b2ddd9014000030009,1,1,2616,-41,1654780167974563,1654780167974563,
300833b2ddd9014000030008,1,1,3544,-47,1654780167975788,1654780167975788,
300833b2ddd9014000030009,1,1,2608,-41,1654780168005927,1654780168005927,
300833b2ddd9014000030002,1,1,264,-55,1654780168007027,1654780168007027,
300833b2ddd9014000030008,1,1,3536,-47,1654780168010509,1654780168010509,
300833b2ddd9014000030001,1,1,2000,-50,1654780168011611,1654780168011611,