epc,atenda,atendanum,phase,RSS,timestamp,timestamp2,
300833b2ddd9014000030001,1,1,1216,-62,1654781749616159,1654781749616159,
300833b2ddd9014000030008,1,1,3296,-43,1654781749617881,1654781749617881,
300833b2ddd9014000030002,1,1,232,-48,1654781749620015,1654781749620015,
300833b2ddd9014000030009,1,1,2788,-46,1654781749622726,1654781749622726,
300833b2ddd9014000030002,1,1,232,-48,1654781749624665,1654781749624665,
300833b2ddd9014000030008,1,1,3312,-43,1654781749626215,1654781749626215,
300833b2ddd9014000030001,1,1,1160,-62,1654781749627674,1654781749627674,
300833b2ddd9014000030008,1,1,3300,-43,1654781749658202,1654781749658202,
300833b2ddd9014000030002,1,1,240,-47,1654781749659655,1654781749659655,
300833b2ddd9014000030001,1,1,1180,-62,1654781749660746,1654781749660746,
300833b2ddd9014000030009,1,1,2772,-47,1654781749661843,1654781749661843,
300833b2ddd9014000030002,1,1,232,-48,1654781749665183,1654781749665183,
300833b2ddd9014000030009,1,1,2792,-47,1654781749667093,1654781749667093,
300833b2ddd9014000030001,1,1,1204,-62,1654781749668149,1654781749668149,
300833b2ddd9014000030008,1,1,3300,-43,1654781749669477,1654781749669477,
300833b2ddd9014000030008,1,1,3296,-43,1654781749699715,1654781749699715,
300833b2ddd9014000030002,1,1,228,-47,1654781749701893,1654781749701893,
300833b2ddd9014000030009,1,1,2768,-47,1654781749702977,1654781749702977,
300833b2ddd9014000030001,1,1,1236,-62,1654781749704438,1654781749704438,
300833b2ddd9014000030002,1,1,244,-48,1654781749707416,1654781749707416,
300833b2ddd9014000030008,1,1,3304,-43,1654781749708752,1654781749708752,
300833b2ddd9014000030009,1,1,2784,-46,1654781749710364,1654781749710364,
300833b2ddd9014000030001,1,1,1124,-62,1654781749712023,1654781749712023,
300833b2ddd9014000030001,1,1,1080,-62,1654781749743531,1654781749743531,
300833b2ddd9014000030009,1,1,2772,-47,1654781749744996,1654781749744996,
300833b2ddd9014000030002,1,1,232,-47,1654781749746349,1654781749746349,
300833b2ddd9014000030008,1,1,3292,-43,1654781749747418,1654781749747418,
300833b2ddd9014000030008,1,1,3292,-43,1654781749751866,1654781749751866,
300833b2ddd9014000030009,1,1,2780,-47,1654781749752936,1654781749752936,
300833b2ddd9014000030002,1,1,220,-47,1654781749754217,1654781749754217,
300833b2ddd9014000030001,1,1,1108,-62,1654781749755733,1654781749755733,
300833b2ddd9014000030008,1,1,3316,-43,1654781749785410,1654781749785410,
300833b2ddd9014000030002,1,1,236,-47,1654781749786732,1654781749786732,
300833b2ddd9014000030001,1,1,1180,-61,1654781749788275,1654781749788275,
300833b2ddd9014000030009,1,1,2784,-47,1654781749789628,1654781749789628,
300833b2ddd9014000030009,1,1,2784,-47,1654781749793979,1654781749793979,
300833b2ddd9014000030002,1,1,236,-48,1654781749795076,1654781749795076,
300833b2ddd9014000030008,1,1,3312,-43,1654781749796897,1654781749796897,
300833b2ddd9014000030001,1,1,1132,-62,1654781749799691,1654781749799691,
300833b2ddd9014000030002,1,1,240,-48,1654781749829726,1654781749829726,
300833b2ddd9014000030008,1,1,3292,-43,1654781749831405,1654781749831405,
300833b2ddd9014000030009,1,1,2756,-46,1654781749832945,1654781749832945,
300833b2ddd9014000030001,1,1,1100,-62,1654781749834374,1654781749834374,
300833b2ddd9014000030002,1,1,224,-48,1654781749837092,1654781749837092,
300833b2ddd9014000030009,1,1,2784,-47,1654781749839028,1654781749839028,
300833b2ddd9014000030008,1,1,3300,-43,1654781749840083,1654781749840083,
300833b2ddd9014000030001,1,1,1144,-62,1654781749842026,1654781749842026,
300833b2ddd9014000030001,1,1,1044,-62,1654781749872155,1654781749872155,
300833b2ddd9014000030009,1,1,2760,-46,1654781749874076,1654781749874076,
300833b2ddd9014000030008,1,1,3292,-44,1654781749877873,1654781749877873,
300833b2ddd9014000030009,1,1,2792,-46,1654781749879428,1654781749879428,
300833b2ddd9014000030001,1,1,1088,-62,1654781749881597,1654781749881597,
300833b2ddd9014000030002,1,1,228,-48,1654781749882660,1654781749882660,
300833b2ddd9014000030009,1,1,2776,-47,1654781749914155,1654781749914155,
300833b2ddd9014000030008,1,1,3284,-43,1654781749915865,1654781749915865,
300833b2ddd9014000030002,1,1,224,-48,1654781749916989,1654781749916989,
300833b2ddd9014000030001,1,1,1156,-62,1654781749918462,1654781749918462,
300833b2ddd9014000030008,1,1,3284,-44,1654781749921475,1654781749921475,
300833b2ddd9014000030009,1,1,2776,-47,1654781749922560,1654781749922560,
300833b2ddd9014000030001,1,1,1124,-62,1654781749923592,1654781749923592,
300833b2ddd9014000030002,1,1,212,-48,1654781749924743,1654781749924743,
300833b2ddd9014000030001,1,1,1120,-61,1654781749957395,1654781749957395,
300833b2ddd9014000030008,1,1,3268,-43,1654781749958634,1654781749958634,
300833b2ddd9014000030009,1,1,2780,-47,1654781749960229,1654781749960229,
300833b2ddd9014000030002,1,1,208,-48,1654781749961724,1654781749961724,
300833b2ddd9014000030001,1,1,1188,-62,1654781749964470,1654781749964470,
300833b2ddd9014000030009,1,1,2784,-46,1654781749965809,1654781749965809,
300833b2ddd9014000030008,1,1,3276,-44,1654781749966863,1654781749966863,
300833b2ddd9014000030002,1,1,212,-48,1654781749967974,1654781749967974,
300833b2ddd9014000030002,1,1,224,-48,1654781750000080,1654781750000080,
300833b2ddd9014000030001,1,1,1200,-62,1654781750001425,1654781750001425,
300833b2ddd9014000030009,1,1,2776,-47,1654781750003017,1654781750003017,
300833b2ddd9014000030002,1,1,228,-48,1654781750007431,1654781750007431,
300833b2ddd9014000030001,1,1,1324,-62,1654781750008833,1654781750008833,
300833b2ddd9014000030008,1,1,3304,-43,1654781750426768,1654781750426768,
300833b2ddd9014000030001,1,1,1160,-62,1654781750427931,1654781750427931,
300833b2ddd9014000030002,1,1,244,-48,1654781750429736,1654781750429736,
300833b2ddd9014000030009,1,1,2792,-47,1654781750434878,1654781750434878,
300833b2ddd9014000030008,1,1,3304,-43,1654781750436343,1654781750436343,
300833b2ddd9014000030002,1,1,248,-48,1654781750437599,1654781750437599,
300833b2ddd9014000030001,1,1,1160,-62,1654781750439043,1654781750439043,
300833b2ddd9014000030001,1,1,1236,-62,1654781750468836,1654781750468836,
300833b2ddd9014000030008,1,1,3316,-43,1654781750470429,1654781750470429,
300833b2ddd9014000030002,1,1,248,-48,1654781750471767,1654781750471767,
300833b2ddd9014000030009,1,1,2812,-47,1654781750472880,1654781750472880,
300833b2ddd9014000030008,1,1,3300,-43,1654781750477413,1654781750477413,
300833b2ddd9014000030002,1,1,240,-48,1654781750478527,1654781750478527,
300833b2ddd9014000030009,1,1,2780,-46,1654781750480151,1654781750480151,
300833b2ddd9014000030001,1,1,1128,-62,1654781750481509,1654781750481509,
300833b2ddd9014000030001,1,1,1144,-62,1654781750514016,1654781750514016,
300833b2ddd9014000030002,1,1,248,-47,1654781750515081,1654781750515081,
300833b2ddd9014000030008,1,1,3300,-43,1654781750516422,1654781750516422,
300833b2ddd9014000030009,1,1,2800,-47,1654781750517877,1654781750517877,
300833b2ddd9014000030002,1,1,228,-48,1654781750520566,1654781750520566,
300833b2ddd9014000030009,1,1,2788,-47,1654781750521875,1654781750521875,
300833b2ddd9014000030008,1,1,3312,-43,1654781750523212,1654781750523212,
300833b2ddd9014000030001,1,1,1056,-62,1654781750525441,1654781750525441,
300833b2ddd9014000030002,1,1,232,-48,1654781750556458,1654781750556458,
300833b2ddd9014000030009,1,1,2784,-47,1654781750558024,1654781750558024,
300833b2ddd9014000030001,1,1,1200,-61,1654781750559566,1654781750559566,
300833b2ddd9014000030008,1,1,3316,-43,1654781750560620,1654781750560620,
300833b2ddd9014000030008,1,1,3304,-43,1654781750565333,1654781750565333,
300833b2ddd9014000030002,1,1,236,-48,1654781750566818,1654781750566818,
300833b2ddd9014000030009,1,1,2784,-46,1654781750568341,1654781750568341,
300833b2ddd9014000030001,1,1,1196,-62,1654781750569826,1654781750569826,
300833b2ddd9014000030009,1,1,2772,-46,1654781750599751,1654781750599751,
300833b2ddd9014000030002,1,1,232,-47,1654781750601401,1654781750601401,
300833b2ddd9014000030001,1,1,1164,-62,1654781750602689,1654781750602689,
300833b2ddd9014000030008,1,1,3312,-43,1654781750603771,1654781750603771,
300833b2ddd9014000030002,1,1,228,-48,1654781750607090,1654781750607090,
300833b2ddd9014000030009,1,1,2788,-46,1654781750608374,1654781750608374,
300833b2ddd9014000030008,1,1,3304,-43,1654781750609470,1654781750609470,
300833b2ddd9014000030001,1,1,1012,-62,1654781750611880,1654781750611880,
300833b2ddd9014000030002,1,1,220,-47,1654781750642698,1654781750642698,
300833b2ddd9014000030001,1,1,1148,-61,1654781750644626,1654781750644626,
300833b2ddd9014000030008,1,1,3300,-43,1654781750645707,1654781750645707,
300833b2ddd9014000030009,1,1,2796,-46,1654781750647389,1654781750647389,
300833b2ddd9014000030002,1,1,252,-48,1654781750650556,1654781750650556,
300833b2ddd9014000030009,1,1,2788,-47,1654781750651627,1654781750651627,
300833b2ddd9014000030008,1,1,3308,-43,1654781750652965,1654781750652965,
300833b2ddd9014000030001,1,1,1076,-62,1654781750655377,1654781750655377,
300833b2ddd9014000030009,1,1,2816,-47,1654781750686061,1654781750686061,
300833b2ddd9014000030002,1,1,248,-48,1654781750687315,1654781750687315,
300833b2ddd9014000030008,1,1,3320,-43,1654781750688652,1654781750688652,
300833b2ddd9014000030001,1,1,1196,-61,1654781750689769,1654781750689769,
300833b2ddd9014000030008,1,1,3328,-43,1654781750694731,1654781750694731,
300833b2ddd9014000030009,1,1,2808,-47,1654781750696455,1654781750696455,
300833b2ddd9014000030002,1,1,220,-47,1654781750697796,1654781750697796,
300833b2ddd9014000030001,1,1,1152,-62,1654781750698942,1654781750698942,
300833b2ddd9014000030009,1,1,2824,-47,1654781750729942,1654781750729942,
300833b2ddd9014000030008,1,1,3316,-43,1654781750731024,1654781750731024,
300833b2ddd9014000030002,1,1,248,-48,1654781750732137,1654781750732137,
300833b2ddd9014000030001,1,1,1208,-63,1654781750733465,1654781750733465,
300833b2ddd9014000030009,1,1,2796,-46,1654781750738187,1654781750738187,
300833b2ddd9014000030008,1,1,3324,-43,1654781750739541,1654781750739541,
300833b2ddd9014000030002,1,1,248,-48,1654781750741120,1654781750741120,
300833b2ddd9014000030001,1,1,1100,-63,1654781750742210,1654781750742210,
300833b2ddd9014000030001,1,1,1088,-61,1654781750773632,1654781750773632,
300833b2ddd9014000030009,1,1,2832,-47,1654781750774686,1654781750774686,
300833b2ddd9014000030002,1,1,260,-48,1654781750776039,1654781750776039,
300833b2ddd9014000030008,1,1,3320,-43,1654781750777152,1654781750777152,
300833b2ddd9014000030009,1,1,2804,-46,1654781750782410,1654781750782410,
300833b2ddd9014000030008,1,1,3328,-44,1654781750783850,1654781750783850,
300833b2ddd9014000030001,1,1,1060,-61,1654781750785167,1654781750785167,
300833b2ddd9014000030002,1,1,244,-48,1654781750786833,1654781750786833,
300833b2ddd9014000030008,1,1,3316,-43,1654781750816711,1654781750816711,
300833b2ddd9014000030001,1,1,1180,-61,1654781750818922,1654781750818922,
300833b2ddd9014000030009,1,1,2808,-46,1654781750820020,1654781750820020,
300833b2ddd9014000030002,1,1,268,-48,1654781750821246,1654781750821246,
300833b2ddd9014000030002,1,1,244,-47,1654781750825309,1654781750825309,
300833b2ddd9014000030008,1,1,3320,-43,1654781750826362,1654781750826362,
300833b2ddd9014000030009,1,1,2812,-46,1654781750827434,1654781750827434,
300833b2ddd9014000030001,1,1,1212,-62,1654781750829175,1654781750829175,
300833b2ddd9014000030008,1,1,3320,-43,1654781750858923,1654781750858923,
300833b2ddd9014000030002,1,1,276,-48,1654781750860009,1654781750860009,
300833b2ddd9014000030009,1,1,2812,-47,1654781750861605,1654781750861605,
300833b2ddd9014000030001,1,1,1180,-62,1654781750863163,1654781750863163,
300833b2ddd9014000030009,1,1,2816,-47,1654781750867592,1654781750867592,
300833b2ddd9014000030002,1,1,252,-48,1654781750868889,1654781750868889,
300833b2ddd9014000030008,1,1,3316,-43,1654781750869970,1654781750869970,
300833b2ddd9014000030001,1,1,1168,-63,1654781750871913,1654781750871913,
300833b2ddd9014000030009,1,1,2824,-46,1654781750903146,1654781750903146,
300833b2ddd9014000030002,1,1,252,-48,1654781750904700,1654781750904700,
300833b2ddd9014000030008,1,1,3316,-43,1654781750905713,1654781750905713,
300833b2ddd9014000030001,1,1,1104,-63,1654781750907712,1654781750907712,
300833b2ddd9014000030001,1,1,1164,-62,1654781750913491,1654781750913491,
300833b2ddd9014000030002,1,1,252,-48,1654781750914589,1654781750914589,
300833b2ddd9014000030008,1,1,3320,-43,1654781750916477,1654781750916477,
300833b2ddd9014000030009,1,1,2816,-46,1654781750917719,1654781750917719,
300833b2ddd9014000030002,1,1,248,-48,1654781750947771,1654781750947771,
300833b2ddd9014000030001,1,1,1344,-63,1654781750949457,1654781750949457,
300833b2ddd9014000030008,1,1,3320,-43,1654781750950483,1654781750950483,
300833b2ddd9014000030009,1,1,2848,-46,1654781750951809,1654781750951809,
300833b2ddd9014000030002,1,1,252,-48,1654781750955431,1654781750955431,
300833b2ddd9014000030008,1,1,3344,-43,1654781750956487,1654781750956487,
300833b2ddd9014000030001,1,1,1228,-63,1654781750957617,1654781750957617,
300833b2ddd9014000030009,1,1,2812,-47,1654781750959141,1654781750959141,
300833b2ddd9014000030002,1,1,260,-48,1654781750990569,1654781750990569,
300833b2ddd9014000030008,1,1,3340,-43,1654781750991667,1654781750991667,
300833b2ddd9014000030009,1,1,2828,-46,1654781750992765,1654781750992765,
300833b2ddd9014000030001,1,1,1140,-63,1654781750993884,1654781750993884,
300833b2ddd9014000030008,1,1,3332,-43,1654781750999120,1654781750999120,
300833b2ddd9014000030001,1,1,1132,-62,1654781751000461,1654781751000461,
300833b2ddd9014000030009,1,1,2812,-47,1654781751003091,1654781751003091,
300833b2ddd9014000030002,1,1,264,-48,1654781751004160,1654781751004160,
300833b2ddd9014000030001,1,1,1168,-62,1654781751035066,1654781751035066,
300833b2ddd9014000030008,1,1,3340,-44,1654781751036447,1654781751036447,
300833b2ddd9014000030002,1,1,272,-48,1654781751037745,1654781751037745,
300833b2ddd9014000030009,1,1,2832,-46,1654781751039639,1654781751039639,
300833b2ddd9014000030002,1,1,248,-48,1654781751043511,1654781751043511,
300833b2ddd9014000030009,1,1,2804,-47,1654781751044624,1654781751044624,
300833b2ddd9014000030008,1,1,3312,-43,1654781751046728,1654781751046728,
300833b2ddd9014000030001,1,1,1124,-63,1654781751047790,1654781751047790,
300833b2ddd9014000030009,1,1,2804,-47,1654781751079138,1654781751079138,
300833b2ddd9014000030002,1,1,256,-48,1654781751080221,1654781751080221,
300833b2ddd9014000030008,1,1,3340,-43,1654781751081361,1654781751081361,
300833b2ddd9014000030001,1,1,1120,-63,1654781751082704,1654781751082704,
300833b2ddd9014000030001,1,1,1224,-63,1654781751087895,1654781751087895,
300833b2ddd9014000030009,1,1,2796,-46,1654781751089026,1654781751089026,
300833b2ddd9014000030002,1,1,248,-48,1654781751090095,1654781751090095,
300833b2ddd9014000030008,1,1,3320,-44,1654781751091133,1654781751091133,
300833b2ddd9014000030009,1,1,2800,-46,1654781751122890,1654781751122890,
300833b2ddd9014000030002,1,1,248,-48,1654781751124823,1654781751124823,
300833b2ddd9014000030008,1,1,3320,-43,1654781751126389,1654781751126389,
300833b2ddd9014000030001,1,1,1040,-62,1654781751127567,1654781751127567,
300833b2ddd9014000030002,1,1,240,-48,1654781751131026,1654781751131026,
300833b2ddd9014000030008,1,1,3320,-43,1654781751132122,1654781751132122,
300833b2ddd9014000030009,1,1,2812,-46,1654781751133463,1654781751133463,
300833b2ddd9014000030001,1,1,1108,-62,1654781751135123,1654781751135123,
300833b2ddd9014000030008,1,1,3316,-43,1654781751166851,1654781751166851,
300833b2ddd9014000030002,1,1,256,-48,1654781751168247,1654781751168247,
300833b2ddd9014000030009,1,1,2800,-46,1654781751169572,1654781751169572,
300833b2ddd9014000030001,1,1,1064,-62,1654781751170988,1654781751170988,
300833b2ddd9014000030008,1,1,3308,-43,1654781751173759,1654781751173759,
300833b2ddd9014000030002,1,1,228,-48,1654781751174856,1654781751174856,
300833b2ddd9014000030001,1,1,1152,-63,1654781751176925,1654781751176925,
300833b2ddd9014000030009,1,1,2784,-46,1654781751177993,1654781751177993,
300833b2ddd9014000030008,1,1,3300,-43,1654781751209948,1654781751209948,
300833b2ddd9014000030001,1,1,936,-63,1654781751211448,1654781751211448,
300833b2ddd9014000030009,1,1,2776,-46,1654781751212517,1654781751212517,
300833b2ddd9014000030002,1,1,192,-48,1654781751216331,1654781751216331,
300833b2ddd9014000030001,1,1,1004,-63,1654781751217392,1654781751217392,
300833b2ddd9014000030008,1,1,3284,-43,1654781751218712,1654781751218712,
300833b2ddd9014000030009,1,1,2776,-46,1654781751220041,1654781751220041,
300833b2ddd9014000030008,1,1,3272,-43,1654781751251437,1654781751251437,
300833b2ddd9014000030001,1,1,1284,-62,1654781751252767,1654781751252767,
300833b2ddd9014000030002,1,1,172,-48,1654781751253820,1654781751253820,
300833b2ddd9014000030009,1,1,2736,-46,1654781751255399,1654781751255399,
300833b2ddd9014000030001,1,1,988,-63,1654781751259911,1654781751259911,
300833b2ddd9014000030008,1,1,3276,-43,1654781751261249,1654781751261249,
300833b2ddd9014000030009,1,1,2736,-46,1654781751262557,1654781751262557,
300833b2ddd9014000030002,1,1,176,-47,1654781751263688,1654781751263688,
300833b2ddd9014000030008,1,1,3256,-43,1654781751295749,1654781751295749,
300833b2ddd9014000030002,1,1,156,-48,1654781751297058,1654781751297058,
300833b2ddd9014000030001,1,1,976,-62,1654781751298869,1654781751298869,
300833b2ddd9014000030009,1,1,2744,-46,1654781751303524,1654781751303524,
300833b2ddd9014000030008,1,1,3256,-43,1654781751305218,1654781751305218,
300833b2ddd9014000030002,1,1,116,-48,1654781751306942,1654781751306942,
300833b2ddd9014000030001,1,1,928,-62,1654781751307998,1654781751307998,
300833b2ddd9014000030002,1,1,104,-47,1654781751337838,1654781751337838,
300833b2ddd9014000030001,1,1,832,-63,1654781751340275,1654781751340275,
300833b2ddd9014000030008,1,1,3220,-43,1654781751341369,1654781751341369,
300833b2ddd9014000030002,1,1,140,-48,1654781751344705,1654781751344705,
300833b2ddd9014000030009,1,1,2748,-46,1654781751346921,1654781751346921,
300833b2ddd9014000030008,1,1,3212,-43,1654781751348003,1654781751348003,
300833b2ddd9014000030001,1,1,984,-62,1654781751349106,1654781751349106,
300833b2ddd9014000030001,1,1,756,-62,1654781751379335,1654781751379335,
300833b2ddd9014000030009,1,1,2684,-46,1654781751380375,1654781751380375,
300833b2ddd9014000030008,1,1,3180,-43,1654781751381516,1654781751381516,
300833b2ddd9014000030002,1,1,72,-48,1654781751383504,1654781751383504,
300833b2ddd9014000030008,1,1,3184,-43,1654781751387966,1654781751387966,
300833b2ddd9014000030001,1,1,952,-63,1654781751389710,1654781751389710,
300833b2ddd9014000030009,1,1,2692,-46,1654781751391050,1654781751391050,
300833b2ddd9014000030002,1,1,60,-48,1654781751392120,1654781751392120,
300833b2ddd9014000030001,1,1,1064,-63,1654781751428465,1654781751428465,
300833b2ddd9014000030009,1,1,2724,-46,1654781751429577,1654781751429577,
300833b2ddd9014000030008,1,1,3160,-43,1654781751430898,1654781751430898,
300833b2ddd9014000030002,1,1,20,-48,1654781751432195,1654781751432195,
300833b2ddd9014000030002,1,1,40,-48,1654781751437377,1654781751437377,
300833b2ddd9014000030008,1,1,3148,-43,1654781751438502,1654781751438502,
300833b2ddd9014000030009,1,1,2708,-46,1654781751440054,1654781751440054,
300833b2ddd9014000030001,1,1,1184,-63,1654781751441751,1654781751441751,
300833b2ddd9014000030002,1,1,0,-47,1654781751473277,1654781751473277,
300833b2ddd9014000030009,1,1,2708,-45,1654781751474755,1654781751474755,
300833b2ddd9014000030001,1,1,1568,-62,1654781751476058,1654781751476058,
300833b2ddd9014000030008,1,1,3128,-43,1654781751477111,1654781751477111,
300833b2ddd9014000030008,1,1,3140,-43,1654781751480442,1654781751480442,
300833b2ddd9014000030001,1,1,1424,-62,1654781751481757,1654781751481757,
300833b2ddd9014000030009,1,1,2708,-45,1654781751483521,1654781751483521,
300833b2ddd9014000030002,1,1,4,-48,1654781751484619,1654781751484619,
300833b2ddd9014000030008,1,1,3120,-43,1654781751516063,1654781751516063,
300833b2ddd9014000030009,1,1,2660,-45,1654781751517378,1654781751517378,
300833b2ddd9014000030001,1,1,1740,-59,1654781751518494,1654781751518494,
300833b2ddd9014000030002,1,1,4088,-48,1654781751520939,1654781751520939,
300833b2ddd9014000030009,1,1,2668,-45,1654781751524629,1654781751524629,
300833b2ddd9014000030001,1,1,1756,-58,1654781751525990,1654781751525990,
300833b2ddd9014000030008,1,1,3112,-43,1654781751527083,1654781751527083,
300833b2ddd9014000030002,1,1,4080,-48,1654781751528398,1654781751528398,
300833b2ddd9014000030008,1,1,3096,-43,1654781751560298,1654781751560298,
300833b2ddd9014000030001,1,1,1812,-55,1654781751561612,1654781751561612,
300833b2ddd9014000030009,1,1,2640,-45,1654781751563168,1654781751563168,
300833b2ddd9014000030002,1,1,4072,-48,1654781751564250,1654781751564250,
300833b2ddd9014000030001,1,1,1876,-55,1654781751569031,1654781751569031,
300833b2ddd9014000030009,1,1,2624,-45,1654781751570472,1654781751570472,
300833b2ddd9014000030008,1,1,3092,-44,1654781751571556,1654781751571556,
300833b2ddd9014000030002,1,1,4072,-48,1654781751573194,1654781751573194,
300833b2ddd9014000030008,1,1,3084,-44,1654781751604326,1654781751604326,
300833b2ddd9014000030009,1,1,2576,-44,1654781751605424,1654781751605424,
300833b2ddd9014000030001,1,1,1944,-53,1654781751608242,1654781751608242,
300833b2ddd9014000030002,1,1,4064,-49,1654781751609340,1654781751609340,
300833b2ddd9014000030008,1,1,3096,-44,1654781751612360,1654781751612360,
300833b2ddd9014000030002,1,1,4080,-49,1654781751613487,1654781751613487,
300833b2ddd9014000030009,1,1,2560,-44,1654781751614556,1654781751614556,
300833b2ddd9014000030001,1,1,1928,-52,1654781751616311,1654781751616311,
300833b2ddd9014000030009,1,1,2540,-44,1654781751647594,1654781751647594,
300833b2ddd9014000030001,1,1,1912,-51,1654781751649149,1654781751649149,
300833b2ddd9014000030002,1,1,4088,-50,1654781751650190,1654781751650190,
300833b2ddd9014000030008,1,1,3096,-45,1654781751651499,1654781751651499,
300833b2ddd9014000030009,1,1,2548,-44,1654781751657417,1654781751657417,
300833b2ddd9014000030002,1,1,4084,-50,1654781751658444,1654781751658444,
300833b2ddd9014000030001,1,1,1896,-51,1654781751659787,1654781751659787,
300833b2ddd9014000030008,1,1,3096,-45,1654781751661322,1654781751661322,
300833b2ddd9014000030009,1,1,2548,-44,1654781751693814,1654781751693814,
300833b2ddd9014000030008,1,1,3120,-46,1654781751694882,1654781751694882,
300833b2ddd9014000030002,1,1,72,-50,1654781751695995,1654781751695995,
300833b2ddd9014000030001,1,1,1836,-49,1654781751697701,1654781751697701,
300833b2ddd9014000030001,1,1,1832,-49,1654781751700722,1654781751700722,
300833b2ddd9014000030008,1,1,3128,-46,1654781751702405,1654781751702405,
300833b2ddd9014000030002,1,1,112,-51,1654781751703730,1654781751703730,
300833b2ddd9014000030009,1,1,2552,-44,1654781751704831,1654781751704831,
300833b2ddd9014000030002,1,1,164,-52,1654781751735499,1654781751735499,
300833b2ddd9014000030008,1,1,3172,-46,1654781751736610,1654781751736610,
300833b2ddd9014000030009,1,1,2576,-44,1654781751737922,1654781751737922,
300833b2ddd9014000030001,1,1,1776,-48,1654781751739776,1654781751739776,
300833b2ddd9014000030002,1,1,256,-53,1654781751744277,1654781751744277,
300833b2ddd9014000030009,1,1,2580,-44,1654781751745605,1654781751745605,
300833b2ddd9014000030001,1,1,1732,-48,1654781751746633,1654781751746633,
300833b2ddd9014000030008,1,1,3216,-46,1654781751748229,1654781751748229,
300833b2ddd9014000030002,1,1,384,-54,1654781751779472,1654781751779472,
300833b2ddd9014000030009,1,1,2632,-44,1654781751780569,1654781751780569,
300833b2ddd9014000030008,1,1,3312,-47,1654781751781696,1654781751781696,
300833b2ddd9014000030001,1,1,1644,-47,1654781751783720,1654781751783720,
300833b2ddd9014000030009,1,1,2628,-44,1654781751788463,1654781751788463,
300833b2ddd9014000030001,1,1,1644,-47,1654781751790770,1654781751790770,
300833b2ddd9014000030008,1,1,3336,-47,1654781751791853,1654781751791853,
300833b2ddd9014000030002,1,1,476,-55,1654781751793052,1654781751793052,
300833b2ddd9014000030008,1,1,3432,-47,1654781751822755,1654781751822755,
300833b2ddd9014000030002,1,1,660,-54,1654781751823858,1654781751823858,
300833b2ddd9014000030009,1,1,2660,-44,1654781751825693,1654781751825693,
300833b2ddd9014000030001,1,1,1584,-47,1654781751827393,1654781751827393,
300833b2ddd9014000030009,1,1,2696,-44,1654781751832544,1654781751832544,
300833b2ddd9014000030002,1,1,616,-54,1654781751833883,1654781751833883,
300833b2ddd9014000030001,1,1,1596,-48,1654781751834984,1654781751834984,
300833b2ddd9014000030008,1,1,3448,-47,1654781751836424,1654781751836424,
300833b2ddd9014000030001,1,1,1476,-48,1654781751866143,1654781751866143,
300833b2ddd9014000030009,1,1,2668,-44,1654781751868362,1654781751868362,
300833b2ddd9014000030002,1,1,860,-53,1654781751869419,1654781751869419,
300833b2ddd9014000030008,1,1,3540,-47,1654781751871127,1654781751871127,
300833b2ddd9014000030008,1,1,3508,-47,1654781751873892,1654781751873892,
300833b2ddd9014000030009,1,1,2680,-44,1654781751875217,1654781751875217,
300833b2ddd9014000030001,1,1,1560,-48,1654781751876788,1654781751876788,
300833b2ddd9014000030002,1,1,816,-53,1654781751878708,1654781751878708,
300833b2ddd9014000030008,1,1,3592,-47,1654781751909660,1654781751909660,
300833b2ddd9014000030001,1,1,1540,-49,1654781751911244,1654781751911244,
300833b2ddd9014000030009,1,1,2724,-44,1654781751912342,1654781751912342,
300833b2ddd9014000030002,1,1,844,-52,1654781751913863,1654781751913863,
300833b2ddd9014000030001,1,1,1524,-49,1654781751918078,1654781751918078,
300833b2ddd9014000030009,1,1,2728,-44,1654781751919460,1654781751919460,
300833b2ddd9014000030008,1,1,3588,-47,1654781751920772,1654781751920772,
300833b2ddd9014000030002,1,1,848,-52,1654781751922055,1654781751922055,
300833b2ddd9014000030009,1,1,2752,-44,1654781751953647,1654781751953647,
300833b2ddd9014000030008,1,1,3600,-46,1654781751954928,1654781751954928,
300833b2ddd9014000030002,1,1,840,-52,1654781751957544,1654781751957544,
300833b2ddd9014000030001,1,1,1588,-50,1654781751958871,1654781751958871,
300833b2ddd9014000030009,1,1,2736,-43,1654781751962751,1654781751962751,
300833b2ddd9014000030008,1,1,3628,-46,1654781751964219,1654781751964219,
300833b2ddd9014000030001,1,1,1564,-50,1654781751965774,1654781751965774,
300833b2ddd9014000030002,1,1,856,-52,1654781751967270,1654781751967270,
300833b2ddd9014000030009,1,1,2796,-43,1654781751996932,1654781751996932,
300833b2ddd9014000030002,1,1,820,-50,1654781751997973,1654781751997973,
300833b2ddd9014000030001,1,1,1580,-49,1654781751999316,1654781751999316,
300833b2ddd9014000030008,1,1,3616,-46,1654781752001123,1654781752001123,
300833b2ddd9014000030009,1,1,2764,-43,1654781752005547,1654781752005547,
300833b2ddd9014000030008,1,1,3612,-46,1654781752007800,1654781752007800,
300833b2ddd9014000030001,1,1,1616,-49,1654781752010881,1654781752010881,
300833b2ddd9014000030002,1,1,880,-50,1654781752011937,1654781752011937,
300833b2ddd9014000030009,1,1,2744,-43,1654781752043264,1654781752043264,
300833b2ddd9014000030008,1,1,3616,-46,1654781752044853,1654781752044853,
300833b2ddd9014000030002,1,1,800,-51,1654781752045953,1654781752045953,
300833b2ddd9014000030001,1,1,1632,-50,1654781752047039,1654781752047039,
300833b2ddd9014000030009,1,1,2780,-43,1654781752052009,1654781752052009,
300833b2ddd9014000030008,1,1,3616,-46,1654781752053320,1654781752053320,
300833b2ddd9014000030002,1,1,804,-50,1654781752054361,1654781752054361,
300833b2ddd9014000030001,1,1,1632,-50,1654781752056570,1654781752056570,
300833b2ddd9014000030008,1,1,3604,-46,1654781752087932,1654781752087932,
300833b2ddd9014000030009,1,1,2772,-43,1654781752089016,1654781752089016,
300833b2ddd9014000030002,1,1,836,-51,1654781752090809,1654781752090809,
300833b2ddd9014000030001,1,1,1620,-50,1654781752092913,1654781752092913,
300833b2ddd9014000030009,1,1,2752,-43,1654781752095914,1654781752095914,
300833b2ddd9014000030008,1,1,3608,-46,1654781752096998,1654781752096998,
300833b2ddd9014000030001,1,1,1652,-49,1654781752098318,1654781752098318,
300833b2ddd9014000030002,1,1,808,-51,1654781752100083,1654781752100083,
300833b2ddd9014000030008,1,1,3616,-46,1654781752132067,1654781752132067,
300833b2ddd9014000030009,1,1,2760,-43,1654781752133293,1654781752133293,
300833b2ddd9014000030001,1,1,1636,-49,1654781752134313,1654781752134313,
300833b2ddd9014000030002,1,1,812,-50,1654781752135642,1654781752135642,
300833b2ddd9014000030009,1,1,2744,-43,1654781752139285,1654781752139285,
300833b2ddd9014000030008,1,1,3604,-46,1654781752140980,1654781752140980,
300833b2ddd9014000030002,1,1,804,-51,1654781752142277,1654781752142277,
300833b2ddd9014000030001,1,1,1616,-49,1654781752143961,1654781752143961,
300833b2ddd9014000030002,1,1,832,-50,1654781752174033,1654781752174033,
300833b2ddd9014000030009,1,1,2752,-43,1654781752175106,1654781752175106,
300833b2ddd9014000030008,1,1,3616,-46,1654781752176189,1654781752176189,
300833b2ddd9014000030001,1,1,1632,-49,1654781752178852,1654781752178852,
300833b2ddd9014000030002,1,1,812,-50,1654781752182497,1654781752182497,
300833b2ddd9014000030009,1,1,2752,-43,1654781752183580,1654781752183580,
300833b2ddd9014000030001,1,1,1636,-49,1654781752185151,1654781752185151,
300833b2ddd9014000030008,1,1,3620,-46,1654781752186502,1654781752186502,
300833b2ddd9014000030002,1,1,796,-50,1654781752218462,1654781752218462,
300833b2ddd9014000030001,1,1,1636,-49,1654781752220411,1654781752220411,
300833b2ddd9014000030008,1,1,3620,-46,1654781752221864,1654781752221864,
300833b2ddd9014000030009,1,1,2744,-43,1654781752222994,1654781752222994,
300833b2ddd9014000030002,1,1,816,-50,1654781752225940,1654781752225940,
300833b2ddd9014000030008,1,1,3620,-46,1654781752226977,1654781752226977,
300833b2ddd9014000030009,1,1,2752,-43,1654781752228292,1654781752228292,
300833b2ddd9014000030001,1,1,1616,-49,1654781752229365,1654781752229365,
300833b2ddd9014000030009,1,1,2744,-43,1654781752265369,1654781752265369,
300833b2ddd9014000030001,1,1,1596,-50,1654781752266399,1654781752266399,
300833b2ddd9014000030008,1,1,3584,-46,1654781752267765,1654781752267765,
300833b2ddd9014000030002,1,1,868,-51,1654781752269345,1654781752269345,
300833b2ddd9014000030008,1,1,3608,-46,1654781752301287,1654781752301287,
300833b2ddd9014000030002,1,1,872,-51,1654781752302342,1654781752302342,
300833b2ddd9014000030001,1,1,1608,-49,1654781752303442,1654781752303442,
300833b2ddd9014000030009,1,1,2760,-43,1654781752305023,1654781752305023,
300833b2ddd9014000030001,1,1,1628,-50,1654781752309883,1654781752309883,
300833b2ddd9014000030009,1,1,2732,-43,1654781752311151,1654781752311151,
300833b2ddd9014000030008,1,1,3592,-46,1654781752312262,1654781752312262,
300833b2ddd9014000030002,1,1,896,-51,1654781752313344,1654781752313344,
300833b2ddd9014000030002,1,1,880,-51,1654781752346176,1654781752346176,
300833b2ddd9014000030009,1,1,2740,-43,1654781752347260,1654781752347260,
300833b2ddd9014000030001,1,1,1600,-50,1654781752348585,1654781752348585,
300833b2ddd9014000030008,1,1,3604,-46,1654781752349908,1654781752349908,
300833b2ddd9014000030002,1,1,880,-51,1654781752354761,1654781752354761,
300833b2ddd9014000030008,1,1,3600,-46,1654781752356399,1654781752356399,
300833b2ddd9014000030001,1,1,1608,-49,1654781752357498,1654781752357498,
300833b2ddd9014000030009,1,1,2760,-43,1654781752358584,1654781752358584,
300833b2ddd9014000030001,1,1,1624,-50,1654781752420504,1654781752420504,
300833b2ddd9014000030009,1,1,2712,-43,1654781752421661,1654781752421661,
300833b2ddd9014000030009,1,1,2752,-43,1654781752426309,1654781752426309,
300833b2ddd9014000030001,1,1,1600,-49,1654781752428010,1654781752428010,
300833b2ddd9014000030008,1,1,3628,-46,1654781752429322,1654781752429322,
300833b2ddd9014000030002,1,1,816,-50,1654781752430762,1654781752430762,
300833b2ddd9014000030002,1,1,880,-51,1654781752461015,1654781752461015,
300833b2ddd9014000030001,1,1,1620,-50,1654781752462331,1654781752462331,
300833b2ddd9014000030008,1,1,3612,-46,1654781752464377,1654781752464377,
300833b2ddd9014000030009,1,1,2732,-43,1654781752469137,1654781752469137,
300833b2ddd9014000030002,1,1,748,-51,1654781752470835,1654781752470835,
300833b2ddd9014000030008,1,1,3604,-46,1654781752472226,1654781752472226,
300833b2ddd9014000030001,1,1,1620,-49,1654781752473869,1654781752473869,
300833b2ddd9014000030009,1,1,2736,-43,1654781752505399,1654781752505399,
300833b2ddd9014000030001,1,1,1612,-50,1654781752507108,1654781752507108,
300833b2ddd9014000030008,1,1,3600,-46,1654781752508205,1654781752508205,
300833b2ddd9014000030002,1,1,888,-50,1654781752509475,1654781752509475,
300833b2ddd9014000030001,1,1,1632,-50,1654781752512521,1654781752512521,
300833b2ddd9014000030009,1,1,2740,-43,1654781752513890,1654781752513890,
300833b2ddd9014000030002,1,1,868,-51,1654781752515002,1654781752515002,
300833b2ddd9014000030008,1,1,3624,-46,1654781752516764,1654781752516764,
300833b2ddd9014000030001,1,1,1604,-50,1654781752547995,1654781752547995,
300833b2ddd9014000030009,1,1,2732,-43,1654781752549068,1654781752549068,
300833b2ddd9014000030002,1,1,844,-51,1654781752550861,1654781752550861,
300833b2ddd9014000030008,1,1,3624,-46,1654781752552823,1654781752552823,
300833b2ddd9014000030008,1,1,3596,-46,1654781752560035,1654781752560035,
300833b2ddd9014000030001,1,1,1620,-50,1654781752561265,1654781752561265,
300833b2ddd9014000030009,1,1,2752,-43,1654781752562823,1654781752562823,
300833b2ddd9014000030002,1,1,884,-51,1654781752564286,1654781752564286,
300833b2ddd9014000030009,1,1,2748,-43,1654781752594118,1654781752594118,
300833b2ddd9014000030002,1,1,836,-51,1654781752595443,1654781752595443,
300833b2ddd9014000030008,1,1,3628,-46,1654781752596769,1654781752596769,
300833b2ddd9014000030001,1,1,1620,-49,1654781752598978,1654781752598978,
300833b2ddd9014000030009,1,1,2756,-43,1654781752602864,1654781752602864,
300833b2ddd9014000030002,1,1,816,-50,1654781752603923,1654781752603923,
300833b2ddd9014000030008,1,1,3608,-46,1654781752605276,1654781752605276,
300833b2ddd9014000030001,1,1,1608,-50,1654781752606620,1654781752606620,
300833b2ddd9014000030008,1,1,3608,-46,1654781752857802,1654781752857802,
300833b2ddd9014000030009,1,1,2748,-43,1654781752859128,1654781752859128,
300833b2ddd9014000030001,1,1,1612,-49,1654781752861147,1654781752861147,
300833b2ddd9014000030001,1,1,1612,-50,1654781752865722,1654781752865722,
300833b2ddd9014000030009,1,1,2772,-43,1654781752866821,1654781752866821,
300833b2ddd9014000030002,1,1,856,-50,1654781752867892,1654781752867892,
300833b2ddd9014000030008,1,1,3608,-46,1654781752869712,1654781752869712,
300833b2ddd9014000030001,1,1,1584,-49,1654781752903258,1654781752903258,
300833b2ddd9014000030008,1,1,3608,-46,1654781752904471,1654781752904471,
300833b2ddd9014000030002,1,1,836,-51,1654781752905512,1654781752905512,
300833b2ddd9014000030009,1,1,2764,-43,1654781752906806,1654781752906806,
300833b2ddd9014000030009,1,1,2744,-43,1654781752910417,1654781752910417,
300833b2ddd9014000030002,1,1,832,-51,1654781752912081,1654781752912081,
300833b2ddd9014000030008,1,1,3604,-46,1654781752913150,1654781752913150,
300833b2ddd9014000030001,1,1,1628,-50,1654781752914830,1654781752914830,
300833b2ddd9014000030002,1,1,844,-50,1654781752945112,1654781752945112,
300833b2ddd9014000030001,1,1,1612,-50,1654781752946980,1654781752946980,
300833b2ddd9014000030008,1,1,3612,-46,1654781752948687,1654781752948687,
300833b2ddd9014000030009,1,1,2756,-43,1654781752949758,1654781752949758,
300833b2ddd9014000030001,1,1,1604,-49,1654781752953016,1654781752953016,
300833b2ddd9014000030002,1,1,844,-51,1654781752954074,1654781752954074,
300833b2ddd9014000030008,1,1,3592,-46,1654781752955625,1654781752955625,
300833b2ddd9014000030009,1,1,2752,-43,1654781752956723,1654781752956723,
300833b2ddd9014000030002,1,1,844,-51,1654781752987983,1654781752987983,
300833b2ddd9014000030009,1,1,2764,-43,1654781752989322,1654781752989322,
300833b2ddd9014000030001,1,1,1596,-50,1654781752992050,1654781752992050,
300833b2ddd9014000030008,1,1,3608,-46,1654781752993433,1654781752993433,
300833b2ddd9014000030009,1,1,2760,-43,1654781752996806,1654781752996806,
300833b2ddd9014000030008,1,1,3620,-46,1654781752998757,1654781752998757,
300833b2ddd9014000030001,1,1,1624,-49,1654781753000788,1654781753000788,
300833b2ddd9014000030002,1,1,852,-51,1654781753001912,1654781753001912,
300833b2ddd9014000030002,1,1,832,-50,1654781753032424,1654781753032424,
300833b2ddd9014000030001,1,1,1600,-50,1654781753033510,1654781753033510,
300833b2ddd9014000030009,1,1,2760,-43,1654781753034608,1654781753034608,
300833b2ddd9014000030008,1,1,3628,-46,1654781753036161,1654781753036161,
300833b2ddd9014000030009,1,1,2756,-43,1654781753040671,1654781753040671,
300833b2ddd9014000030001,1,1,1592,-49,1654781753042013,1654781753042013,
300833b2ddd9014000030002,1,1,844,-50,1654781753043309,1654781753043309,
300833b2ddd9014000030008,1,1,3600,-46,1654781753045246,1654781753045246,
300833b2ddd9014000030008,1,1,3620,-46,1654781753076285,1654781753076285,
300833b2ddd9014000030001,1,1,1612,-50,1654781753077376,1654781753077376,
300833b2ddd9014000030009,1,1,2748,-43,1654781753079184,1654781753079184,
300833b2ddd9014000030002,1,1,848,-50,1654781753081517,1654781753081517,
300833b2ddd9014000030009,1,1,2772,-43,1654781753085024,1654781753085024,
300833b2ddd9014000030008,1,1,3624,-46,1654781753086704,1654781753086704,
300833b2ddd9014000030002,1,1,844,-51,1654781753087743,1654781753087743,
300833b2ddd9014000030001,1,1,1596,-50,1654781753088804,1654781753088804,
300833b2ddd9014000030009,1,1,2764,-43,1654781753119132,1654781753119132,
300833b2ddd9014000030002,1,1,844,-50,1654781753120458,1654781753120458,
300833b2ddd9014000030001,1,1,1632,-49,1654781753122494,1654781753122494,
300833b2ddd9014000030008,1,1,3628,-46,1654781753123690,1654781753123690,
300833b2ddd9014000030002,1,1,840,-50,1654781753127748,1654781753127748,
300833b2ddd9014000030009,1,1,2748,-43,1654781753129058,1654781753129058,
300833b2ddd9014000030001,1,1,1600,-50,1654781753130344,1654781753130344,
300833b2ddd9014000030008,1,1,3624,-46,1654781753131483,1654781753131483,
300833b2ddd9014000030008,1,1,3628,-46,1654781753163276,1654781753163276,
300833b2ddd9014000030009,1,1,2740,-43,1654781753164589,1654781753164589,
300833b2ddd9014000030001,1,1,1612,-50,1654781753166398,1654781753166398,
300833b2ddd9014000030002,1,1,820,-51,1654781753167867,1654781753167867,
300833b2ddd9014000030009,1,1,2768,-43,1654781753172486,1654781753172486,
300833b2ddd9014000030002,1,1,872,-51,1654781753176211,1654781753176211,
300833b2ddd9014000030008,1,1,3636,-46,1654781753177424,1654781753177424,
300833b2ddd9014000030001,1,1,1608,-49,1654781753178963,1654781753178963,
300833b2ddd9014000030009,1,1,2764,-43,1654781753209375,1654781753209375,
300833b2ddd9014000030008,1,1,3628,-46,1654781753211601,1654781753211601,
300833b2ddd9014000030001,1,1,1604,-50,1654781753212674,1654781753212674,
300833b2ddd9014000030002,1,1,860,-51,1654781753214367,1654781753214367,
300833b2ddd9014000030002,1,1,860,-50,1654781753217464,1654781753217464,
300833b2ddd9014000030009,1,1,2748,-43,1654781753218565,1654781753218565,
300833b2ddd9014000030001,1,1,1608,-49,1654781753219919,1654781753219919,
300833b2ddd9014000030008,1,1,3636,-46,1654781753221258,1654781753221258,
300833b2ddd9014000030008,1,1,3612,-46,1654781753252734,1654781753252734,
300833b2ddd9014000030009,1,1,2752,-43,1654781753255153,1654781753255153,
300833b2ddd9014000030001,1,1,1600,-49,1654781753256226,1654781753256226,
300833b2ddd9014000030002,1,1,852,-51,1654781753257439,1654781753257439,
300833b2ddd9014000030008,1,1,3624,-46,1654781753264947,1654781753264947,
300833b2ddd9014000030009,1,1,2756,-43,1654781753266088,1654781753266088,
300833b2ddd9014000030002,1,1,852,-51,1654781753267921,1654781753267921,
300833b2ddd9014000030001,1,1,1616,-49,1654781753269024,1654781753269024,
300833b2ddd9014000030009,1,1,2752,-43,1654781753301626,1654781753301626,
300833b2ddd9014000030008,1,1,3616,-46,1654781753302737,1654781753302737,
300833b2ddd9014000030001,1,1,1592,-49,1654781753303853,1654781753303853,
300833b2ddd9014000030002,1,1,828,-51,1654781753306282,1654781753306282,
300833b2ddd9014000030001,1,1,1608,-50,1654781753312403,1654781753312403,
300833b2ddd9014000030008,1,1,3620,-46,1654781753313603,1654781753313603,
300833b2ddd9014000030002,1,1,864,-50,1654781753314730,1654781753314730,
300833b2ddd9014000030009,1,1,2748,-43,1654781753316027,1654781753316027,
300833b2ddd9014000030008,1,1,3624,-46,1654781753352845,1654781753352845,
300833b2ddd9014000030009,1,1,2752,-43,1654781753354831,1654781753354831,
300833b2ddd9014000030002,1,1,828,-51,1654781753355931,1654781753355931,
300833b2ddd9014000030001,1,1,1592,-50,1654781753356990,1654781753356990,
300833b2ddd9014000030002,1,1,848,-51,1654781753361320,1654781753361320,
300833b2ddd9014000030009,1,1,2752,-43,1654781753363015,1654781753363015,
300833b2ddd9014000030008,1,1,3628,-46,1654781753364729,1654781753364729,
300833b2ddd9014000030001,1,1,1596,-50,1654781753366174,1654781753366174,
300833b2ddd9014000030009,1,1,2772,-43,1654781753397097,1654781753397097,
300833b2ddd9014000030001,1,1,1580,-50,1654781753399038,1654781753399038,
300833b2ddd9014000030008,1,1,3620,-46,1654781753400661,1654781753400661,
300833b2ddd9014000030002,1,1,852,-51,1654781753401886,1654781753401886,
300833b2ddd9014000030008,1,1,3624,-46,1654781753404883,1654781753404883,
300833b2ddd9014000030001,1,1,1592,-50,1654781753406242,1654781753406242,
300833b2ddd9014000030002,1,1,856,-51,1654781753407566,1654781753407566,
300833b2ddd9014000030009,1,1,2760,-43,1654781753409177,1654781753409177,
300833b2ddd9014000030002,1,1,836,-51,1654781753440915,1654781753440915,
300833b2ddd9014000030009,1,1,2760,-43,1654781753442660,1654781753442660,
300833b2ddd9014000030008,1,1,3628,-46,1654781753445494,1654781753445494,
300833b2ddd9014000030001,1,1,1608,-49,1654781753446684,1654781753446684,
300833b2ddd9014000030008,1,1,3628,-46,1654781753450007,1654781753450007,
300833b2ddd9014000030009,1,1,2764,-43,1654781753451585,1654781753451585,
300833b2ddd9014000030001,1,1,1600,-50,1654781753452911,1654781753452911,
300833b2ddd9014000030002,1,1,852,-51,1654781753454595,1654781753454595,
300833b2ddd9014000030009,1,1,2760,-43,1654781753484344,1654781753484344,
300833b2ddd9014000030001,1,1,1604,-50,1654781753485970,1654781753485970,
300833b2ddd9014000030008,1,1,3624,-46,1654781753487025,1654781753487025,
300833b2ddd9014000030002,1,1,852,-51,1654781753488606,1654781753488606,
300833b2ddd9014000030008,1,1,3640,-46,1654781753493332,1654781753493332,
300833b2ddd9014000030001,1,1,1608,-50,1654781753494392,1654781753494392,
300833b2ddd9014000030009,1,1,2760,-43,1654781753495690,1654781753495690,
300833b2ddd9014000030002,1,1,876,-51,1654781753497882,1654781753497882,
300833b2ddd9014000030001,1,1,1588,-50,1654781753528590,1654781753528590,
300833b2ddd9014000030008,1,1,3644,-46,1654781753529929,1654781753529929,
300833b2ddd9014000030009,1,1,2760,-43,1654781753531253,1654781753531253,
300833b2ddd9014000030002,1,1,880,-51,1654781753533429,1654781753533429,
300833b2ddd9014000030001,1,1,1600,-50,1654781753537609,1654781753537609,
300833b2ddd9014000030009,1,1,2748,-43,1654781753539291,1654781753539291,
300833b2ddd9014000030008,1,1,3636,-46,1654781753540359,1654781753540359,
300833b2ddd9014000030002,1,1,856,-51,1654781753541727,1654781753541727,
300833b2ddd9014000030001,1,1,1608,-50,1654781753572396,1654781753572396,
300833b2ddd9014000030009,1,1,2760,-43,1654781753573722,1654781753573722,
300833b2ddd9014000030008,1,1,3632,-46,1654781753575047,1654781753575047,
300833b2ddd9014000030002,1,1,844,-51,1654781753576372,1654781753576372,
300833b2ddd9014000030009,1,1,2772,-43,1654781753580619,1654781753580619,
300833b2ddd9014000030002,1,1,852,-51,1654781753581760,1654781753581760,
300833b2ddd9014000030008,1,1,3644,-46,1654781753583821,1654781753583821,
300833b2ddd9014000030001,1,1,1596,-49,1654781753585747,1654781753585747,
300833b2ddd9014000030009,1,1,2768,-43,1654781753616575,1654781753616575,
300833b2ddd9014000030002,1,1,872,-50,1654781753617744,1654781753617744,
300833b2ddd9014000030001,1,1,1612,-49,1654781753618830,1654781753618830,
300833b2ddd9014000030008,1,1,3636,-46,1654781753619900,1654781753619900,
300833b2ddd9014000030001,1,1,1620,-49,1654781753624878,1654781753624878,
300833b2ddd9014000030008,1,1,3640,-46,1654781753626484,1654781753626484,
300833b2ddd9014000030009,1,1,2784,-43,1654781753627528,1654781753627528,
300833b2ddd9014000030002,1,1,868,-51,1654781753628896,1654781753628896,
300833b2ddd9014000030002,1,1,868,-51,1654781753660768,1654781753660768,
300833b2ddd9014000030009,1,1,2768,-43,1654781753661868,1654781753661868,
300833b2ddd9014000030008,1,1,3640,-46,1654781753663207,1654781753663207,
300833b2ddd9014000030001,1,1,1604,-49,1654781753664922,1654781753664922,
300833b2ddd9014000030009,1,1,2768,-43,1654781753669038,1654781753669038,
300833b2ddd9014000030008,1,1,3628,-46,1654781753670363,1654781753670363,
300833b2ddd9014000030002,1,1,856,-51,1654781753671717,1654781753671717,
300833b2ddd9014000030001,1,1,1588,-50,1654781753673991,1654781753673991,
300833b2ddd9014000030009,1,1,2772,-43,1654781753705111,1654781753705111,
300833b2ddd9014000030002,1,1,856,-51,1654781753706195,1654781753706195,
300833b2ddd9014000030008,1,1,3640,-46,1654781753707321,1654781753707321,
300833b2ddd9014000030001,1,1,1616,-49,1654781753709117,1654781753709117,
300833b2ddd9014000030002,1,1,856,-51,1654781753713410,1654781753713410,
300833b2ddd9014000030008,1,1,3632,-46,1654781753714764,1654781753714764,
300833b2ddd9014000030001,1,1,1588,-49,1654781753715851,1654781753715851,
300833b2ddd9014000030009,1,1,2760,-43,1654781753717659,1654781753717659,
300833b2ddd9014000030002,1,1,852,-51,1654781753749187,1654781753749187,
300833b2ddd9014000030009,1,1,2760,-43,1654781753751380,1654781753751380,
300833b2ddd9014000030008,1,1,3644,-46,1654781753752435,1654781753752435,
300833b2ddd9014000030001,1,1,1616,-49,1654781753753622,1654781753753622,
300833b2ddd9014000030008,1,1,3636,-46,1654781753756618,1654781753756618,
300833b2ddd9014000030002,1,1,852,-51,1654781753757688,1654781753757688,
300833b2ddd9014000030009,1,1,2764,-43,1654781753758758,1654781753758758,
300833b2ddd9014000030001,1,1,1612,-50,1654781753761410,1654781753761410,