epc,atenda,atendanum,phase,RSS,timestamp,timestamp2,
300833b2ddd9014000030008,1,1,3356,-43,1654781560080972,1654781560080972,
300833b2ddd9014000030009,1,1,2968,-46,1654781560082707,1654781560082707,
300833b2ddd9014000030002,1,1,364,-48,1654781560084003,1654781560084003,
300833b2ddd9014000030001,1,1,1792,-64,1654781560085759,1654781560085759,
300833b2ddd9014000030001,1,1,1716,-64,1654781560089727,1654781560089727,
300833b2ddd9014000030008,1,1,3368,-43,1654781560090781,1654781560090781,
300833b2ddd9014000030002,1,1,360,-49,1654781560091805,1654781560091805,
300833b2ddd9014000030009,1,1,2964,-46,1654781560092836,1654781560092836,
300833b2ddd9014000030002,1,1,392,-49,1654781560123237,1654781560123237,
300833b2ddd9014000030001,1,1,1668,-65,1654781560124312,1654781560124312,
300833b2ddd9014000030009,1,1,2924,-46,1654781560127014,1654781560127014,
300833b2ddd9014000030008,1,1,3360,-43,1654781560128038,1654781560128038,
300833b2ddd9014000030001,1,1,1696,-64,1654781560132141,1654781560132141,
300833b2ddd9014000030002,1,1,372,-49,1654781560133930,1654781560133930,
300833b2ddd9014000030008,1,1,3380,-43,1654781560135918,1654781560135918,
300833b2ddd9014000030009,1,1,2932,-46,1654781560137360,1654781560137360,
300833b2ddd9014000030002,1,1,392,-49,1654781560167858,1654781560167858,
300833b2ddd9014000030008,1,1,3372,-43,1654781560169073,1654781560169073,
300833b2ddd9014000030009,1,1,2928,-46,1654781560170173,1654781560170173,
300833b2ddd9014000030001,1,1,1752,-64,1654781560172162,1654781560172162,
300833b2ddd9014000030001,1,1,1720,-64,1654781560175138,1654781560175138,
300833b2ddd9014000030008,1,1,3368,-43,1654781560177057,1654781560177057,
300833b2ddd9014000030009,1,1,2944,-46,1654781560178172,1654781560178172,
300833b2ddd9014000030002,1,1,348,-49,1654781560179882,1654781560179882,
300833b2ddd9014000030008,1,1,3372,-43,1654781560209560,1654781560209560,
300833b2ddd9014000030009,1,1,2932,-46,1654781560210882,1654781560210882,
300833b2ddd9014000030001,1,1,1764,-64,1654781560213861,1654781560213861,
300833b2ddd9014000030002,1,1,360,-49,1654781560214959,1654781560214959,
300833b2ddd9014000030001,1,1,1684,-64,1654781560218310,1654781560218310,
300833b2ddd9014000030008,1,1,3364,-43,1654781560219364,1654781560219364,
300833b2ddd9014000030009,1,1,2924,-46,1654781560220479,1654781560220479,
300833b2ddd9014000030002,1,1,400,-49,1654781560221800,1654781560221800,
300833b2ddd9014000030001,1,1,1740,-62,1654781560261325,1654781560261325,
300833b2ddd9014000030008,1,1,3368,-43,1654781560262592,1654781560262592,
300833b2ddd9014000030009,1,1,2924,-46,1654781560264127,1654781560264127,
300833b2ddd9014000030002,1,1,368,-49,1654781560265200,1654781560265200,
300833b2ddd9014000030009,1,1,2936,-46,1654781560269071,1654781560269071,
300833b2ddd9014000030008,1,1,3372,-43,1654781560270109,1654781560270109,
300833b2ddd9014000030002,1,1,384,-49,1654781560271478,1654781560271478,
300833b2ddd9014000030001,1,1,1632,-62,1654781560272940,1654781560272940,
300833b2ddd9014000030009,1,1,2960,-46,1654781560304301,1654781560304301,
300833b2ddd9014000030008,1,1,3360,-43,1654781560305444,1654781560305444,
300833b2ddd9014000030002,1,1,360,-48,1654781560306542,1654781560306542,
300833b2ddd9014000030008,1,1,3364,-43,1654781560310331,1654781560310331,
300833b2ddd9014000030009,1,1,2920,-46,1654781560311458,1654781560311458,
300833b2ddd9014000030002,1,1,364,-49,1654781560313252,1654781560313252,
300833b2ddd9014000030001,1,1,1828,-63,1654781560315166,1654781560315166,
300833b2ddd9014000030009,1,1,2932,-46,1654781560346440,1654781560346440,
300833b2ddd9014000030008,1,1,3364,-43,1654781560347480,1654781560347480,
300833b2ddd9014000030001,1,1,1812,-62,1654781560349912,1654781560349912,
300833b2ddd9014000030002,1,1,376,-49,1654781560351350,1654781560351350,
300833b2ddd9014000030001,1,1,1708,-63,1654781560355945,1654781560355945,
300833b2ddd9014000030008,1,1,3364,-43,1654781560357651,1654781560357651,
300833b2ddd9014000030009,1,1,2924,-46,1654781560358737,1654781560358737,
300833b2ddd9014000030002,1,1,372,-49,1654781560359822,1654781560359822,
300833b2ddd9014000030002,1,1,372,-49,1654781560390762,1654781560390762,
300833b2ddd9014000030001,1,1,1764,-63,1654781560392097,1654781560392097,
300833b2ddd9014000030008,1,1,3352,-43,1654781560393659,1654781560393659,
300833b2ddd9014000030009,1,1,2944,-46,1654781560394758,1654781560394758,
300833b2ddd9014000030008,1,1,3364,-43,1654781560399260,1654781560399260,
300833b2ddd9014000030002,1,1,384,-49,1654781560401219,1654781560401219,
300833b2ddd9014000030009,1,1,2936,-46,1654781560402304,1654781560402304,
300833b2ddd9014000030001,1,1,1824,-63,1654781560403380,1654781560403380,
300833b2ddd9014000030008,1,1,3360,-43,1654781560437258,1654781560437258,
300833b2ddd9014000030009,1,1,2940,-46,1654781560438810,1654781560438810,
300833b2ddd9014000030001,1,1,1792,-63,1654781560439884,1654781560439884,
300833b2ddd9014000030002,1,1,380,-49,1654781560441207,1654781560441207,
300833b2ddd9014000030008,1,1,3352,-43,1654781560445767,1654781560445767,
300833b2ddd9014000030009,1,1,2928,-46,1654781560447291,1654781560447291,
300833b2ddd9014000030002,1,1,368,-49,1654781560448419,1654781560448419,
300833b2ddd9014000030001,1,1,1820,-63,1654781560449961,1654781560449961,
300833b2ddd9014000030002,1,1,356,-49,1654781560481982,1654781560481982,
300833b2ddd9014000030008,1,1,3368,-43,1654781560483038,1654781560483038,
300833b2ddd9014000030001,1,1,1792,-65,1654781560484368,1654781560484368,
300833b2ddd9014000030009,1,1,2940,-46,1654781560485735,1654781560485735,
300833b2ddd9014000030009,1,1,2916,-46,1654781560490351,1654781560490351,
300833b2ddd9014000030002,1,1,344,-49,1654781560491679,1654781560491679,
300833b2ddd9014000030001,1,1,1840,-64,1654781560493034,1654781560493034,
300833b2ddd9014000030008,1,1,3352,-43,1654781560494414,1654781560494414,
300833b2ddd9014000030008,1,1,3352,-43,1654781560526681,1654781560526681,
300833b2ddd9014000030002,1,1,368,-49,1654781560527779,1654781560527779,
300833b2ddd9014000030009,1,1,2912,-46,1654781560529572,1654781560529572,
300833b2ddd9014000030001,1,1,1836,-64,1654781560531046,1654781560531046,
300833b2ddd9014000030002,1,1,360,-49,1654781560537207,1654781560537207,
300833b2ddd9014000030008,1,1,3348,-43,1654781560538308,1654781560538308,
300833b2ddd9014000030009,1,1,2928,-46,1654781560539534,1654781560539534,
300833b2ddd9014000030001,1,1,1844,-64,1654781560540722,1654781560540722,
300833b2ddd9014000030002,1,1,344,-49,1654781560572508,1654781560572508,
300833b2ddd9014000030009,1,1,2948,-46,1654781560573592,1654781560573592,
300833b2ddd9014000030008,1,1,3368,-43,1654781560575891,1654781560575891,
300833b2ddd9014000030001,1,1,1736,-64,1654781560577127,1654781560577127,
300833b2ddd9014000030009,1,1,2912,-46,1654781560581589,1654781560581589,
300833b2ddd9014000030001,1,1,1932,-64,1654781560583277,1654781560583277,
300833b2ddd9014000030002,1,1,360,-49,1654781560584642,1654781560584642,
300833b2ddd9014000030008,1,1,3372,-43,1654781560585742,1654781560585742,
300833b2ddd9014000030002,1,1,356,-49,1654781560617803,1654781560617803,
300833b2ddd9014000030008,1,1,3348,-43,1654781560619485,1654781560619485,
300833b2ddd9014000030009,1,1,2920,-46,1654781560620851,1654781560620851,
300833b2ddd9014000030001,1,1,1816,-64,1654781560622324,1654781560622324,
300833b2ddd9014000030009,1,1,2916,-46,1654781560625286,1654781560625286,
300833b2ddd9014000030002,1,1,348,-49,1654781560626900,1654781560626900,
300833b2ddd9014000030008,1,1,3356,-43,1654781560628479,1654781560628479,
300833b2ddd9014000030001,1,1,1708,-64,1654781560630779,1654781560630779,
300833b2ddd9014000030009,1,1,2916,-46,1654781560660986,1654781560660986,
300833b2ddd9014000030008,1,1,3340,-43,1654781560662098,1654781560662098,
300833b2ddd9014000030002,1,1,348,-49,1654781560663438,1654781560663438,
300833b2ddd9014000030001,1,1,1840,-64,1654781560665378,1654781560665378,
300833b2ddd9014000030001,1,1,1884,-64,1654781560669504,1654781560669504,
300833b2ddd9014000030009,1,1,2920,-46,1654781560671126,1654781560671126,
300833b2ddd9014000030008,1,1,3344,-44,1654781560672211,1654781560672211,
300833b2ddd9014000030002,1,1,348,-49,1654781560673311,1654781560673311,
300833b2ddd9014000030008,1,1,3344,-43,1654781560705202,1654781560705202,
300833b2ddd9014000030001,1,1,1824,-64,1654781560706318,1654781560706318,
300833b2ddd9014000030002,1,1,356,-49,1654781560707686,1654781560707686,
300833b2ddd9014000030009,1,1,2916,-46,1654781560708983,1654781560708983,
300833b2ddd9014000030008,1,1,3356,-43,1654781560713766,1654781560713766,
300833b2ddd9014000030002,1,1,360,-49,1654781560714835,1654781560714835,
300833b2ddd9014000030009,1,1,2924,-46,1654781560715921,1654781560715921,
300833b2ddd9014000030001,1,1,1812,-63,1654781560717236,1654781560717236,
300833b2ddd9014000030002,1,1,388,-49,1654781560749335,1654781560749335,
300833b2ddd9014000030001,1,1,1876,-64,1654781560751800,1654781560751800,
300833b2ddd9014000030008,1,1,3356,-43,1654781560753221,1654781560753221,
300833b2ddd9014000030009,1,1,2920,-46,1654781560754307,1654781560754307,
300833b2ddd9014000030009,1,1,2908,-46,1654781560757315,1654781560757315,
300833b2ddd9014000030002,1,1,352,-49,1654781560758413,1654781560758413,
300833b2ddd9014000030001,1,1,1792,-64,1654781560759771,1654781560759771,
300833b2ddd9014000030008,1,1,3348,-43,1654781560760827,1654781560760827,
300833b2ddd9014000030009,1,1,2908,-46,1654781560795509,1654781560795509,
300833b2ddd9014000030002,1,1,356,-49,1654781560796521,1654781560796521,
300833b2ddd9014000030008,1,1,3360,-43,1654781560797634,1654781560797634,
300833b2ddd9014000030001,1,1,1888,-63,1654781560800089,1654781560800089,
300833b2ddd9014000030008,1,1,3348,-43,1654781560803702,1654781560803702,
300833b2ddd9014000030001,1,1,1820,-64,1654781560805708,1654781560805708,
300833b2ddd9014000030002,1,1,352,-49,1654781560806748,1654781560806748,
300833b2ddd9014000030009,1,1,2932,-46,1654781560808074,1654781560808074,
300833b2ddd9014000030009,1,1,2912,-46,1654781560838817,1654781560838817,
300833b2ddd9014000030008,1,1,3348,-43,1654781560840086,1654781560840086,
300833b2ddd9014000030002,1,1,336,-49,1654781560841142,1654781560841142,
300833b2ddd9014000030001,1,1,1884,-64,1654781560844169,1654781560844169,
300833b2ddd9014000030001,1,1,1796,-64,1654781560846892,1654781560846892,
300833b2ddd9014000030009,1,1,2904,-46,1654781560848247,1654781560848247,
300833b2ddd9014000030002,1,1,364,-49,1654781560849539,1654781560849539,
300833b2ddd9014000030008,1,1,3348,-43,1654781560851037,1654781560851037,
300833b2ddd9014000030008,1,1,3364,-43,1654781560882339,1654781560882339,
300833b2ddd9014000030009,1,1,2908,-46,1654781560883695,1654781560883695,
300833b2ddd9014000030002,1,1,336,-49,1654781560885035,1654781560885035,
300833b2ddd9014000030001,1,1,1764,-63,1654781560887466,1654781560887466,
300833b2ddd9014000030001,1,1,1812,-63,1654781560892589,1654781560892589,
300833b2ddd9014000030009,1,1,2928,-46,1654781560894848,1654781560894848,
300833b2ddd9014000030008,1,1,3344,-44,1654781560896171,1654781560896171,
300833b2ddd9014000030002,1,1,360,-49,1654781560897610,1654781560897610,
300833b2ddd9014000030002,1,1,372,-49,1654781560928084,1654781560928084,
300833b2ddd9014000030008,1,1,3352,-44,1654781560929561,1654781560929561,
300833b2ddd9014000030001,1,1,1748,-63,1654781560930593,1654781560930593,
300833b2ddd9014000030009,1,1,2908,-46,1654781560931706,1654781560931706,
300833b2ddd9014000030001,1,1,1744,-63,1654781560938946,1654781560938946,
300833b2ddd9014000030002,1,1,364,-49,1654781560941094,1654781560941094,
300833b2ddd9014000030009,1,1,2904,-46,1654781560942843,1654781560942843,
300833b2ddd9014000030008,1,1,3348,-43,1654781560943942,1654781560943942,
300833b2ddd9014000030008,1,1,3352,-44,1654781560974823,1654781560974823,
300833b2ddd9014000030002,1,1,368,-49,1654781560976119,1654781560976119,
300833b2ddd9014000030001,1,1,1728,-63,1654781560977609,1654781560977609,
300833b2ddd9014000030009,1,1,2924,-46,1654781560980665,1654781560980665,
300833b2ddd9014000030008,1,1,3356,-44,1654781560982929,1654781560982929,
300833b2ddd9014000030002,1,1,372,-49,1654781560984283,1654781560984283,
300833b2ddd9014000030001,1,1,1756,-63,1654781560985501,1654781560985501,
300833b2ddd9014000030001,1,1,1664,-63,1654781561015532,1654781561015532,
300833b2ddd9014000030009,1,1,2900,-46,1654781561017455,1654781561017455,
300833b2ddd9014000030008,1,1,3340,-43,1654781561019050,1654781561019050,
300833b2ddd9014000030001,1,1,1700,-62,1654781561024273,1654781561024273,
300833b2ddd9014000030008,1,1,3352,-43,1654781561025485,1654781561025485,
300833b2ddd9014000030009,1,1,2920,-46,1654781561026571,1654781561026571,
300833b2ddd9014000030002,1,1,360,-49,1654781561027698,1654781561027698,
300833b2ddd9014000030009,1,1,2900,-46,1654781561058558,1654781561058558,
300833b2ddd9014000030002,1,1,356,-49,1654781561059641,1654781561059641,
300833b2ddd9014000030008,1,1,3352,-44,1654781561060696,1654781561060696,
300833b2ddd9014000030001,1,1,1700,-62,1654781561063990,1654781561063990,
300833b2ddd9014000030008,1,1,3336,-44,1654781561066799,1654781561066799,
300833b2ddd9014000030002,1,1,360,-49,1654781561067910,1654781561067910,
300833b2ddd9014000030009,1,1,2904,-46,1654781561070215,1654781561070215,
300833b2ddd9014000030001,1,1,1740,-62,1654781561071715,1654781561071715,
300833b2ddd9014000030008,1,1,3356,-43,1654781561103313,1654781561103313,
300833b2ddd9014000030001,1,1,1692,-63,1654781561104517,1654781561104517,
300833b2ddd9014000030009,1,1,2904,-46,1654781561106098,1654781561106098,
300833b2ddd9014000030008,1,1,3352,-43,1654781561110864,1654781561110864,
300833b2ddd9014000030009,1,1,2900,-46,1654781561111892,1654781561111892,
300833b2ddd9014000030001,1,1,1700,-63,1654781561112980,1654781561112980,
300833b2ddd9014000030002,1,1,380,-49,1654781561114163,1654781561114163,
300833b2ddd9014000030008,1,1,3320,-44,1654781561144475,1654781561144475,
300833b2ddd9014000030001,1,1,1688,-63,1654781561145790,1654781561145790,
300833b2ddd9014000030009,1,1,2908,-46,1654781561148235,1654781561148235,
300833b2ddd9014000030002,1,1,348,-49,1654781561149576,1654781561149576,
300833b2ddd9014000030009,1,1,2932,-46,1654781561153482,1654781561153482,
300833b2ddd9014000030008,1,1,3368,-43,1654781561154579,1654781561154579,
300833b2ddd9014000030001,1,1,1760,-62,1654781561157267,1654781561157267,
300833b2ddd9014000030002,1,1,356,-49,1654781561158335,1654781561158335,
300833b2ddd9014000030009,1,1,2948,-46,1654781561189456,1654781561189456,
300833b2ddd9014000030001,1,1,1692,-62,1654781561190644,1654781561190644,
300833b2ddd9014000030002,1,1,360,-49,1654781561191997,1654781561191997,
300833b2ddd9014000030008,1,1,3360,-43,1654781561193148,1654781561193148,
300833b2ddd9014000030008,1,1,3348,-43,1654781561196744,1654781561196744,
300833b2ddd9014000030009,1,1,2912,-46,1654781561197828,1654781561197828,
300833b2ddd9014000030002,1,1,352,-50,1654781561198915,1654781561198915,
300833b2ddd9014000030001,1,1,1624,-63,1654781561201110,1654781561201110,
300833b2ddd9014000030008,1,1,3364,-43,1654781561232183,1654781561232183,
300833b2ddd9014000030009,1,1,2928,-46,1654781561233523,1654781561233523,
300833b2ddd9014000030002,1,1,388,-49,1654781561234566,1654781561234566,
300833b2ddd9014000030001,1,1,1728,-64,1654781561237988,1654781561237988,
300833b2ddd9014000030008,1,1,3384,-43,1654781561241555,1654781561241555,
300833b2ddd9014000030001,1,1,1760,-63,1654781561242761,1654781561242761,
300833b2ddd9014000030009,1,1,2948,-46,1654781561243830,1654781561243830,
300833b2ddd9014000030002,1,1,376,-49,1654781561244955,1654781561244955,
300833b2ddd9014000030009,1,1,2924,-46,1654781561275625,1654781561275625,
300833b2ddd9014000030008,1,1,3380,-43,1654781561276723,1654781561276723,
300833b2ddd9014000030002,1,1,376,-49,1654781561277794,1654781561277794,
300833b2ddd9014000030001,1,1,1860,-64,1654781561280331,1654781561280331,
300833b2ddd9014000030009,1,1,2920,-46,1654781561284701,1654781561284701,
300833b2ddd9014000030008,1,1,3352,-43,1654781561285786,1654781561285786,
300833b2ddd9014000030002,1,1,372,-49,1654781561286855,1654781561286855,
300833b2ddd9014000030001,1,1,1704,-64,1654781561289080,1654781561289080,
300833b2ddd9014000030002,1,1,404,-49,1654781561320175,1654781561320175,
300833b2ddd9014000030009,1,1,2924,-46,1654781561322084,1654781561322084,
300833b2ddd9014000030008,1,1,3384,-43,1654781561323153,1654781561323153,
300833b2ddd9014000030001,1,1,1756,-63,1654781561324270,1654781561324270,
300833b2ddd9014000030009,1,1,2920,-46,1654781561328337,1654781561328337,
300833b2ddd9014000030008,1,1,3356,-43,1654781561330300,1654781561330300,
300833b2ddd9014000030002,1,1,376,-49,1654781561331995,1654781561331995,
300833b2ddd9014000030001,1,1,1700,-63,1654781561333270,1654781561333270,
300833b2ddd9014000030009,1,1,2908,-46,1654781561363159,1654781561363159,
300833b2ddd9014000030008,1,1,3380,-43,1654781561364484,1654781561364484,
300833b2ddd9014000030002,1,1,364,-49,1654781561366023,1654781561366023,
300833b2ddd9014000030001,1,1,1868,-63,1654781561367710,1654781561367710,
300833b2ddd9014000030001,1,1,1844,-63,1654781561372052,1654781561372052,
300833b2ddd9014000030009,1,1,2944,-46,1654781561373362,1654781561373362,
300833b2ddd9014000030008,1,1,3380,-43,1654781561374729,1654781561374729,
300833b2ddd9014000030002,1,1,368,-49,1654781561376054,1654781561376054,
300833b2ddd9014000030009,1,1,2944,-46,1654781561407740,1654781561407740,
300833b2ddd9014000030008,1,1,3364,-43,1654781561409206,1654781561409206,
300833b2ddd9014000030002,1,1,392,-49,1654781561410728,1654781561410728,
300833b2ddd9014000030001,1,1,1840,-64,1654781561412233,1654781561412233,
300833b2ddd9014000030001,1,1,1776,-64,1654781561415279,1654781561415279,
300833b2ddd9014000030009,1,1,2936,-46,1654781561416575,1654781561416575,
300833b2ddd9014000030008,1,1,3368,-43,1654781561418340,1654781561418340,
300833b2ddd9014000030002,1,1,364,-49,1654781561419837,1654781561419837,
300833b2ddd9014000030002,1,1,360,-49,1654781561450641,1654781561450641,
300833b2ddd9014000030009,1,1,2960,-46,1654781561452193,1654781561452193,
300833b2ddd9014000030008,1,1,3356,-43,1654781561453757,1654781561453757,
300833b2ddd9014000030001,1,1,1816,-64,1654781561455459,1654781561455459,
300833b2ddd9014000030009,1,1,2928,-46,1654781561459794,1654781561459794,
300833b2ddd9014000030008,1,1,3340,-43,1654781561461745,1654781561461745,
300833b2ddd9014000030002,1,1,388,-49,1654781561462859,1654781561462859,
300833b2ddd9014000030001,1,1,1844,-65,1654781561464078,1654781561464078,
300833b2ddd9014000030008,1,1,3344,-43,1654781561494394,1654781561494394,
300833b2ddd9014000030002,1,1,344,-49,1654781561495691,1654781561495691,
300833b2ddd9014000030001,1,1,1916,-65,1654781561496795,1654781561496795,
300833b2ddd9014000030009,1,1,2896,-46,1654781561498176,1654781561498176,
300833b2ddd9014000030009,1,1,2908,-46,1654781561502656,1654781561502656,
300833b2ddd9014000030001,1,1,1764,-68,1654781561503705,1654781561503705,
300833b2ddd9014000030002,1,1,336,-49,1654781561505227,1654781561505227,
300833b2ddd9014000030008,1,1,3336,-43,1654781561506791,1654781561506791,
300833b2ddd9014000030002,1,1,304,-48,1654781561537966,1654781561537966,
300833b2ddd9014000030009,1,1,2896,-46,1654781561539888,1654781561539888,
300833b2ddd9014000030008,1,1,3324,-43,1654781561541493,1654781561541493,
300833b2ddd9014000030001,1,1,1916,-68,1654781561546304,1654781561546304,
300833b2ddd9014000030008,1,1,3312,-43,1654781561549118,1654781561549118,
300833b2ddd9014000030009,1,1,2872,-45,1654781561550996,1654781561550996,
300833b2ddd9014000030002,1,1,304,-49,1654781561552066,1654781561552066,
300833b2ddd9014000030002,1,1,324,-49,1654781561584567,1654781561584567,
300833b2ddd9014000030008,1,1,3268,-44,1654781561585905,1654781561585905,
300833b2ddd9014000030009,1,1,2832,-45,1654781561586958,1654781561586958,
300833b2ddd9014000030002,1,1,248,-49,1654781561593370,1654781561593370,
300833b2ddd9014000030008,1,1,3252,-44,1654781561595001,1654781561595001,
300833b2ddd9014000030009,1,1,2844,-45,1654781561596199,1654781561596199,
300833b2ddd9014000030001,1,1,1440,-69,1654781561599920,1654781561599920,
300833b2ddd9014000030002,1,1,204,-49,1654781561630371,1654781561630371,
300833b2ddd9014000030008,1,1,3236,-44,1654781561632088,1654781561632088,
300833b2ddd9014000030009,1,1,2776,-45,1654781561639438,1654781561639438,
300833b2ddd9014000030002,1,1,192,-49,1654781561640763,1654781561640763,
300833b2ddd9014000030008,1,1,3244,-43,1654781561642809,1654781561642809,
300833b2ddd9014000030008,1,1,3212,-44,1654781561674956,1654781561674956,
300833b2ddd9014000030009,1,1,2744,-45,1654781561676263,1654781561676263,
300833b2ddd9014000030002,1,1,160,-49,1654781561677745,1654781561677745,
300833b2ddd9014000030008,1,1,3204,-43,1654781561682100,1654781561682100,
300833b2ddd9014000030009,1,1,2748,-45,1654781561683425,1654781561683425,
300833b2ddd9014000030002,1,1,148,-48,1654781561684893,1654781561684893,
300833b2ddd9014000030008,1,1,3172,-43,1654781561715289,1654781561715289,
300833b2ddd9014000030009,1,1,2724,-45,1654781561718195,1654781561718195,
300833b2ddd9014000030002,1,1,152,-49,1654781561721091,1654781561721091,
300833b2ddd9014000030001,1,1,1640,-66,1654781561722582,1654781561722582,
300833b2ddd9014000030002,1,1,128,-49,1654781561726670,1654781561726670,
300833b2ddd9014000030001,1,1,1796,-65,1654781561728634,1654781561728634,
300833b2ddd9014000030009,1,1,2704,-45,1654781561730356,1654781561730356,
300833b2ddd9014000030008,1,1,3172,-44,1654781561731439,1654781561731439,
300833b2ddd9014000030002,1,1,104,-49,1654781561762272,1654781561762272,
300833b2ddd9014000030008,1,1,3156,-43,1654781561763334,1654781561763334,
300833b2ddd9014000030001,1,1,1592,-61,1654781561764679,1654781561764679,
300833b2ddd9014000030009,1,1,2692,-45,1654781561768014,1654781561768014,
300833b2ddd9014000030008,1,1,3148,-43,1654781561769950,1654781561769950,
300833b2ddd9014000030002,1,1,88,-49,1654781561771231,1654781561771231,
300833b2ddd9014000030001,1,1,1860,-60,1654781561772933,1654781561772933,
300833b2ddd9014000030009,1,1,2616,-45,1654781561803506,1654781561803506,
300833b2ddd9014000030001,1,1,1828,-57,1654781561804709,1654781561804709,
300833b2ddd9014000030002,1,1,88,-49,1654781561806273,1654781561806273,
300833b2ddd9014000030001,1,1,1780,-56,1654781561809817,1654781561809817,
300833b2ddd9014000030002,1,1,104,-49,1654781561810958,1654781561810958,
300833b2ddd9014000030009,1,1,2600,-44,1654781561812055,1654781561812055,
300833b2ddd9014000030008,1,1,3132,-44,1654781561813832,1654781561813832,
300833b2ddd9014000030009,1,1,2552,-45,1654781561845331,1654781561845331,
300833b2ddd9014000030001,1,1,1844,-53,1654781561846405,1654781561846405,
300833b2ddd9014000030008,1,1,3120,-44,1654781561847700,1654781561847700,
300833b2ddd9014000030002,1,1,144,-50,1654781561849251,1654781561849251,
300833b2ddd9014000030008,1,1,3092,-45,1654781561853709,1654781561853709,
300833b2ddd9014000030009,1,1,2564,-44,1654781561854778,1654781561854778,
300833b2ddd9014000030002,1,1,140,-50,1654781561857221,1654781561857221,
300833b2ddd9014000030001,1,1,1796,-53,1654781561858262,1654781561858262,
300833b2ddd9014000030008,1,1,3052,-46,1654781561901175,1654781561901175,
300833b2ddd9014000030009,1,1,2520,-44,1654781561902457,1654781561902457,
300833b2ddd9014000030002,1,1,280,-51,1654781561903793,1654781561903793,
300833b2ddd9014000030001,1,1,1708,-50,1654781561905545,1654781561905545,
300833b2ddd9014000030009,1,1,2492,-44,1654781561909671,1654781561909671,
300833b2ddd9014000030001,1,1,1688,-50,1654781561911215,1654781561911215,
300833b2ddd9014000030002,1,1,288,-52,1654781561912312,1654781561912312,
300833b2ddd9014000030008,1,1,3084,-46,1654781561913650,1654781561913650,
300833b2ddd9014000030008,1,1,3132,-46,1654781561945659,1654781561945659,
300833b2ddd9014000030002,1,1,456,-53,1654781561946740,1654781561946740,
300833b2ddd9014000030009,1,1,2496,-44,1654781561947771,1654781561947771,
300833b2ddd9014000030001,1,1,1600,-49,1654781561949296,1654781561949296,
300833b2ddd9014000030008,1,1,3160,-47,1654781561955245,1654781561955245,
300833b2ddd9014000030001,1,1,1588,-48,1654781561956390,1654781561956390,
300833b2ddd9014000030009,1,1,2508,-44,1654781561957489,1654781561957489,
300833b2ddd9014000030002,1,1,576,-54,1654781561960840,1654781561960840,
300833b2ddd9014000030001,1,1,1540,-48,1654781561990646,1654781561990646,
300833b2ddd9014000030008,1,1,3288,-47,1654781561992182,1654781561992182,
300833b2ddd9014000030009,1,1,2556,-44,1654781561993252,1654781561993252,
300833b2ddd9014000030002,1,1,736,-54,1654781561994563,1654781561994563,
300833b2ddd9014000030002,1,1,740,-54,1654781561999044,1654781561999044,
300833b2ddd9014000030001,1,1,1544,-48,1654781562000584,1654781562000584,
300833b2ddd9014000030009,1,1,2576,-44,1654781562002452,1654781562002452,
300833b2ddd9014000030008,1,1,3340,-47,1654781562004143,1654781562004143,
300833b2ddd9014000030002,1,1,932,-54,1654781562034865,1654781562034865,
300833b2ddd9014000030009,1,1,2612,-44,1654781562036475,1654781562036475,
300833b2ddd9014000030001,1,1,1480,-48,1654781562037505,1654781562037505,
300833b2ddd9014000030008,1,1,3428,-48,1654781562038872,1654781562038872,
300833b2ddd9014000030008,1,1,3448,-48,1654781562043339,1654781562043339,
300833b2ddd9014000030002,1,1,948,-55,1654781562044409,1654781562044409,
300833b2ddd9014000030009,1,1,2632,-44,1654781562045932,1654781562045932,
300833b2ddd9014000030001,1,1,1424,-48,1654781562047471,1654781562047471,
300833b2ddd9014000030002,1,1,992,-54,1654781562078792,1654781562078792,
300833b2ddd9014000030008,1,1,3572,-48,1654781562079891,1654781562079891,
300833b2ddd9014000030001,1,1,1420,-48,1654781562081715,1654781562081715,
300833b2ddd9014000030009,1,1,2684,-44,1654781562083069,1654781562083069,
300833b2ddd9014000030009,1,1,2708,-44,1654781562087683,1654781562087683,
300833b2ddd9014000030002,1,1,1020,-53,1654781562089635,1654781562089635,
300833b2ddd9014000030008,1,1,3564,-48,1654781562090745,1654781562090745,
300833b2ddd9014000030001,1,1,1420,-49,1654781562091864,1654781562091864,
300833b2ddd9014000030009,1,1,2712,-44,1654781562122457,1654781562122457,
300833b2ddd9014000030001,1,1,1408,-49,1654781562124156,1654781562124156,
300833b2ddd9014000030002,1,1,1028,-53,1654781562125554,1654781562125554,
300833b2ddd9014000030008,1,1,3588,-48,1654781562126653,1654781562126653,
300833b2ddd9014000030002,1,1,1000,-53,1654781562130079,1654781562130079,
300833b2ddd9014000030001,1,1,1444,-50,1654781562131408,1654781562131408,
300833b2ddd9014000030009,1,1,2720,-44,1654781562132523,1654781562132523,
300833b2ddd9014000030008,1,1,3596,-48,1654781562133860,1654781562133860,
300833b2ddd9014000030008,1,1,3612,-47,1654781562168080,1654781562168080,
300833b2ddd9014000030001,1,1,1432,-50,1654781562170317,1654781562170317,
300833b2ddd9014000030009,1,1,2748,-44,1654781562171433,1654781562171433,
300833b2ddd9014000030002,1,1,988,-52,1654781562172870,1654781562172870,
300833b2ddd9014000030001,1,1,1444,-50,1654781562175882,1654781562175882,
300833b2ddd9014000030009,1,1,2732,-44,1654781562177580,1654781562177580,
300833b2ddd9014000030002,1,1,992,-52,1654781562178634,1654781562178634,
300833b2ddd9014000030008,1,1,3592,-47,1654781562179717,1654781562179717,
300833b2ddd9014000030001,1,1,1484,-50,1654781562210745,1654781562210745,
300833b2ddd9014000030002,1,1,960,-52,1654781562211872,1654781562211872,
300833b2ddd9014000030009,1,1,2740,-43,1654781562213214,1654781562213214,
300833b2ddd9014000030008,1,1,3620,-47,1654781562215151,1654781562215151,
300833b2ddd9014000030009,1,1,2760,-43,1654781562220127,1654781562220127,
300833b2ddd9014000030001,1,1,1480,-50,1654781562221257,1654781562221257,
300833b2ddd9014000030008,1,1,3624,-47,1654781562222526,1654781562222526,
300833b2ddd9014000030002,1,1,936,-51,1654781562223964,1654781562223964,
300833b2ddd9014000030009,1,1,2752,-43,1654781562253733,1654781562253733,
300833b2ddd9014000030001,1,1,1500,-51,1654781562255063,1654781562255063,
300833b2ddd9014000030002,1,1,952,-52,1654781562256147,1654781562256147,
300833b2ddd9014000030008,1,1,3624,-47,1654781562257231,1654781562257231,
300833b2ddd9014000030001,1,1,1484,-50,1654781562262730,1654781562262730,
300833b2ddd9014000030009,1,1,2740,-43,1654781562264426,1654781562264426,
300833b2ddd9014000030002,1,1,916,-52,1654781562265524,1654781562265524,
300833b2ddd9014000030008,1,1,3612,-47,1654781562266548,1654781562266548,
300833b2ddd9014000030002,1,1,956,-51,1654781562296873,1654781562296873,
300833b2ddd9014000030001,1,1,1480,-51,1654781562297962,1654781562297962,
300833b2ddd9014000030008,1,1,3632,-47,1654781562300601,1654781562300601,
300833b2ddd9014000030009,1,1,2748,-43,1654781562301913,1654781562301913,
300833b2ddd9014000030001,1,1,1468,-51,1654781562306053,1654781562306053,
300833b2ddd9014000030009,1,1,2748,-43,1654781562307692,1654781562307692,
300833b2ddd9014000030008,1,1,3620,-47,1654781562309002,1654781562309002,
300833b2ddd9014000030002,1,1,908,-51,1654781562310229,1654781562310229,
300833b2ddd9014000030001,1,1,1480,-50,1654781562340951,1654781562340951,
300833b2ddd9014000030008,1,1,3628,-47,1654781562342147,1654781562342147,
300833b2ddd9014000030002,1,1,936,-51,1654781562343231,1654781562343231,
300833b2ddd9014000030009,1,1,2744,-43,1654781562344331,1654781562344331,
300833b2ddd9014000030009,1,1,2756,-43,1654781562348128,1654781562348128,
300833b2ddd9014000030002,1,1,916,-52,1654781562349876,1654781562349876,
300833b2ddd9014000030008,1,1,3604,-47,1654781562350947,1654781562350947,
300833b2ddd9014000030001,1,1,1504,-50,1654781562352078,1654781562352078,
300833b2ddd9014000030008,1,1,3604,-47,1654781562383836,1654781562383836,
300833b2ddd9014000030002,1,1,960,-52,1654781562385379,1654781562385379,
300833b2ddd9014000030001,1,1,1492,-50,1654781562386465,1654781562386465,
300833b2ddd9014000030009,1,1,2736,-43,1654781562387567,1654781562387567,
300833b2ddd9014000030002,1,1,912,-51,1654781562391401,1654781562391401,
300833b2ddd9014000030008,1,1,3604,-47,1654781562392698,1654781562392698,
300833b2ddd9014000030009,1,1,2752,-43,1654781562393797,1654781562393797,
300833b2ddd9014000030001,1,1,1472,-51,1654781562396886,1654781562396886,
300833b2ddd9014000030002,1,1,940,-52,1654781562427409,1654781562427409,
300833b2ddd9014000030008,1,1,3608,-47,1654781562428621,1654781562428621,
300833b2ddd9014000030009,1,1,2744,-43,1654781562430188,1654781562430188,
300833b2ddd9014000030001,1,1,1492,-50,1654781562431401,1654781562431401,
300833b2ddd9014000030009,1,1,2740,-43,1654781562434621,1654781562434621,
300833b2ddd9014000030001,1,1,1500,-50,1654781562436514,1654781562436514,
300833b2ddd9014000030008,1,1,3620,-47,1654781562437630,1654781562437630,
300833b2ddd9014000030002,1,1,936,-52,1654781562438743,1654781562438743,
300833b2ddd9014000030001,1,1,1508,-50,1654781562469009,1654781562469009,
300833b2ddd9014000030002,1,1,956,-51,1654781562470094,1654781562470094,
300833b2ddd9014000030009,1,1,2748,-43,1654781562471662,1654781562471662,
300833b2ddd9014000030008,1,1,3624,-47,1654781562472718,1654781562472718,
300833b2ddd9014000030008,1,1,3620,-47,1654781562478085,1654781562478085,
300833b2ddd9014000030002,1,1,932,-52,1654781562479241,1654781562479241,
300833b2ddd9014000030009,1,1,2728,-43,1654781562480823,1654781562480823,
300833b2ddd9014000030001,1,1,1476,-50,1654781562482366,1654781562482366,
300833b2ddd9014000030001,1,1,1488,-50,1654781562512545,1654781562512545,
300833b2ddd9014000030009,1,1,2748,-43,1654781562513673,1654781562513673,
300833b2ddd9014000030002,1,1,952,-52,1654781562515508,1654781562515508,
300833b2ddd9014000030008,1,1,3624,-47,1654781562517799,1654781562517799,
300833b2ddd9014000030002,1,1,976,-52,1654781562520843,1654781562520843,
300833b2ddd9014000030009,1,1,2732,-43,1654781562521856,1654781562521856,
300833b2ddd9014000030008,1,1,3640,-47,1654781562522952,1654781562522952,
300833b2ddd9014000030001,1,1,1500,-50,1654781562524533,1654781562524533,
300833b2ddd9014000030009,1,1,2752,-43,1654781562557240,1654781562557240,
300833b2ddd9014000030002,1,1,936,-52,1654781562560847,1654781562560847,
300833b2ddd9014000030001,1,1,1484,-50,1654781562562092,1654781562562092,
300833b2ddd9014000030008,1,1,3656,-47,1654781562563432,1654781562563432,
300833b2ddd9014000030009,1,1,2720,-43,1654781562567046,1654781562567046,
300833b2ddd9014000030008,1,1,3620,-47,1654781562568396,1654781562568396,
300833b2ddd9014000030001,1,1,1492,-50,1654781562571098,1654781562571098,
300833b2ddd9014000030002,1,1,940,-52,1654781562572140,1654781562572140,
300833b2ddd9014000030009,1,1,2736,-43,1654781562603479,1654781562603479,
300833b2ddd9014000030001,1,1,1476,-50,1654781562605642,1654781562605642,
300833b2ddd9014000030008,1,1,3620,-47,1654781562606740,1654781562606740,
300833b2ddd9014000030002,1,1,936,-51,1654781562607938,1654781562607938,
300833b2ddd9014000030002,1,1,940,-51,1654781562611082,1654781562611082,
300833b2ddd9014000030009,1,1,2728,-43,1654781562612182,1654781562612182,
300833b2ddd9014000030001,1,1,1500,-50,1654781562613551,1654781562613551,
300833b2ddd9014000030008,1,1,3624,-47,1654781562614861,1654781562614861,
300833b2ddd9014000030002,1,1,960,-52,1654781562646330,1654781562646330,
300833b2ddd9014000030001,1,1,1524,-50,1654781562647631,1654781562647631,
300833b2ddd9014000030009,1,1,2740,-43,1654781562648969,1654781562648969,
300833b2ddd9014000030008,1,1,3632,-47,1654781562650308,1654781562650308,
300833b2ddd9014000030002,1,1,936,-52,1654781562654769,1654781562654769,
300833b2ddd9014000030008,1,1,3628,-47,1654781562656091,1654781562656091,
300833b2ddd9014000030009,1,1,2744,-43,1654781562657405,1654781562657405,
300833b2ddd9014000030001,1,1,1524,-50,1654781562658960,1654781562658960,
300833b2ddd9014000030002,1,1,956,-51,1654781562690231,1654781562690231,
300833b2ddd9014000030009,1,1,2744,-43,1654781562692207,1654781562692207,
300833b2ddd9014000030008,1,1,3636,-47,1654781562693335,1654781562693335,
300833b2ddd9014000030001,1,1,1500,-50,1654781562694393,1654781562694393,
300833b2ddd9014000030009,1,1,2744,-43,1654781562697723,1654781562697723,
300833b2ddd9014000030008,1,1,3636,-47,1654781562698793,1654781562698793,
300833b2ddd9014000030002,1,1,940,-52,1654781562701487,1654781562701487,
300833b2ddd9014000030001,1,1,1496,-50,1654781562702859,1654781562702859,
300833b2ddd9014000030008,1,1,3636,-47,1654781562733711,1654781562733711,
300833b2ddd9014000030002,1,1,956,-52,1654781562735021,1654781562735021,
300833b2ddd9014000030001,1,1,1500,-50,1654781562736322,1654781562736322,
300833b2ddd9014000030009,1,1,2744,-43,1654781562737649,1654781562737649,
300833b2ddd9014000030008,1,1,3624,-47,1654781562742178,1654781562742178,
300833b2ddd9014000030001,1,1,1492,-50,1654781562743240,1654781562743240,
300833b2ddd9014000030009,1,1,2736,-43,1654781562745288,1654781562745288,
300833b2ddd9014000030002,1,1,928,-52,1654781562747667,1654781562747667,
300833b2ddd9014000030009,1,1,2736,-43,1654781562778149,1654781562778149,
300833b2ddd9014000030008,1,1,3660,-47,1654781562779617,1654781562779617,
300833b2ddd9014000030001,1,1,1504,-50,1654781562784258,1654781562784258,
300833b2ddd9014000030002,1,1,968,-52,1654781562785439,1654781562785439,
300833b2ddd9014000030009,1,1,2728,-43,1654781562789358,1654781562789358,
300833b2ddd9014000030008,1,1,3648,-47,1654781562790426,1654781562790426,
300833b2ddd9014000030001,1,1,1496,-50,1654781562791737,1654781562791737,
300833b2ddd9014000030002,1,1,936,-52,1654781562792911,1654781562792911,
300833b2ddd9014000030002,1,1,936,-52,1654781562823500,1654781562823500,
300833b2ddd9014000030009,1,1,2744,-43,1654781562825423,1654781562825423,
300833b2ddd9014000030008,1,1,3632,-47,1654781562826932,1654781562826932,
300833b2ddd9014000030001,1,1,1476,-50,1654781562827993,1654781562827993,
300833b2ddd9014000030002,1,1,968,-51,1654781562831463,1654781562831463,
300833b2ddd9014000030009,1,1,2736,-43,1654781562832917,1654781562832917,
300833b2ddd9014000030001,1,1,1492,-50,1654781562834637,1654781562834637,
300833b2ddd9014000030008,1,1,3620,-47,1654781562835709,1654781562835709,
300833b2ddd9014000030008,1,1,3636,-47,1654781562865779,1654781562865779,
300833b2ddd9014000030009,1,1,2728,-43,1654781562867723,1654781562867723,
300833b2ddd9014000030001,1,1,1480,-50,1654781562868852,1654781562868852,
300833b2ddd9014000030002,1,1,980,-51,1654781562869921,1654781562869921,
300833b2ddd9014000030009,1,1,2748,-43,1654781562874602,1654781562874602,
300833b2ddd9014000030008,1,1,3644,-47,1654781562875700,1654781562875700,
300833b2ddd9014000030002,1,1,944,-52,1654781562878171,1654781562878171,
300833b2ddd9014000030001,1,1,1500,-50,1654781562879499,1654781562879499,
300833b2ddd9014000030001,1,1,1508,-50,1654781562910092,1654781562910092,
300833b2ddd9014000030009,1,1,2740,-43,1654781562912124,1654781562912124,
300833b2ddd9014000030008,1,1,3628,-47,1654781562914088,1654781562914088,
300833b2ddd9014000030008,1,1,3652,-47,1654781562916998,1654781562916998,
300833b2ddd9014000030009,1,1,2744,-43,1654781562918040,1654781562918040,
300833b2ddd9014000030002,1,1,984,-52,1654781562919788,1654781562919788,
300833b2ddd9014000030001,1,1,1456,-50,1654781562920819,1654781562920819,
300833b2ddd9014000030009,1,1,2732,-43,1654781562952966,1654781562952966,
300833b2ddd9014000030002,1,1,988,-52,1654781562954476,1654781562954476,
300833b2ddd9014000030008,1,1,3624,-47,1654781562956269,1654781562956269,
300833b2ddd9014000030001,1,1,1460,-50,1654781562957328,1654781562957328,
300833b2ddd9014000030009,1,1,2748,-43,1654781562960107,1654781562960107,
300833b2ddd9014000030002,1,1,980,-52,1654781562961192,1654781562961192,
300833b2ddd9014000030008,1,1,3620,-47,1654781562962456,1654781562962456,
300833b2ddd9014000030001,1,1,1444,-50,1654781562963802,1654781562963802,
300833b2ddd9014000030009,1,1,2752,-43,1654781562995989,1654781562995989,
300833b2ddd9014000030002,1,1,992,-52,1654781562997029,1654781562997029,
300833b2ddd9014000030001,1,1,1460,-50,1654781562999699,1654781562999699,
300833b2ddd9014000030008,1,1,3632,-47,1654781563000768,1654781563000768,
300833b2ddd9014000030001,1,1,1452,-50,1654781563007843,1654781563007843,
300833b2ddd9014000030008,1,1,3636,-47,1654781563009055,1654781563009055,
300833b2ddd9014000030009,1,1,2736,-43,1654781563010395,1654781563010395,
300833b2ddd9014000030002,1,1,1016,-52,1654781563011906,1654781563011906,
300833b2ddd9014000030002,1,1,1000,-52,1654781563042206,1654781563042206,
300833b2ddd9014000030008,1,1,3632,-47,1654781563043305,1654781563043305,
300833b2ddd9014000030009,1,1,2744,-43,1654781563044661,1654781563044661,
300833b2ddd9014000030001,1,1,1452,-50,1654781563046229,1654781563046229,
300833b2ddd9014000030008,1,1,3636,-47,1654781563050708,1654781563050708,
300833b2ddd9014000030002,1,1,992,-52,1654781563051791,1654781563051791,
300833b2ddd9014000030009,1,1,2732,-43,1654781563052835,1654781563052835,
300833b2ddd9014000030001,1,1,1464,-50,1654781563054446,1654781563054446,
300833b2ddd9014000030009,1,1,2744,-43,1654781563086150,1654781563086150,
300833b2ddd9014000030008,1,1,3628,-47,1654781563087486,1654781563087486,
300833b2ddd9014000030001,1,1,1448,-50,1654781563088817,1654781563088817,
300833b2ddd9014000030002,1,1,1000,-52,1654781563091682,1654781563091682,
300833b2ddd9014000030001,1,1,1468,-50,1654781563094978,1654781563094978,
300833b2ddd9014000030008,1,1,3636,-47,1654781563096019,1654781563096019,
300833b2ddd9014000030002,1,1,1008,-52,1654781563097300,1654781563097300,
300833b2ddd9014000030009,1,1,2740,-43,1654781563098897,1654781563098897,
300833b2ddd9014000030002,1,1,1008,-52,1654781563132625,1654781563132625,
300833b2ddd9014000030009,1,1,2756,-43,1654781563133683,1654781563133683,
300833b2ddd9014000030001,1,1,1456,-50,1654781563134928,1654781563134928,
300833b2ddd9014000030008,1,1,3632,-47,1654781563136025,1654781563136025,
300833b2ddd9014000030008,1,1,3628,-47,1654781563139581,1654781563139581,
300833b2ddd9014000030009,1,1,2752,-43,1654781563141306,1654781563141306,
300833b2ddd9014000030001,1,1,1468,-50,1654781563143128,1654781563143128,
300833b2ddd9014000030002,1,1,968,-52,1654781563144326,1654781563144326,
300833b2ddd9014000030008,1,1,3632,-47,1654781563174107,1654781563174107,
300833b2ddd9014000030001,1,1,1440,-50,1654781563176233,1654781563176233,
300833b2ddd9014000030009,1,1,2744,-43,1654781563177331,1654781563177331,
300833b2ddd9014000030009,1,1,2740,-43,1654781563182442,1654781563182442,
300833b2ddd9014000030002,1,1,952,-52,1654781563183468,1654781563183468,
300833b2ddd9014000030008,1,1,3628,-47,1654781563185805,1654781563185805,
300833b2ddd9014000030001,1,1,1472,-50,1654781563186881,1654781563186881,
300833b2ddd9014000030009,1,1,2736,-43,1654781563216593,1654781563216593,
300833b2ddd9014000030008,1,1,3628,-47,1654781563217675,1654781563217675,
300833b2ddd9014000030002,1,1,960,-52,1654781563219043,1654781563219043,
300833b2ddd9014000030001,1,1,1440,-50,1654781563220357,1654781563220357,
300833b2ddd9014000030009,1,1,2756,-43,1654781563225636,1654781563225636,
300833b2ddd9014000030002,1,1,988,-52,1654781563226749,1654781563226749,
300833b2ddd9014000030001,1,1,1440,-50,1654781563229142,1654781563229142,
300833b2ddd9014000030008,1,1,3628,-47,1654781563230268,1654781563230268,
300833b2ddd9014000030009,1,1,2732,-43,1654781563262468,1654781563262468,
300833b2ddd9014000030001,1,1,1444,-50,1654781563263542,1654781563263542,
300833b2ddd9014000030008,1,1,3628,-47,1654781563264980,1654781563264980,
300833b2ddd9014000030001,1,1,1432,-50,1654781563267742,1654781563267742,
300833b2ddd9014000030009,1,1,2728,-43,1654781563269068,1654781563269068,
300833b2ddd9014000030008,1,1,3632,-47,1654781563270875,1654781563270875,
300833b2ddd9014000030002,1,1,988,-52,1654781563272626,1654781563272626,
300833b2ddd9014000030008,1,1,3612,-47,1654781563303709,1654781563303709,
300833b2ddd9014000030009,1,1,2748,-43,1654781563305049,1654781563305049,
300833b2ddd9014000030002,1,1,948,-52,1654781563307250,1654781563307250,
300833b2ddd9014000030001,1,1,1444,-50,1654781563308862,1654781563308862,
300833b2ddd9014000030009,1,1,2740,-43,1654781563312209,1654781563312209,
300833b2ddd9014000030008,1,1,3624,-47,1654781563313263,1654781563313263,
300833b2ddd9014000030001,1,1,1436,-50,1654781563314848,1654781563314848,
300833b2ddd9014000030002,1,1,968,-52,1654781563316174,1654781563316174,
300833b2ddd9014000030001,1,1,1456,-50,1654781563347610,1654781563347610,
300833b2ddd9014000030002,1,1,992,-52,1654781563348935,1654781563348935,
300833b2ddd9014000030009,1,1,2728,-43,1654781563350519,1654781563350519,
300833b2ddd9014000030008,1,1,3616,-47,1654781563352480,1654781563352480,
300833b2ddd9014000030008,1,1,3628,-47,1654781563357078,1654781563357078,
300833b2ddd9014000030001,1,1,1456,-50,1654781563358309,1654781563358309,
300833b2ddd9014000030009,1,1,2736,-43,1654781563359592,1654781563359592,
300833b2ddd9014000030002,1,1,972,-52,1654781563361032,1654781563361032,
300833b2ddd9014000030001,1,1,1468,-50,1654781563392672,1654781563392672,
300833b2ddd9014000030009,1,1,2736,-43,1654781563393998,1654781563393998,
300833b2ddd9014000030008,1,1,3628,-47,1654781563395111,1654781563395111,
300833b2ddd9014000030002,1,1,1024,-52,1654781563396621,1654781563396621,
300833b2ddd9014000030009,1,1,2732,-43,1654781563399623,1654781563399623,
300833b2ddd9014000030001,1,1,1460,-50,1654781563401869,1654781563401869,
300833b2ddd9014000030008,1,1,3624,-47,1654781563402948,1654781563402948,
300833b2ddd9014000030002,1,1,1020,-52,1654781563404403,1654781563404403,
300833b2ddd9014000030002,1,1,1024,-52,1654781563434850,1654781563434850,
300833b2ddd9014000030008,1,1,3636,-47,1654781563436317,1654781563436317,
300833b2ddd9014000030001,1,1,1460,-50,1654781563437673,1654781563437673,
300833b2ddd9014000030009,1,1,2720,-43,1654781563441010,1654781563441010,
300833b2ddd9014000030001,1,1,1456,-50,1654781563442580,1654781563442580,
300833b2ddd9014000030008,1,1,3620,-47,1654781563443889,1654781563443889,
300833b2ddd9014000030002,1,1,1020,-52,1654781563446406,1654781563446406,
300833b2ddd9014000030008,1,1,3624,-47,1654781563476422,1654781563476422,
300833b2ddd9014000030009,1,1,2732,-43,1654781563477507,1654781563477507,
300833b2ddd9014000030001,1,1,1456,-50,1654781563478596,1654781563478596,
300833b2ddd9014000030002,1,1,1024,-52,1654781563479691,1654781563479691,