epc,atenda,atendanum,phase,RSS,timestamp,timestamp2,
300833b2ddd9014000030008,1,1,3444,-43,1654781914476648,1654781914476648,
300833b2ddd9014000030002,1,1,420,-48,1654781914477761,1654781914477761,
300833b2ddd9014000030009,1,1,2960,-47,1654781914478816,1654781914478816,
300833b2ddd9014000030001,1,1,1216,-62,1654781914480062,1654781914480062,
300833b2ddd9014000030002,1,1,444,-48,1654781914510758,1654781914510758,
300833b2ddd9014000030001,1,1,1184,-62,1654781914512488,1654781914512488,
300833b2ddd9014000030001,1,1,1236,-62,1654781914517166,1654781914517166,
300833b2ddd9014000030008,1,1,3456,-43,1654781914518571,1654781914518571,
300833b2ddd9014000030002,1,1,440,-48,1654781914519671,1654781914519671,
300833b2ddd9014000030009,1,1,2960,-47,1654781914551497,1654781914551497,
300833b2ddd9014000030008,1,1,3444,-43,1654781914552895,1654781914552895,
300833b2ddd9014000030002,1,1,428,-48,1654781914554363,1654781914554363,
300833b2ddd9014000030009,1,1,2972,-47,1654781914557091,1654781914557091,
300833b2ddd9014000030008,1,1,3444,-43,1654781914558401,1654781914558401,
300833b2ddd9014000030001,1,1,1232,-63,1654781914560225,1654781914560225,
300833b2ddd9014000030002,1,1,424,-48,1654781914561680,1654781914561680,
300833b2ddd9014000030002,1,1,448,-48,1654781914593237,1654781914593237,
300833b2ddd9014000030008,1,1,3440,-43,1654781914595610,1654781914595610,
300833b2ddd9014000030009,1,1,2972,-47,1654781914596651,1654781914596651,
300833b2ddd9014000030001,1,1,1268,-62,1654781914597892,1654781914597892,
300833b2ddd9014000030008,1,1,3448,-43,1654781914600893,1654781914600893,
300833b2ddd9014000030002,1,1,468,-48,1654781914602248,1654781914602248,
300833b2ddd9014000030001,1,1,1240,-62,1654781914603352,1654781914603352,
300833b2ddd9014000030009,1,1,2936,-47,1654781914604421,1654781914604421,
300833b2ddd9014000030008,1,1,3436,-43,1654781914637196,1654781914637196,
300833b2ddd9014000030009,1,1,2948,-47,1654781914638251,1654781914638251,
300833b2ddd9014000030001,1,1,1196,-62,1654781914639340,1654781914639340,
300833b2ddd9014000030002,1,1,460,-48,1654781914641585,1654781914641585,
300833b2ddd9014000030009,1,1,2988,-47,1654781914645834,1654781914645834,
300833b2ddd9014000030008,1,1,3460,-43,1654781914646973,1654781914646973,
300833b2ddd9014000030002,1,1,420,-48,1654781914648304,1654781914648304,
300833b2ddd9014000030001,1,1,1284,-63,1654781914650975,1654781914650975,
300833b2ddd9014000030008,1,1,3452,-43,1654781914682152,1654781914682152,
300833b2ddd9014000030009,1,1,2980,-47,1654781914683236,1654781914683236,
300833b2ddd9014000030002,1,1,432,-48,1654781914684322,1654781914684322,
300833b2ddd9014000030001,1,1,1308,-63,1654781914686760,1654781914686760,
300833b2ddd9014000030001,1,1,1256,-63,1654781914691500,1654781914691500,
300833b2ddd9014000030008,1,1,3444,-43,1654781914692778,1654781914692778,
300833b2ddd9014000030002,1,1,456,-49,1654781914693820,1654781914693820,
300833b2ddd9014000030009,1,1,2956,-47,1654781914695273,1654781914695273,
300833b2ddd9014000030002,1,1,436,-48,1654781914725433,1654781914725433,
300833b2ddd9014000030001,1,1,1108,-62,1654781914727379,1654781914727379,
300833b2ddd9014000030008,1,1,3464,-43,1654781914728457,1654781914728457,
300833b2ddd9014000030009,1,1,2956,-47,1654781914729530,1654781914729530,
300833b2ddd9014000030009,1,1,2976,-47,1654781914734040,1654781914734040,
300833b2ddd9014000030008,1,1,3440,-43,1654781914735109,1654781914735109,
300833b2ddd9014000030001,1,1,1240,-62,1654781914736213,1654781914736213,
300833b2ddd9014000030002,1,1,436,-48,1654781914737295,1654781914737295,
300833b2ddd9014000030002,1,1,448,-48,1654781914767634,1654781914767634,
300833b2ddd9014000030009,1,1,2952,-47,1654781914769799,1654781914769799,
300833b2ddd9014000030001,1,1,1200,-62,1654781914770887,1654781914770887,
300833b2ddd9014000030008,1,1,3460,-43,1654781914771999,1654781914771999,
300833b2ddd9014000030001,1,1,1060,-63,1654781914775586,1654781914775586,
300833b2ddd9014000030009,1,1,2972,-47,1654781914777520,1654781914777520,
300833b2ddd9014000030002,1,1,460,-48,1654781914778606,1654781914778606,
300833b2ddd9014000030008,1,1,3440,-43,1654781914779660,1654781914779660,
300833b2ddd9014000030008,1,1,3440,-43,1654781914810720,1654781914810720,
300833b2ddd9014000030009,1,1,2996,-47,1654781914813107,1654781914813107,
300833b2ddd9014000030002,1,1,432,-48,1654781914814307,1654781914814307,
300833b2ddd9014000030001,1,1,1212,-61,1654781914815512,1654781914815512,
300833b2ddd9014000030009,1,1,2992,-47,1654781914818744,1654781914818744,
300833b2ddd9014000030002,1,1,436,-48,1654781914819856,1654781914819856,
300833b2ddd9014000030008,1,1,3432,-43,1654781914820967,1654781914820967,
300833b2ddd9014000030001,1,1,1280,-62,1654781914822101,1654781914822101,
300833b2ddd9014000030009,1,1,2972,-47,1654781914854045,1654781914854045,
300833b2ddd9014000030001,1,1,1400,-61,1654781914855403,1654781914855403,
300833b2ddd9014000030008,1,1,3456,-43,1654781914856427,1654781914856427,
300833b2ddd9014000030002,1,1,460,-48,1654781914858648,1654781914858648,
300833b2ddd9014000030008,1,1,3456,-43,1654781914862754,1654781914862754,
300833b2ddd9014000030002,1,1,456,-48,1654781914863807,1654781914863807,
300833b2ddd9014000030009,1,1,2960,-47,1654781914864907,1654781914864907,
300833b2ddd9014000030001,1,1,1232,-62,1654781914867631,1654781914867631,
300833b2ddd9014000030002,1,1,452,-48,1654781914898108,1654781914898108,
300833b2ddd9014000030008,1,1,3436,-43,1654781914899474,1654781914899474,
300833b2ddd9014000030009,1,1,2952,-47,1654781914902059,1654781914902059,
300833b2ddd9014000030001,1,1,1160,-61,1654781914904411,1654781914904411,
300833b2ddd9014000030001,1,1,1192,-61,1654781914907430,1654781914907430,
300833b2ddd9014000030002,1,1,456,-48,1654781914910049,1654781914910049,
300833b2ddd9014000030008,1,1,3456,-43,1654781914911102,1654781914911102,
300833b2ddd9014000030009,1,1,3012,-47,1654781914912319,1654781914912319,
300833b2ddd9014000030009,1,1,2968,-47,1654781915143165,1654781915143165,
300833b2ddd9014000030008,1,1,3460,-43,1654781915144233,1654781915144233,
300833b2ddd9014000030002,1,1,460,-48,1654781915145431,1654781915145431,
300833b2ddd9014000030001,1,1,1200,-63,1654781915146633,1654781915146633,
300833b2ddd9014000030009,1,1,2968,-47,1654781915149416,1654781915149416,
300833b2ddd9014000030008,1,1,3456,-43,1654781915150712,1654781915150712,
300833b2ddd9014000030001,1,1,1228,-63,1654781915151800,1654781915151800,
300833b2ddd9014000030002,1,1,472,-48,1654781915153334,1654781915153334,
300833b2ddd9014000030002,1,1,488,-48,1654781915185856,1654781915185856,
300833b2ddd9014000030009,1,1,2972,-47,1654781915187392,1654781915187392,
300833b2ddd9014000030001,1,1,1220,-64,1654781915188437,1654781915188437,
300833b2ddd9014000030008,1,1,3456,-43,1654781915189462,1654781915189462,
300833b2ddd9014000030002,1,1,484,-48,1654781915194395,1654781915194395,
300833b2ddd9014000030009,1,1,2988,-47,1654781915195706,1654781915195706,
300833b2ddd9014000030001,1,1,1224,-63,1654781915197249,1654781915197249,
300833b2ddd9014000030008,1,1,3452,-43,1654781915198333,1654781915198333,
300833b2ddd9014000030001,1,1,1268,-64,1654781915229865,1654781915229865,
300833b2ddd9014000030009,1,1,2984,-47,1654781915231589,1654781915231589,
300833b2ddd9014000030008,1,1,3448,-43,1654781915232703,1654781915232703,
300833b2ddd9014000030002,1,1,472,-48,1654781915233800,1654781915233800,
300833b2ddd9014000030001,1,1,1264,-64,1654781915237425,1654781915237425,
300833b2ddd9014000030002,1,1,480,-48,1654781915238690,1654781915238690,
300833b2ddd9014000030009,1,1,3008,-47,1654781915240513,1654781915240513,
300833b2ddd9014000030008,1,1,3464,-43,1654781915241564,1654781915241564,
300833b2ddd9014000030008,1,1,3456,-43,1654781915272778,1654781915272778,
300833b2ddd9014000030002,1,1,476,-48,1654781915274756,1654781915274756,
300833b2ddd9014000030001,1,1,1248,-64,1654781915275861,1654781915275861,
300833b2ddd9014000030009,1,1,2988,-47,1654781915277184,1654781915277184,
300833b2ddd9014000030008,1,1,3452,-43,1654781915280564,1654781915280564,
300833b2ddd9014000030002,1,1,488,-48,1654781915281860,1654781915281860,
300833b2ddd9014000030009,1,1,3000,-47,1654781915283951,1654781915283951,
300833b2ddd9014000030001,1,1,1160,-65,1654781915285209,1654781915285209,
300833b2ddd9014000030002,1,1,488,-48,1654781915316567,1654781915316567,
300833b2ddd9014000030001,1,1,1212,-63,1654781915317669,1654781915317669,
300833b2ddd9014000030009,1,1,2996,-47,1654781915318752,1654781915318752,
300833b2ddd9014000030008,1,1,3464,-43,1654781915320555,1654781915320555,
300833b2ddd9014000030009,1,1,2992,-47,1654781915325027,1654781915325027,
300833b2ddd9014000030001,1,1,1192,-65,1654781915326741,1654781915326741,
300833b2ddd9014000030008,1,1,3456,-43,1654781915327826,1654781915327826,
300833b2ddd9014000030002,1,1,456,-48,1654781915328880,1654781915328880,
300833b2ddd9014000030009,1,1,2984,-47,1654781915359524,1654781915359524,
300833b2ddd9014000030002,1,1,468,-48,1654781915361502,1654781915361502,
300833b2ddd9014000030001,1,1,1196,-64,1654781915362608,1654781915362608,
300833b2ddd9014000030008,1,1,3460,-43,1654781915363618,1654781915363618,
300833b2ddd9014000030009,1,1,2972,-47,1654781915367691,1654781915367691,
300833b2ddd9014000030002,1,1,460,-48,1654781915369359,1654781915369359,
300833b2ddd9014000030008,1,1,3464,-43,1654781915370471,1654781915370471,
300833b2ddd9014000030001,1,1,1204,-64,1654781915372188,1654781915372188,
300833b2ddd9014000030009,1,1,2996,-47,1654781915402050,1654781915402050,
300833b2ddd9014000030008,1,1,3464,-43,1654781915403105,1654781915403105,
300833b2ddd9014000030002,1,1,484,-48,1654781915404216,1654781915404216,
300833b2ddd9014000030001,1,1,1232,-64,1654781915407507,1654781915407507,
300833b2ddd9014000030008,1,1,3464,-43,1654781915411024,1654781915411024,
300833b2ddd9014000030001,1,1,1184,-63,1654781915412213,1654781915412213,
300833b2ddd9014000030009,1,1,3000,-47,1654781915413494,1654781915413494,
300833b2ddd9014000030002,1,1,492,-48,1654781915414593,1654781915414593,
300833b2ddd9014000030008,1,1,3468,-43,1654781915446343,1654781915446343,
300833b2ddd9014000030008,1,1,3472,-43,1654781915450598,1654781915450598,
300833b2ddd9014000030001,1,1,1196,-62,1654781915451699,1654781915451699,
300833b2ddd9014000030002,1,1,464,-48,1654781915452769,1654781915452769,
300833b2ddd9014000030009,1,1,2992,-47,1654781915454748,1654781915454748,
300833b2ddd9014000030001,1,1,1280,-62,1654781915485821,1654781915485821,
300833b2ddd9014000030002,1,1,476,-48,1654781915486930,1654781915486930,
300833b2ddd9014000030008,1,1,3472,-43,1654781915488042,1654781915488042,
300833b2ddd9014000030009,1,1,2960,-47,1654781915490982,1654781915490982,
300833b2ddd9014000030009,1,1,2972,-47,1654781915494568,1654781915494568,
300833b2ddd9014000030002,1,1,472,-48,1654781915496504,1654781915496504,
300833b2ddd9014000030001,1,1,1224,-63,1654781915497594,1654781915497594,
300833b2ddd9014000030008,1,1,3464,-43,1654781915498904,1654781915498904,
300833b2ddd9014000030008,1,1,3480,-43,1654781915556675,1654781915556675,
300833b2ddd9014000030002,1,1,496,-48,1654781915557787,1654781915557787,
300833b2ddd9014000030009,1,1,2956,-48,1654781915559612,1654781915559612,
300833b2ddd9014000030009,1,1,2968,-47,1654781915564341,1654781915564341,
300833b2ddd9014000030008,1,1,3488,-43,1654781915565425,1654781915565425,
300833b2ddd9014000030002,1,1,480,-48,1654781915567216,1654781915567216,
300833b2ddd9014000030001,1,1,1256,-62,1654781915569414,1654781915569414,
300833b2ddd9014000030001,1,1,1100,-63,1654781915600557,1654781915600557,
300833b2ddd9014000030008,1,1,3472,-43,1654781915601580,1654781915601580,
300833b2ddd9014000030002,1,1,448,-48,1654781915602636,1654781915602636,
300833b2ddd9014000030009,1,1,2960,-47,1654781915604200,1654781915604200,
300833b2ddd9014000030009,1,1,2968,-47,1654781915608745,1654781915608745,
300833b2ddd9014000030001,1,1,1260,-63,1654781915609790,1654781915609790,
300833b2ddd9014000030002,1,1,496,-48,1654781915611656,1654781915611656,
300833b2ddd9014000030008,1,1,3472,-43,1654781915612712,1654781915612712,
300833b2ddd9014000030009,1,1,2952,-48,1654781915643900,1654781915643900,
300833b2ddd9014000030002,1,1,480,-48,1654781915644939,1654781915644939,
300833b2ddd9014000030001,1,1,1112,-63,1654781915646285,1654781915646285,
300833b2ddd9014000030008,1,1,3480,-43,1654781915647929,1654781915647929,
300833b2ddd9014000030001,1,1,1180,-62,1654781915652396,1654781915652396,
300833b2ddd9014000030008,1,1,3472,-43,1654781915653522,1654781915653522,
300833b2ddd9014000030009,1,1,2952,-47,1654781915654889,1654781915654889,
300833b2ddd9014000030002,1,1,476,-49,1654781915656467,1654781915656467,
300833b2ddd9014000030008,1,1,3472,-43,1654781915688328,1654781915688328,
300833b2ddd9014000030002,1,1,488,-48,1654781915689396,1654781915689396,
300833b2ddd9014000030009,1,1,2996,-47,1654781915691008,1654781915691008,
300833b2ddd9014000030001,1,1,1160,-64,1654781915693802,1654781915693802,
300833b2ddd9014000030001,1,1,1120,-63,1654781915696793,1654781915696793,
300833b2ddd9014000030002,1,1,492,-48,1654781915697932,1654781915697932,
300833b2ddd9014000030008,1,1,3472,-43,1654781915699440,1654781915699440,
300833b2ddd9014000030009,1,1,2996,-47,1654781915701185,1654781915701185,
300833b2ddd9014000030008,1,1,3480,-43,1654781915732610,1654781915732610,
300833b2ddd9014000030002,1,1,456,-48,1654781915733710,1654781915733710,
300833b2ddd9014000030009,1,1,2992,-47,1654781915735799,1654781915735799,
300833b2ddd9014000030001,1,1,1104,-63,1654781915737531,1654781915737531,
300833b2ddd9014000030001,1,1,1120,-63,1654781915741138,1654781915741138,
300833b2ddd9014000030002,1,1,480,-48,1654781915743059,1654781915743059,
300833b2ddd9014000030008,1,1,3468,-43,1654781915744115,1654781915744115,
300833b2ddd9014000030009,1,1,3012,-47,1654781915745228,1654781915745228,
300833b2ddd9014000030009,1,1,2992,-47,1654781915777257,1654781915777257,
300833b2ddd9014000030008,1,1,3468,-43,1654781915778311,1654781915778311,
300833b2ddd9014000030002,1,1,472,-48,1654781915779736,1654781915779736,
300833b2ddd9014000030001,1,1,1176,-64,1654781915780824,1654781915780824,
300833b2ddd9014000030008,1,1,3468,-43,1654781915783826,1654781915783826,
300833b2ddd9014000030002,1,1,484,-48,1654781915784881,1654781915784881,
300833b2ddd9014000030009,1,1,3004,-47,1654781915786461,1654781915786461,
300833b2ddd9014000030001,1,1,1096,-64,1654781915789014,1654781915789014,
300833b2ddd9014000030008,1,1,3464,-43,1654781915819225,1654781915819225,
300833b2ddd9014000030001,1,1,1144,-64,1654781915820896,1654781915820896,
300833b2ddd9014000030009,1,1,2992,-47,1654781915822459,1654781915822459,
300833b2ddd9014000030002,1,1,476,-48,1654781915823685,1654781915823685,
300833b2ddd9014000030002,1,1,480,-48,1654781915826576,1654781915826576,
300833b2ddd9014000030009,1,1,2996,-47,1654781915827662,1654781915827662,
300833b2ddd9014000030001,1,1,1328,-63,1654781915828751,1654781915828751,
300833b2ddd9014000030008,1,1,3468,-42,1654781915830328,1654781915830328,
300833b2ddd9014000030009,1,1,2976,-47,1654781915862614,1654781915862614,
300833b2ddd9014000030008,1,1,3472,-43,1654781915863684,1654781915863684,
300833b2ddd9014000030001,1,1,1220,-63,1654781915864802,1654781915864802,
300833b2ddd9014000030002,1,1,488,-48,1654781915866339,1654781915866339,
300833b2ddd9014000030009,1,1,3008,-47,1654781915870803,1654781915870803,
300833b2ddd9014000030001,1,1,1112,-63,1654781915872091,1654781915872091,
300833b2ddd9014000030008,1,1,3464,-43,1654781915873597,1654781915873597,
300833b2ddd9014000030002,1,1,468,-48,1654781915875889,1654781915875889,
300833b2ddd9014000030009,1,1,2996,-47,1654781915906150,1654781915906150,
300833b2ddd9014000030002,1,1,484,-48,1654781915907404,1654781915907404,
300833b2ddd9014000030008,1,1,3456,-43,1654781915908741,1654781915908741,
300833b2ddd9014000030001,1,1,1172,-63,1654781915910455,1654781915910455,
300833b2ddd9014000030008,1,1,3440,-43,1654781915916500,1654781915916500,
300833b2ddd9014000030001,1,1,1220,-63,1654781915918250,1654781915918250,
300833b2ddd9014000030009,1,1,2964,-47,1654781915919364,1654781915919364,
300833b2ddd9014000030002,1,1,480,-48,1654781915920802,1654781915920802,
300833b2ddd9014000030002,1,1,480,-48,1654781915950799,1654781915950799,
300833b2ddd9014000030001,1,1,1184,-63,1654781915951874,1654781915951874,
300833b2ddd9014000030009,1,1,2984,-47,1654781915953937,1654781915953937,
300833b2ddd9014000030008,1,1,3444,-43,1654781915955034,1654781915955034,
300833b2ddd9014000030001,1,1,1128,-63,1654781915959562,1654781915959562,
300833b2ddd9014000030008,1,1,3468,-43,1654781915960628,1654781915960628,
300833b2ddd9014000030009,1,1,3000,-47,1654781915961741,1654781915961741,
300833b2ddd9014000030002,1,1,472,-48,1654781915963334,1654781915963334,
300833b2ddd9014000030008,1,1,3460,-43,1654781915995592,1654781915995592,
300833b2ddd9014000030001,1,1,1184,-63,1654781915997062,1654781915997062,
300833b2ddd9014000030008,1,1,3456,-43,1654781916001113,1654781916001113,
300833b2ddd9014000030001,1,1,1176,-63,1654781916003281,1654781916003281,
300833b2ddd9014000030008,1,1,3456,-43,1654781916033910,1654781916033910,
300833b2ddd9014000030002,1,1,484,-48,1654781916035870,1654781916035870,
300833b2ddd9014000030009,1,1,3012,-47,1654781916037227,1654781916037227,
300833b2ddd9014000030001,1,1,1268,-62,1654781916038687,1654781916038687,
300833b2ddd9014000030008,1,1,3468,-43,1654781916041906,1654781916041906,
300833b2ddd9014000030009,1,1,2988,-47,1654781916043575,1654781916043575,
300833b2ddd9014000030001,1,1,1076,-63,1654781916044650,1654781916044650,
300833b2ddd9014000030002,1,1,460,-48,1654781916046003,1654781916046003,
300833b2ddd9014000030002,1,1,480,-48,1654781916076326,1654781916076326,
300833b2ddd9014000030009,1,1,2984,-47,1654781916078334,1654781916078334,
300833b2ddd9014000030008,1,1,3460,-43,1654781916079602,1654781916079602,
300833b2ddd9014000030001,1,1,1252,-63,1654781916081301,1654781916081301,
300833b2ddd9014000030001,1,1,1168,-63,1654781916084027,1654781916084027,
300833b2ddd9014000030008,1,1,3472,-43,1654781916085360,1654781916085360,
300833b2ddd9014000030009,1,1,3012,-47,1654781916087184,1654781916087184,
300833b2ddd9014000030002,1,1,480,-48,1654781916088610,1654781916088610,
300833b2ddd9014000030002,1,1,484,-48,1654781916119969,1654781916119969,
300833b2ddd9014000030001,1,1,1176,-64,1654781916121043,1654781916121043,
300833b2ddd9014000030009,1,1,3012,-47,1654781916123500,1654781916123500,
300833b2ddd9014000030008,1,1,3468,-43,1654781916124810,1654781916124810,
300833b2ddd9014000030001,1,1,1224,-63,1654781916128511,1654781916128511,
300833b2ddd9014000030002,1,1,496,-48,1654781916129607,1654781916129607,
300833b2ddd9014000030008,1,1,3460,-43,1654781916131429,1654781916131429,
300833b2ddd9014000030009,1,1,3008,-47,1654781916132784,1654781916132784,
300833b2ddd9014000030009,1,1,2992,-47,1654781916165134,1654781916165134,
300833b2ddd9014000030002,1,1,464,-48,1654781916166459,1654781916166459,
300833b2ddd9014000030008,1,1,3468,-43,1654781916167570,1654781916167570,
300833b2ddd9014000030001,1,1,1348,-63,1654781916169451,1654781916169451,
300833b2ddd9014000030009,1,1,2968,-47,1654781916172891,1654781916172891,
300833b2ddd9014000030008,1,1,3460,-43,1654781916174131,1654781916174131,
300833b2ddd9014000030001,1,1,1100,-64,1654781916176088,1654781916176088,
300833b2ddd9014000030002,1,1,468,-48,1654781916177171,1654781916177171,
300833b2ddd9014000030008,1,1,3464,-43,1654781916208360,1654781916208360,
300833b2ddd9014000030009,1,1,3020,-47,1654781916209462,1654781916209462,
300833b2ddd9014000030001,1,1,1232,-64,1654781916210906,1654781916210906,
300833b2ddd9014000030002,1,1,468,-48,1654781916211989,1654781916211989,
300833b2ddd9014000030001,1,1,1304,-64,1654781916215497,1654781916215497,
300833b2ddd9014000030008,1,1,3460,-43,1654781916216933,1654781916216933,
300833b2ddd9014000030002,1,1,460,-48,1654781916219241,1654781916219241,
300833b2ddd9014000030009,1,1,3000,-47,1654781916220706,1654781916220706,
300833b2ddd9014000030002,1,1,424,-48,1654781916252022,1654781916252022,
300833b2ddd9014000030009,1,1,2972,-47,1654781916253393,1654781916253393,
300833b2ddd9014000030008,1,1,3448,-43,1654781916254718,1654781916254718,
300833b2ddd9014000030001,1,1,1156,-65,1654781916256913,1654781916256913,
300833b2ddd9014000030002,1,1,436,-48,1654781916260728,1654781916260728,
300833b2ddd9014000030001,1,1,1188,-65,1654781916261844,1654781916261844,
300833b2ddd9014000030008,1,1,3440,-43,1654781916262956,1654781916262956,
300833b2ddd9014000030009,1,1,3008,-47,1654781916265134,1654781916265134,
300833b2ddd9014000030008,1,1,3448,-43,1654781916296155,1654781916296155,
300833b2ddd9014000030009,1,1,2980,-47,1654781916297722,1654781916297722,
300833b2ddd9014000030001,1,1,1028,-65,1654781916298854,1654781916298854,
300833b2ddd9014000030002,1,1,404,-48,1654781916300469,1654781916300469,
300833b2ddd9014000030008,1,1,3432,-43,1654781916306155,1654781916306155,
300833b2ddd9014000030002,1,1,388,-48,1654781916308076,1654781916308076,
300833b2ddd9014000030009,1,1,2952,-47,1654781916309628,1654781916309628,
300833b2ddd9014000030001,1,1,940,-66,1654781916310860,1654781916310860,
300833b2ddd9014000030008,1,1,3400,-43,1654781916341227,1654781916341227,
300833b2ddd9014000030009,1,1,2932,-46,1654781916342283,1654781916342283,
300833b2ddd9014000030002,1,1,368,-48,1654781916343367,1654781916343367,
300833b2ddd9014000030001,1,1,992,-67,1654781916344925,1654781916344925,
300833b2ddd9014000030009,1,1,2920,-46,1654781916349128,1654781916349128,
300833b2ddd9014000030008,1,1,3408,-42,1654781916350451,1654781916350451,
300833b2ddd9014000030002,1,1,336,-48,1654781916352033,1654781916352033,
300833b2ddd9014000030001,1,1,748,-65,1654781916353944,1654781916353944,
300833b2ddd9014000030001,1,1,636,-66,1654781916384860,1654781916384860,
300833b2ddd9014000030002,1,1,312,-48,1654781916385898,1654781916385898,
300833b2ddd9014000030009,1,1,2872,-46,1654781916386940,1654781916386940,
300833b2ddd9014000030008,1,1,3372,-42,1654781916388960,1654781916388960,
300833b2ddd9014000030009,1,1,2860,-46,1654781916393187,1654781916393187,
300833b2ddd9014000030008,1,1,3368,-43,1654781916394766,1654781916394766,
300833b2ddd9014000030002,1,1,296,-48,1654781916396333,1654781916396333,
300833b2ddd9014000030001,1,1,680,-65,1654781916398047,1654781916398047,
300833b2ddd9014000030008,1,1,3320,-42,1654781916429162,1654781916429162,
300833b2ddd9014000030002,1,1,248,-48,1654781916430206,1654781916430206,
300833b2ddd9014000030009,1,1,2780,-46,1654781916431545,1654781916431545,
300833b2ddd9014000030001,1,1,420,-65,1654781916434576,1654781916434576,
300833b2ddd9014000030009,1,1,2800,-46,1654781916438046,1654781916438046,
300833b2ddd9014000030002,1,1,236,-48,1654781916439271,1654781916439271,
300833b2ddd9014000030001,1,1,512,-65,1654781916440389,1654781916440389,
300833b2ddd9014000030008,1,1,3304,-42,1654781916441471,1654781916441471,
300833b2ddd9014000030009,1,1,2732,-45,1654781916472196,1654781916472196,
300833b2ddd9014000030001,1,1,332,-64,1654781916474177,1654781916474177,
300833b2ddd9014000030008,1,1,3268,-42,1654781916475499,1654781916475499,
300833b2ddd9014000030002,1,1,192,-47,1654781916476927,1654781916476927,
300833b2ddd9014000030008,1,1,3264,-42,1654781916479959,1654781916479959,
300833b2ddd9014000030009,1,1,2724,-45,1654781916481231,1654781916481231,
300833b2ddd9014000030001,1,1,260,-63,1654781916483611,1654781916483611,
300833b2ddd9014000030002,1,1,144,-47,1654781916484933,1654781916484933,
300833b2ddd9014000030002,1,1,132,-47,1654781916515656,1654781916515656,
300833b2ddd9014000030008,1,1,3224,-42,1654781916516966,1654781916516966,
300833b2ddd9014000030009,1,1,2732,-45,1654781916518760,1654781916518760,
300833b2ddd9014000030001,1,1,272,-63,1654781916520220,1654781916520220,
300833b2ddd9014000030001,1,1,208,-64,1654781916525057,1654781916525057,
300833b2ddd9014000030008,1,1,3200,-42,1654781916526252,1654781916526252,
300833b2ddd9014000030009,1,1,2736,-46,1654781916527308,1654781916527308,
300833b2ddd9014000030002,1,1,100,-47,1654781916528690,1654781916528690,
300833b2ddd9014000030009,1,1,2716,-45,1654781916559032,1654781916559032,
300833b2ddd9014000030008,1,1,3176,-42,1654781916560114,1654781916560114,
300833b2ddd9014000030002,1,1,84,-47,1654781916561242,1654781916561242,
300833b2ddd9014000030001,1,1,544,-64,1654781916563350,1654781916563350,
300833b2ddd9014000030002,1,1,76,-47,1654781916568086,1654781916568086,
300833b2ddd9014000030008,1,1,3168,-42,1654781916569171,1654781916569171,
300833b2ddd9014000030009,1,1,2716,-45,1654781916570992,1654781916570992,
300833b2ddd9014000030001,1,1,444,-64,1654781916573077,1654781916573077,
300833b2ddd9014000030001,1,1,916,-65,1654781916603392,1654781916603392,
300833b2ddd9014000030008,1,1,3144,-42,1654781916604432,1654781916604432,
300833b2ddd9014000030009,1,1,2704,-45,1654781916606097,1654781916606097,
300833b2ddd9014000030002,1,1,28,-48,1654781916608656,1654781916608656,
300833b2ddd9014000030008,1,1,3164,-42,1654781916611752,1654781916611752,
300833b2ddd9014000030001,1,1,1052,-64,1654781916612854,1654781916612854,
300833b2ddd9014000030002,1,1,48,-48,1654781916614206,1654781916614206,
300833b2ddd9014000030009,1,1,2680,-45,1654781916615802,1654781916615802,
300833b2ddd9014000030009,1,1,2632,-45,1654781916647289,1654781916647289,
300833b2ddd9014000030008,1,1,3156,-43,1654781916648810,1654781916648810,
300833b2ddd9014000030002,1,1,60,-48,1654781916650360,1654781916650360,
300833b2ddd9014000030001,1,1,1492,-59,1654781916651418,1654781916651418,
300833b2ddd9014000030001,1,1,1620,-58,1654781916656340,1654781916656340,
300833b2ddd9014000030008,1,1,3136,-43,1654781916657578,1654781916657578,
300833b2ddd9014000030002,1,1,24,-48,1654781916658692,1654781916658692,
300833b2ddd9014000030009,1,1,2624,-45,1654781916660016,1654781916660016,
300833b2ddd9014000030008,1,1,3128,-43,1654781916690962,1654781916690962,
300833b2ddd9014000030002,1,1,52,-49,1654781916692019,1654781916692019,
300833b2ddd9014000030009,1,1,2588,-45,1654781916693812,1654781916693812,
300833b2ddd9014000030001,1,1,1672,-55,1654781916695000,1654781916695000,
300833b2ddd9014000030002,1,1,60,-49,1654781916699622,1654781916699622,
300833b2ddd9014000030009,1,1,2548,-45,1654781916700678,1654781916700678,
300833b2ddd9014000030001,1,1,1704,-54,1654781916702276,1654781916702276,
300833b2ddd9014000030008,1,1,3140,-44,1654781916703360,1654781916703360,
300833b2ddd9014000030001,1,1,1704,-52,1654781916740841,1654781916740841,
300833b2ddd9014000030002,1,1,140,-50,1654781916742009,1654781916742009,
300833b2ddd9014000030009,1,1,2528,-44,1654781916744662,1654781916744662,
300833b2ddd9014000030008,1,1,3140,-45,1654781916746044,1654781916746044,
300833b2ddd9014000030009,1,1,2524,-44,1654781916749881,1654781916749881,
300833b2ddd9014000030002,1,1,136,-50,1654781916750955,1654781916750955,
300833b2ddd9014000030001,1,1,1728,-52,1654781916752301,1654781916752301,
300833b2ddd9014000030008,1,1,3132,-45,1654781916753639,1654781916753639,
300833b2ddd9014000030001,1,1,1688,-50,1654781916785607,1654781916785607,
300833b2ddd9014000030009,1,1,2520,-44,1654781916786805,1654781916786805,
300833b2ddd9014000030008,1,1,3164,-46,1654781916788216,1654781916788216,
300833b2ddd9014000030002,1,1,244,-51,1654781916789879,1654781916789879,
300833b2ddd9014000030001,1,1,1660,-50,1654781916792916,1654781916792916,
300833b2ddd9014000030009,1,1,2516,-44,1654781916793987,1654781916793987,
300833b2ddd9014000030008,1,1,3168,-46,1654781916795057,1654781916795057,
300833b2ddd9014000030002,1,1,260,-51,1654781916798070,1654781916798070,
300833b2ddd9014000030008,1,1,3244,-46,1654781916828433,1654781916828433,
300833b2ddd9014000030002,1,1,368,-53,1654781916830210,1654781916830210,
300833b2ddd9014000030009,1,1,2540,-44,1654781916831264,1654781916831264,
300833b2ddd9014000030001,1,1,1596,-49,1654781916832620,1654781916832620,
300833b2ddd9014000030002,1,1,408,-53,1654781916836225,1654781916836225,
300833b2ddd9014000030001,1,1,1592,-48,1654781916837615,1654781916837615,
300833b2ddd9014000030009,1,1,2544,-44,1654781916840099,1654781916840099,
300833b2ddd9014000030008,1,1,3256,-46,1654781916841140,1654781916841140,
300833b2ddd9014000030002,1,1,588,-54,1654781916872156,1654781916872156,
300833b2ddd9014000030009,1,1,2560,-44,1654781916873852,1654781916873852,
300833b2ddd9014000030008,1,1,3360,-47,1654781916874934,1654781916874934,
300833b2ddd9014000030001,1,1,1520,-48,1654781916876052,1654781916876052,
300833b2ddd9014000030001,1,1,1496,-48,1654781916879419,1654781916879419,
300833b2ddd9014000030008,1,1,3376,-47,1654781916880927,1654781916880927,
300833b2ddd9014000030002,1,1,636,-54,1654781916882521,1654781916882521,
300833b2ddd9014000030009,1,1,2584,-45,1654781916883619,1654781916883619,
300833b2ddd9014000030001,1,1,1456,-48,1654781916915022,1654781916915022,
300833b2ddd9014000030009,1,1,2612,-45,1654781916916747,1654781916916747,
300833b2ddd9014000030002,1,1,840,-54,1654781916921185,1654781916921185,
300833b2ddd9014000030001,1,1,1440,-48,1654781916923092,1654781916923092,
300833b2ddd9014000030009,1,1,2616,-45,1654781916924180,1654781916924180,
300833b2ddd9014000030008,1,1,3456,-47,1654781916925646,1654781916925646,
300833b2ddd9014000030009,1,1,2640,-45,1654781916955942,1654781916955942,
300833b2ddd9014000030008,1,1,3524,-47,1654781916957698,1654781916957698,
300833b2ddd9014000030001,1,1,1392,-48,1654781916958743,1654781916958743,
300833b2ddd9014000030002,1,1,904,-54,1654781916959867,1654781916959867,
300833b2ddd9014000030009,1,1,2640,-45,1654781916963283,1654781916963283,
300833b2ddd9014000030001,1,1,1388,-48,1654781916964384,1654781916964384,
300833b2ddd9014000030008,1,1,3536,-47,1654781916966189,1654781916966189,
300833b2ddd9014000030002,1,1,912,-53,1654781916967485,1654781916967485,
300833b2ddd9014000030002,1,1,924,-53,1654781916999030,1654781916999030,
300833b2ddd9014000030001,1,1,1388,-49,1654781917000117,1654781917000117,
300833b2ddd9014000030008,1,1,3552,-47,1654781917003013,1654781917003013,
300833b2ddd9014000030009,1,1,2684,-45,1654781917004083,1654781917004083,
300833b2ddd9014000030002,1,1,940,-53,1654781917007460,1654781917007460,
300833b2ddd9014000030009,1,1,2696,-44,1654781917009013,1654781917009013,
300833b2ddd9014000030001,1,1,1376,-49,1654781917010341,1654781917010341,
300833b2ddd9014000030008,1,1,3572,-47,1654781917011396,1654781917011396,
300833b2ddd9014000030009,1,1,2712,-44,1654781917043270,1654781917043270,
300833b2ddd9014000030001,1,1,1400,-50,1654781917044585,1654781917044585,
300833b2ddd9014000030001,1,1,1380,-50,1654781917050388,1654781917050388,
300833b2ddd9014000030009,1,1,2700,-44,1654781917051603,1654781917051603,
300833b2ddd9014000030008,1,1,3612,-46,1654781917052684,1654781917052684,
300833b2ddd9014000030002,1,1,888,-52,1654781917054037,1654781917054037,
300833b2ddd9014000030001,1,1,1424,-51,1654781917085504,1654781917085504,
300833b2ddd9014000030009,1,1,2724,-44,1654781917086844,1654781917086844,
300833b2ddd9014000030002,1,1,924,-51,1654781917090632,1654781917090632,
300833b2ddd9014000030001,1,1,1400,-50,1654781917092359,1654781917092359,
300833b2ddd9014000030008,1,1,3600,-46,1654781917094289,1654781917094289,
300833b2ddd9014000030009,1,1,2740,-44,1654781917095373,1654781917095373,
300833b2ddd9014000030009,1,1,2752,-44,1654781917125380,1654781917125380,
300833b2ddd9014000030001,1,1,1444,-51,1654781917127320,1654781917127320,
300833b2ddd9014000030009,1,1,2728,-44,1654781917131066,1654781917131066,
300833b2ddd9014000030001,1,1,1424,-51,1654781917132438,1654781917132438,
300833b2ddd9014000030008,1,1,3604,-46,1654781917133535,1654781917133535,
300833b2ddd9014000030002,1,1,848,-51,1654781917135130,1654781917135130,
300833b2ddd9014000030001,1,1,1452,-51,1654781917167227,1654781917167227,
300833b2ddd9014000030009,1,1,2732,-43,1654781917168454,1654781917168454,
300833b2ddd9014000030008,1,1,3588,-46,1654781917169579,1654781917169579,
300833b2ddd9014000030002,1,1,828,-50,1654781917171289,1654781917171289,
300833b2ddd9014000030009,1,1,2712,-43,1654781917175390,1654781917175390,
300833b2ddd9014000030001,1,1,1468,-51,1654781917176776,1654781917176776,
300833b2ddd9014000030008,1,1,3588,-45,1654781917177844,1654781917177844,
300833b2ddd9014000030002,1,1,808,-51,1654781917179041,1654781917179041,
300833b2ddd9014000030009,1,1,2744,-43,1654781917209476,1654781917209476,
300833b2ddd9014000030008,1,1,3580,-45,1654781917210544,1654781917210544,
300833b2ddd9014000030002,1,1,820,-50,1654781917211826,1654781917211826,
300833b2ddd9014000030001,1,1,1472,-51,1654781917213112,1654781917213112,
300833b2ddd9014000030009,1,1,2728,-43,1654781917218785,1654781917218785,
300833b2ddd9014000030008,1,1,3580,-45,1654781917220165,1654781917220165,
300833b2ddd9014000030001,1,1,1528,-51,1654781917221397,1654781917221397,
300833b2ddd9014000030002,1,1,816,-50,1654781917222536,1654781917222536,
300833b2ddd9014000030009,1,1,2728,-43,1654781917252498,1654781917252498,
300833b2ddd9014000030008,1,1,3588,-45,1654781917254940,1654781917254940,
300833b2ddd9014000030001,1,1,1488,-51,1654781917256030,1654781917256030,
300833b2ddd9014000030002,1,1,808,-51,1654781917257500,1654781917257500,
300833b2ddd9014000030009,1,1,2720,-43,1654781917261062,1654781917261062,
300833b2ddd9014000030002,1,1,836,-50,1654781917262769,1654781917262769,
300833b2ddd9014000030008,1,1,3576,-46,1654781917263850,1654781917263850,
300833b2ddd9014000030001,1,1,1464,-51,1654781917265294,1654781917265294,
300833b2ddd9014000030001,1,1,1456,-51,1654781917295431,1654781917295431,
300833b2ddd9014000030008,1,1,3588,-45,1654781917296527,1654781917296527,
300833b2ddd9014000030009,1,1,2704,-43,1654781917297853,1654781917297853,
300833b2ddd9014000030002,1,1,792,-50,1654781917298908,1654781917298908,
300833b2ddd9014000030001,1,1,1448,-51,1654781917303933,1654781917303933,
300833b2ddd9014000030008,1,1,3592,-45,1654781917305638,1654781917305638,
300833b2ddd9014000030009,1,1,2708,-43,1654781917307237,1654781917307237,
300833b2ddd9014000030002,1,1,808,-50,1654781917308632,1654781917308632,
300833b2ddd9014000030008,1,1,3592,-45,1654781917338952,1654781917338952,
300833b2ddd9014000030009,1,1,2720,-43,1654781917340008,1654781917340008,
300833b2ddd9014000030001,1,1,1460,-51,1654781917341067,1654781917341067,
300833b2ddd9014000030002,1,1,792,-50,1654781917342376,1654781917342376,
300833b2ddd9014000030001,1,1,1468,-51,1654781917347245,1654781917347245,
300833b2ddd9014000030002,1,1,832,-50,1654781917348312,1654781917348312,
300833b2ddd9014000030009,1,1,2704,-43,1654781917349626,1654781917349626,
300833b2ddd9014000030008,1,1,3600,-45,1654781917350962,1654781917350962,
300833b2ddd9014000030001,1,1,1456,-51,1654781917383566,1654781917383566,
300833b2ddd9014000030009,1,1,2716,-43,1654781917384637,1654781917384637,
300833b2ddd9014000030008,1,1,3608,-45,1654781917385691,1654781917385691,
300833b2ddd9014000030002,1,1,844,-50,1654781917387129,1654781917387129,
300833b2ddd9014000030002,1,1,832,-50,1654781917389863,1654781917389863,
300833b2ddd9014000030001,1,1,1436,-51,1654781917391494,1654781917391494,
300833b2ddd9014000030009,1,1,2740,-43,1654781917392818,1654781917392818,
300833b2ddd9014000030008,1,1,3604,-45,1654781917394098,1654781917394098,
300833b2ddd9014000030002,1,1,820,-51,1654781917425304,1654781917425304,
300833b2ddd9014000030008,1,1,3612,-45,1654781917426627,1654781917426627,
300833b2ddd9014000030009,1,1,2724,-43,1654781917428166,1654781917428166,
300833b2ddd9014000030001,1,1,1480,-51,1654781917430985,1654781917430985,
300833b2ddd9014000030009,1,1,2708,-43,1654781917433729,1654781917433729,
300833b2ddd9014000030008,1,1,3616,-45,1654781917435024,1654781917435024,
300833b2ddd9014000030001,1,1,1464,-51,1654781917436126,1654781917436126,
300833b2ddd9014000030002,1,1,808,-50,1654781917437450,1654781917437450,
300833b2ddd9014000030008,1,1,3604,-45,1654781917469050,1654781917469050,
300833b2ddd9014000030009,1,1,2724,-43,1654781917470163,1654781917470163,
300833b2ddd9014000030001,1,1,1484,-51,1654781917471265,1654781917471265,
300833b2ddd9014000030002,1,1,804,-50,1654781917473059,1654781917473059,
300833b2ddd9014000030009,1,1,2728,-43,1654781917478292,1654781917478292,
300833b2ddd9014000030002,1,1,820,-50,1654781917479999,1654781917479999,
300833b2ddd9014000030001,1,1,1464,-51,1654781917482665,1654781917482665,
300833b2ddd9014000030008,1,1,3624,-45,1654781917483734,1654781917483734,
300833b2ddd9014000030002,1,1,828,-50,1654781917513971,1654781917513971,
300833b2ddd9014000030001,1,1,1464,-51,1654781917515047,1654781917515047,
300833b2ddd9014000030009,1,1,2724,-43,1654781917516132,1654781917516132,
300833b2ddd9014000030008,1,1,3612,-45,1654781917517216,1654781917517216,
300833b2ddd9014000030002,1,1,860,-51,1654781917521887,1654781917521887,
300833b2ddd9014000030009,1,1,2712,-44,1654781917523199,1654781917523199,
300833b2ddd9014000030008,1,1,3600,-45,1654781917525002,1654781917525002,
300833b2ddd9014000030001,1,1,1440,-51,1654781917526690,1654781917526690,
300833b2ddd9014000030008,1,1,3612,-45,1654781917557494,1654781917557494,
300833b2ddd9014000030009,1,1,2716,-43,1654781917559060,1654781917559060,
300833b2ddd9014000030001,1,1,1456,-51,1654781917560431,1654781917560431,
300833b2ddd9014000030002,1,1,812,-50,1654781917562608,1654781917562608,
300833b2ddd9014000030001,1,1,1456,-51,1654781917566967,1654781917566967,
300833b2ddd9014000030008,1,1,3604,-45,1654781917568192,1654781917568192,
300833b2ddd9014000030009,1,1,2700,-43,1654781917569293,1654781917569293,
300833b2ddd9014000030002,1,1,820,-50,1654781917571003,1654781917571003,
300833b2ddd9014000030009,1,1,2700,-43,1654781917601105,1654781917601105,
300833b2ddd9014000030008,1,1,3596,-45,1654781917602428,1654781917602428,
300833b2ddd9014000030001,1,1,1496,-51,1654781917603771,1654781917603771,
300833b2ddd9014000030002,1,1,844,-50,1654781917604841,1654781917604841,
300833b2ddd9014000030009,1,1,2712,-44,1654781917609336,1654781917609336,
300833b2ddd9014000030008,1,1,3628,-45,1654781917610716,1654781917610716,
300833b2ddd9014000030002,1,1,844,-50,1654781917611827,1654781917611827,
300833b2ddd9014000030001,1,1,1460,-51,1654781917613127,1654781917613127,
300833b2ddd9014000030009,1,1,2728,-43,1654781917645546,1654781917645546,
300833b2ddd9014000030001,1,1,1436,-51,1654781917647004,1654781917647004,
300833b2ddd9014000030009,1,1,2712,-43,1654781917650812,1654781917650812,
300833b2ddd9014000030001,1,1,1480,-51,1654781917651842,1654781917651842,
300833b2ddd9014000030008,1,1,3576,-45,1654781917652989,1654781917652989,
300833b2ddd9014000030002,1,1,872,-51,1654781917655888,1654781917655888,
300833b2ddd9014000030001,1,1,1468,-51,1654781917686539,1654781917686539,
300833b2ddd9014000030009,1,1,2716,-43,1654781917688465,1654781917688465,
300833b2ddd9014000030002,1,1,856,-50,1654781917689773,1654781917689773,
300833b2ddd9014000030008,1,1,3588,-45,1654781917690866,1654781917690866,
300833b2ddd9014000030009,1,1,2728,-43,1654781917695447,1654781917695447,
300833b2ddd9014000030002,1,1,848,-51,1654781917696823,1654781917696823,
300833b2ddd9014000030008,1,1,3580,-45,1654781917699617,1654781917699617,
300833b2ddd9014000030001,1,1,1452,-51,1654781917700834,1654781917700834,
300833b2ddd9014000030001,1,1,1468,-51,1654781917730837,1654781917730837,
300833b2ddd9014000030009,1,1,2720,-43,1654781917732534,1654781917732534,
300833b2ddd9014000030002,1,1,868,-50,1654781917734084,1654781917734084,
300833b2ddd9014000030008,1,1,3604,-46,1654781917738527,1654781917738527,
300833b2ddd9014000030009,1,1,2720,-43,1654781917740118,1654781917740118,
300833b2ddd9014000030001,1,1,1412,-51,1654781917741335,1654781917741335,
300833b2ddd9014000030002,1,1,888,-50,1654781917742476,1654781917742476,
300833b2ddd9014000030001,1,1,1432,-51,1654781917773353,1654781917773353,
300833b2ddd9014000030008,1,1,3616,-45,1654781917774664,1654781917774664,
300833b2ddd9014000030009,1,1,2720,-43,1654781917775791,1654781917775791,
300833b2ddd9014000030001,1,1,1436,-51,1654781917779367,1654781917779367,
300833b2ddd9014000030009,1,1,2708,-43,1654781917781335,1654781917781335,
300833b2ddd9014000030008,1,1,3572,-46,1654781917782462,1654781917782462,
300833b2ddd9014000030002,1,1,852,-51,1654781917784198,1654781917784198,
300833b2ddd9014000030002,1,1,864,-51,1654781917814115,1654781917814115,
300833b2ddd9014000030001,1,1,1456,-51,1654781917816056,1654781917816056,
300833b2ddd9014000030009,1,1,2724,-44,1654781917817171,1654781917817171,
300833b2ddd9014000030008,1,1,3592,-46,1654781917821194,1654781917821194,
300833b2ddd9014000030001,1,1,1432,-51,1654781917822610,1654781917822610,
300833b2ddd9014000030009,1,1,2728,-44,1654781917823921,1654781917823921,
300833b2ddd9014000030002,1,1,860,-50,1654781917825630,1654781917825630,
300833b2ddd9014000030001,1,1,1432,-51,1654781917856160,1654781917856160,
300833b2ddd9014000030008,1,1,3600,-46,1654781917857611,1654781917857611,
300833b2ddd9014000030009,1,1,2716,-44,1654781917858697,1654781917858697,
300833b2ddd9014000030002,1,1,828,-50,1654781917860413,1654781917860413,
300833b2ddd9014000030008,1,1,3604,-45,1654781917863398,1654781917863398,
300833b2ddd9014000030002,1,1,868,-50,1654781917864695,1654781917864695,
300833b2ddd9014000030001,1,1,1424,-51,1654781917866053,1654781917866053,
300833b2ddd9014000030009,1,1,2716,-43,1654781917867137,1654781917867137,
300833b2ddd9014000030001,1,1,1432,-51,1654781917899526,1654781917899526,
300833b2ddd9014000030009,1,1,2716,-44,1654781917900754,1654781917900754,
300833b2ddd9014000030008,1,1,3608,-45,1654781917901847,1654781917901847,
300833b2ddd9014000030002,1,1,848,-51,1654781917903173,1654781917903173,
300833b2ddd9014000030009,1,1,2728,-43,1654781917907288,1654781917907288,
300833b2ddd9014000030001,1,1,1436,-51,1654781917908716,1654781917908716,
300833b2ddd9014000030008,1,1,3608,-46,1654781917909995,1654781917909995,
300833b2ddd9014000030002,1,1,852,-51,1654781917911193,1654781917911193,
300833b2ddd9014000030001,1,1,1448,-51,1654781917941133,1654781917941133,
300833b2ddd9014000030002,1,1,828,-50,1654781917942203,1654781917942203,
300833b2ddd9014000030008,1,1,3584,-45,1654781917944265,1654781917944265,
300833b2ddd9014000030009,1,1,2720,-43,1654781917945380,1654781917945380,
300833b2ddd9014000030001,1,1,1408,-51,1654781917950323,1654781917950323,
300833b2ddd9014000030009,1,1,2708,-43,1654781917951749,1654781917951749,
300833b2ddd9014000030008,1,1,3628,-45,1654781917952789,1654781917952789,
300833b2ddd9014000030002,1,1,860,-51,1654781917954228,1654781917954228,
300833b2ddd9014000030008,1,1,3616,-45,1654781917984145,1654781917984145,
300833b2ddd9014000030001,1,1,1432,-51,1654781917985206,1654781917985206,
300833b2ddd9014000030009,1,1,2716,-44,1654781917986278,1654781917986278,
300833b2ddd9014000030002,1,1,828,-50,1654781917989563,1654781917989563,
300833b2ddd9014000030008,1,1,3624,-45,1654781917992546,1654781917992546,
300833b2ddd9014000030002,1,1,824,-51,1654781917993871,1654781917993871,
300833b2ddd9014000030009,1,1,2724,-44,1654781917994943,1654781917994943,
300833b2ddd9014000030001,1,1,1416,-51,1654781917996086,1654781917996086,
300833b2ddd9014000030002,1,1,844,-51,1654781918028369,1654781918028369,
300833b2ddd9014000030008,1,1,3604,-45,1654781918029694,1654781918029694,
300833b2ddd9014000030009,1,1,2720,-43,1654781918031502,1654781918031502,
300833b2ddd9014000030001,1,1,1432,-51,1654781918033215,1654781918033215,
300833b2ddd9014000030008,1,1,3608,-45,1654781918036829,1654781918036829,
300833b2ddd9014000030002,1,1,840,-51,1654781918037912,1654781918037912,
300833b2ddd9014000030001,1,1,1436,-51,1654781918039015,1654781918039015,
300833b2ddd9014000030009,1,1,2712,-43,1654781918040809,1654781918040809,
300833b2ddd9014000030001,1,1,1424,-51,1654781918073368,1654781918073368,
300833b2ddd9014000030009,1,1,2732,-44,1654781918074482,1654781918074482,
300833b2ddd9014000030008,1,1,3616,-45,1654781918075805,1654781918075805,
300833b2ddd9014000030002,1,1,852,-50,1654781918077271,1654781918077271,
300833b2ddd9014000030002,1,1,848,-50,1654781918080602,1654781918080602,
300833b2ddd9014000030009,1,1,2732,-44,1654781918081701,1654781918081701,
300833b2ddd9014000030001,1,1,1444,-51,1654781918082771,1654781918082771,
300833b2ddd9014000030008,1,1,3620,-45,1654781918084098,1654781918084098,
300833b2ddd9014000030001,1,1,1420,-51,1654781918115585,1654781918115585,
300833b2ddd9014000030008,1,1,3604,-45,1654781918116696,1654781918116696,
300833b2ddd9014000030002,1,1,844,-51,1654781918118249,1654781918118249,
300833b2ddd9014000030009,1,1,2720,-44,1654781918119845,1654781918119845,
300833b2ddd9014000030001,1,1,1404,-51,1654781918124068,1654781918124068,
300833b2ddd9014000030009,1,1,2732,-44,1654781918125985,1654781918125985,
300833b2ddd9014000030008,1,1,3616,-45,1654781918127108,1654781918127108,
300833b2ddd9014000030002,1,1,860,-51,1654781918128152,1654781918128152,
300833b2ddd9014000030001,1,1,1444,-51,1654781918159015,1654781918159015,
300833b2ddd9014000030009,1,1,2728,-43,1654781918160952,1654781918160952,
300833b2ddd9014000030008,1,1,3616,-45,1654781918162276,1654781918162276,
300833b2ddd9014000030002,1,1,848,-50,1654781918163711,1654781918163711,
300833b2ddd9014000030008,1,1,3612,-45,1654781918166648,1654781918166648,
300833b2ddd9014000030002,1,1,856,-50,1654781918167744,1654781918167744,
300833b2ddd9014000030009,1,1,2740,-44,1654781918169370,1654781918169370,
300833b2ddd9014000030001,1,1,1436,-51,1654781918170484,1654781918170484,
300833b2ddd9014000030001,1,1,1404,-51,1654781918201940,1654781918201940,
300833b2ddd9014000030002,1,1,852,-50,1654781918203021,1654781918203021,
300833b2ddd9014000030009,1,1,2740,-44,1654781918204065,1654781918204065,
300833b2ddd9014000030008,1,1,3620,-45,1654781918205883,1654781918205883,
300833b2ddd9014000030002,1,1,824,-50,1654781918210391,1654781918210391,
300833b2ddd9014000030008,1,1,3616,-45,1654781918211456,1654781918211456,
300833b2ddd9014000030009,1,1,2736,-44,1654781918212486,1654781918212486,
300833b2ddd9014000030001,1,1,1424,-51,1654781918213814,1654781918213814,
300833b2ddd9014000030002,1,1,864,-51,1654781918246923,1654781918246923,
300833b2ddd9014000030009,1,1,2724,-44,1654781918248095,1654781918248095,
300833b2ddd9014000030001,1,1,1432,-51,1654781918249210,1654781918249210,
300833b2ddd9014000030008,1,1,3628,-45,1654781918250278,1654781918250278,
300833b2ddd9014000030008,1,1,3616,-45,1654781918254721,1654781918254721,
300833b2ddd9014000030009,1,1,2728,-44,1654781918255964,1654781918255964,
300833b2ddd9014000030002,1,1,864,-50,1654781918257075,1654781918257075,
300833b2ddd9014000030001,1,1,1416,-51,1654781918258375,1654781918258375,
300833b2ddd9014000030002,1,1,856,-51,1654781918289838,1654781918289838,
300833b2ddd9014000030001,1,1,1400,-51,1654781918290985,1654781918290985,
300833b2ddd9014000030009,1,1,2724,-44,1654781918292522,1654781918292522,
300833b2ddd9014000030008,1,1,3620,-45,1654781918294441,1654781918294441,
300833b2ddd9014000030009,1,1,2744,-44,1654781918298412,1654781918298412,
300833b2ddd9014000030008,1,1,3612,-45,1654781918300344,1654781918300344,
300833b2ddd9014000030001,1,1,1424,-51,1654781918301661,1654781918301661,
300833b2ddd9014000030002,1,1,844,-50,1654781918302846,1654781918302846,
300833b2ddd9014000030009,1,1,2756,-44,1654781918333370,1654781918333370,
300833b2ddd9014000030008,1,1,3616,-46,1654781918335547,1654781918335547,
300833b2ddd9014000030002,1,1,840,-50,1654781918336631,1654781918336631,
300833b2ddd9014000030001,1,1,1424,-51,1654781918337676,1654781918337676,
300833b2ddd9014000030009,1,1,2724,-44,1654781918341861,1654781918341861,
300833b2ddd9014000030001,1,1,1420,-51,1654781918343046,1654781918343046,
300833b2ddd9014000030008,1,1,3608,-45,1654781918344187,1654781918344187,
300833b2ddd9014000030002,1,1,848,-51,1654781918345912,1654781918345912,
300833b2ddd9014000030001,1,1,1412,-51,1654781918376647,1654781918376647,
300833b2ddd9014000030002,1,1,860,-51,1654781918377968,1654781918377968,
300833b2ddd9014000030009,1,1,2732,-44,1654781918379042,1654781918379042,
300833b2ddd9014000030008,1,1,3616,-45,1654781918380125,1654781918380125,
300833b2ddd9014000030008,1,1,3612,-45,1654781918384927,1654781918384927,
300833b2ddd9014000030002,1,1,844,-51,1654781918387077,1654781918387077,
300833b2ddd9014000030009,1,1,2732,-44,1654781918388148,1654781918388148,
300833b2ddd9014000030001,1,1,1416,-51,1654781918389790,1654781918389790,
300833b2ddd9014000030001,1,1,1432,-51,1654781918420161,1654781918420161,
300833b2ddd9014000030002,1,1,880,-51,1654781918421219,1654781918421219,
300833b2ddd9014000030009,1,1,2716,-44,1654781918422998,1654781918422998,
300833b2ddd9014000030008,1,1,3616,-45,1654781918424124,1654781918424124,
300833b2ddd9014000030009,1,1,2724,-44,1654781918428566,1654781918428566,
300833b2ddd9014000030008,1,1,3604,-45,1654781918430524,1654781918430524,
300833b2ddd9014000030002,1,1,856,-51,1654781918431847,1654781918431847,
300833b2ddd9014000030001,1,1,1404,-51,1654781918432966,1654781918432966,