epc,atenda,atendanum,phase,RSS,timestamp,timestamp2,
300833b2ddd9014000030002,1,1,252,-47,1654781681100179,1654781681100179,
300833b2ddd9014000030001,1,1,876,-60,1654781681101791,1654781681101791,
300833b2ddd9014000030008,1,1,3328,-43,1654781681103073,1654781681103073,
300833b2ddd9014000030009,1,1,2632,-47,1654781681105623,1654781681105623,
300833b2ddd9014000030008,1,1,3328,-43,1654781681109045,1654781681109045,
300833b2ddd9014000030001,1,1,836,-60,1654781681110163,1654781681110163,
300833b2ddd9014000030009,1,1,2660,-48,1654781681111219,1654781681111219,
300833b2ddd9014000030002,1,1,260,-47,1654781681113893,1654781681113893,
300833b2ddd9014000030009,1,1,2636,-47,1654781681144495,1654781681144495,
300833b2ddd9014000030008,1,1,3316,-43,1654781681146498,1654781681146498,
300833b2ddd9014000030002,1,1,248,-47,1654781681147583,1654781681147583,
300833b2ddd9014000030001,1,1,844,-60,1654781681149240,1654781681149240,
300833b2ddd9014000030008,1,1,3320,-43,1654781681152952,1654781681152952,
300833b2ddd9014000030009,1,1,2648,-47,1654781681154209,1654781681154209,
300833b2ddd9014000030002,1,1,280,-47,1654781681155545,1654781681155545,
300833b2ddd9014000030001,1,1,848,-60,1654781681157093,1654781681157093,
300833b2ddd9014000030009,1,1,2644,-47,1654781681187034,1654781681187034,
300833b2ddd9014000030001,1,1,852,-60,1654781681188949,1654781681188949,
300833b2ddd9014000030008,1,1,3316,-43,1654781681190214,1654781681190214,
300833b2ddd9014000030002,1,1,240,-47,1654781681191299,1654781681191299,
300833b2ddd9014000030002,1,1,256,-47,1654781681194670,1654781681194670,
300833b2ddd9014000030009,1,1,2648,-48,1654781681196204,1654781681196204,
300833b2ddd9014000030008,1,1,3316,-43,1654781681197490,1654781681197490,
300833b2ddd9014000030001,1,1,872,-60,1654781681199220,1654781681199220,
300833b2ddd9014000030009,1,1,2644,-47,1654781681230508,1654781681230508,
300833b2ddd9014000030008,1,1,3316,-43,1654781681231606,1654781681231606,
300833b2ddd9014000030002,1,1,256,-47,1654781681232917,1654781681232917,
300833b2ddd9014000030001,1,1,848,-60,1654781681234203,1654781681234203,
300833b2ddd9014000030008,1,1,3324,-43,1654781681239467,1654781681239467,
300833b2ddd9014000030001,1,1,804,-60,1654781681241138,1654781681241138,
300833b2ddd9014000030002,1,1,256,-47,1654781681243086,1654781681243086,
300833b2ddd9014000030009,1,1,2628,-47,1654781681244403,1654781681244403,
300833b2ddd9014000030009,1,1,2632,-47,1654781681276905,1654781681276905,
300833b2ddd9014000030001,1,1,984,-60,1654781681278025,1654781681278025,
300833b2ddd9014000030008,1,1,3312,-43,1654781681279374,1654781681279374,
300833b2ddd9014000030002,1,1,260,-47,1654781681280699,1654781681280699,
300833b2ddd9014000030008,1,1,3316,-43,1654781681285466,1654781681285466,
300833b2ddd9014000030001,1,1,864,-60,1654781681286780,1654781681286780,
300833b2ddd9014000030002,1,1,248,-47,1654781681288543,1654781681288543,
300833b2ddd9014000030009,1,1,2640,-47,1654781681289773,1654781681289773,
300833b2ddd9014000030009,1,1,2652,-47,1654781681321428,1654781681321428,
300833b2ddd9014000030002,1,1,264,-48,1654781681322526,1654781681322526,
300833b2ddd9014000030008,1,1,3312,-43,1654781681324078,1654781681324078,
300833b2ddd9014000030001,1,1,856,-60,1654781681326616,1654781681326616,
300833b2ddd9014000030008,1,1,3316,-43,1654781681329362,1654781681329362,
300833b2ddd9014000030002,1,1,244,-47,1654781681330972,1654781681330972,
300833b2ddd9014000030001,1,1,888,-60,1654781681331999,1654781681331999,
300833b2ddd9014000030009,1,1,2624,-47,1654781681333569,1654781681333569,
300833b2ddd9014000030008,1,1,3320,-43,1654781681367238,1654781681367238,
300833b2ddd9014000030001,1,1,840,-59,1654781681368780,1654781681368780,
300833b2ddd9014000030002,1,1,256,-47,1654781681370316,1654781681370316,
300833b2ddd9014000030002,1,1,264,-47,1654781681375875,1654781681375875,
300833b2ddd9014000030008,1,1,3320,-43,1654781681376945,1654781681376945,
300833b2ddd9014000030009,1,1,2632,-48,1654781681379090,1654781681379090,
300833b2ddd9014000030001,1,1,844,-61,1654781681380791,1654781681380791,
300833b2ddd9014000030009,1,1,2604,-47,1654781681412136,1654781681412136,
300833b2ddd9014000030001,1,1,676,-60,1654781681413598,1654781681413598,
300833b2ddd9014000030008,1,1,3328,-43,1654781681414919,1654781681414919,
300833b2ddd9014000030002,1,1,240,-48,1654781681416616,1654781681416616,
300833b2ddd9014000030002,1,1,260,-47,1654781681419360,1654781681419360,
300833b2ddd9014000030008,1,1,3336,-43,1654781681421321,1654781681421321,
300833b2ddd9014000030009,1,1,2628,-47,1654781681422365,1654781681422365,
300833b2ddd9014000030001,1,1,912,-60,1654781681423652,1654781681423652,
300833b2ddd9014000030001,1,1,820,-58,1654781681455003,1654781681455003,
300833b2ddd9014000030009,1,1,2604,-47,1654781681456931,1654781681456931,
300833b2ddd9014000030008,1,1,3316,-43,1654781681458057,1654781681458057,
300833b2ddd9014000030002,1,1,236,-48,1654781681459230,1654781681459230,
300833b2ddd9014000030002,1,1,276,-47,1654781681462251,1654781681462251,
300833b2ddd9014000030001,1,1,912,-58,1654781681463311,1654781681463311,
300833b2ddd9014000030008,1,1,3320,-43,1654781681465114,1654781681465114,
300833b2ddd9014000030009,1,1,2652,-47,1654781681466241,1654781681466241,
300833b2ddd9014000030002,1,1,252,-47,1654781681497610,1654781681497610,
300833b2ddd9014000030008,1,1,3336,-43,1654781681498918,1654781681498918,
300833b2ddd9014000030009,1,1,2620,-47,1654781681501164,1654781681501164,
300833b2ddd9014000030001,1,1,1024,-58,1654781681502298,1654781681502298,
300833b2ddd9014000030002,1,1,244,-47,1654781681506163,1654781681506163,
300833b2ddd9014000030001,1,1,824,-59,1654781681507237,1654781681507237,
300833b2ddd9014000030009,1,1,2544,-47,1654781681508308,1654781681508308,
300833b2ddd9014000030008,1,1,3312,-43,1654781681510066,1654781681510066,
300833b2ddd9014000030008,1,1,3324,-43,1654781681541611,1654781681541611,
300833b2ddd9014000030002,1,1,284,-47,1654781681543222,1654781681543222,
300833b2ddd9014000030001,1,1,1020,-59,1654781681544524,1654781681544524,
300833b2ddd9014000030009,1,1,2648,-47,1654781681549416,1654781681549416,
300833b2ddd9014000030008,1,1,3308,-43,1654781681551126,1654781681551126,
300833b2ddd9014000030002,1,1,212,-48,1654781681553274,1654781681553274,
300833b2ddd9014000030001,1,1,872,-59,1654781681554520,1654781681554520,
300833b2ddd9014000030002,1,1,292,-47,1654781681585611,1654781681585611,
300833b2ddd9014000030008,1,1,3308,-43,1654781681586736,1654781681586736,
300833b2ddd9014000030001,1,1,812,-60,1654781681587768,1654781681587768,
300833b2ddd9014000030002,1,1,276,-47,1654781681592369,1654781681592369,
300833b2ddd9014000030008,1,1,3328,-43,1654781681593439,1654781681593439,
300833b2ddd9014000030009,1,1,2624,-47,1654781681594909,1654781681594909,
300833b2ddd9014000030001,1,1,916,-60,1654781681596323,1654781681596323,
300833b2ddd9014000030001,1,1,976,-61,1654781681819373,1654781681819373,
300833b2ddd9014000030008,1,1,3324,-43,1654781681820696,1654781681820696,
300833b2ddd9014000030009,1,1,2616,-47,1654781681824266,1654781681824266,
300833b2ddd9014000030008,1,1,3316,-43,1654781681825818,1654781681825818,
300833b2ddd9014000030001,1,1,972,-61,1654781681827462,1654781681827462,
300833b2ddd9014000030002,1,1,232,-48,1654781681828920,1654781681828920,
300833b2ddd9014000030002,1,1,252,-48,1654781681859908,1654781681859908,
300833b2ddd9014000030001,1,1,920,-60,1654781681861008,1654781681861008,
300833b2ddd9014000030008,1,1,3328,-43,1654781681862603,1654781681862603,
300833b2ddd9014000030009,1,1,2636,-47,1654781681863690,1654781681863690,
300833b2ddd9014000030001,1,1,900,-61,1654781681868490,1654781681868490,
300833b2ddd9014000030009,1,1,2616,-47,1654781681869829,1654781681869829,
300833b2ddd9014000030002,1,1,252,-48,1654781681870868,1654781681870868,
300833b2ddd9014000030008,1,1,3308,-43,1654781681871980,1654781681871980,
300833b2ddd9014000030001,1,1,944,-60,1654781681905211,1654781681905211,
300833b2ddd9014000030009,1,1,2616,-48,1654781681906510,1654781681906510,
300833b2ddd9014000030002,1,1,260,-48,1654781681911715,1654781681911715,
300833b2ddd9014000030008,1,1,3316,-43,1654781681912743,1654781681912743,
300833b2ddd9014000030009,1,1,2612,-47,1654781681913957,1654781681913957,
300833b2ddd9014000030001,1,1,916,-60,1654781681915217,1654781681915217,
300833b2ddd9014000030001,1,1,924,-60,1654781681945141,1654781681945141,
300833b2ddd9014000030008,1,1,3304,-43,1654781681947049,1654781681947049,
300833b2ddd9014000030002,1,1,248,-48,1654781681948444,1654781681948444,
300833b2ddd9014000030009,1,1,2616,-47,1654781681949884,1654781681949884,
300833b2ddd9014000030002,1,1,244,-48,1654781681952985,1654781681952985,
300833b2ddd9014000030009,1,1,2616,-47,1654781681954054,1654781681954054,
300833b2ddd9014000030008,1,1,3312,-43,1654781681955123,1654781681955123,
300833b2ddd9014000030001,1,1,988,-60,1654781681957278,1654781681957278,
300833b2ddd9014000030002,1,1,248,-48,1654781681988642,1654781681988642,
300833b2ddd9014000030009,1,1,2604,-47,1654781681990650,1654781681990650,
300833b2ddd9014000030008,1,1,3304,-43,1654781681991946,1654781681991946,
300833b2ddd9014000030001,1,1,928,-61,1654781681993118,1654781681993118,
300833b2ddd9014000030001,1,1,912,-60,1654781681996359,1654781681996359,
300833b2ddd9014000030009,1,1,2608,-47,1654781681998085,1654781681998085,
300833b2ddd9014000030008,1,1,3312,-43,1654781681999632,1654781681999632,
300833b2ddd9014000030002,1,1,248,-48,1654781682000860,1654781682000860,
300833b2ddd9014000030002,1,1,232,-48,1654781682030981,1654781682030981,
300833b2ddd9014000030001,1,1,876,-60,1654781682032922,1654781682032922,
300833b2ddd9014000030008,1,1,3304,-43,1654781682034258,1654781682034258,
300833b2ddd9014000030009,1,1,2612,-47,1654781682035328,1654781682035328,
300833b2ddd9014000030008,1,1,3316,-43,1654781682038769,1654781682038769,
300833b2ddd9014000030002,1,1,244,-48,1654781682040591,1654781682040591,
300833b2ddd9014000030009,1,1,2616,-47,1654781682041648,1654781682041648,
300833b2ddd9014000030001,1,1,960,-60,1654781682043377,1654781682043377,
300833b2ddd9014000030008,1,1,3308,-43,1654781682073329,1654781682073329,
300833b2ddd9014000030002,1,1,240,-48,1654781682075506,1654781682075506,
300833b2ddd9014000030009,1,1,2620,-48,1654781682076619,1654781682076619,
300833b2ddd9014000030001,1,1,920,-60,1654781682078066,1654781682078066,
300833b2ddd9014000030002,1,1,244,-48,1654781682081321,1654781682081321,
300833b2ddd9014000030001,1,1,920,-60,1654781682082410,1654781682082410,
300833b2ddd9014000030008,1,1,3324,-43,1654781682083488,1654781682083488,
300833b2ddd9014000030009,1,1,2648,-47,1654781682085342,1654781682085342,
300833b2ddd9014000030009,1,1,2620,-47,1654781682116762,1654781682116762,
300833b2ddd9014000030002,1,1,256,-48,1654781682118443,1654781682118443,
300833b2ddd9014000030008,1,1,3316,-43,1654781682119722,1654781682119722,
300833b2ddd9014000030001,1,1,944,-60,1654781682121213,1654781682121213,
300833b2ddd9014000030001,1,1,928,-60,1654781682124565,1654781682124565,
300833b2ddd9014000030002,1,1,244,-48,1654781682125648,1654781682125648,
300833b2ddd9014000030009,1,1,2624,-47,1654781682127172,1654781682127172,
300833b2ddd9014000030008,1,1,3312,-43,1654781682128511,1654781682128511,
300833b2ddd9014000030008,1,1,3320,-43,1654781682160278,1654781682160278,
300833b2ddd9014000030009,1,1,2632,-47,1654781682161392,1654781682161392,
300833b2ddd9014000030001,1,1,1004,-60,1654781682162469,1654781682162469,
300833b2ddd9014000030002,1,1,248,-48,1654781682163594,1654781682163594,
300833b2ddd9014000030008,1,1,3308,-43,1654781682168685,1654781682168685,
300833b2ddd9014000030001,1,1,988,-61,1654781682170083,1654781682170083,
300833b2ddd9014000030002,1,1,236,-48,1654781682171423,1654781682171423,
300833b2ddd9014000030009,1,1,2616,-47,1654781682172535,1654781682172535,
300833b2ddd9014000030002,1,1,244,-48,1654781682204318,1654781682204318,
300833b2ddd9014000030008,1,1,3312,-43,1654781682205404,1654781682205404,
300833b2ddd9014000030009,1,1,2608,-47,1654781682207227,1654781682207227,
300833b2ddd9014000030001,1,1,1052,-61,1654781682209141,1654781682209141,
300833b2ddd9014000030001,1,1,956,-61,1654781682214224,1654781682214224,
300833b2ddd9014000030002,1,1,244,-48,1654781682215535,1654781682215535,
300833b2ddd9014000030008,1,1,3312,-43,1654781682217073,1654781682217073,
300833b2ddd9014000030009,1,1,2612,-47,1654781682218186,1654781682218186,
300833b2ddd9014000030002,1,1,224,-48,1654781682250006,1654781682250006,
300833b2ddd9014000030001,1,1,992,-60,1654781682251948,1654781682251948,
300833b2ddd9014000030009,1,1,2612,-47,1654781682253016,1654781682253016,
300833b2ddd9014000030008,1,1,3304,-43,1654781682254072,1654781682254072,
300833b2ddd9014000030009,1,1,2616,-47,1654781682257725,1654781682257725,
300833b2ddd9014000030002,1,1,232,-48,1654781682259035,1654781682259035,
300833b2ddd9014000030008,1,1,3308,-43,1654781682260568,1654781682260568,
300833b2ddd9014000030001,1,1,1020,-61,1654781682262016,1654781682262016,
300833b2ddd9014000030008,1,1,3276,-43,1654781682293556,1654781682293556,
300833b2ddd9014000030002,1,1,200,-48,1654781682294670,1654781682294670,
300833b2ddd9014000030009,1,1,2636,-47,1654781682295996,1654781682295996,
300833b2ddd9014000030001,1,1,932,-61,1654781682297112,1654781682297112,
300833b2ddd9014000030002,1,1,216,-48,1654781682301564,1654781682301564,
300833b2ddd9014000030009,1,1,2636,-47,1654781682302646,1654781682302646,
300833b2ddd9014000030008,1,1,3268,-43,1654781682304501,1654781682304501,
300833b2ddd9014000030001,1,1,972,-62,1654781682305845,1654781682305845,
300833b2ddd9014000030009,1,1,2620,-47,1654781682336995,1654781682336995,
300833b2ddd9014000030008,1,1,3252,-43,1654781682338562,1654781682338562,
300833b2ddd9014000030002,1,1,144,-47,1654781682340397,1654781682340397,
300833b2ddd9014000030001,1,1,824,-62,1654781682341600,1654781682341600,
300833b2ddd9014000030008,1,1,3256,-43,1654781682345759,1654781682345759,
300833b2ddd9014000030009,1,1,2604,-47,1654781682346858,1654781682346858,
300833b2ddd9014000030002,1,1,152,-48,1654781682348906,1654781682348906,
300833b2ddd9014000030001,1,1,868,-61,1654781682350848,1654781682350848,
300833b2ddd9014000030009,1,1,2624,-47,1654781682381662,1654781682381662,
300833b2ddd9014000030002,1,1,112,-48,1654781682382944,1654781682382944,
300833b2ddd9014000030008,1,1,3216,-43,1654781682384935,1654781682384935,
300833b2ddd9014000030001,1,1,844,-63,1654781682386135,1654781682386135,
300833b2ddd9014000030002,1,1,112,-47,1654781682390212,1654781682390212,
300833b2ddd9014000030009,1,1,2632,-47,1654781682391523,1654781682391523,
300833b2ddd9014000030008,1,1,3204,-43,1654781682392610,1654781682392610,
300833b2ddd9014000030001,1,1,748,-64,1654781682393701,1654781682393701,
300833b2ddd9014000030008,1,1,3180,-43,1654781682425721,1654781682425721,
300833b2ddd9014000030009,1,1,2628,-46,1654781682426778,1654781682426778,
300833b2ddd9014000030002,1,1,72,-47,1654781682428343,1654781682428343,
300833b2ddd9014000030001,1,1,684,-64,1654781682431416,1654781682431416,
300833b2ddd9014000030002,1,1,76,-47,1654781682434430,1654781682434430,
300833b2ddd9014000030008,1,1,3172,-43,1654781682435481,1654781682435481,
300833b2ddd9014000030009,1,1,2624,-46,1654781682436570,1654781682436570,
300833b2ddd9014000030001,1,1,712,-64,1654781682438767,1654781682438767,
300833b2ddd9014000030009,1,1,2656,-46,1654781682470298,1654781682470298,
300833b2ddd9014000030008,1,1,3140,-43,1654781682471425,1654781682471425,
300833b2ddd9014000030002,1,1,20,-47,1654781682473190,1654781682473190,
300833b2ddd9014000030001,1,1,876,-64,1654781682474408,1654781682474408,
300833b2ddd9014000030009,1,1,2640,-45,1654781682478671,1654781682478671,
300833b2ddd9014000030001,1,1,896,-65,1654781682480198,1654781682480198,
300833b2ddd9014000030008,1,1,3128,-43,1654781682481538,1654781682481538,
300833b2ddd9014000030002,1,1,16,-47,1654781682483445,1654781682483445,
300833b2ddd9014000030008,1,1,3116,-43,1654781682514577,1654781682514577,
300833b2ddd9014000030001,1,1,1340,-64,1654781682515624,1654781682515624,
300833b2ddd9014000030009,1,1,2664,-45,1654781682516736,1654781682516736,
300833b2ddd9014000030002,1,1,20,-48,1654781682517862,1654781682517862,
300833b2ddd9014000030001,1,1,1304,-64,1654781682522806,1654781682522806,
300833b2ddd9014000030002,1,1,0,-48,1654781682524129,1654781682524129,
300833b2ddd9014000030008,1,1,3104,-43,1654781682525469,1654781682525469,
300833b2ddd9014000030009,1,1,2648,-45,1654781682526553,1654781682526553,
300833b2ddd9014000030002,1,1,4076,-48,1654781682558809,1654781682558809,
300833b2ddd9014000030001,1,1,1544,-61,1654781682560224,1654781682560224,
300833b2ddd9014000030008,1,1,3080,-43,1654781682562904,1654781682562904,
300833b2ddd9014000030009,1,1,2624,-45,1654781682564149,1654781682564149,
300833b2ddd9014000030001,1,1,1616,-61,1654781682567410,1654781682567410,
300833b2ddd9014000030009,1,1,2636,-45,1654781682568463,1654781682568463,
300833b2ddd9014000030008,1,1,3076,-43,1654781682569802,1654781682569802,
300833b2ddd9014000030002,1,1,4076,-48,1654781682570885,1654781682570885,
300833b2ddd9014000030008,1,1,3060,-43,1654781682603151,1654781682603151,
300833b2ddd9014000030002,1,1,4068,-48,1654781682604407,1654781682604407,
300833b2ddd9014000030001,1,1,1788,-56,1654781682605737,1654781682605737,
300833b2ddd9014000030009,1,1,2580,-44,1654781682606850,1654781682606850,
300833b2ddd9014000030008,1,1,3040,-43,1654781682610425,1654781682610425,
300833b2ddd9014000030002,1,1,4068,-48,1654781682611496,1654781682611496,
300833b2ddd9014000030009,1,1,2568,-44,1654781682612820,1654781682612820,
300833b2ddd9014000030001,1,1,1776,-55,1654781682614122,1654781682614122,
300833b2ddd9014000030009,1,1,2516,-44,1654781682652011,1654781682652011,
300833b2ddd9014000030008,1,1,3052,-44,1654781682653137,1654781682653137,
300833b2ddd9014000030002,1,1,4088,-49,1654781682655160,1654781682655160,
300833b2ddd9014000030001,1,1,1836,-52,1654781682656235,1654781682656235,
300833b2ddd9014000030001,1,1,1836,-52,1654781682660986,1654781682660986,
300833b2ddd9014000030002,1,1,4084,-49,1654781682663642,1654781682663642,
300833b2ddd9014000030009,1,1,2512,-44,1654781682665119,1654781682665119,
300833b2ddd9014000030008,1,1,3044,-44,1654781682666673,1654781682666673,
300833b2ddd9014000030009,1,1,2472,-43,1654781682696993,1654781682696993,
300833b2ddd9014000030001,1,1,1848,-50,1654781682698067,1654781682698067,
300833b2ddd9014000030002,1,1,32,-50,1654781682699721,1654781682699721,
300833b2ddd9014000030008,1,1,3040,-45,1654781682701059,1654781682701059,
300833b2ddd9014000030002,1,1,32,-50,1654781682707173,1654781682707173,
300833b2ddd9014000030008,1,1,3036,-45,1654781682708497,1654781682708497,
300833b2ddd9014000030009,1,1,2468,-43,1654781682709585,1654781682709585,
300833b2ddd9014000030001,1,1,1852,-49,1654781682711615,1654781682711615,
300833b2ddd9014000030009,1,1,2488,-43,1654781682745978,1654781682745978,
300833b2ddd9014000030008,1,1,3076,-46,1654781682747004,1654781682747004,
300833b2ddd9014000030001,1,1,1816,-48,1654781682748094,1654781682748094,
300833b2ddd9014000030002,1,1,104,-52,1654781682750049,1654781682750049,
300833b2ddd9014000030008,1,1,3084,-46,1654781682757988,1654781682757988,
300833b2ddd9014000030009,1,1,2484,-44,1654781682759059,1654781682759059,
300833b2ddd9014000030001,1,1,1788,-47,1654781682760274,1654781682760274,
300833b2ddd9014000030002,1,1,144,-52,1654781682761418,1654781682761418,
300833b2ddd9014000030002,1,1,244,-53,1654781682792482,1654781682792482,
300833b2ddd9014000030001,1,1,1728,-47,1654781682793570,1654781682793570,
300833b2ddd9014000030009,1,1,2528,-43,1654781682794628,1654781682794628,
300833b2ddd9014000030008,1,1,3164,-46,1654781682796589,1654781682796589,
300833b2ddd9014000030008,1,1,3156,-46,1654781682801392,1654781682801392,
300833b2ddd9014000030009,1,1,2544,-44,1654781682802519,1654781682802519,
300833b2ddd9014000030001,1,1,1704,-47,1654781682803621,1654781682803621,
300833b2ddd9014000030002,1,1,308,-55,1654781682805576,1654781682805576,
300833b2ddd9014000030002,1,1,532,-56,1654781682836705,1654781682836705,
300833b2ddd9014000030009,1,1,2548,-44,1654781682837976,1654781682837976,
300833b2ddd9014000030008,1,1,3272,-47,1654781682839585,1654781682839585,
300833b2ddd9014000030001,1,1,1664,-47,1654781682840897,1654781682840897,
300833b2ddd9014000030009,1,1,2580,-44,1654781682845162,1654781682845162,
300833b2ddd9014000030001,1,1,1652,-47,1654781682846319,1654781682846319,
300833b2ddd9014000030002,1,1,556,-57,1654781682848610,1654781682848610,
300833b2ddd9014000030008,1,1,3308,-47,1654781682850076,1654781682850076,
300833b2ddd9014000030002,1,1,760,-57,1654781682881381,1654781682881381,
300833b2ddd9014000030001,1,1,1608,-47,1654781682882496,1654781682882496,
300833b2ddd9014000030008,1,1,3404,-47,1654781682883843,1654781682883843,
300833b2ddd9014000030009,1,1,2624,-44,1654781682885188,1654781682885188,
300833b2ddd9014000030009,1,1,2620,-44,1654781682889433,1654781682889433,
300833b2ddd9014000030008,1,1,3404,-47,1654781682890757,1654781682890757,
300833b2ddd9014000030001,1,1,1600,-47,1654781682891873,1654781682891873,
300833b2ddd9014000030002,1,1,788,-56,1654781682893184,1654781682893184,
300833b2ddd9014000030008,1,1,3492,-47,1654781682932644,1654781682932644,
300833b2ddd9014000030001,1,1,1564,-48,1654781682934109,1654781682934109,
300833b2ddd9014000030002,1,1,920,-55,1654781682935420,1654781682935420,
300833b2ddd9014000030009,1,1,2692,-44,1654781682936475,1654781682936475,
300833b2ddd9014000030008,1,1,3512,-48,1654781682940644,1654781682940644,
300833b2ddd9014000030009,1,1,2696,-44,1654781682941844,1654781682941844,
300833b2ddd9014000030002,1,1,856,-55,1654781682942900,1654781682942900,
300833b2ddd9014000030001,1,1,1560,-48,1654781682943944,1654781682943944,
300833b2ddd9014000030009,1,1,2724,-43,1654781682975022,1654781682975022,
300833b2ddd9014000030008,1,1,3572,-48,1654781682976791,1654781682976791,
300833b2ddd9014000030002,1,1,932,-54,1654781682977905,1654781682977905,
300833b2ddd9014000030001,1,1,1544,-48,1654781682978978,1654781682978978,
300833b2ddd9014000030001,1,1,1544,-48,1654781682983963,1654781682983963,
300833b2ddd9014000030009,1,1,2736,-43,1654781682985019,1654781682985019,
300833b2ddd9014000030002,1,1,920,-54,1654781682986232,1654781682986232,
300833b2ddd9014000030008,1,1,3552,-48,1654781682987345,1654781682987345,
300833b2ddd9014000030002,1,1,928,-53,1654781683017769,1654781683017769,
300833b2ddd9014000030008,1,1,3596,-47,1654781683019195,1654781683019195,
300833b2ddd9014000030009,1,1,2740,-43,1654781683020279,1654781683020279,
300833b2ddd9014000030001,1,1,1544,-49,1654781683021367,1654781683021367,
300833b2ddd9014000030001,1,1,1548,-49,1654781683024819,1654781683024819,
300833b2ddd9014000030008,1,1,3584,-47,1654781683025921,1654781683025921,
300833b2ddd9014000030009,1,1,2740,-43,1654781683027760,1654781683027760,
300833b2ddd9014000030002,1,1,936,-53,1654781683029169,1654781683029169,
300833b2ddd9014000030009,1,1,2740,-43,1654781683061402,1654781683061402,
300833b2ddd9014000030002,1,1,900,-52,1654781683063686,1654781683063686,
300833b2ddd9014000030001,1,1,1528,-49,1654781683065116,1654781683065116,
300833b2ddd9014000030008,1,1,3600,-47,1654781683066468,1654781683066468,
300833b2ddd9014000030009,1,1,2768,-43,1654781683070114,1654781683070114,
300833b2ddd9014000030002,1,1,888,-52,1654781683071196,1654781683071196,
300833b2ddd9014000030008,1,1,3600,-46,1654781683073286,1654781683073286,
300833b2ddd9014000030001,1,1,1536,-50,1654781683075001,1654781683075001,
300833b2ddd9014000030009,1,1,2760,-43,1654781683105687,1654781683105687,
300833b2ddd9014000030008,1,1,3608,-47,1654781683106800,1654781683106800,
300833b2ddd9014000030001,1,1,1552,-50,1654781683107831,1654781683107831,
300833b2ddd9014000030002,1,1,844,-51,1654781683110786,1654781683110786,
300833b2ddd9014000030008,1,1,3616,-46,1654781683114440,1654781683114440,
300833b2ddd9014000030009,1,1,2764,-43,1654781683116575,1654781683116575,
300833b2ddd9014000030001,1,1,1552,-50,1654781683117679,1654781683117679,
300833b2ddd9014000030002,1,1,848,-51,1654781683119147,1654781683119147,
300833b2ddd9014000030009,1,1,2740,-43,1654781683149781,1654781683149781,
300833b2ddd9014000030001,1,1,1568,-49,1654781683151707,1654781683151707,
300833b2ddd9014000030008,1,1,3596,-46,1654781683152833,1654781683152833,
300833b2ddd9014000030002,1,1,836,-51,1654781683153985,1654781683153985,
300833b2ddd9014000030001,1,1,1560,-49,1654781683157691,1654781683157691,
300833b2ddd9014000030002,1,1,808,-51,1654781683159146,1654781683159146,
300833b2ddd9014000030009,1,1,2744,-43,1654781683160272,1654781683160272,
300833b2ddd9014000030008,1,1,3604,-46,1654781683161966,1654781683161966,
300833b2ddd9014000030008,1,1,3612,-46,1654781683191667,1654781683191667,
300833b2ddd9014000030009,1,1,2748,-43,1654781683192980,1654781683192980,
300833b2ddd9014000030001,1,1,1560,-49,1654781683194054,1654781683194054,
300833b2ddd9014000030002,1,1,812,-51,1654781683196756,1654781683196756,
300833b2ddd9014000030002,1,1,828,-51,1654781683200399,1654781683200399,
300833b2ddd9014000030008,1,1,3612,-46,1654781683201964,1654781683201964,
300833b2ddd9014000030001,1,1,1552,-49,1654781683203308,1654781683203308,
300833b2ddd9014000030009,1,1,2756,-43,1654781683204676,1654781683204676,
300833b2ddd9014000030008,1,1,3592,-46,1654781683236180,1654781683236180,
300833b2ddd9014000030001,1,1,1552,-49,1654781683237297,1654781683237297,
300833b2ddd9014000030009,1,1,2760,-43,1654781683238367,1654781683238367,
300833b2ddd9014000030002,1,1,836,-51,1654781683239451,1654781683239451,
300833b2ddd9014000030001,1,1,1552,-49,1654781683244433,1654781683244433,
300833b2ddd9014000030009,1,1,2740,-43,1654781683246015,1654781683246015,
300833b2ddd9014000030008,1,1,3580,-46,1654781683247329,1654781683247329,
300833b2ddd9014000030002,1,1,832,-51,1654781683249308,1654781683249308,
300833b2ddd9014000030009,1,1,2756,-43,1654781683280164,1654781683280164,
300833b2ddd9014000030008,1,1,3612,-46,1654781683281530,1654781683281530,
300833b2ddd9014000030001,1,1,1556,-49,1654781683283072,1654781683283072,
300833b2ddd9014000030002,1,1,824,-51,1654781683284170,1654781683284170,
300833b2ddd9014000030001,1,1,1560,-49,1654781683289774,1654781683289774,
300833b2ddd9014000030002,1,1,816,-51,1654781683290872,1654781683290872,
300833b2ddd9014000030009,1,1,2720,-42,1654781683292692,1654781683292692,
300833b2ddd9014000030008,1,1,3608,-46,1654781683294132,1654781683294132,
300833b2ddd9014000030001,1,1,1564,-49,1654781683325025,1654781683325025,
300833b2ddd9014000030008,1,1,3604,-46,1654781683326349,1654781683326349,
300833b2ddd9014000030009,1,1,2736,-43,1654781683330588,1654781683330588,
300833b2ddd9014000030008,1,1,3592,-46,1654781683331829,1654781683331829,
300833b2ddd9014000030001,1,1,1556,-50,1654781683332917,1654781683332917,
300833b2ddd9014000030002,1,1,824,-51,1654781683334542,1654781683334542,
300833b2ddd9014000030009,1,1,2752,-43,1654781683364717,1654781683364717,
300833b2ddd9014000030002,1,1,808,-51,1654781683366057,1654781683366057,
300833b2ddd9014000030001,1,1,1552,-50,1654781683367160,1654781683367160,
300833b2ddd9014000030008,1,1,3612,-46,1654781683368286,1654781683368286,
300833b2ddd9014000030009,1,1,2744,-43,1654781683374150,1654781683374150,
300833b2ddd9014000030002,1,1,808,-51,1654781683375449,1654781683375449,
300833b2ddd9014000030001,1,1,1548,-50,1654781683376916,1654781683376916,
300833b2ddd9014000030008,1,1,3600,-46,1654781683378027,1654781683378027,
300833b2ddd9014000030008,1,1,3600,-46,1654781683407834,1654781683407834,
300833b2ddd9014000030001,1,1,1576,-50,1654781683409162,1654781683409162,
300833b2ddd9014000030009,1,1,2732,-43,1654781683410951,1654781683410951,
300833b2ddd9014000030002,1,1,836,-51,1654781683416846,1654781683416846,
300833b2ddd9014000030009,1,1,2732,-43,1654781683418797,1654781683418797,
300833b2ddd9014000030008,1,1,3620,-46,1654781683420134,1654781683420134,
300833b2ddd9014000030001,1,1,1568,-50,1654781683421207,1654781683421207,
300833b2ddd9014000030002,1,1,824,-51,1654781683452012,1654781683452012,
300833b2ddd9014000030009,1,1,2748,-43,1654781683453647,1654781683453647,
300833b2ddd9014000030001,1,1,1536,-50,1654781683455249,1654781683455249,
300833b2ddd9014000030008,1,1,3616,-46,1654781683456432,1654781683456432,
300833b2ddd9014000030009,1,1,2748,-43,1654781683459423,1654781683459423,
300833b2ddd9014000030001,1,1,1516,-49,1654781683461619,1654781683461619,
300833b2ddd9014000030002,1,1,852,-51,1654781683462729,1654781683462729,
300833b2ddd9014000030008,1,1,3616,-46,1654781683463812,1654781683463812,
300833b2ddd9014000030002,1,1,844,-51,1654781683494564,1654781683494564,
300833b2ddd9014000030009,1,1,2744,-43,1654781683495649,1654781683495649,
300833b2ddd9014000030008,1,1,3612,-46,1654781683497200,1654781683497200,
300833b2ddd9014000030001,1,1,1532,-50,1654781683498274,1654781683498274,
300833b2ddd9014000030009,1,1,2748,-43,1654781683502522,1654781683502522,
300833b2ddd9014000030001,1,1,1540,-50,1654781683504505,1654781683504505,
300833b2ddd9014000030008,1,1,3616,-46,1654781683505604,1654781683505604,
300833b2ddd9014000030002,1,1,820,-51,1654781683506731,1654781683506731,
300833b2ddd9014000030008,1,1,3624,-46,1654781683537322,1654781683537322,
300833b2ddd9014000030002,1,1,836,-51,1654781683538392,1654781683538392,
300833b2ddd9014000030001,1,1,1540,-50,1654781683539989,1654781683539989,
300833b2ddd9014000030009,1,1,2732,-43,1654781683541571,1654781683541571,
300833b2ddd9014000030008,1,1,3636,-46,1654781683545793,1654781683545793,
300833b2ddd9014000030009,1,1,2752,-43,1654781683547104,1654781683547104,
300833b2ddd9014000030001,1,1,1552,-50,1654781683548674,1654781683548674,
300833b2ddd9014000030002,1,1,840,-51,1654781683549787,1654781683549787,
300833b2ddd9014000030002,1,1,852,-50,1654781683581185,1654781683581185,
300833b2ddd9014000030009,1,1,2744,-43,1654781683583095,1654781683583095,
300833b2ddd9014000030001,1,1,1552,-50,1654781683584226,1654781683584226,
300833b2ddd9014000030008,1,1,3652,-46,1654781683585551,1654781683585551,
300833b2ddd9014000030002,1,1,816,-51,1654781683589380,1654781683589380,
300833b2ddd9014000030009,1,1,2748,-43,1654781683590390,1654781683590390,
300833b2ddd9014000030008,1,1,3636,-46,1654781683592834,1654781683592834,
300833b2ddd9014000030001,1,1,1556,-50,1654781683594121,1654781683594121,
300833b2ddd9014000030009,1,1,2760,-43,1654781683624496,1654781683624496,
300833b2ddd9014000030001,1,1,1536,-50,1654781683625596,1654781683625596,
300833b2ddd9014000030008,1,1,3640,-46,1654781683626680,1654781683626680,
300833b2ddd9014000030002,1,1,840,-50,1654781683629583,1654781683629583,
300833b2ddd9014000030002,1,1,852,-50,1654781683633530,1654781683633530,
300833b2ddd9014000030001,1,1,1520,-50,1654781683634649,1654781683634649,
300833b2ddd9014000030008,1,1,3636,-46,1654781683637060,1654781683637060,
300833b2ddd9014000030009,1,1,2740,-43,1654781683638132,1654781683638132,
300833b2ddd9014000030008,1,1,3652,-46,1654781683668995,1654781683668995,
300833b2ddd9014000030002,1,1,848,-51,1654781683670065,1654781683670065,
300833b2ddd9014000030009,1,1,2764,-43,1654781683671402,1654781683671402,
300833b2ddd9014000030001,1,1,1544,-50,1654781683673555,1654781683673555,
300833b2ddd9014000030008,1,1,3628,-46,1654781683677616,1654781683677616,
300833b2ddd9014000030009,1,1,2744,-43,1654781683679625,1654781683679625,
300833b2ddd9014000030002,1,1,856,-51,1654781683680753,1654781683680753,
300833b2ddd9014000030001,1,1,1556,-50,1654781683682662,1654781683682662,
300833b2ddd9014000030008,1,1,3652,-46,1654781683713061,1654781683713061,
300833b2ddd9014000030009,1,1,2740,-43,1654781683714318,1654781683714318,
300833b2ddd9014000030002,1,1,844,-50,1654781683716255,1654781683716255,
300833b2ddd9014000030001,1,1,1536,-50,1654781683717342,1654781683717342,
300833b2ddd9014000030009,1,1,2760,-43,1654781683720071,1654781683720071,
300833b2ddd9014000030002,1,1,848,-51,1654781683721157,1654781683721157,
300833b2ddd9014000030008,1,1,3656,-46,1654781683722512,1654781683722512,
300833b2ddd9014000030001,1,1,1520,-50,1654781683723628,1654781683723628,
300833b2ddd9014000030009,1,1,2772,-43,1654781683755852,1654781683755852,
300833b2ddd9014000030002,1,1,836,-50,1654781683757562,1654781683757562,
300833b2ddd9014000030008,1,1,3668,-46,1654781683761268,1654781683761268,
300833b2ddd9014000030001,1,1,1548,-50,1654781683762486,1654781683762486,
300833b2ddd9014000030002,1,1,836,-51,1654781683765272,1654781683765272,
300833b2ddd9014000030009,1,1,2764,-43,1654781683767220,1654781683767220,
300833b2ddd9014000030001,1,1,1552,-50,1654781683768521,1654781683768521,
300833b2ddd9014000030008,1,1,3648,-46,1654781683769590,1654781683769590,
300833b2ddd9014000030008,1,1,3652,-46,1654781683802181,1654781683802181,
300833b2ddd9014000030002,1,1,824,-50,1654781683803240,1654781683803240,
300833b2ddd9014000030009,1,1,2760,-43,1654781683804322,1654781683804322,
300833b2ddd9014000030001,1,1,1520,-50,1654781683805457,1654781683805457,
300833b2ddd9014000030001,1,1,1560,-50,1654781683809110,1654781683809110,
300833b2ddd9014000030009,1,1,2744,-43,1654781683810822,1654781683810822,
300833b2ddd9014000030008,1,1,3644,-46,1654781683812786,1654781683812786,
300833b2ddd9014000030002,1,1,840,-50,1654781683814242,1654781683814242,
300833b2ddd9014000030009,1,1,2756,-43,1654781683844789,1654781683844789,
300833b2ddd9014000030008,1,1,3636,-46,1654781683845986,1654781683845986,
300833b2ddd9014000030002,1,1,828,-50,1654781683847115,1654781683847115,
300833b2ddd9014000030001,1,1,1572,-50,1654781683849053,1654781683849053,
300833b2ddd9014000030009,1,1,2764,-43,1654781683852056,1654781683852056,
300833b2ddd9014000030001,1,1,1540,-50,1654781683853743,1654781683853743,
300833b2ddd9014000030008,1,1,3628,-46,1654781683854828,1654781683854828,
300833b2ddd9014000030002,1,1,856,-50,1654781683855928,1654781683855928,
300833b2ddd9014000030001,1,1,1536,-50,1654781683887051,1654781683887051,
300833b2ddd9014000030009,1,1,2768,-43,1654781683888118,1654781683888118,
300833b2ddd9014000030002,1,1,812,-51,1654781683889432,1654781683889432,
300833b2ddd9014000030008,1,1,3628,-46,1654781683890556,1654781683890556,
300833b2ddd9014000030002,1,1,832,-51,1654781683895532,1654781683895532,
300833b2ddd9014000030009,1,1,2756,-43,1654781683896586,1654781683896586,
300833b2ddd9014000030001,1,1,1556,-50,1654781683899314,1654781683899314,
300833b2ddd9014000030008,1,1,3652,-46,1654781683900356,1654781683900356,
300833b2ddd9014000030001,1,1,1540,-50,1654781683930959,1654781683930959,
300833b2ddd9014000030002,1,1,848,-51,1654781683932684,1654781683932684,
300833b2ddd9014000030009,1,1,2740,-43,1654781683933769,1654781683933769,
300833b2ddd9014000030008,1,1,3644,-46,1654781683934823,1654781683934823,
300833b2ddd9014000030009,1,1,2748,-43,1654781683938502,1654781683938502,
300833b2ddd9014000030002,1,1,840,-51,1654781683940025,1654781683940025,
300833b2ddd9014000030001,1,1,1528,-50,1654781683941084,1654781683941084,
300833b2ddd9014000030008,1,1,3620,-46,1654781683942198,1654781683942198,
300833b2ddd9014000030008,1,1,3636,-46,1654781683975166,1654781683975166,
300833b2ddd9014000030009,1,1,2768,-43,1654781683976177,1654781683976177,
300833b2ddd9014000030001,1,1,1560,-50,1654781683977211,1654781683977211,
300833b2ddd9014000030002,1,1,856,-51,1654781683978692,1654781683978692,
300833b2ddd9014000030008,1,1,3648,-46,1654781683981444,1654781683981444,
300833b2ddd9014000030002,1,1,868,-50,1654781683983007,1654781683983007,
300833b2ddd9014000030009,1,1,2752,-43,1654781683984067,1654781683984067,
300833b2ddd9014000030001,1,1,1552,-50,1654781683985636,1654781683985636,
300833b2ddd9014000030008,1,1,3656,-46,1654781684017077,1654781684017077,
300833b2ddd9014000030001,1,1,1520,-50,1654781684018394,1654781684018394,
300833b2ddd9014000030002,1,1,868,-50,1654781684019473,1654781684019473,
300833b2ddd9014000030009,1,1,2768,-43,1654781684020560,1654781684020560,
300833b2ddd9014000030009,1,1,2752,-43,1654781684026492,1654781684026492,
300833b2ddd9014000030008,1,1,3652,-46,1654781684028043,1654781684028043,
300833b2ddd9014000030002,1,1,852,-51,1654781684029244,1654781684029244,
300833b2ddd9014000030001,1,1,1524,-50,1654781684030304,1654781684030304,
300833b2ddd9014000030008,1,1,3620,-46,1654781684060574,1654781684060574,
300833b2ddd9014000030002,1,1,872,-51,1654781684061686,1654781684061686,
300833b2ddd9014000030001,1,1,1532,-50,1654781684062773,1654781684062773,
300833b2ddd9014000030009,1,1,2748,-43,1654781684064354,1654781684064354,
300833b2ddd9014000030002,1,1,852,-51,1654781684068882,1654781684068882,
300833b2ddd9014000030001,1,1,1552,-50,1654781684069999,1654781684069999,
300833b2ddd9014000030008,1,1,3640,-46,1654781684071055,1654781684071055,
300833b2ddd9014000030009,1,1,2760,-43,1654781684072394,1654781684072394,
300833b2ddd9014000030009,1,1,2740,-43,1654781684104259,1654781684104259,
300833b2ddd9014000030008,1,1,3636,-46,1654781684105627,1654781684105627,
300833b2ddd9014000030001,1,1,1540,-50,1654781684106684,1654781684106684,
300833b2ddd9014000030002,1,1,864,-51,1654781684108564,1654781684108564,
300833b2ddd9014000030009,1,1,2740,-43,1654781684113159,1654781684113159,
300833b2ddd9014000030002,1,1,844,-51,1654781684114657,1654781684114657,
300833b2ddd9014000030001,1,1,1536,-50,1654781684115743,1654781684115743,
300833b2ddd9014000030008,1,1,3628,-46,1654781684116827,1654781684116827,
300833b2ddd9014000030001,1,1,1592,-50,1654781684148651,1654781684148651,
300833b2ddd9014000030009,1,1,2740,-43,1654781684150639,1654781684150639,
300833b2ddd9014000030008,1,1,3652,-46,1654781684152106,1654781684152106,
300833b2ddd9014000030002,1,1,844,-51,1654781684153363,1654781684153363,
300833b2ddd9014000030008,1,1,3632,-46,1654781684156120,1654781684156120,
300833b2ddd9014000030001,1,1,1528,-50,1654781684157435,1654781684157435,
300833b2ddd9014000030002,1,1,844,-51,1654781684158533,1654781684158533,
300833b2ddd9014000030009,1,1,2752,-43,1654781684160385,1654781684160385,
300833b2ddd9014000030009,1,1,2748,-43,1654781684192736,1654781684192736,
300833b2ddd9014000030008,1,1,3636,-46,1654781684193820,1654781684193820,
300833b2ddd9014000030001,1,1,1520,-50,1654781684194893,1654781684194893,
300833b2ddd9014000030002,1,1,844,-51,1654781684196576,1654781684196576,
300833b2ddd9014000030008,1,1,3652,-46,1654781684199499,1654781684199499,
300833b2ddd9014000030001,1,1,1544,-50,1654781684200841,1654781684200841,
300833b2ddd9014000030009,1,1,2760,-43,1654781684202379,1654781684202379,
300833b2ddd9014000030002,1,1,852,-51,1654781684203465,1654781684203465,
300833b2ddd9014000030009,1,1,2748,-43,1654781684234863,1654781684234863,
300833b2ddd9014000030008,1,1,3628,-46,1654781684236572,1654781684236572,
300833b2ddd9014000030001,1,1,1504,-50,1654781684238594,1654781684238594,
300833b2ddd9014000030002,1,1,872,-51,1654781684239646,1654781684239646,
300833b2ddd9014000030008,1,1,3620,-46,1654781684242607,1654781684242607,
300833b2ddd9014000030002,1,1,872,-51,1654781684244328,1654781684244328,
300833b2ddd9014000030009,1,1,2744,-43,1654781684245629,1654781684245629,
300833b2ddd9014000030001,1,1,1544,-50,1654781684246687,1654781684246687,
300833b2ddd9014000030008,1,1,3612,-46,1654781684278171,1654781684278171,
300833b2ddd9014000030009,1,1,2748,-43,1654781684279525,1654781684279525,
300833b2ddd9014000030001,1,1,1516,-50,1654781684280983,1654781684280983,
300833b2ddd9014000030002,1,1,856,-51,1654781684282067,1654781684282067,
300833b2ddd9014000030009,1,1,2772,-43,1654781684285583,1654781684285583,
300833b2ddd9014000030002,1,1,832,-51,1654781684286783,1654781684286783,
300833b2ddd9014000030008,1,1,3620,-46,1654781684287893,1654781684287893,
300833b2ddd9014000030001,1,1,1512,-50,1654781684289181,1654781684289181,
300833b2ddd9014000030009,1,1,2768,-43,1654781684319518,1654781684319518,
300833b2ddd9014000030001,1,1,1524,-50,1654781684320664,1654781684320664,
300833b2ddd9014000030002,1,1,872,-51,1654781684322485,1654781684322485,
300833b2ddd9014000030008,1,1,3636,-46,1654781684323838,1654781684323838,
300833b2ddd9014000030002,1,1,860,-50,1654781684328030,1654781684328030,
300833b2ddd9014000030001,1,1,1516,-50,1654781684329149,1654781684329149,
300833b2ddd9014000030008,1,1,3628,-46,1654781684330714,1654781684330714,
300833b2ddd9014000030009,1,1,2744,-43,1654781684332237,1654781684332237,
300833b2ddd9014000030001,1,1,1532,-50,1654781684363722,1654781684363722,
300833b2ddd9014000030008,1,1,3620,-46,1654781684364822,1654781684364822,
300833b2ddd9014000030002,1,1,872,-51,1654781684366160,1654781684366160,
300833b2ddd9014000030009,1,1,2748,-43,1654781684367456,1654781684367456,
300833b2ddd9014000030001,1,1,1548,-50,1654781684371922,1654781684371922,
300833b2ddd9014000030008,1,1,3624,-46,1654781684373474,1654781684373474,
300833b2ddd9014000030009,1,1,2756,-43,1654781684374812,1654781684374812,
300833b2ddd9014000030002,1,1,856,-51,1654781684375858,1654781684375858,
300833b2ddd9014000030008,1,1,3636,-46,1654781684407315,1654781684407315,
300833b2ddd9014000030001,1,1,1568,-50,1654781684408418,1654781684408418,
300833b2ddd9014000030002,1,1,876,-51,1654781684409489,1654781684409489,
300833b2ddd9014000030009,1,1,2728,-43,1654781684411568,1654781684411568,
300833b2ddd9014000030009,1,1,2748,-43,1654781684416017,1654781684416017,
300833b2ddd9014000030001,1,1,1500,-50,1654781684417077,1654781684417077,
300833b2ddd9014000030008,1,1,3636,-46,1654781684418600,1654781684418600,
300833b2ddd9014000030002,1,1,860,-51,1654781684420296,1654781684420296,
300833b2ddd9014000030002,1,1,872,-51,1654781684451357,1654781684451357,
300833b2ddd9014000030008,1,1,3620,-46,1654781684452457,1654781684452457,
300833b2ddd9014000030001,1,1,1536,-50,1654781684454524,1654781684454524,
300833b2ddd9014000030009,1,1,2744,-43,1654781684455608,1654781684455608,
300833b2ddd9014000030008,1,1,3632,-46,1654781684460915,1654781684460915,
300833b2ddd9014000030009,1,1,2764,-43,1654781684462013,1654781684462013,
300833b2ddd9014000030002,1,1,848,-51,1654781684463070,1654781684463070,
300833b2ddd9014000030001,1,1,1524,-50,1654781684464156,1654781684464156,
300833b2ddd9014000030009,1,1,2760,-43,1654781684494961,1654781684494961,
300833b2ddd9014000030001,1,1,1540,-50,1654781684496466,1654781684496466,
300833b2ddd9014000030008,1,1,3664,-46,1654781684497578,1654781684497578,
300833b2ddd9014000030002,1,1,864,-51,1654781684499472,1654781684499472,
300833b2ddd9014000030001,1,1,1524,-50,1654781684502192,1654781684502192,
300833b2ddd9014000030008,1,1,3624,-46,1654781684503305,1654781684503305,
300833b2ddd9014000030009,1,1,2756,-43,1654781684505340,1654781684505340,
300833b2ddd9014000030002,1,1,860,-51,1654781684506383,1654781684506383,
300833b2ddd9014000030009,1,1,2768,-43,1654781684537572,1654781684537572,
300833b2ddd9014000030008,1,1,3632,-46,1654781684538668,1654781684538668,
300833b2ddd9014000030001,1,1,1516,-50,1654781684539772,1654781684539772,
300833b2ddd9014000030002,1,1,864,-51,1654781684541848,1654781684541848,
300833b2ddd9014000030009,1,1,2772,-43,1654781684546523,1654781684546523,
300833b2ddd9014000030001,1,1,1524,-50,1654781684548478,1654781684548478,
300833b2ddd9014000030008,1,1,3636,-46,1654781684549561,1654781684549561,
300833b2ddd9014000030002,1,1,864,-51,1654781684551014,1654781684551014,
300833b2ddd9014000030008,1,1,3640,-46,1654781684580720,1654781684580720,
300833b2ddd9014000030002,1,1,840,-50,1654781684581806,1654781684581806,
300833b2ddd9014000030009,1,1,2752,-43,1654781684583144,1654781684583144,
300833b2ddd9014000030001,1,1,1532,-50,1654781684584955,1654781684584955,
300833b2ddd9014000030001,1,1,1520,-50,1654781684589452,1654781684589452,
300833b2ddd9014000030002,1,1,864,-51,1654781684590521,1654781684590521,
300833b2ddd9014000030008,1,1,3648,-46,1654781684592358,1654781684592358,
300833b2ddd9014000030009,1,1,2744,-43,1654781684593429,1654781684593429,
300833b2ddd9014000030008,1,1,3636,-46,1654781684624656,1654781684624656,
300833b2ddd9014000030009,1,1,2740,-43,1654781684625997,1654781684625997,
300833b2ddd9014000030002,1,1,832,-51,1654781684627564,1654781684627564,
300833b2ddd9014000030001,1,1,1508,-50,1654781684629487,1654781684629487,
300833b2ddd9014000030009,1,1,2740,-43,1654781684633577,1654781684633577,
300833b2ddd9014000030002,1,1,872,-51,1654781684634887,1654781684634887,
300833b2ddd9014000030001,1,1,1516,-50,1654781684637065,1654781684637065,
300833b2ddd9014000030008,1,1,3640,-46,1654781684638391,1654781684638391,
300833b2ddd9014000030008,1,1,3640,-46,1654781684669243,1654781684669243,
300833b2ddd9014000030009,1,1,2760,-43,1654781684670298,1654781684670298,
300833b2ddd9014000030002,1,1,860,-51,1654781684672332,1654781684672332,
300833b2ddd9014000030001,1,1,1516,-50,1654781684673577,1654781684673577,
300833b2ddd9014000030008,1,1,3640,-46,1654781684677889,1654781684677889,
300833b2ddd9014000030009,1,1,2760,-43,1654781684679573,1654781684679573,
300833b2ddd9014000030002,1,1,856,-51,1654781684680686,1654781684680686,
300833b2ddd9014000030001,1,1,1508,-50,1654781684682014,1654781684682014,
300833b2ddd9014000030008,1,1,3644,-46,1654781684712679,1654781684712679,
300833b2ddd9014000030009,1,1,2748,-43,1654781684714829,1654781684714829,
300833b2ddd9014000030001,1,1,1528,-50,1654781684715932,1654781684715932,
300833b2ddd9014000030002,1,1,864,-51,1654781684717401,1654781684717401,
300833b2ddd9014000030009,1,1,2728,-43,1654781684720132,1654781684720132,
300833b2ddd9014000030001,1,1,1512,-50,1654781684721206,1654781684721206,
300833b2ddd9014000030002,1,1,860,-51,1654781684722472,1654781684722472,
300833b2ddd9014000030008,1,1,3644,-46,1654781684723811,1654781684723811,
300833b2ddd9014000030008,1,1,3648,-46,1654781684755639,1654781684755639,
300833b2ddd9014000030002,1,1,876,-51,1654781684756738,1654781684756738,
300833b2ddd9014000030001,1,1,1532,-50,1654781684758078,1654781684758078,
300833b2ddd9014000030009,1,1,2744,-43,1654781684759152,1654781684759152,
300833b2ddd9014000030008,1,1,3624,-46,1654781684764083,1654781684764083,
300833b2ddd9014000030001,1,1,1536,-50,1654781684765185,1654781684765185,
300833b2ddd9014000030002,1,1,864,-51,1654781684766510,1654781684766510,
300833b2ddd9014000030009,1,1,2748,-43,1654781684767806,1654781684767806,
300833b2ddd9014000030002,1,1,852,-51,1654781684800172,1654781684800172,
300833b2ddd9014000030001,1,1,1532,-50,1654781684801429,1654781684801429,
300833b2ddd9014000030009,1,1,2752,-43,1654781684803363,1654781684803363,
300833b2ddd9014000030008,1,1,3628,-46,1654781684804490,1654781684804490,
300833b2ddd9014000030001,1,1,1516,-50,1654781684807215,1654781684807215,
300833b2ddd9014000030002,1,1,868,-51,1654781684809183,1654781684809183,
300833b2ddd9014000030009,1,1,2740,-43,1654781684810679,1654781684810679,
300833b2ddd9014000030008,1,1,3616,-46,1654781684812134,1654781684812134,
300833b2ddd9014000030009,1,1,2740,-43,1654781684843285,1654781684843285,
300833b2ddd9014000030008,1,1,3624,-46,1654781684844681,1654781684844681,
300833b2ddd9014000030001,1,1,1496,-50,1654781684847028,1654781684847028,
300833b2ddd9014000030002,1,1,872,-51,1654781684848495,1654781684848495,
300833b2ddd9014000030002,1,1,884,-51,1654781684851344,1654781684851344,
300833b2ddd9014000030009,1,1,2740,-43,1654781684852713,1654781684852713,
300833b2ddd9014000030001,1,1,1484,-50,1654781684854766,1654781684854766,
300833b2ddd9014000030008,1,1,3624,-46,1654781684856458,1654781684856458,
300833b2ddd9014000030009,1,1,2748,-43,1654781684887909,1654781684887909,
300833b2ddd9014000030002,1,1,880,-51,1654781684890122,1654781684890122,
300833b2ddd9014000030001,1,1,1512,-50,1654781684892764,1654781684892764,
300833b2ddd9014000030008,1,1,3644,-46,1654781684893818,1654781684893818,
300833b2ddd9014000030008,1,1,3636,-46,1654781684896908,1654781684896908,
300833b2ddd9014000030001,1,1,1504,-50,1654781684898610,1654781684898610,
300833b2ddd9014000030002,1,1,892,-51,1654781684899678,1654781684899678,
300833b2ddd9014000030009,1,1,2740,-43,1654781684900993,1654781684900993,
300833b2ddd9014000030009,1,1,2740,-43,1654781684931957,1654781684931957,
300833b2ddd9014000030001,1,1,1532,-50,1654781684933328,1654781684933328,
300833b2ddd9014000030008,1,1,3640,-46,1654781684935731,1654781684935731,
300833b2ddd9014000030002,1,1,840,-51,1654781684937045,1654781684937045,
300833b2ddd9014000030009,1,1,2740,-43,1654781684941867,1654781684941867,
300833b2ddd9014000030002,1,1,860,-51,1654781684943458,1654781684943458,
300833b2ddd9014000030008,1,1,3624,-46,1654781684945703,1654781684945703,
300833b2ddd9014000030001,1,1,1504,-50,1654781684946777,1654781684946777,
300833b2ddd9014000030001,1,1,1488,-50,1654781684978362,1654781684978362,
300833b2ddd9014000030002,1,1,880,-51,1654781684979754,1654781684979754,
300833b2ddd9014000030009,1,1,2744,-43,1654781684980939,1654781684980939,
300833b2ddd9014000030008,1,1,3644,-46,1654781684982009,1654781684982009,
300833b2ddd9014000030009,1,1,2740,-43,1654781684985100,1654781684985100,
300833b2ddd9014000030008,1,1,3624,-46,1654781684986796,1654781684986796,
300833b2ddd9014000030002,1,1,852,-51,1654781684988818,1654781684988818,
300833b2ddd9014000030001,1,1,1500,-50,1654781684989863,1654781684989863,
300833b2ddd9014000030008,1,1,3628,-46,1654781685020638,1654781685020638,
300833b2ddd9014000030001,1,1,1512,-50,1654781685021726,1654781685021726,
300833b2ddd9014000030002,1,1,868,-51,1654781685023292,1654781685023292,
300833b2ddd9014000030009,1,1,2756,-43,1654781685024462,1654781685024462,
300833b2ddd9014000030001,1,1,1512,-49,1654781685029446,1654781685029446,
300833b2ddd9014000030009,1,1,2736,-43,1654781685031171,1654781685031171,
300833b2ddd9014000030002,1,1,864,-51,1654781685032240,1654781685032240,
300833b2ddd9014000030008,1,1,3636,-46,1654781685033337,1654781685033337,
300833b2ddd9014000030008,1,1,3640,-46,1654781685064282,1654781685064282,
300833b2ddd9014000030001,1,1,1524,-50,1654781685065355,1654781685065355,
300833b2ddd9014000030009,1,1,2752,-43,1654781685066892,1654781685066892,
300833b2ddd9014000030002,1,1,852,-51,1654781685069059,1654781685069059,
300833b2ddd9014000030009,1,1,2760,-43,1654781685073132,1654781685073132,
300833b2ddd9014000030002,1,1,888,-51,1654781685074843,1654781685074843,
300833b2ddd9014000030008,1,1,3636,-46,1654781685075929,1654781685075929,
300833b2ddd9014000030001,1,1,1504,-50,1654781685076988,1654781685076988,