epc,atenda,atendanum,phase,RSS,timestamp,timestamp2,
300833b2ddd9014000030002,1,1,212,-47,1654781741645957,1654781741645957,
300833b2ddd9014000030001,1,1,952,-63,1654781741647061,1654781741647061,
300833b2ddd9014000030009,1,1,2792,-46,1654781741648840,1654781741648840,
300833b2ddd9014000030008,1,1,3288,-43,1654781741649924,1654781741649924,
300833b2ddd9014000030008,1,1,3288,-43,1654781741654122,1654781741654122,
300833b2ddd9014000030009,1,1,2820,-46,1654781741656062,1654781741656062,
300833b2ddd9014000030002,1,1,228,-47,1654781741657382,1654781741657382,
300833b2ddd9014000030008,1,1,3280,-43,1654781741688793,1654781741688793,
300833b2ddd9014000030002,1,1,180,-47,1654781741690461,1654781741690461,
300833b2ddd9014000030009,1,1,2772,-46,1654781741691545,1654781741691545,
300833b2ddd9014000030001,1,1,956,-60,1654781741693898,1654781741693898,
300833b2ddd9014000030008,1,1,3288,-43,1654781741696901,1654781741696901,
300833b2ddd9014000030009,1,1,2764,-46,1654781741699112,1654781741699112,
300833b2ddd9014000030002,1,1,200,-47,1654781741700696,1654781741700696,
300833b2ddd9014000030009,1,1,2776,-46,1654781741734654,1654781741734654,
300833b2ddd9014000030002,1,1,264,-47,1654781741735882,1654781741735882,
300833b2ddd9014000030008,1,1,3304,-43,1654781741737231,1654781741737231,
300833b2ddd9014000030009,1,1,2788,-46,1654781741741311,1654781741741311,
300833b2ddd9014000030008,1,1,3268,-43,1654781741742794,1654781741742794,
300833b2ddd9014000030002,1,1,224,-47,1654781741744089,1654781741744089,
300833b2ddd9014000030008,1,1,3308,-43,1654781741774773,1654781741774773,
300833b2ddd9014000030009,1,1,2784,-46,1654781741776724,1654781741776724,
300833b2ddd9014000030002,1,1,224,-48,1654781741778682,1654781741778682,
300833b2ddd9014000030001,1,1,940,-60,1654781741783013,1654781741783013,
300833b2ddd9014000030009,1,1,2764,-46,1654781741786037,1654781741786037,
300833b2ddd9014000030002,1,1,164,-47,1654781741788238,1654781741788238,
300833b2ddd9014000030008,1,1,3288,-43,1654781741789321,1654781741789321,
300833b2ddd9014000030001,1,1,660,-60,1654781741791206,1654781741791206,
300833b2ddd9014000030002,1,1,184,-47,1654781741821144,1654781741821144,
300833b2ddd9014000030008,1,1,3312,-43,1654781741823078,1654781741823078,
300833b2ddd9014000030009,1,1,2764,-47,1654781741824433,1654781741824433,
300833b2ddd9014000030001,1,1,880,-60,1654781741827841,1654781741827841,
300833b2ddd9014000030008,1,1,3292,-43,1654781741830707,1654781741830707,
300833b2ddd9014000030009,1,1,2816,-46,1654781741834064,1654781741834064,
300833b2ddd9014000030002,1,1,200,-47,1654781741835133,1654781741835133,
300833b2ddd9014000030009,1,1,2792,-46,1654781741864863,1654781741864863,
300833b2ddd9014000030002,1,1,220,-47,1654781741865962,1654781741865962,
300833b2ddd9014000030001,1,1,884,-64,1654781741867759,1654781741867759,
300833b2ddd9014000030008,1,1,3300,-43,1654781741869095,1654781741869095,
300833b2ddd9014000030008,1,1,3288,-43,1654781741873330,1654781741873330,
300833b2ddd9014000030001,1,1,936,-63,1654781741874460,1654781741874460,
300833b2ddd9014000030002,1,1,216,-47,1654781741876735,1654781741876735,
300833b2ddd9014000030009,1,1,2788,-46,1654781741878772,1654781741878772,
300833b2ddd9014000030002,1,1,220,-47,1654781741908918,1654781741908918,
300833b2ddd9014000030001,1,1,836,-64,1654781741910007,1654781741910007,
300833b2ddd9014000030009,1,1,2792,-47,1654781741911574,1654781741911574,
300833b2ddd9014000030008,1,1,3300,-43,1654781741912671,1654781741912671,
300833b2ddd9014000030008,1,1,3288,-43,1654781741917964,1654781741917964,
300833b2ddd9014000030002,1,1,228,-47,1654781741919050,1654781741919050,
300833b2ddd9014000030009,1,1,2792,-47,1654781741920855,1654781741920855,
300833b2ddd9014000030001,1,1,956,-64,1654781741922344,1654781741922344,
300833b2ddd9014000030001,1,1,856,-63,1654781741953957,1654781741953957,
300833b2ddd9014000030002,1,1,236,-48,1654781741955294,1654781741955294,
300833b2ddd9014000030009,1,1,2792,-46,1654781741956332,1654781741956332,
300833b2ddd9014000030001,1,1,876,-64,1654781741961347,1654781741961347,
300833b2ddd9014000030002,1,1,220,-47,1654781741962444,1654781741962444,
300833b2ddd9014000030008,1,1,3292,-43,1654781741964264,1654781741964264,
300833b2ddd9014000030009,1,1,2784,-46,1654781741965589,1654781741965589,
300833b2ddd9014000030001,1,1,884,-64,1654781741997847,1654781741997847,
300833b2ddd9014000030002,1,1,220,-48,1654781741999298,1654781741999298,
300833b2ddd9014000030009,1,1,2788,-46,1654781742001246,1654781742001246,
300833b2ddd9014000030008,1,1,3284,-43,1654781742002288,1654781742002288,
300833b2ddd9014000030002,1,1,216,-47,1654781742005903,1654781742005903,
300833b2ddd9014000030008,1,1,3316,-43,1654781742007115,1654781742007115,
300833b2ddd9014000030009,1,1,2768,-47,1654781742008710,1654781742008710,
300833b2ddd9014000030001,1,1,804,-64,1654781742009929,1654781742009929,
300833b2ddd9014000030001,1,1,920,-64,1654781742040391,1654781742040391,
300833b2ddd9014000030009,1,1,2804,-46,1654781742041757,1654781742041757,
300833b2ddd9014000030002,1,1,220,-47,1654781742043068,1654781742043068,
300833b2ddd9014000030002,1,1,232,-48,1654781742048113,1654781742048113,
300833b2ddd9014000030001,1,1,852,-63,1654781742049232,1654781742049232,
300833b2ddd9014000030009,1,1,2796,-46,1654781742050256,1654781742050256,
300833b2ddd9014000030008,1,1,3300,-43,1654781742052019,1654781742052019,
300833b2ddd9014000030009,1,1,2772,-46,1654781742084433,1654781742084433,
300833b2ddd9014000030001,1,1,972,-64,1654781742085536,1654781742085536,
300833b2ddd9014000030008,1,1,3292,-43,1654781742087114,1654781742087114,
300833b2ddd9014000030002,1,1,208,-47,1654781742089405,1654781742089405,
300833b2ddd9014000030009,1,1,2776,-47,1654781742092986,1654781742092986,
300833b2ddd9014000030001,1,1,872,-64,1654781742094059,1654781742094059,
300833b2ddd9014000030002,1,1,224,-47,1654781742095129,1654781742095129,
300833b2ddd9014000030008,1,1,3300,-43,1654781742096678,1654781742096678,
300833b2ddd9014000030009,1,1,2824,-46,1654781742127985,1654781742127985,
300833b2ddd9014000030008,1,1,3320,-43,1654781742129308,1654781742129308,
300833b2ddd9014000030001,1,1,856,-63,1654781742130867,1654781742130867,
300833b2ddd9014000030002,1,1,232,-47,1654781742132558,1654781742132558,
300833b2ddd9014000030001,1,1,872,-64,1654781742136847,1654781742136847,
300833b2ddd9014000030002,1,1,232,-48,1654781742137929,1654781742137929,
300833b2ddd9014000030008,1,1,3312,-43,1654781742139510,1654781742139510,
300833b2ddd9014000030009,1,1,2836,-46,1654781742140822,1654781742140822,
300833b2ddd9014000030008,1,1,3304,-43,1654781742172048,1654781742172048,
300833b2ddd9014000030002,1,1,212,-48,1654781742173176,1654781742173176,
300833b2ddd9014000030009,1,1,2800,-47,1654781742175210,1654781742175210,
300833b2ddd9014000030001,1,1,856,-64,1654781742177764,1654781742177764,
300833b2ddd9014000030002,1,1,232,-47,1654781742180508,1654781742180508,
300833b2ddd9014000030008,1,1,3300,-43,1654781742181578,1654781742181578,
300833b2ddd9014000030001,1,1,924,-64,1654781742182922,1654781742182922,
300833b2ddd9014000030009,1,1,2812,-46,1654781742184474,1654781742184474,
300833b2ddd9014000030002,1,1,220,-48,1654781742216389,1654781742216389,
300833b2ddd9014000030009,1,1,2800,-46,1654781742217831,1654781742217831,
300833b2ddd9014000030001,1,1,864,-64,1654781742218919,1654781742218919,
300833b2ddd9014000030008,1,1,3288,-43,1654781742220015,1654781742220015,
300833b2ddd9014000030002,1,1,224,-47,1654781742223616,1654781742223616,
300833b2ddd9014000030008,1,1,3292,-43,1654781742224926,1654781742224926,
300833b2ddd9014000030009,1,1,2796,-46,1654781742226268,1654781742226268,
300833b2ddd9014000030001,1,1,876,-64,1654781742228194,1654781742228194,
300833b2ddd9014000030002,1,1,200,-48,1654781742263476,1654781742263476,
300833b2ddd9014000030009,1,1,2792,-47,1654781742265109,1654781742265109,
300833b2ddd9014000030008,1,1,3312,-43,1654781742266718,1654781742266718,
300833b2ddd9014000030001,1,1,876,-64,1654781742267809,1654781742267809,
300833b2ddd9014000030001,1,1,876,-63,1654781742299193,1654781742299193,
300833b2ddd9014000030009,1,1,2808,-46,1654781742304272,1654781742304272,
300833b2ddd9014000030002,1,1,212,-48,1654781742305355,1654781742305355,
300833b2ddd9014000030008,1,1,3304,-43,1654781742307145,1654781742307145,
300833b2ddd9014000030001,1,1,996,-63,1654781742309456,1654781742309456,
300833b2ddd9014000030002,1,1,192,-48,1654781742339971,1654781742339971,
300833b2ddd9014000030008,1,1,3296,-43,1654781742341421,1654781742341421,
300833b2ddd9014000030009,1,1,2784,-46,1654781742342716,1654781742342716,
300833b2ddd9014000030001,1,1,952,-62,1654781742344132,1654781742344132,
300833b2ddd9014000030009,1,1,2780,-47,1654781742348883,1654781742348883,
300833b2ddd9014000030008,1,1,3308,-43,1654781742350037,1654781742350037,
300833b2ddd9014000030002,1,1,212,-47,1654781742351292,1654781742351292,
300833b2ddd9014000030001,1,1,1044,-61,1654781742352508,1654781742352508,
300833b2ddd9014000030008,1,1,3324,-43,1654781742382521,1654781742382521,
300833b2ddd9014000030001,1,1,1068,-62,1654781742383823,1654781742383823,
300833b2ddd9014000030009,1,1,2792,-47,1654781742385656,1654781742385656,
300833b2ddd9014000030009,1,1,2824,-47,1654781742390345,1654781742390345,
300833b2ddd9014000030008,1,1,3308,-43,1654781742392236,1654781742392236,
300833b2ddd9014000030002,1,1,224,-48,1654781742393333,1654781742393333,
300833b2ddd9014000030001,1,1,1048,-62,1654781742394551,1654781742394551,
300833b2ddd9014000030008,1,1,2932,-43,1654781742424655,1654781742424655,
300833b2ddd9014000030008,1,1,3332,-43,1654781742431244,1654781742431244,
300833b2ddd9014000030009,1,1,2800,-46,1654781742432370,1654781742432370,
300833b2ddd9014000030008,1,1,3304,-43,1654781742462061,1654781742462061,
300833b2ddd9014000030001,1,1,964,-61,1654781742464042,1654781742464042,
300833b2ddd9014000030009,1,1,2776,-47,1654781742467814,1654781742467814,
300833b2ddd9014000030002,1,1,236,-47,1654781742468914,1654781742468914,
300833b2ddd9014000030008,1,1,3292,-43,1654781742469982,1654781742469982,
300833b2ddd9014000030001,1,1,828,-64,1654781742472392,1654781742472392,
300833b2ddd9014000030009,1,1,2800,-46,1654781742683919,1654781742683919,
300833b2ddd9014000030002,1,1,204,-48,1654781742686217,1654781742686217,
300833b2ddd9014000030002,1,1,212,-47,1654781742689593,1654781742689593,
300833b2ddd9014000030001,1,1,912,-63,1654781742690652,1654781742690652,
300833b2ddd9014000030008,1,1,3308,-43,1654781742691758,1654781742691758,
300833b2ddd9014000030009,1,1,2812,-47,1654781742693326,1654781742693326,
300833b2ddd9014000030008,1,1,3308,-43,1654781742725247,1654781742725247,
300833b2ddd9014000030001,1,1,916,-63,1654781742726450,1654781742726450,
300833b2ddd9014000030002,1,1,208,-48,1654781742727517,1654781742727517,
300833b2ddd9014000030009,1,1,2804,-47,1654781742728870,1654781742728870,
300833b2ddd9014000030001,1,1,900,-64,1654781742732743,1654781742732743,
300833b2ddd9014000030002,1,1,232,-48,1654781742733797,1654781742733797,
300833b2ddd9014000030009,1,1,2800,-47,1654781742735436,1654781742735436,
300833b2ddd9014000030008,1,1,3308,-43,1654781742736487,1654781742736487,
300833b2ddd9014000030008,1,1,3300,-43,1654781742768115,1654781742768115,
300833b2ddd9014000030001,1,1,924,-63,1654781742769560,1654781742769560,
300833b2ddd9014000030009,1,1,2792,-47,1654781742770659,1654781742770659,
300833b2ddd9014000030002,1,1,232,-48,1654781742771757,1654781742771757,
300833b2ddd9014000030008,1,1,3336,-43,1654781742776781,1654781742776781,
300833b2ddd9014000030002,1,1,208,-47,1654781742777879,1654781742777879,
300833b2ddd9014000030009,1,1,2796,-47,1654781742778949,1654781742778949,
300833b2ddd9014000030001,1,1,932,-64,1654781742780122,1654781742780122,
300833b2ddd9014000030001,1,1,844,-64,1654781742810086,1654781742810086,
300833b2ddd9014000030008,1,1,3304,-43,1654781742811676,1654781742811676,
300833b2ddd9014000030009,1,1,2816,-47,1654781742812787,1654781742812787,
300833b2ddd9014000030002,1,1,224,-47,1654781742815194,1654781742815194,
300833b2ddd9014000030001,1,1,940,-63,1654781742818843,1654781742818843,
300833b2ddd9014000030009,1,1,2796,-46,1654781742819926,1654781742819926,
300833b2ddd9014000030008,1,1,3308,-43,1654781742821931,1654781742821931,
300833b2ddd9014000030002,1,1,220,-47,1654781742822971,1654781742822971,
300833b2ddd9014000030008,1,1,3340,-43,1654781742854213,1654781742854213,
300833b2ddd9014000030009,1,1,2804,-47,1654781742856136,1654781742856136,
300833b2ddd9014000030002,1,1,228,-47,1654781742857192,1654781742857192,
300833b2ddd9014000030001,1,1,980,-64,1654781742858251,1654781742858251,
300833b2ddd9014000030001,1,1,852,-63,1654781742862118,1654781742862118,
300833b2ddd9014000030008,1,1,3296,-43,1654781742864686,1654781742864686,
300833b2ddd9014000030009,1,1,2816,-46,1654781742865827,1654781742865827,
300833b2ddd9014000030002,1,1,228,-47,1654781742867097,1654781742867097,
300833b2ddd9014000030008,1,1,3312,-43,1654781742896907,1654781742896907,
300833b2ddd9014000030009,1,1,2832,-47,1654781742897993,1654781742897993,
300833b2ddd9014000030002,1,1,236,-47,1654781742899358,1654781742899358,
300833b2ddd9014000030001,1,1,856,-64,1654781742901113,1654781742901113,
300833b2ddd9014000030001,1,1,908,-64,1654781742905324,1654781742905324,
300833b2ddd9014000030009,1,1,2828,-46,1654781742907260,1654781742907260,
300833b2ddd9014000030008,1,1,3316,-43,1654781742908342,1654781742908342,
300833b2ddd9014000030002,1,1,216,-47,1654781742909484,1654781742909484,
300833b2ddd9014000030008,1,1,3304,-43,1654781742940025,1654781742940025,
300833b2ddd9014000030009,1,1,2820,-46,1654781742941391,1654781742941391,
300833b2ddd9014000030002,1,1,232,-47,1654781742942716,1654781742942716,
300833b2ddd9014000030001,1,1,980,-65,1654781742945156,1654781742945156,
300833b2ddd9014000030002,1,1,232,-47,1654781742948773,1654781742948773,
300833b2ddd9014000030008,1,1,3304,-43,1654781742950326,1654781742950326,
300833b2ddd9014000030001,1,1,796,-64,1654781742951912,1654781742951912,
300833b2ddd9014000030009,1,1,2840,-47,1654781742953009,1654781742953009,
300833b2ddd9014000030001,1,1,916,-64,1654781742984651,1654781742984651,
300833b2ddd9014000030002,1,1,228,-47,1654781742985677,1654781742985677,
300833b2ddd9014000030009,1,1,2840,-46,1654781742986989,1654781742986989,
300833b2ddd9014000030008,1,1,3308,-43,1654781742988055,1654781742988055,
300833b2ddd9014000030002,1,1,236,-47,1654781742992954,1654781742992954,
300833b2ddd9014000030009,1,1,2816,-46,1654781742994068,1654781742994068,
300833b2ddd9014000030008,1,1,3304,-43,1654781742995622,1654781742995622,
300833b2ddd9014000030001,1,1,888,-63,1654781742997304,1654781742997304,
300833b2ddd9014000030008,1,1,3312,-43,1654781743028928,1654781743028928,
300833b2ddd9014000030001,1,1,888,-64,1654781743031013,1654781743031013,
300833b2ddd9014000030002,1,1,204,-47,1654781743032545,1654781743032545,
300833b2ddd9014000030009,1,1,2800,-46,1654781743033616,1654781743033616,
300833b2ddd9014000030009,1,1,2804,-46,1654781743038194,1654781743038194,
300833b2ddd9014000030002,1,1,192,-47,1654781743039438,1654781743039438,
300833b2ddd9014000030008,1,1,3324,-43,1654781743040491,1654781743040491,
300833b2ddd9014000030001,1,1,840,-64,1654781743041807,1654781743041807,
300833b2ddd9014000030001,1,1,872,-63,1654781743072071,1654781743072071,
300833b2ddd9014000030009,1,1,2780,-46,1654781743073666,1654781743073666,
300833b2ddd9014000030008,1,1,3324,-43,1654781743075217,1654781743075217,
300833b2ddd9014000030002,1,1,200,-47,1654781743076343,1654781743076343,
300833b2ddd9014000030001,1,1,800,-63,1654781743080574,1654781743080574,
300833b2ddd9014000030008,1,1,3320,-43,1654781743081867,1654781743081867,
300833b2ddd9014000030009,1,1,2796,-46,1654781743083221,1654781743083221,
300833b2ddd9014000030002,1,1,216,-47,1654781743085180,1654781743085180,
300833b2ddd9014000030009,1,1,2788,-46,1654781743116357,1654781743116357,
300833b2ddd9014000030008,1,1,3288,-43,1654781743118561,1654781743118561,
300833b2ddd9014000030002,1,1,204,-47,1654781743119644,1654781743119644,
300833b2ddd9014000030001,1,1,824,-64,1654781743121328,1654781743121328,
300833b2ddd9014000030002,1,1,200,-47,1654781743124583,1654781743124583,
300833b2ddd9014000030009,1,1,2784,-46,1654781743126011,1654781743126011,
300833b2ddd9014000030008,1,1,3304,-43,1654781743127094,1654781743127094,
300833b2ddd9014000030001,1,1,864,-64,1654781743128765,1654781743128765,
300833b2ddd9014000030008,1,1,3292,-43,1654781743159508,1654781743159508,
300833b2ddd9014000030002,1,1,216,-48,1654781743160692,1654781743160692,
300833b2ddd9014000030009,1,1,2788,-46,1654781743161719,1654781743161719,
300833b2ddd9014000030001,1,1,788,-65,1654781743163078,1654781743163078,
300833b2ddd9014000030009,1,1,2768,-46,1654781743166440,1654781743166440,
300833b2ddd9014000030001,1,1,800,-64,1654781743167573,1654781743167573,
300833b2ddd9014000030002,1,1,180,-48,1654781743168896,1654781743168896,
300833b2ddd9014000030008,1,1,3268,-43,1654781743170448,1654781743170448,
300833b2ddd9014000030008,1,1,3280,-43,1654781743202021,1654781743202021,
300833b2ddd9014000030009,1,1,2764,-46,1654781743203961,1654781743203961,
300833b2ddd9014000030001,1,1,800,-64,1654781743205257,1654781743205257,
300833b2ddd9014000030002,1,1,164,-47,1654781743206473,1654781743206473,
300833b2ddd9014000030001,1,1,992,-65,1654781743209432,1654781743209432,
300833b2ddd9014000030008,1,1,3284,-43,1654781743210441,1654781743210441,
300833b2ddd9014000030009,1,1,2780,-46,1654781743211767,1654781743211767,
300833b2ddd9014000030002,1,1,164,-47,1654781743214183,1654781743214183,
300833b2ddd9014000030008,1,1,3264,-43,1654781743245477,1654781743245477,
300833b2ddd9014000030009,1,1,2752,-46,1654781743246547,1654781743246547,
300833b2ddd9014000030001,1,1,768,-64,1654781743247596,1654781743247596,
300833b2ddd9014000030002,1,1,152,-47,1654781743249162,1654781743249162,
300833b2ddd9014000030009,1,1,2764,-46,1654781743253595,1654781743253595,
300833b2ddd9014000030008,1,1,3256,-43,1654781743254666,1654781743254666,
300833b2ddd9014000030001,1,1,764,-64,1654781743256491,1654781743256491,
300833b2ddd9014000030002,1,1,128,-47,1654781743259280,1654781743259280,
300833b2ddd9014000030008,1,1,3244,-43,1654781743289040,1654781743289040,
300833b2ddd9014000030002,1,1,124,-47,1654781743290097,1654781743290097,
300833b2ddd9014000030009,1,1,2752,-46,1654781743291181,1654781743291181,
300833b2ddd9014000030001,1,1,692,-65,1654781743292538,1654781743292538,
300833b2ddd9014000030001,1,1,740,-65,1654781743297704,1654781743297704,
300833b2ddd9014000030002,1,1,112,-47,1654781743299566,1654781743299566,
300833b2ddd9014000030008,1,1,3232,-43,1654781743300889,1654781743300889,
300833b2ddd9014000030009,1,1,2732,-46,1654781743302342,1654781743302342,
300833b2ddd9014000030009,1,1,2732,-46,1654781743332410,1654781743332410,
300833b2ddd9014000030001,1,1,716,-64,1654781743334551,1654781743334551,
300833b2ddd9014000030008,1,1,3208,-42,1654781743335632,1654781743335632,
300833b2ddd9014000030002,1,1,104,-47,1654781743336859,1654781743336859,
300833b2ddd9014000030002,1,1,92,-47,1654781743339817,1654781743339817,
300833b2ddd9014000030001,1,1,660,-65,1654781743341744,1654781743341744,
300833b2ddd9014000030008,1,1,3212,-42,1654781743343095,1654781743343095,
300833b2ddd9014000030009,1,1,2752,-46,1654781743344762,1654781743344762,
300833b2ddd9014000030001,1,1,888,-65,1654781743374719,1654781743374719,
300833b2ddd9014000030002,1,1,60,-47,1654781743375830,1654781743375830,
300833b2ddd9014000030008,1,1,3196,-43,1654781743377633,1654781743377633,
300833b2ddd9014000030001,1,1,972,-65,1654781743382069,1654781743382069,
300833b2ddd9014000030008,1,1,3180,-43,1654781743383123,1654781743383123,
300833b2ddd9014000030002,1,1,40,-47,1654781743384391,1654781743384391,
300833b2ddd9014000030009,1,1,2756,-46,1654781743385475,1654781743385475,
300833b2ddd9014000030009,1,1,2708,-46,1654781743417891,1654781743417891,
300833b2ddd9014000030008,1,1,3168,-43,1654781743418959,1654781743418959,
300833b2ddd9014000030002,1,1,44,-48,1654781743421421,1654781743421421,
300833b2ddd9014000030001,1,1,1284,-63,1654781743423107,1654781743423107,
300833b2ddd9014000030008,1,1,3176,-43,1654781743426079,1654781743426079,
300833b2ddd9014000030001,1,1,1204,-63,1654781743427170,1654781743427170,
300833b2ddd9014000030002,1,1,36,-48,1654781743428251,1654781743428251,
300833b2ddd9014000030009,1,1,2716,-46,1654781743430073,1654781743430073,
300833b2ddd9014000030009,1,1,2676,-45,1654781743462218,1654781743462218,
300833b2ddd9014000030002,1,1,16,-48,1654781743463477,1654781743463477,
300833b2ddd9014000030001,1,1,1636,-60,1654781743464578,1654781743464578,
300833b2ddd9014000030008,1,1,3144,-43,1654781743465946,1654781743465946,
300833b2ddd9014000030008,1,1,3168,-43,1654781743469232,1654781743469232,
300833b2ddd9014000030001,1,1,1688,-59,1654781743471239,1654781743471239,
300833b2ddd9014000030009,1,1,2652,-45,1654781743472351,1654781743472351,
300833b2ddd9014000030002,1,1,0,-48,1654781743473450,1654781743473450,
300833b2ddd9014000030008,1,1,3144,-44,1654781743504571,1654781743504571,
300833b2ddd9014000030009,1,1,2636,-45,1654781743505642,1654781743505642,
300833b2ddd9014000030002,1,1,28,-48,1654781743506995,1654781743506995,
300833b2ddd9014000030001,1,1,1820,-56,1654781743508083,1654781743508083,
300833b2ddd9014000030002,1,1,4088,-49,1654781743513767,1654781743513767,
300833b2ddd9014000030008,1,1,3116,-44,1654781743514862,1654781743514862,
300833b2ddd9014000030009,1,1,2604,-45,1654781743516174,1654781743516174,
300833b2ddd9014000030001,1,1,1848,-55,1654781743517646,1654781743517646,
300833b2ddd9014000030001,1,1,1864,-53,1654781743547294,1654781743547294,
300833b2ddd9014000030009,1,1,2556,-45,1654781743548423,1654781743548423,
300833b2ddd9014000030008,1,1,3120,-44,1654781743550511,1654781743550511,
300833b2ddd9014000030002,1,1,40,-49,1654781743552177,1654781743552177,
300833b2ddd9014000030001,1,1,1888,-53,1654781743557096,1654781743557096,
300833b2ddd9014000030002,1,1,4,-49,1654781743558198,1654781743558198,
300833b2ddd9014000030009,1,1,2556,-44,1654781743559945,1654781743559945,
300833b2ddd9014000030008,1,1,3112,-44,1654781743561012,1654781743561012,
300833b2ddd9014000030008,1,1,3112,-45,1654781743590797,1654781743590797,
300833b2ddd9014000030002,1,1,48,-50,1654781743592720,1654781743592720,
300833b2ddd9014000030009,1,1,2540,-44,1654781743594285,1654781743594285,
300833b2ddd9014000030001,1,1,1900,-51,1654781743595742,1654781743595742,
300833b2ddd9014000030009,1,1,2544,-44,1654781743598596,1654781743598596,
300833b2ddd9014000030008,1,1,3124,-45,1654781743599666,1654781743599666,
300833b2ddd9014000030002,1,1,64,-50,1654781743601713,1654781743601713,
300833b2ddd9014000030001,1,1,1900,-51,1654781743603712,1654781743603712,
300833b2ddd9014000030001,1,1,1864,-50,1654781743634742,1654781743634742,
300833b2ddd9014000030009,1,1,2544,-44,1654781743636451,1654781743636451,
300833b2ddd9014000030008,1,1,3148,-45,1654781743637562,1654781743637562,
300833b2ddd9014000030009,1,1,2552,-44,1654781743641093,1654781743641093,
300833b2ddd9014000030002,1,1,140,-51,1654781743642177,1654781743642177,
300833b2ddd9014000030008,1,1,3148,-45,1654781743643516,1654781743643516,
300833b2ddd9014000030001,1,1,1816,-49,1654781743644616,1654781743644616,
300833b2ddd9014000030008,1,1,3208,-46,1654781743676893,1654781743676893,
300833b2ddd9014000030009,1,1,2564,-44,1654781743678787,1654781743678787,
300833b2ddd9014000030001,1,1,1740,-48,1654781743680167,1654781743680167,
300833b2ddd9014000030002,1,1,268,-52,1654781743681337,1654781743681337,
300833b2ddd9014000030001,1,1,1728,-48,1654781743684370,1654781743684370,
300833b2ddd9014000030009,1,1,2568,-44,1654781743685472,1654781743685472,
300833b2ddd9014000030008,1,1,3216,-46,1654781743686540,1654781743686540,
300833b2ddd9014000030002,1,1,288,-52,1654781743688960,1654781743688960,
300833b2ddd9014000030009,1,1,2592,-44,1654781743720526,1654781743720526,
300833b2ddd9014000030001,1,1,1652,-47,1654781743721969,1654781743721969,
300833b2ddd9014000030008,1,1,3312,-46,1654781743723322,1654781743723322,
300833b2ddd9014000030002,1,1,416,-54,1654781743724749,1654781743724749,
300833b2ddd9014000030008,1,1,3304,-47,1654781743727999,1654781743727999,
300833b2ddd9014000030002,1,1,456,-54,1654781743729682,1654781743729682,
300833b2ddd9014000030009,1,1,2612,-44,1654781743731909,1654781743731909,
300833b2ddd9014000030001,1,1,1636,-47,1654781743733098,1654781743733098,
300833b2ddd9014000030001,1,1,1560,-48,1654781743763020,1654781743763020,
300833b2ddd9014000030002,1,1,656,-54,1654781743764986,1654781743764986,
300833b2ddd9014000030008,1,1,3404,-47,1654781743766097,1654781743766097,
300833b2ddd9014000030009,1,1,2660,-44,1654781743767196,1654781743767196,
300833b2ddd9014000030009,1,1,2668,-44,1654781743772811,1654781743772811,
300833b2ddd9014000030001,1,1,1556,-48,1654781743773929,1654781743773929,
300833b2ddd9014000030008,1,1,3444,-47,1654781743774984,1654781743774984,
300833b2ddd9014000030002,1,1,672,-54,1654781743776777,1654781743776777,
300833b2ddd9014000030001,1,1,1532,-48,1654781743808046,1654781743808046,
300833b2ddd9014000030009,1,1,2704,-44,1654781743809982,1654781743809982,
300833b2ddd9014000030008,1,1,3524,-47,1654781743811081,1654781743811081,
300833b2ddd9014000030002,1,1,824,-54,1654781743812193,1654781743812193,
300833b2ddd9014000030001,1,1,1532,-48,1654781743816289,1654781743816289,
300833b2ddd9014000030009,1,1,2712,-44,1654781743817360,1654781743817360,
300833b2ddd9014000030002,1,1,836,-54,1654781743818472,1654781743818472,
300833b2ddd9014000030008,1,1,3556,-47,1654781743820018,1654781743820018,
300833b2ddd9014000030009,1,1,2740,-44,1654781743851249,1654781743851249,
300833b2ddd9014000030002,1,1,852,-53,1654781743853412,1654781743853412,
300833b2ddd9014000030008,1,1,3596,-47,1654781743854463,1654781743854463,
300833b2ddd9014000030001,1,1,1492,-49,1654781743855539,1654781743855539,
300833b2ddd9014000030009,1,1,2732,-44,1654781743859184,1654781743859184,
300833b2ddd9014000030001,1,1,1492,-49,1654781743861702,1654781743861702,
300833b2ddd9014000030008,1,1,3608,-47,1654781743862758,1654781743862758,
300833b2ddd9014000030002,1,1,936,-53,1654781743863970,1654781743863970,
300833b2ddd9014000030001,1,1,1512,-49,1654781743893936,1654781743893936,
300833b2ddd9014000030009,1,1,2760,-44,1654781743895020,1654781743895020,
300833b2ddd9014000030002,1,1,932,-52,1654781743896371,1654781743896371,
300833b2ddd9014000030008,1,1,3628,-47,1654781743897469,1654781743897469,
300833b2ddd9014000030008,1,1,3636,-47,1654781743903871,1654781743903871,
300833b2ddd9014000030009,1,1,2748,-44,1654781743904970,1654781743904970,
300833b2ddd9014000030001,1,1,1500,-50,1654781743906140,1654781743906140,
300833b2ddd9014000030002,1,1,940,-52,1654781743907269,1654781743907269,
300833b2ddd9014000030008,1,1,3644,-46,1654781743937317,1654781743937317,
300833b2ddd9014000030009,1,1,2788,-44,1654781743939291,1654781743939291,
300833b2ddd9014000030002,1,1,940,-52,1654781743941054,1654781743941054,
300833b2ddd9014000030001,1,1,1536,-50,1654781743942112,1654781743942112,
300833b2ddd9014000030001,1,1,1548,-50,1654781743945374,1654781743945374,
300833b2ddd9014000030008,1,1,3652,-46,1654781743946870,1654781743946870,
300833b2ddd9014000030009,1,1,2764,-43,1654781743948807,1654781743948807,
300833b2ddd9014000030002,1,1,876,-52,1654781743949907,1654781743949907,
300833b2ddd9014000030002,1,1,884,-51,1654781743980032,1654781743980032,
300833b2ddd9014000030008,1,1,3644,-46,1654781743981784,1654781743981784,
300833b2ddd9014000030009,1,1,2776,-43,1654781743982898,1654781743982898,
300833b2ddd9014000030001,1,1,1560,-50,1654781743983928,1654781743983928,
300833b2ddd9014000030002,1,1,868,-51,1654781743988150,1654781743988150,
300833b2ddd9014000030009,1,1,2768,-43,1654781743989846,1654781743989846,
300833b2ddd9014000030008,1,1,3648,-46,1654781743991182,1654781743991182,
300833b2ddd9014000030001,1,1,1548,-50,1654781743992671,1654781743992671,
300833b2ddd9014000030009,1,1,2764,-43,1654781744022767,1654781744022767,
300833b2ddd9014000030001,1,1,1592,-50,1654781744024109,1654781744024109,
300833b2ddd9014000030008,1,1,3640,-46,1654781744025404,1654781744025404,
300833b2ddd9014000030009,1,1,2760,-43,1654781744032011,1654781744032011,
300833b2ddd9014000030008,1,1,3644,-46,1654781744033495,1654781744033495,
300833b2ddd9014000030001,1,1,1568,-50,1654781744034624,1654781744034624,
300833b2ddd9014000030002,1,1,876,-51,1654781744035880,1654781744035880,
300833b2ddd9014000030001,1,1,1576,-50,1654781744065714,1654781744065714,
300833b2ddd9014000030008,1,1,3636,-46,1654781744067083,1654781744067083,
300833b2ddd9014000030009,1,1,2756,-43,1654781744068169,1654781744068169,
300833b2ddd9014000030002,1,1,888,-51,1654781744069735,1654781744069735,
300833b2ddd9014000030009,1,1,2756,-43,1654781744074466,1654781744074466,
300833b2ddd9014000030001,1,1,1572,-49,1654781744076670,1654781744076670,
300833b2ddd9014000030008,1,1,3636,-46,1654781744077735,1654781744077735,
300833b2ddd9014000030002,1,1,864,-51,1654781744079234,1654781744079234,
300833b2ddd9014000030002,1,1,864,-50,1654781744110983,1654781744110983,
300833b2ddd9014000030009,1,1,2764,-43,1654781744112035,1654781744112035,
300833b2ddd9014000030008,1,1,3636,-46,1654781744113673,1654781744113673,
300833b2ddd9014000030001,1,1,1588,-49,1654781744114761,1654781744114761,
300833b2ddd9014000030009,1,1,2728,-43,1654781744118851,1654781744118851,
300833b2ddd9014000030001,1,1,1564,-49,1654781744119921,1654781744119921,
300833b2ddd9014000030008,1,1,3628,-46,1654781744120992,1654781744120992,
300833b2ddd9014000030002,1,1,836,-51,1654781744122190,1654781744122190,
300833b2ddd9014000030008,1,1,3636,-46,1654781744153446,1654781744153446,
300833b2ddd9014000030001,1,1,1572,-49,1654781744154777,1654781744154777,
300833b2ddd9014000030002,1,1,812,-51,1654781744156516,1654781744156516,
300833b2ddd9014000030009,1,1,2756,-43,1654781744160352,1654781744160352,
300833b2ddd9014000030001,1,1,1544,-50,1654781744161951,1654781744161951,
300833b2ddd9014000030008,1,1,3620,-46,1654781744163107,1654781744163107,
300833b2ddd9014000030002,1,1,860,-50,1654781744164221,1654781744164221,
300833b2ddd9014000030009,1,1,2752,-43,1654781744193911,1654781744193911,
300833b2ddd9014000030002,1,1,868,-51,1654781744195505,1654781744195505,
300833b2ddd9014000030008,1,1,3636,-46,1654781744197113,1654781744197113,
300833b2ddd9014000030001,1,1,1556,-50,1654781744198214,1654781744198214,
300833b2ddd9014000030009,1,1,2768,-43,1654781744202664,1654781744202664,
300833b2ddd9014000030001,1,1,1568,-49,1654781744203782,1654781744203782,
300833b2ddd9014000030008,1,1,3624,-46,1654781744205574,1654781744205574,
300833b2ddd9014000030002,1,1,896,-51,1654781744207043,1654781744207043,
300833b2ddd9014000030001,1,1,1564,-49,1654781744241326,1654781744241326,
300833b2ddd9014000030009,1,1,2768,-43,1654781744242408,1654781744242408,
300833b2ddd9014000030002,1,1,840,-51,1654781744243763,1654781744243763,
300833b2ddd9014000030008,1,1,3644,-46,1654781744245112,1654781744245112,
300833b2ddd9014000030001,1,1,1572,-49,1654781744250699,1654781744250699,
300833b2ddd9014000030008,1,1,3628,-46,1654781744251770,1654781744251770,
300833b2ddd9014000030009,1,1,2752,-43,1654781744253081,1654781744253081,
300833b2ddd9014000030002,1,1,844,-50,1654781744254607,1654781744254607,
300833b2ddd9014000030009,1,1,2752,-43,1654781744284792,1654781744284792,
300833b2ddd9014000030002,1,1,848,-51,1654781744285918,1654781744285918,
300833b2ddd9014000030001,1,1,1560,-50,1654781744287503,1654781744287503,
300833b2ddd9014000030008,1,1,3648,-46,1654781744288986,1654781744288986,
300833b2ddd9014000030002,1,1,852,-50,1654781744293133,1654781744293133,
300833b2ddd9014000030001,1,1,1528,-49,1654781744294210,1654781744294210,
300833b2ddd9014000030009,1,1,2780,-43,1654781744295788,1654781744295788,
300833b2ddd9014000030008,1,1,3636,-46,1654781744297129,1654781744297129,
300833b2ddd9014000030001,1,1,1540,-50,1654781744328608,1654781744328608,
300833b2ddd9014000030002,1,1,852,-50,1654781744329873,1654781744329873,
300833b2ddd9014000030009,1,1,2752,-43,1654781744331186,1654781744331186,
300833b2ddd9014000030008,1,1,3636,-46,1654781744332794,1654781744332794,
300833b2ddd9014000030002,1,1,848,-51,1654781744337268,1654781744337268,
300833b2ddd9014000030008,1,1,3636,-46,1654781744338365,1654781744338365,
300833b2ddd9014000030009,1,1,2764,-43,1654781744339976,1654781744339976,
300833b2ddd9014000030001,1,1,1564,-50,1654781744341035,1654781744341035,
300833b2ddd9014000030001,1,1,1576,-50,1654781744372556,1654781744372556,
300833b2ddd9014000030002,1,1,820,-50,1654781744373910,1654781744373910,
300833b2ddd9014000030009,1,1,2760,-43,1654781744375277,1654781744375277,
300833b2ddd9014000030008,1,1,3640,-46,1654781744376631,1654781744376631,
300833b2ddd9014000030008,1,1,3628,-46,1654781744382192,1654781744382192,
300833b2ddd9014000030001,1,1,1560,-50,1654781744383813,1654781744383813,
300833b2ddd9014000030002,1,1,860,-50,1654781744384997,1654781744384997,
300833b2ddd9014000030009,1,1,2764,-43,1654781744386095,1654781744386095,
300833b2ddd9014000030009,1,1,2760,-43,1654781744417610,1654781744417610,
300833b2ddd9014000030002,1,1,828,-51,1654781744418823,1654781744418823,
300833b2ddd9014000030008,1,1,3636,-46,1654781744419978,1654781744419978,
300833b2ddd9014000030001,1,1,1552,-50,1654781744421051,1654781744421051,
300833b2ddd9014000030009,1,1,2764,-43,1654781744427439,1654781744427439,
300833b2ddd9014000030008,1,1,3640,-46,1654781744428666,1654781744428666,
300833b2ddd9014000030002,1,1,860,-50,1654781744429948,1654781744429948,
300833b2ddd9014000030001,1,1,1548,-50,1654781744431051,1654781744431051,
300833b2ddd9014000030009,1,1,2760,-43,1654781744462132,1654781744462132,
300833b2ddd9014000030002,1,1,848,-50,1654781744463401,1654781744463401,
300833b2ddd9014000030001,1,1,1568,-50,1654781744466396,1654781744466396,
300833b2ddd9014000030008,1,1,3624,-46,1654781744467480,1654781744467480,
300833b2ddd9014000030001,1,1,1576,-50,1654781744470480,1654781744470480,
300833b2ddd9014000030009,1,1,2772,-43,1654781744471565,1654781744471565,
300833b2ddd9014000030002,1,1,852,-50,1654781744473357,1654781744473357,
300833b2ddd9014000030008,1,1,3644,-46,1654781744475037,1654781744475037,
300833b2ddd9014000030009,1,1,2768,-43,1654781744505855,1654781744505855,
300833b2ddd9014000030001,1,1,1544,-50,1654781744507425,1654781744507425,
300833b2ddd9014000030008,1,1,3636,-46,1654781744508493,1654781744508493,
300833b2ddd9014000030002,1,1,852,-50,1654781744509578,1654781744509578,
300833b2ddd9014000030001,1,1,1552,-50,1654781744514341,1654781744514341,
300833b2ddd9014000030002,1,1,852,-51,1654781744515666,1654781744515666,
300833b2ddd9014000030008,1,1,3644,-46,1654781744518544,1654781744518544,
300833b2ddd9014000030009,1,1,2768,-43,1654781744519571,1654781744519571,
300833b2ddd9014000030008,1,1,3632,-46,1654781744549907,1654781744549907,
300833b2ddd9014000030001,1,1,1576,-50,1654781744551505,1654781744551505,
300833b2ddd9014000030009,1,1,2772,-43,1654781744553284,1654781744553284,
300833b2ddd9014000030002,1,1,844,-50,1654781744554719,1654781744554719,
300833b2ddd9014000030008,1,1,3636,-46,1654781744558829,1654781744558829,
300833b2ddd9014000030009,1,1,2760,-43,1654781744560367,1654781744560367,
300833b2ddd9014000030001,1,1,1556,-49,1654781744563044,1654781744563044,
300833b2ddd9014000030002,1,1,852,-51,1654781744564115,1654781744564115,
300833b2ddd9014000030009,1,1,2764,-43,1654781744594826,1654781744594826,
300833b2ddd9014000030008,1,1,3656,-46,1654781744595952,1654781744595952,
300833b2ddd9014000030002,1,1,840,-51,1654781744597065,1654781744597065,
300833b2ddd9014000030001,1,1,1568,-50,1654781744598393,1654781744598393,
300833b2ddd9014000030008,1,1,3644,-46,1654781744603313,1654781744603313,
300833b2ddd9014000030002,1,1,860,-51,1654781744604581,1654781744604581,
300833b2ddd9014000030001,1,1,1580,-50,1654781744605668,1654781744605668,
300833b2ddd9014000030009,1,1,2760,-43,1654781744607235,1654781744607235,
300833b2ddd9014000030008,1,1,3632,-46,1654781744638845,1654781744638845,
300833b2ddd9014000030009,1,1,2780,-43,1654781744639915,1654781744639915,
300833b2ddd9014000030001,1,1,1556,-50,1654781744641513,1654781744641513,
300833b2ddd9014000030002,1,1,848,-51,1654781744642837,1654781744642837,
300833b2ddd9014000030002,1,1,868,-51,1654781744647477,1654781744647477,
300833b2ddd9014000030009,1,1,2772,-43,1654781744648573,1654781744648573,
300833b2ddd9014000030008,1,1,3636,-46,1654781744649630,1654781744649630,
300833b2ddd9014000030001,1,1,1556,-50,1654781744652081,1654781744652081,
300833b2ddd9014000030008,1,1,3632,-46,1654781744683698,1654781744683698,
300833b2ddd9014000030001,1,1,1572,-50,1654781744685036,1654781744685036,
300833b2ddd9014000030009,1,1,2772,-43,1654781744686150,1654781744686150,
300833b2ddd9014000030002,1,1,852,-50,1654781744687363,1654781744687363,
300833b2ddd9014000030009,1,1,2764,-43,1654781744690840,1654781744690840,
300833b2ddd9014000030002,1,1,876,-50,1654781744692549,1654781744692549,
300833b2ddd9014000030008,1,1,3632,-46,1654781744693846,1654781744693846,
300833b2ddd9014000030001,1,1,1556,-50,1654781744695090,1654781744695090,
300833b2ddd9014000030008,1,1,3636,-46,1654781744727507,1654781744727507,
300833b2ddd9014000030009,1,1,2760,-43,1654781744728520,1654781744728520,
300833b2ddd9014000030001,1,1,1564,-50,1654781744729606,1654781744729606,
300833b2ddd9014000030002,1,1,852,-50,1654781744731098,1654781744731098,
300833b2ddd9014000030008,1,1,3652,-46,1654781744734028,1654781744734028,
300833b2ddd9014000030002,1,1,872,-51,1654781744736205,1654781744736205,
300833b2ddd9014000030009,1,1,2764,-43,1654781744737276,1654781744737276,
300833b2ddd9014000030001,1,1,1560,-50,1654781744738507,1654781744738507,
300833b2ddd9014000030002,1,1,848,-51,1654781744768757,1654781744768757,
300833b2ddd9014000030001,1,1,1584,-50,1654781744770128,1654781744770128,
300833b2ddd9014000030009,1,1,2772,-43,1654781744771694,1654781744771694,
300833b2ddd9014000030008,1,1,3636,-46,1654781744772765,1654781744772765,
300833b2ddd9014000030001,1,1,1564,-50,1654781744777530,1654781744777530,
300833b2ddd9014000030002,1,1,852,-50,1654781744778971,1654781744778971,
300833b2ddd9014000030009,1,1,2772,-43,1654781744779998,1654781744779998,
300833b2ddd9014000030008,1,1,3652,-46,1654781744781264,1654781744781264,
300833b2ddd9014000030008,1,1,3632,-46,1654781744811707,1654781744811707,
300833b2ddd9014000030001,1,1,1584,-50,1654781744812823,1654781744812823,
300833b2ddd9014000030009,1,1,2776,-43,1654781744813922,1654781744813922,
300833b2ddd9014000030002,1,1,852,-50,1654781744815983,1654781744815983,
300833b2ddd9014000030001,1,1,1564,-50,1654781744820222,1654781744820222,
300833b2ddd9014000030008,1,1,3640,-46,1654781744822399,1654781744822399,
300833b2ddd9014000030009,1,1,2784,-43,1654781744823708,1654781744823708,
300833b2ddd9014000030002,1,1,856,-50,1654781744824951,1654781744824951,
300833b2ddd9014000030002,1,1,840,-50,1654781744855114,1654781744855114,
300833b2ddd9014000030001,1,1,1580,-49,1654781744856825,1654781744856825,
300833b2ddd9014000030009,1,1,2768,-43,1654781744857924,1654781744857924,
300833b2ddd9014000030008,1,1,3648,-46,1654781744859306,1654781744859306,
300833b2ddd9014000030009,1,1,2768,-43,1654781744862636,1654781744862636,
300833b2ddd9014000030002,1,1,876,-51,1654781744864244,1654781744864244,
300833b2ddd9014000030001,1,1,1584,-50,1654781744866435,1654781744866435,
300833b2ddd9014000030008,1,1,3648,-46,1654781744867760,1654781744867760,
300833b2ddd9014000030008,1,1,3648,-46,1654781744898672,1654781744898672,
300833b2ddd9014000030002,1,1,856,-50,1654781744899728,1654781744899728,
300833b2ddd9014000030009,1,1,2768,-43,1654781744900827,1654781744900827,
300833b2ddd9014000030001,1,1,1588,-50,1654781744901928,1654781744901928,
300833b2ddd9014000030009,1,1,2792,-43,1654781744907146,1654781744907146,
300833b2ddd9014000030008,1,1,3644,-46,1654781744908243,1654781744908243,
300833b2ddd9014000030001,1,1,1576,-50,1654781744910943,1654781744910943,
300833b2ddd9014000030002,1,1,840,-50,1654781744912014,1654781744912014,
300833b2ddd9014000030009,1,1,2776,-43,1654781744943671,1654781744943671,
300833b2ddd9014000030002,1,1,848,-50,1654781744944769,1654781744944769,
300833b2ddd9014000030001,1,1,1572,-50,1654781744946503,1654781744946503,
300833b2ddd9014000030008,1,1,3648,-46,1654781744947586,1654781744947586,
300833b2ddd9014000030008,1,1,3636,-46,1654781744950841,1654781744950841,
300833b2ddd9014000030002,1,1,872,-50,1654781744951907,1654781744951907,
300833b2ddd9014000030009,1,1,2764,-43,1654781744953264,1654781744953264,
300833b2ddd9014000030001,1,1,1564,-50,1654781744954395,1654781744954395,
300833b2ddd9014000030002,1,1,844,-50,1654781744986730,1654781744986730,
300833b2ddd9014000030008,1,1,3624,-46,1654781744987914,1654781744987914,
300833b2ddd9014000030009,1,1,2776,-43,1654781744989437,1654781744989437,
300833b2ddd9014000030001,1,1,1560,-50,1654781744990625,1654781744990625,
300833b2ddd9014000030008,1,1,3632,-46,1654781744993556,1654781744993556,
300833b2ddd9014000030001,1,1,1564,-49,1654781744994644,1654781744994644,
300833b2ddd9014000030009,1,1,2772,-43,1654781744996876,1654781744996876,
300833b2ddd9014000030002,1,1,860,-51,1654781744998540,1654781744998540,
300833b2ddd9014000030008,1,1,3632,-46,1654781745029309,1654781745029309,
300833b2ddd9014000030009,1,1,2780,-43,1654781745031752,1654781745031752,
300833b2ddd9014000030002,1,1,868,-50,1654781745033256,1654781745033256,
300833b2ddd9014000030001,1,1,1600,-50,1654781745034715,1654781745034715,
300833b2ddd9014000030009,1,1,2792,-43,1654781745038692,1654781745038692,
300833b2ddd9014000030008,1,1,3644,-46,1654781745039746,1654781745039746,
300833b2ddd9014000030001,1,1,1588,-50,1654781745040861,1654781745040861,
300833b2ddd9014000030002,1,1,844,-51,1654781745042005,1654781745042005,
300833b2ddd9014000030002,1,1,856,-50,1654781745072323,1654781745072323,
300833b2ddd9014000030008,1,1,3632,-46,1654781745073407,1654781745073407,
300833b2ddd9014000030009,1,1,2756,-43,1654781745074960,1654781745074960,
300833b2ddd9014000030001,1,1,1568,-50,1654781745076231,1654781745076231,
300833b2ddd9014000030008,1,1,3644,-46,1654781745080935,1654781745080935,
300833b2ddd9014000030009,1,1,2784,-43,1654781745082286,1654781745082286,
300833b2ddd9014000030002,1,1,848,-51,1654781745084454,1654781745084454,
300833b2ddd9014000030001,1,1,1580,-50,1654781745085570,1654781745085570,
300833b2ddd9014000030009,1,1,2768,-43,1654781745116670,1654781745116670,
300833b2ddd9014000030008,1,1,3640,-46,1654781745118378,1654781745118378,
300833b2ddd9014000030001,1,1,1572,-49,1654781745119480,1654781745119480,
300833b2ddd9014000030002,1,1,848,-51,1654781745121119,1654781745121119,
300833b2ddd9014000030002,1,1,860,-50,1654781745124813,1654781745124813,
300833b2ddd9014000030001,1,1,1592,-50,1654781745126284,1654781745126284,
300833b2ddd9014000030009,1,1,2768,-43,1654781745127383,1654781745127383,
300833b2ddd9014000030008,1,1,3656,-46,1654781745128438,1654781745128438,
300833b2ddd9014000030001,1,1,1564,-49,1654781745159014,1654781745159014,
300833b2ddd9014000030009,1,1,2776,-43,1654781745160354,1654781745160354,
300833b2ddd9014000030008,1,1,3640,-46,1654781745161451,1654781745161451,
300833b2ddd9014000030002,1,1,844,-51,1654781745163913,1654781745163913,
300833b2ddd9014000030009,1,1,2776,-43,1654781745167798,1654781745167798,
300833b2ddd9014000030008,1,1,3648,-46,1654781745168922,1654781745168922,
300833b2ddd9014000030002,1,1,848,-51,1654781745171569,1654781745171569,
300833b2ddd9014000030001,1,1,1576,-50,1654781745172940,1654781745172940,
300833b2ddd9014000030009,1,1,2772,-43,1654781745203317,1654781745203317,
300833b2ddd9014000030002,1,1,856,-50,1654781745204626,1654781745204626,
300833b2ddd9014000030008,1,1,3668,-46,1654781745205724,1654781745205724,
300833b2ddd9014000030001,1,1,1580,-50,1654781745208386,1654781745208386,