epc,atenda,atendanum,phase,RSS,timestamp,timestamp2,
300833b2ddd9014000030009,1,1,2620,-47,1654781663224597,1654781663224597,
300833b2ddd9014000030008,1,1,3252,-42,1654781663225666,1654781663225666,
300833b2ddd9014000030002,1,1,168,-47,1654781663227700,1654781663227700,
300833b2ddd9014000030001,1,1,796,-62,1654781663228861,1654781663228861,
300833b2ddd9014000030008,1,1,3244,-42,1654781663232894,1654781663232894,
300833b2ddd9014000030002,1,1,180,-47,1654781663233963,1654781663233963,
300833b2ddd9014000030009,1,1,2644,-47,1654781663235317,1654781663235317,
300833b2ddd9014000030001,1,1,728,-62,1654781663236878,1654781663236878,
300833b2ddd9014000030001,1,1,700,-62,1654781663268684,1654781663268684,
300833b2ddd9014000030008,1,1,3288,-42,1654781663270604,1654781663270604,
300833b2ddd9014000030002,1,1,196,-47,1654781663271660,1654781663271660,
300833b2ddd9014000030009,1,1,2640,-47,1654781663272731,1654781663272731,
300833b2ddd9014000030002,1,1,196,-47,1654781663276344,1654781663276344,
300833b2ddd9014000030009,1,1,2632,-47,1654781663277443,1654781663277443,
300833b2ddd9014000030008,1,1,3264,-42,1654781663278537,1654781663278537,
300833b2ddd9014000030001,1,1,760,-62,1654781663280352,1654781663280352,
300833b2ddd9014000030008,1,1,3272,-43,1654781663311564,1654781663311564,
300833b2ddd9014000030009,1,1,2628,-47,1654781663313737,1654781663313737,
300833b2ddd9014000030001,1,1,636,-61,1654781663314815,1654781663314815,
300833b2ddd9014000030002,1,1,164,-47,1654781663316479,1654781663316479,
300833b2ddd9014000030002,1,1,176,-47,1654781663319189,1654781663319189,
300833b2ddd9014000030001,1,1,760,-60,1654781663320292,1654781663320292,
300833b2ddd9014000030008,1,1,3268,-43,1654781663322338,1654781663322338,
300833b2ddd9014000030009,1,1,2656,-47,1654781663323424,1654781663323424,
300833b2ddd9014000030009,1,1,2628,-47,1654781663357761,1654781663357761,
300833b2ddd9014000030002,1,1,176,-47,1654781663359217,1654781663359217,
300833b2ddd9014000030009,1,1,2636,-47,1654781663362406,1654781663362406,
300833b2ddd9014000030002,1,1,212,-47,1654781663363873,1654781663363873,
300833b2ddd9014000030008,1,1,3268,-43,1654781663364912,1654781663364912,
300833b2ddd9014000030001,1,1,760,-60,1654781663366642,1654781663366642,
300833b2ddd9014000030008,1,1,3272,-43,1654781663396836,1654781663396836,
300833b2ddd9014000030009,1,1,2624,-47,1654781663398544,1654781663398544,
300833b2ddd9014000030002,1,1,196,-47,1654781663400151,1654781663400151,
300833b2ddd9014000030001,1,1,808,-61,1654781663401596,1654781663401596,
300833b2ddd9014000030002,1,1,196,-47,1654781663404982,1654781663404982,
300833b2ddd9014000030009,1,1,2636,-47,1654781663406708,1654781663406708,
300833b2ddd9014000030008,1,1,3272,-43,1654781663408076,1654781663408076,
300833b2ddd9014000030001,1,1,828,-61,1654781663409561,1654781663409561,
300833b2ddd9014000030001,1,1,780,-60,1654781663440042,1654781663440042,
300833b2ddd9014000030002,1,1,204,-48,1654781663442158,1654781663442158,
300833b2ddd9014000030009,1,1,2640,-47,1654781663443215,1654781663443215,
300833b2ddd9014000030008,1,1,3288,-43,1654781663446358,1654781663446358,
300833b2ddd9014000030009,1,1,2632,-47,1654781663448037,1654781663448037,
300833b2ddd9014000030002,1,1,208,-48,1654781663449346,1654781663449346,
300833b2ddd9014000030001,1,1,816,-60,1654781663450747,1654781663450747,
300833b2ddd9014000030001,1,1,824,-60,1654781663480704,1654781663480704,
300833b2ddd9014000030008,1,1,3284,-43,1654781663481787,1654781663481787,
300833b2ddd9014000030001,1,1,824,-60,1654781663487122,1654781663487122,
300833b2ddd9014000030008,1,1,3276,-43,1654781663489030,1654781663489030,
300833b2ddd9014000030002,1,1,220,-47,1654781663490115,1654781663490115,
300833b2ddd9014000030009,1,1,2652,-47,1654781663491227,1654781663491227,
300833b2ddd9014000030001,1,1,768,-60,1654781663522308,1654781663522308,
300833b2ddd9014000030002,1,1,184,-47,1654781663524045,1654781663524045,
300833b2ddd9014000030009,1,1,2644,-47,1654781663525086,1654781663525086,
300833b2ddd9014000030008,1,1,3272,-43,1654781663526214,1654781663526214,
300833b2ddd9014000030002,1,1,212,-47,1654781663529854,1654781663529854,
300833b2ddd9014000030009,1,1,2652,-47,1654781663530942,1654781663530942,
300833b2ddd9014000030001,1,1,844,-61,1654781663532044,1654781663532044,
300833b2ddd9014000030008,1,1,3272,-43,1654781663533367,1654781663533367,
300833b2ddd9014000030001,1,1,732,-60,1654781663565037,1654781663565037,
300833b2ddd9014000030008,1,1,3296,-43,1654781663566943,1654781663566943,
300833b2ddd9014000030009,1,1,2636,-47,1654781663568041,1654781663568041,
300833b2ddd9014000030002,1,1,200,-48,1654781663569708,1654781663569708,
300833b2ddd9014000030002,1,1,212,-47,1654781663573089,1654781663573089,
300833b2ddd9014000030009,1,1,2672,-47,1654781663574742,1654781663574742,
300833b2ddd9014000030008,1,1,3280,-43,1654781663575854,1654781663575854,
300833b2ddd9014000030001,1,1,808,-61,1654781663576927,1654781663576927,
300833b2ddd9014000030002,1,1,208,-47,1654781663607656,1654781663607656,
300833b2ddd9014000030009,1,1,2684,-47,1654781663608741,1654781663608741,
300833b2ddd9014000030008,1,1,3280,-43,1654781663609782,1654781663609782,
300833b2ddd9014000030001,1,1,768,-61,1654781663610843,1654781663610843,
300833b2ddd9014000030008,1,1,3288,-43,1654781663616415,1654781663616415,
300833b2ddd9014000030002,1,1,208,-47,1654781663617628,1654781663617628,
300833b2ddd9014000030009,1,1,2660,-47,1654781663619195,1654781663619195,
300833b2ddd9014000030001,1,1,708,-62,1654781663620385,1654781663620385,
300833b2ddd9014000030001,1,1,736,-61,1654781663650399,1654781663650399,
300833b2ddd9014000030009,1,1,2668,-47,1654781663651484,1654781663651484,
300833b2ddd9014000030002,1,1,204,-47,1654781663652525,1654781663652525,
300833b2ddd9014000030008,1,1,3284,-43,1654781663653861,1654781663653861,
300833b2ddd9014000030008,1,1,3280,-43,1654781663659371,1654781663659371,
300833b2ddd9014000030009,1,1,2664,-47,1654781663661066,1654781663661066,
300833b2ddd9014000030002,1,1,204,-47,1654781663662105,1654781663662105,
300833b2ddd9014000030001,1,1,760,-62,1654781663663836,1654781663663836,
300833b2ddd9014000030002,1,1,204,-47,1654781663693782,1654781663693782,
300833b2ddd9014000030009,1,1,2664,-47,1654781663695122,1654781663695122,
300833b2ddd9014000030008,1,1,3300,-43,1654781663696220,1654781663696220,
300833b2ddd9014000030001,1,1,804,-62,1654781663698628,1654781663698628,
300833b2ddd9014000030002,1,1,172,-47,1654781663702482,1654781663702482,
300833b2ddd9014000030001,1,1,688,-61,1654781663704607,1654781663704607,
300833b2ddd9014000030008,1,1,3288,-43,1654781663705675,1654781663705675,
300833b2ddd9014000030009,1,1,2664,-47,1654781663707185,1654781663707185,
300833b2ddd9014000030009,1,1,2672,-47,1654781663737560,1654781663737560,
300833b2ddd9014000030008,1,1,3312,-43,1654781663739027,1654781663739027,
300833b2ddd9014000030002,1,1,204,-47,1654781663740082,1654781663740082,
300833b2ddd9014000030001,1,1,700,-62,1654781663741784,1654781663741784,
300833b2ddd9014000030001,1,1,744,-62,1654781663744545,1654781663744545,
300833b2ddd9014000030008,1,1,3300,-43,1654781663745683,1654781663745683,
300833b2ddd9014000030002,1,1,204,-47,1654781663747222,1654781663747222,
300833b2ddd9014000030009,1,1,2672,-47,1654781663748547,1654781663748547,
300833b2ddd9014000030009,1,1,2688,-47,1654781663781042,1654781663781042,
300833b2ddd9014000030001,1,1,728,-61,1654781663782399,1654781663782399,
300833b2ddd9014000030008,1,1,3288,-43,1654781663783471,1654781663783471,
300833b2ddd9014000030002,1,1,208,-47,1654781663784908,1654781663784908,
300833b2ddd9014000030009,1,1,2672,-47,1654781663787650,1654781663787650,
300833b2ddd9014000030002,1,1,224,-47,1654781663789003,1654781663789003,
300833b2ddd9014000030001,1,1,728,-61,1654781663790110,1654781663790110,
300833b2ddd9014000030008,1,1,3304,-43,1654781663791869,1654781663791869,
300833b2ddd9014000030009,1,1,2676,-47,1654781663823881,1654781663823881,
300833b2ddd9014000030002,1,1,204,-47,1654781663825560,1654781663825560,
300833b2ddd9014000030008,1,1,3288,-43,1654781663826657,1654781663826657,
300833b2ddd9014000030001,1,1,768,-61,1654781663828147,1654781663828147,
300833b2ddd9014000030001,1,1,736,-62,1654781663830859,1654781663830859,
300833b2ddd9014000030009,1,1,2668,-47,1654781663831886,1654781663831886,
300833b2ddd9014000030008,1,1,3300,-43,1654781663833239,1654781663833239,
300833b2ddd9014000030002,1,1,216,-47,1654781663834322,1654781663834322,
300833b2ddd9014000030008,1,1,3264,-43,1654781663866173,1654781663866173,
300833b2ddd9014000030009,1,1,2668,-47,1654781663868066,1654781663868066,
300833b2ddd9014000030001,1,1,760,-61,1654781663869977,1654781663869977,
300833b2ddd9014000030008,1,1,3300,-43,1654781663873986,1654781663873986,
300833b2ddd9014000030009,1,1,2660,-47,1654781663875087,1654781663875087,
300833b2ddd9014000030001,1,1,800,-62,1654781663876758,1654781663876758,
300833b2ddd9014000030002,1,1,196,-47,1654781663877911,1654781663877911,
300833b2ddd9014000030001,1,1,828,-61,1654781663908238,1654781663908238,
300833b2ddd9014000030008,1,1,3288,-43,1654781663909720,1654781663909720,
300833b2ddd9014000030002,1,1,196,-47,1654781663911299,1654781663911299,
300833b2ddd9014000030009,1,1,2664,-47,1654781663912753,1654781663912753,
300833b2ddd9014000030009,1,1,2656,-47,1654781663915743,1654781663915743,
300833b2ddd9014000030002,1,1,188,-47,1654781663916827,1654781663916827,
300833b2ddd9014000030008,1,1,3272,-43,1654781663918393,1654781663918393,
300833b2ddd9014000030001,1,1,728,-62,1654781663919695,1654781663919695,
300833b2ddd9014000030009,1,1,2664,-47,1654781663951066,1654781663951066,
300833b2ddd9014000030008,1,1,3252,-41,1654781663953005,1654781663953005,
300833b2ddd9014000030001,1,1,760,-62,1654781663954716,1654781663954716,
300833b2ddd9014000030001,1,1,728,-62,1654781663958762,1654781663958762,
300833b2ddd9014000030009,1,1,2664,-47,1654781663959846,1654781663959846,
300833b2ddd9014000030008,1,1,3272,-43,1654781663960916,1654781663960916,
300833b2ddd9014000030009,1,1,2648,-47,1654781663993759,1654781663993759,
300833b2ddd9014000030001,1,1,724,-61,1654781663995671,1654781663995671,
300833b2ddd9014000030008,1,1,3280,-43,1654781663996738,1654781663996738,
300833b2ddd9014000030009,1,1,2676,-47,1654781664000495,1654781664000495,
300833b2ddd9014000030002,1,1,192,-47,1654781664001593,1654781664001593,
300833b2ddd9014000030001,1,1,728,-61,1654781664002894,1654781664002894,
300833b2ddd9014000030008,1,1,3276,-43,1654781664004276,1654781664004276,
300833b2ddd9014000030008,1,1,3284,-43,1654781664036586,1654781664036586,
300833b2ddd9014000030001,1,1,696,-62,1654781664038111,1654781664038111,
300833b2ddd9014000030009,1,1,2656,-47,1654781664044291,1654781664044291,
300833b2ddd9014000030002,1,1,196,-47,1654781664045543,1654781664045543,
300833b2ddd9014000030002,1,1,192,-47,1654781664048669,1654781664048669,
300833b2ddd9014000030008,1,1,3268,-43,1654781664050054,1654781664050054,
300833b2ddd9014000030001,1,1,776,-61,1654781664051368,1654781664051368,
300833b2ddd9014000030009,1,1,2672,-47,1654781664053931,1654781664053931,
300833b2ddd9014000030001,1,1,724,-61,1654781664084175,1654781664084175,
300833b2ddd9014000030009,1,1,2656,-47,1654781664086083,1654781664086083,
300833b2ddd9014000030002,1,1,180,-47,1654781664087151,1654781664087151,
300833b2ddd9014000030008,1,1,3292,-43,1654781664088263,1654781664088263,
300833b2ddd9014000030008,1,1,3280,-43,1654781664092923,1654781664092923,
300833b2ddd9014000030001,1,1,752,-61,1654781664094221,1654781664094221,
300833b2ddd9014000030009,1,1,2648,-47,1654781664096761,1654781664096761,
300833b2ddd9014000030002,1,1,184,-47,1654781664097975,1654781664097975,
300833b2ddd9014000030008,1,1,3312,-43,1654781664128112,1654781664128112,
300833b2ddd9014000030002,1,1,204,-47,1654781664129195,1654781664129195,
300833b2ddd9014000030009,1,1,2652,-47,1654781664130583,1654781664130583,
300833b2ddd9014000030001,1,1,660,-61,1654781664131957,1654781664131957,
300833b2ddd9014000030009,1,1,2656,-47,1654781664136839,1654781664136839,
300833b2ddd9014000030002,1,1,212,-47,1654781664139025,1654781664139025,
300833b2ddd9014000030001,1,1,648,-61,1654781664140104,1654781664140104,
300833b2ddd9014000030008,1,1,3288,-43,1654781664141186,1654781664141186,
300833b2ddd9014000030001,1,1,680,-62,1654781664172365,1654781664172365,
300833b2ddd9014000030009,1,1,2664,-47,1654781664174297,1654781664174297,
300833b2ddd9014000030008,1,1,3292,-43,1654781664175343,1654781664175343,
300833b2ddd9014000030002,1,1,208,-47,1654781664176440,1654781664176440,
300833b2ddd9014000030008,1,1,3292,-43,1654781664180160,1654781664180160,
300833b2ddd9014000030002,1,1,216,-47,1654781664181244,1654781664181244,
300833b2ddd9014000030009,1,1,2676,-47,1654781664182995,1654781664182995,
300833b2ddd9014000030001,1,1,776,-61,1654781664184484,1654781664184484,
300833b2ddd9014000030002,1,1,208,-47,1654781664216164,1654781664216164,
300833b2ddd9014000030008,1,1,3288,-43,1654781664218143,1654781664218143,
300833b2ddd9014000030009,1,1,2640,-47,1654781664219186,1654781664219186,
300833b2ddd9014000030001,1,1,656,-61,1654781664220973,1654781664220973,
300833b2ddd9014000030009,1,1,2652,-47,1654781664224321,1654781664224321,
300833b2ddd9014000030002,1,1,196,-47,1654781664225389,1654781664225389,
300833b2ddd9014000030008,1,1,3280,-43,1654781664226699,1654781664226699,
300833b2ddd9014000030001,1,1,740,-62,1654781664228284,1654781664228284,
300833b2ddd9014000030002,1,1,204,-47,1654781664260037,1654781664260037,
300833b2ddd9014000030001,1,1,720,-61,1654781664261409,1654781664261409,
300833b2ddd9014000030008,1,1,3296,-43,1654781664262731,1654781664262731,
300833b2ddd9014000030009,1,1,2652,-47,1654781664264059,1654781664264059,
300833b2ddd9014000030001,1,1,776,-62,1654781664268799,1654781664268799,
300833b2ddd9014000030009,1,1,2652,-47,1654781664270111,1654781664270111,
300833b2ddd9014000030002,1,1,204,-47,1654781664271167,1654781664271167,
300833b2ddd9014000030008,1,1,3280,-43,1654781664272278,1654781664272278,
300833b2ddd9014000030002,1,1,192,-47,1654781664304905,1654781664304905,
300833b2ddd9014000030008,1,1,3304,-43,1654781664306212,1654781664306212,
300833b2ddd9014000030009,1,1,2656,-47,1654781664308406,1654781664308406,
300833b2ddd9014000030001,1,1,616,-61,1654781664309979,1654781664309979,
300833b2ddd9014000030009,1,1,2652,-47,1654781664313360,1654781664313360,
300833b2ddd9014000030001,1,1,732,-62,1654781664314421,1654781664314421,
300833b2ddd9014000030002,1,1,204,-47,1654781664315803,1654781664315803,
300833b2ddd9014000030008,1,1,3292,-43,1654781664317324,1654781664317324,
300833b2ddd9014000030009,1,1,2664,-47,1654781664349464,1654781664349464,
300833b2ddd9014000030002,1,1,196,-47,1654781664350932,1654781664350932,
300833b2ddd9014000030001,1,1,724,-61,1654781664351993,1654781664351993,
300833b2ddd9014000030008,1,1,3280,-43,1654781664353076,1654781664353076,
300833b2ddd9014000030002,1,1,204,-47,1654781664357472,1654781664357472,
300833b2ddd9014000030009,1,1,2664,-47,1654781664358540,1654781664358540,
300833b2ddd9014000030008,1,1,3288,-43,1654781664359626,1654781664359626,
300833b2ddd9014000030001,1,1,664,-62,1654781664361298,1654781664361298,
300833b2ddd9014000030009,1,1,2668,-47,1654781664391226,1654781664391226,
300833b2ddd9014000030008,1,1,3292,-43,1654781664392283,1654781664392283,
300833b2ddd9014000030002,1,1,204,-47,1654781664393635,1654781664393635,
300833b2ddd9014000030001,1,1,700,-63,1654781664395165,1654781664395165,
300833b2ddd9014000030001,1,1,656,-62,1654781664399378,1654781664399378,
300833b2ddd9014000030009,1,1,2664,-47,1654781664400446,1654781664400446,
300833b2ddd9014000030008,1,1,3268,-43,1654781664402793,1654781664402793,
300833b2ddd9014000030002,1,1,184,-47,1654781664404275,1654781664404275,
300833b2ddd9014000030008,1,1,3268,-43,1654781664436620,1654781664436620,
300833b2ddd9014000030009,1,1,2660,-47,1654781664438370,1654781664438370,
300833b2ddd9014000030002,1,1,180,-47,1654781664439440,1654781664439440,
300833b2ddd9014000030001,1,1,788,-62,1654781664440687,1654781664440687,
300833b2ddd9014000030002,1,1,204,-47,1654781664443709,1654781664443709,
300833b2ddd9014000030009,1,1,2668,-47,1654781664444796,1654781664444796,
300833b2ddd9014000030008,1,1,3284,-43,1654781664446358,1654781664446358,
300833b2ddd9014000030001,1,1,704,-63,1654781664448927,1654781664448927,
300833b2ddd9014000030002,1,1,188,-47,1654781664479049,1654781664479049,
300833b2ddd9014000030009,1,1,2652,-47,1654781664480961,1654781664480961,
300833b2ddd9014000030008,1,1,3264,-43,1654781664482073,1654781664482073,
300833b2ddd9014000030001,1,1,744,-62,1654781664483160,1654781664483160,
300833b2ddd9014000030001,1,1,704,-62,1654781664486822,1654781664486822,
300833b2ddd9014000030009,1,1,2656,-47,1654781664488176,1654781664488176,
300833b2ddd9014000030008,1,1,3280,-43,1654781664489513,1654781664489513,
300833b2ddd9014000030002,1,1,176,-47,1654781664491079,1654781664491079,
300833b2ddd9014000030008,1,1,3276,-43,1654781664522210,1654781664522210,
300833b2ddd9014000030002,1,1,188,-47,1654781664523267,1654781664523267,
300833b2ddd9014000030009,1,1,2660,-46,1654781664524834,1654781664524834,
300833b2ddd9014000030001,1,1,840,-63,1654781664527656,1654781664527656,
300833b2ddd9014000030009,1,1,2644,-47,1654781664531965,1654781664531965,
300833b2ddd9014000030008,1,1,3272,-43,1654781664533005,1654781664533005,
300833b2ddd9014000030002,1,1,192,-47,1654781664534046,1654781664534046,
300833b2ddd9014000030001,1,1,672,-62,1654781664535506,1654781664535506,
300833b2ddd9014000030008,1,1,3284,-43,1654781664565288,1654781664565288,
300833b2ddd9014000030009,1,1,2672,-47,1654781664567478,1654781664567478,
300833b2ddd9014000030001,1,1,728,-63,1654781664568484,1654781664568484,
300833b2ddd9014000030002,1,1,184,-47,1654781664569551,1654781664569551,
300833b2ddd9014000030001,1,1,700,-62,1654781664572882,1654781664572882,
300833b2ddd9014000030002,1,1,196,-47,1654781664575029,1654781664575029,
300833b2ddd9014000030009,1,1,2648,-47,1654781664576086,1654781664576086,
300833b2ddd9014000030008,1,1,3276,-43,1654781664577239,1654781664577239,
300833b2ddd9014000030009,1,1,2652,-47,1654781664607738,1654781664607738,
300833b2ddd9014000030001,1,1,792,-63,1654781664609425,1654781664609425,
300833b2ddd9014000030008,1,1,3268,-43,1654781664610493,1654781664610493,
300833b2ddd9014000030002,1,1,188,-47,1654781664611861,1654781664611861,
300833b2ddd9014000030002,1,1,192,-47,1654781664615472,1654781664615472,
300833b2ddd9014000030001,1,1,808,-61,1654781664616560,1654781664616560,
300833b2ddd9014000030008,1,1,3264,-43,1654781664617686,1654781664617686,
300833b2ddd9014000030009,1,1,2648,-47,1654781664619281,1654781664619281,
300833b2ddd9014000030008,1,1,3276,-43,1654781664650675,1654781664650675,
300833b2ddd9014000030001,1,1,752,-62,1654781664651793,1654781664651793,
300833b2ddd9014000030009,1,1,2640,-47,1654781664653615,1654781664653615,
300833b2ddd9014000030002,1,1,196,-47,1654781664656419,1654781664656419,
300833b2ddd9014000030008,1,1,3276,-43,1654781664659239,1654781664659239,
300833b2ddd9014000030002,1,1,176,-47,1654781664660351,1654781664660351,
300833b2ddd9014000030009,1,1,2640,-47,1654781664661438,1654781664661438,
300833b2ddd9014000030001,1,1,772,-62,1654781664662541,1654781664662541,
300833b2ddd9014000030008,1,1,3268,-43,1654781664695006,1654781664695006,
300833b2ddd9014000030002,1,1,172,-47,1654781664696076,1654781664696076,
300833b2ddd9014000030009,1,1,2656,-47,1654781664697627,1654781664697627,
300833b2ddd9014000030001,1,1,688,-63,1654781664698763,1654781664698763,
300833b2ddd9014000030001,1,1,744,-62,1654781664703299,1654781664703299,
300833b2ddd9014000030009,1,1,2648,-47,1654781664704441,1654781664704441,
300833b2ddd9014000030008,1,1,3260,-43,1654781664705950,1654781664705950,
300833b2ddd9014000030002,1,1,196,-47,1654781664707273,1654781664707273,
300833b2ddd9014000030009,1,1,2656,-47,1654781664738749,1654781664738749,
300833b2ddd9014000030002,1,1,184,-47,1654781664739849,1654781664739849,
300833b2ddd9014000030008,1,1,3276,-43,1654781664741598,1654781664741598,
300833b2ddd9014000030001,1,1,776,-62,1654781664743793,1654781664743793,
300833b2ddd9014000030008,1,1,3264,-43,1654781664747889,1654781664747889,
300833b2ddd9014000030009,1,1,2644,-47,1654781664748974,1654781664748974,
300833b2ddd9014000030001,1,1,724,-62,1654781664750771,1654781664750771,
300833b2ddd9014000030002,1,1,180,-47,1654781664752463,1654781664752463,
300833b2ddd9014000030002,1,1,176,-47,1654781664783528,1654781664783528,
300833b2ddd9014000030008,1,1,3264,-43,1654781664784612,1654781664784612,
300833b2ddd9014000030001,1,1,792,-62,1654781664785956,1654781664785956,
300833b2ddd9014000030009,1,1,2656,-47,1654781664787222,1654781664787222,
300833b2ddd9014000030008,1,1,3256,-43,1654781664791386,1654781664791386,
300833b2ddd9014000030009,1,1,2644,-47,1654781664794237,1654781664794237,
300833b2ddd9014000030002,1,1,180,-47,1654781664795303,1654781664795303,
300833b2ddd9014000030001,1,1,788,-62,1654781664796568,1654781664796568,
300833b2ddd9014000030008,1,1,3264,-43,1654781664826260,1654781664826260,
300833b2ddd9014000030009,1,1,2652,-47,1654781664827632,1654781664827632,
300833b2ddd9014000030002,1,1,184,-47,1654781664829169,1654781664829169,
300833b2ddd9014000030001,1,1,748,-63,1654781664832005,1654781664832005,
300833b2ddd9014000030009,1,1,2668,-46,1654781664834792,1654781664834792,
300833b2ddd9014000030008,1,1,3276,-43,1654781664836090,1654781664836090,
300833b2ddd9014000030002,1,1,188,-48,1654781664837157,1654781664837157,
300833b2ddd9014000030001,1,1,828,-62,1654781664839866,1654781664839866,
300833b2ddd9014000030002,1,1,160,-48,1654781664870741,1654781664870741,
300833b2ddd9014000030008,1,1,3248,-43,1654781664871838,1654781664871838,
300833b2ddd9014000030009,1,1,2640,-47,1654781664873433,1654781664873433,
300833b2ddd9014000030001,1,1,760,-61,1654781664874493,1654781664874493,
300833b2ddd9014000030001,1,1,728,-62,1654781664878937,1654781664878937,
300833b2ddd9014000030008,1,1,3248,-43,1654781664880217,1654781664880217,
300833b2ddd9014000030002,1,1,152,-47,1654781664882985,1654781664882985,
300833b2ddd9014000030009,1,1,2648,-47,1654781664884042,1654781664884042,
300833b2ddd9014000030009,1,1,2632,-47,1654781664914765,1654781664914765,
300833b2ddd9014000030008,1,1,3244,-43,1654781664916315,1654781664916315,
300833b2ddd9014000030001,1,1,616,-61,1654781664917887,1654781664917887,
300833b2ddd9014000030002,1,1,140,-47,1654781664919040,1654781664919040,
300833b2ddd9014000030008,1,1,3252,-43,1654781664924340,1654781664924340,
300833b2ddd9014000030001,1,1,764,-61,1654781664925486,1654781664925486,
300833b2ddd9014000030009,1,1,2640,-47,1654781664926584,1654781664926584,
300833b2ddd9014000030002,1,1,152,-47,1654781664927665,1654781664927665,
300833b2ddd9014000030009,1,1,2676,-46,1654781665191150,1654781665191150,
300833b2ddd9014000030001,1,1,908,-63,1654781665192454,1654781665192454,
300833b2ddd9014000030002,1,1,24,-47,1654781665193565,1654781665193565,
300833b2ddd9014000030008,1,1,3120,-42,1654781665195159,1654781665195159,
300833b2ddd9014000030002,1,1,0,-47,1654781665200687,1654781665200687,
300833b2ddd9014000030008,1,1,3112,-43,1654781665201983,1654781665201983,
300833b2ddd9014000030001,1,1,936,-64,1654781665203128,1654781665203128,
300833b2ddd9014000030009,1,1,2680,-46,1654781665204566,1654781665204566,
300833b2ddd9014000030008,1,1,3116,-43,1654781665234227,1654781665234227,
300833b2ddd9014000030001,1,1,1288,-63,1654781665236155,1654781665236155,
300833b2ddd9014000030009,1,1,2676,-45,1654781665237749,1654781665237749,
300833b2ddd9014000030002,1,1,4088,-48,1654781665238924,1654781665238924,
300833b2ddd9014000030009,1,1,2676,-45,1654781665241945,1654781665241945,
300833b2ddd9014000030001,1,1,1264,-63,1654781665243887,1654781665243887,
300833b2ddd9014000030008,1,1,3116,-43,1654781665245197,1654781665245197,
300833b2ddd9014000030002,1,1,12,-48,1654781665246252,1654781665246252,
300833b2ddd9014000030001,1,1,1548,-60,1654781665276554,1654781665276554,
300833b2ddd9014000030008,1,1,3104,-43,1654781665277593,1654781665277593,
300833b2ddd9014000030002,1,1,4084,-48,1654781665278919,1654781665278919,
300833b2ddd9014000030009,1,1,2624,-45,1654781665280726,1654781665280726,
300833b2ddd9014000030002,1,1,4084,-48,1654781665285645,1654781665285645,
300833b2ddd9014000030009,1,1,2636,-45,1654781665287369,1654781665287369,
300833b2ddd9014000030008,1,1,3108,-43,1654781665288467,1654781665288467,
300833b2ddd9014000030001,1,1,1556,-59,1654781665289685,1654781665289685,
300833b2ddd9014000030001,1,1,1648,-57,1654781665321560,1654781665321560,
300833b2ddd9014000030008,1,1,3084,-43,1654781665322658,1654781665322658,
300833b2ddd9014000030001,1,1,1724,-57,1654781665327150,1654781665327150,
300833b2ddd9014000030008,1,1,3104,-43,1654781665328559,1654781665328559,
300833b2ddd9014000030001,1,1,1816,-54,1654781665359757,1654781665359757,
300833b2ddd9014000030002,1,1,4092,-48,1654781665360812,1654781665360812,
300833b2ddd9014000030008,1,1,3084,-43,1654781665362674,1654781665362674,
300833b2ddd9014000030001,1,1,1804,-54,1654781665366835,1654781665366835,
300833b2ddd9014000030008,1,1,3092,-44,1654781665367903,1654781665367903,
300833b2ddd9014000030002,1,1,0,-48,1654781665369481,1654781665369481,
300833b2ddd9014000030001,1,1,1856,-53,1654781665401413,1654781665401413,
300833b2ddd9014000030008,1,1,3084,-44,1654781665402552,1654781665402552,
300833b2ddd9014000030009,1,1,2544,-44,1654781665403652,1654781665403652,
300833b2ddd9014000030002,1,1,8,-49,1654781665406072,1654781665406072,
300833b2ddd9014000030002,1,1,4,-49,1654781665410395,1654781665410395,
300833b2ddd9014000030001,1,1,1884,-52,1654781665413223,1654781665413223,
300833b2ddd9014000030008,1,1,3076,-44,1654781665414661,1654781665414661,
300833b2ddd9014000030009,1,1,2524,-44,1654781665415930,1654781665415930,
300833b2ddd9014000030009,1,1,2504,-44,1654781665446462,1654781665446462,
300833b2ddd9014000030008,1,1,3084,-45,1654781665447801,1654781665447801,
300833b2ddd9014000030002,1,1,24,-49,1654781665449126,1654781665449126,
300833b2ddd9014000030001,1,1,1876,-51,1654781665451949,1654781665451949,
300833b2ddd9014000030008,1,1,3068,-45,1654781665454716,1654781665454716,
300833b2ddd9014000030001,1,1,1896,-51,1654781665456004,1654781665456004,
300833b2ddd9014000030009,1,1,2512,-44,1654781665457102,1654781665457102,
300833b2ddd9014000030002,1,1,24,-50,1654781665458911,1654781665458911,
300833b2ddd9014000030009,1,1,2492,-44,1654781665490118,1654781665490118,
300833b2ddd9014000030008,1,1,3080,-45,1654781665491186,1654781665491186,
300833b2ddd9014000030002,1,1,56,-50,1654781665492271,1654781665492271,
300833b2ddd9014000030001,1,1,1872,-50,1654781665493432,1654781665493432,
300833b2ddd9014000030002,1,1,88,-50,1654781665498992,1654781665498992,
300833b2ddd9014000030009,1,1,2516,-43,1654781665500361,1654781665500361,
300833b2ddd9014000030001,1,1,1872,-49,1654781665501976,1654781665501976,
300833b2ddd9014000030008,1,1,3088,-45,1654781665503102,1654781665503102,
300833b2ddd9014000030009,1,1,2528,-44,1654781665534629,1654781665534629,
300833b2ddd9014000030001,1,1,1804,-49,1654781665535983,1654781665535983,
300833b2ddd9014000030008,1,1,3116,-46,1654781665541574,1654781665541574,
300833b2ddd9014000030002,1,1,168,-51,1654781665542629,1654781665542629,
300833b2ddd9014000030009,1,1,2528,-44,1654781665543686,1654781665543686,
300833b2ddd9014000030001,1,1,1788,-48,1654781665544774,1654781665544774,
300833b2ddd9014000030008,1,1,3164,-46,1654781665576866,1654781665576866,
300833b2ddd9014000030002,1,1,236,-53,1654781665577966,1654781665577966,
300833b2ddd9014000030001,1,1,1740,-48,1654781665579026,1654781665579026,
300833b2ddd9014000030009,1,1,2552,-44,1654781665580309,1654781665580309,
300833b2ddd9014000030001,1,1,1736,-48,1654781665586813,1654781665586813,
300833b2ddd9014000030009,1,1,2552,-44,1654781665587897,1654781665587897,
300833b2ddd9014000030002,1,1,248,-53,1654781665588995,1654781665588995,
300833b2ddd9014000030008,1,1,3164,-46,1654781665592291,1654781665592291,
300833b2ddd9014000030002,1,1,388,-54,1654781665622336,1654781665622336,
300833b2ddd9014000030001,1,1,1672,-47,1654781665623409,1654781665623409,
300833b2ddd9014000030009,1,1,2568,-44,1654781665624466,1654781665624466,
300833b2ddd9014000030008,1,1,3252,-47,1654781665626256,1654781665626256,
300833b2ddd9014000030001,1,1,1660,-47,1654781665630723,1654781665630723,
300833b2ddd9014000030002,1,1,432,-55,1654781665632301,1654781665632301,
300833b2ddd9014000030009,1,1,2588,-44,1654781665633387,1654781665633387,
300833b2ddd9014000030008,1,1,3260,-47,1654781665634952,1654781665634952,
300833b2ddd9014000030001,1,1,1612,-47,1654781665668315,1654781665668315,
300833b2ddd9014000030002,1,1,592,-55,1654781665669796,1654781665669796,
300833b2ddd9014000030009,1,1,2604,-44,1654781665676197,1654781665676197,
300833b2ddd9014000030001,1,1,1600,-47,1654781665677695,1654781665677695,
300833b2ddd9014000030002,1,1,652,-55,1654781665679220,1654781665679220,
300833b2ddd9014000030002,1,1,704,-55,1654781665709873,1654781665709873,
300833b2ddd9014000030009,1,1,2628,-44,1654781665710916,1654781665710916,
300833b2ddd9014000030001,1,1,1564,-48,1654781665712740,1654781665712740,
300833b2ddd9014000030001,1,1,1568,-48,1654781665717147,1654781665717147,
300833b2ddd9014000030009,1,1,2636,-44,1654781665719647,1654781665719647,
300833b2ddd9014000030008,1,1,3444,-48,1654781665720716,1654781665720716,
300833b2ddd9014000030002,1,1,716,-55,1654781665722166,1654781665722166,
300833b2ddd9014000030008,1,1,3460,-48,1654781665751916,1654781665751916,
300833b2ddd9014000030009,1,1,2664,-44,1654781665753838,1654781665753838,
300833b2ddd9014000030002,1,1,816,-54,1654781665755387,1654781665755387,
300833b2ddd9014000030001,1,1,1524,-48,1654781665756843,1654781665756843,
300833b2ddd9014000030002,1,1,872,-55,1654781665760748,1654781665760748,
300833b2ddd9014000030009,1,1,2692,-44,1654781665761862,1654781665761862,
300833b2ddd9014000030008,1,1,3468,-48,1654781665763215,1654781665763215,
300833b2ddd9014000030001,1,1,1500,-48,1654781665764726,1654781665764726,
300833b2ddd9014000030009,1,1,2676,-44,1654781665794751,1654781665794751,
300833b2ddd9014000030002,1,1,916,-54,1654781665795863,1654781665795863,
300833b2ddd9014000030001,1,1,1496,-49,1654781665799149,1654781665799149,
300833b2ddd9014000030008,1,1,3552,-48,1654781665800218,1654781665800218,
300833b2ddd9014000030008,1,1,3544,-48,1654781665804146,1654781665804146,
300833b2ddd9014000030009,1,1,2688,-44,1654781665805488,1654781665805488,
300833b2ddd9014000030001,1,1,1512,-49,1654781665806604,1654781665806604,
300833b2ddd9014000030002,1,1,924,-53,1654781665807830,1654781665807830,
300833b2ddd9014000030002,1,1,940,-53,1654781665839099,1654781665839099,
300833b2ddd9014000030009,1,1,2700,-44,1654781665840187,1654781665840187,
300833b2ddd9014000030008,1,1,3588,-48,1654781665841704,1654781665841704,
300833b2ddd9014000030001,1,1,1492,-49,1654781665842807,1654781665842807,
300833b2ddd9014000030001,1,1,1484,-50,1654781665845821,1654781665845821,
300833b2ddd9014000030008,1,1,3584,-47,1654781665847821,1654781665847821,
300833b2ddd9014000030009,1,1,2720,-44,1654781665849135,1654781665849135,
300833b2ddd9014000030002,1,1,936,-53,1654781665850328,1654781665850328,
300833b2ddd9014000030008,1,1,3604,-47,1654781665880458,1654781665880458,
300833b2ddd9014000030002,1,1,948,-52,1654781665881784,1654781665881784,
300833b2ddd9014000030009,1,1,2724,-44,1654781665883335,1654781665883335,
300833b2ddd9014000030001,1,1,1484,-50,1654781665884421,1654781665884421,
300833b2ddd9014000030002,1,1,900,-52,1654781665889439,1654781665889439,
300833b2ddd9014000030009,1,1,2744,-44,1654781665890879,1654781665890879,
300833b2ddd9014000030001,1,1,1484,-50,1654781665892222,1654781665892222,
300833b2ddd9014000030008,1,1,3636,-46,1654781665893419,1654781665893419,
300833b2ddd9014000030008,1,1,3628,-46,1654781665923452,1654781665923452,
300833b2ddd9014000030001,1,1,1516,-50,1654781665925053,1654781665925053,
300833b2ddd9014000030009,1,1,2736,-44,1654781665926861,1654781665926861,
300833b2ddd9014000030002,1,1,888,-51,1654781665928326,1654781665928326,
300833b2ddd9014000030002,1,1,880,-51,1654781665933839,1654781665933839,
300833b2ddd9014000030008,1,1,3624,-46,1654781665935363,1654781665935363,
300833b2ddd9014000030009,1,1,2756,-44,1654781665936480,1654781665936480,
300833b2ddd9014000030001,1,1,1520,-50,1654781665937696,1654781665937696,
300833b2ddd9014000030008,1,1,3620,-46,1654781665967639,1654781665967639,
300833b2ddd9014000030002,1,1,848,-51,1654781665969363,1654781665969363,
300833b2ddd9014000030001,1,1,1496,-50,1654781665970721,1654781665970721,
300833b2ddd9014000030009,1,1,2736,-43,1654781665971778,1654781665971778,
300833b2ddd9014000030008,1,1,3648,-46,1654781665976243,1654781665976243,
300833b2ddd9014000030001,1,1,1532,-50,1654781665977359,1654781665977359,
300833b2ddd9014000030009,1,1,2740,-43,1654781665978431,1654781665978431,
300833b2ddd9014000030002,1,1,876,-51,1654781665980082,1654781665980082,
300833b2ddd9014000030002,1,1,840,-50,1654781666010272,1654781666010272,
300833b2ddd9014000030001,1,1,1528,-50,1654781666012237,1654781666012237,
300833b2ddd9014000030009,1,1,2748,-43,1654781666014329,1654781666014329,
300833b2ddd9014000030008,1,1,3624,-46,1654781666015541,1654781666015541,
300833b2ddd9014000030002,1,1,848,-50,1654781666018570,1654781666018570,
300833b2ddd9014000030009,1,1,2764,-43,1654781666019654,1654781666019654,
300833b2ddd9014000030008,1,1,3632,-46,1654781666020711,1654781666020711,
300833b2ddd9014000030001,1,1,1528,-50,1654781666022493,1654781666022493,
300833b2ddd9014000030009,1,1,2740,-43,1654781666053714,1654781666053714,
300833b2ddd9014000030008,1,1,3616,-46,1654781666055023,1654781666055023,
300833b2ddd9014000030002,1,1,836,-50,1654781666059376,1654781666059376,
300833b2ddd9014000030001,1,1,1536,-50,1654781666060476,1654781666060476,
300833b2ddd9014000030002,1,1,840,-50,1654781666063512,1654781666063512,
300833b2ddd9014000030009,1,1,2732,-43,1654781666064826,1654781666064826,
300833b2ddd9014000030001,1,1,1556,-50,1654781666066136,1654781666066136,
300833b2ddd9014000030008,1,1,3620,-46,1654781666067195,1654781666067195,
300833b2ddd9014000030009,1,1,2744,-43,1654781666098614,1654781666098614,
300833b2ddd9014000030002,1,1,816,-50,1654781666099700,1654781666099700,
300833b2ddd9014000030001,1,1,1536,-50,1654781666100973,1654781666100973,
300833b2ddd9014000030008,1,1,3624,-46,1654781666102098,1654781666102098,
300833b2ddd9014000030001,1,1,1536,-50,1654781666107028,1654781666107028,
300833b2ddd9014000030002,1,1,800,-50,1654781666108112,1654781666108112,
300833b2ddd9014000030008,1,1,3616,-46,1654781666109419,1654781666109419,
300833b2ddd9014000030009,1,1,2740,-43,1654781666110452,1654781666110452,
300833b2ddd9014000030009,1,1,2732,-43,1654781666143925,1654781666143925,
300833b2ddd9014000030008,1,1,3636,-46,1654781666145220,1654781666145220,
300833b2ddd9014000030002,1,1,816,-51,1654781666147638,1654781666147638,
300833b2ddd9014000030001,1,1,1532,-50,1654781666149222,1654781666149222,
300833b2ddd9014000030001,1,1,1544,-50,1654781666152611,1654781666152611,
300833b2ddd9014000030009,1,1,2760,-43,1654781666153967,1654781666153967,
300833b2ddd9014000030008,1,1,3612,-46,1654781666155037,1654781666155037,
300833b2ddd9014000030002,1,1,820,-50,1654781666156576,1654781666156576,
300833b2ddd9014000030009,1,1,2728,-43,1654781666188231,1654781666188231,
300833b2ddd9014000030002,1,1,824,-50,1654781666189931,1654781666189931,
300833b2ddd9014000030001,1,1,1556,-51,1654781666191290,1654781666191290,
300833b2ddd9014000030008,1,1,3612,-46,1654781666192358,1654781666192358,
300833b2ddd9014000030002,1,1,836,-50,1654781666197048,1654781666197048,
300833b2ddd9014000030009,1,1,2740,-43,1654781666198149,1654781666198149,
300833b2ddd9014000030008,1,1,3648,-45,1654781666199203,1654781666199203,
300833b2ddd9014000030001,1,1,1544,-50,1654781666200689,1654781666200689,
300833b2ddd9014000030008,1,1,3624,-46,1654781666230681,1654781666230681,
300833b2ddd9014000030009,1,1,2736,-43,1654781666232410,1654781666232410,
300833b2ddd9014000030002,1,1,844,-50,1654781666233691,1654781666233691,
300833b2ddd9014000030001,1,1,1532,-50,1654781666235434,1654781666235434,
300833b2ddd9014000030001,1,1,1540,-50,1654781666238160,1654781666238160,
300833b2ddd9014000030008,1,1,3628,-46,1654781666239246,1654781666239246,
300833b2ddd9014000030009,1,1,2744,-43,1654781666241010,1654781666241010,
300833b2ddd9014000030002,1,1,812,-50,1654781666243545,1654781666243545,
300833b2ddd9014000030009,1,1,2748,-44,1654781666273721,1654781666273721,
300833b2ddd9014000030008,1,1,3636,-46,1654781666274790,1654781666274790,
300833b2ddd9014000030001,1,1,1528,-50,1654781666276558,1654781666276558,
300833b2ddd9014000030002,1,1,852,-50,1654781666277628,1654781666277628,
300833b2ddd9014000030002,1,1,840,-50,1654781666281817,1654781666281817,
300833b2ddd9014000030008,1,1,3636,-46,1654781666283143,1654781666283143,
300833b2ddd9014000030009,1,1,2736,-43,1654781666284681,1654781666284681,
300833b2ddd9014000030001,1,1,1540,-50,1654781666286021,1654781666286021,
300833b2ddd9014000030002,1,1,828,-50,1654781666318563,1654781666318563,
300833b2ddd9014000030008,1,1,3628,-46,1654781666319648,1654781666319648,
300833b2ddd9014000030009,1,1,2732,-43,1654781666320719,1654781666320719,
300833b2ddd9014000030001,1,1,1552,-50,1654781666322133,1654781666322133,
300833b2ddd9014000030008,1,1,3624,-46,1654781666326230,1654781666326230,
300833b2ddd9014000030009,1,1,2740,-43,1654781666327560,1654781666327560,
300833b2ddd9014000030001,1,1,1572,-50,1654781666329511,1654781666329511,
300833b2ddd9014000030002,1,1,840,-50,1654781666330667,1654781666330667,
300833b2ddd9014000030001,1,1,1536,-50,1654781666360466,1654781666360466,
300833b2ddd9014000030009,1,1,2748,-43,1654781666361538,1654781666361538,
300833b2ddd9014000030002,1,1,840,-50,1654781666363570,1654781666363570,
300833b2ddd9014000030008,1,1,3636,-46,1654781666364640,1654781666364640,
300833b2ddd9014000030002,1,1,840,-50,1654781666368949,1654781666368949,
300833b2ddd9014000030009,1,1,2748,-43,1654781666371114,1654781666371114,
300833b2ddd9014000030008,1,1,3636,-46,1654781666372819,1654781666372819,
300833b2ddd9014000030001,1,1,1548,-50,1654781666373904,1654781666373904,
300833b2ddd9014000030001,1,1,1556,-50,1654781666404113,1654781666404113,
300833b2ddd9014000030008,1,1,3652,-45,1654781666406021,1654781666406021,
300833b2ddd9014000030009,1,1,2740,-43,1654781666407064,1654781666407064,
300833b2ddd9014000030002,1,1,836,-50,1654781666408258,1654781666408258,
300833b2ddd9014000030001,1,1,1576,-50,1654781666412382,1654781666412382,
300833b2ddd9014000030009,1,1,2740,-43,1654781666413936,1654781666413936,
300833b2ddd9014000030008,1,1,3632,-45,1654781666415726,1654781666415726,
300833b2ddd9014000030002,1,1,804,-50,1654781666417859,1654781666417859,
300833b2ddd9014000030001,1,1,1592,-50,1654781666448329,1654781666448329,
300833b2ddd9014000030008,1,1,3644,-46,1654781666450037,1654781666450037,
300833b2ddd9014000030009,1,1,2752,-43,1654781666451137,1654781666451137,
300833b2ddd9014000030002,1,1,852,-50,1654781666452233,1654781666452233,
300833b2ddd9014000030002,1,1,860,-50,1654781666455585,1654781666455585,
300833b2ddd9014000030008,1,1,3660,-46,1654781666456686,1654781666456686,
300833b2ddd9014000030009,1,1,2744,-43,1654781666457754,1654781666457754,
300833b2ddd9014000030001,1,1,1516,-50,1654781666459114,1654781666459114,
300833b2ddd9014000030008,1,1,3652,-46,1654781666490949,1654781666490949,
300833b2ddd9014000030002,1,1,868,-50,1654781666492957,1654781666492957,
300833b2ddd9014000030009,1,1,2732,-43,1654781666494283,1654781666494283,
300833b2ddd9014000030001,1,1,1552,-50,1654781666495953,1654781666495953,
300833b2ddd9014000030001,1,1,1556,-50,1654781666499277,1654781666499277,
300833b2ddd9014000030008,1,1,3628,-46,1654781666500362,1654781666500362,
300833b2ddd9014000030002,1,1,880,-50,1654781666501447,1654781666501447,
300833b2ddd9014000030009,1,1,2760,-43,1654781666502490,1654781666502490,
300833b2ddd9014000030002,1,1,864,-50,1654781666534228,1654781666534228,
300833b2ddd9014000030009,1,1,2748,-43,1654781666535326,1654781666535326,
300833b2ddd9014000030008,1,1,3640,-46,1654781666537628,1654781666537628,
300833b2ddd9014000030001,1,1,1568,-50,1654781666539937,1654781666539937,
300833b2ddd9014000030009,1,1,2784,-43,1654781666543428,1654781666543428,
300833b2ddd9014000030002,1,1,840,-50,1654781666545165,1654781666545165,
300833b2ddd9014000030008,1,1,3632,-46,1654781666546188,1654781666546188,
300833b2ddd9014000030001,1,1,1572,-50,1654781666547364,1654781666547364,
300833b2ddd9014000030008,1,1,3672,-46,1654781666577402,1654781666577402,
300833b2ddd9014000030002,1,1,844,-50,1654781666578444,1654781666578444,
300833b2ddd9014000030009,1,1,2752,-43,1654781666579557,1654781666579557,
300833b2ddd9014000030001,1,1,1540,-50,1654781666580631,1654781666580631,
300833b2ddd9014000030008,1,1,3648,-46,1654781666586285,1654781666586285,
300833b2ddd9014000030001,1,1,1568,-50,1654781666587344,1654781666587344,
300833b2ddd9014000030009,1,1,2752,-43,1654781666588656,1654781666588656,
300833b2ddd9014000030002,1,1,840,-50,1654781666590803,1654781666590803,
300833b2ddd9014000030008,1,1,3644,-46,1654781666621814,1654781666621814,
300833b2ddd9014000030002,1,1,856,-50,1654781666623311,1654781666623311,
300833b2ddd9014000030009,1,1,2744,-43,1654781666624680,1654781666624680,
300833b2ddd9014000030001,1,1,1536,-50,1654781666626406,1654781666626406,
300833b2ddd9014000030001,1,1,1556,-50,1654781666630500,1654781666630500,
300833b2ddd9014000030008,1,1,3644,-46,1654781666631567,1654781666631567,
300833b2ddd9014000030009,1,1,2752,-43,1654781666632684,1654781666632684,
300833b2ddd9014000030002,1,1,816,-51,1654781666633837,1654781666633837,
300833b2ddd9014000030009,1,1,2744,-43,1654781666664492,1654781666664492,
300833b2ddd9014000030008,1,1,3648,-46,1654781666665718,1654781666665718,
300833b2ddd9014000030001,1,1,1548,-50,1654781666666806,1654781666666806,
300833b2ddd9014000030002,1,1,856,-50,1654781666667800,1654781666667800,
300833b2ddd9014000030008,1,1,3648,-46,1654781666671610,1654781666671610,
300833b2ddd9014000030001,1,1,1528,-50,1654781666672938,1654781666672938,
300833b2ddd9014000030009,1,1,2752,-43,1654781666674249,1654781666674249,
300833b2ddd9014000030002,1,1,848,-50,1654781666676468,1654781666676468,
300833b2ddd9014000030001,1,1,1536,-50,1654781666707550,1654781666707550,
300833b2ddd9014000030008,1,1,3636,-46,1654781666708619,1654781666708619,
300833b2ddd9014000030009,1,1,2748,-43,1654781666709989,1654781666709989,
300833b2ddd9014000030009,1,1,2728,-43,1654781666714696,1654781666714696,
300833b2ddd9014000030001,1,1,1540,-50,1654781666716250,1654781666716250,
300833b2ddd9014000030008,1,1,3640,-46,1654781666718399,1654781666718399,
300833b2ddd9014000030002,1,1,840,-50,1654781666719993,1654781666719993,
300833b2ddd9014000030002,1,1,848,-50,1654781666751924,1654781666751924,
300833b2ddd9014000030001,1,1,1544,-50,1654781666753252,1654781666753252,
300833b2ddd9014000030008,1,1,3640,-46,1654781666754349,1654781666754349,
300833b2ddd9014000030009,1,1,2740,-43,1654781666756129,1654781666756129,
300833b2ddd9014000030008,1,1,3640,-46,1654781666760469,1654781666760469,
300833b2ddd9014000030009,1,1,2768,-43,1654781666762446,1654781666762446,
300833b2ddd9014000030002,1,1,828,-50,1654781666763546,1654781666763546,
300833b2ddd9014000030001,1,1,1544,-50,1654781666764593,1654781666764593,
300833b2ddd9014000030009,1,1,2744,-43,1654781666795333,1654781666795333,
300833b2ddd9014000030001,1,1,1556,-50,1654781666796406,1654781666796406,
300833b2ddd9014000030008,1,1,3640,-46,1654781666798410,1654781666798410,
300833b2ddd9014000030002,1,1,832,-50,1654781666800177,1654781666800177,
300833b2ddd9014000030009,1,1,2740,-43,1654781666805448,1654781666805448,
300833b2ddd9014000030002,1,1,844,-51,1654781666806545,1654781666806545,
300833b2ddd9014000030008,1,1,3652,-46,1654781666808213,1654781666808213,
300833b2ddd9014000030001,1,1,1548,-50,1654781666809444,1654781666809444,
300833b2ddd9014000030009,1,1,2752,-43,1654781666840022,1654781666840022,
300833b2ddd9014000030002,1,1,828,-51,1654781666841220,1654781666841220,
300833b2ddd9014000030008,1,1,3620,-46,1654781666842262,1654781666842262,
300833b2ddd9014000030001,1,1,1556,-50,1654781666843365,1654781666843365,
300833b2ddd9014000030001,1,1,1556,-50,1654781666846980,1654781666846980,
300833b2ddd9014000030008,1,1,3632,-46,1654781666848320,1654781666848320,
300833b2ddd9014000030002,1,1,840,-51,1654781666850099,1654781666850099,
300833b2ddd9014000030009,1,1,2736,-43,1654781666851215,1654781666851215,
300833b2ddd9014000030009,1,1,2732,-43,1654781666882893,1654781666882893,
300833b2ddd9014000030001,1,1,1552,-50,1654781666883994,1654781666883994,
300833b2ddd9014000030008,1,1,3632,-46,1654781666885844,1654781666885844,
300833b2ddd9014000030002,1,1,856,-51,1654781666890535,1654781666890535,
300833b2ddd9014000030001,1,1,1568,-50,1654781666892275,1654781666892275,
300833b2ddd9014000030008,1,1,3628,-46,1654781666893979,1654781666893979,
300833b2ddd9014000030009,1,1,2736,-43,1654781666895081,1654781666895081,
300833b2ddd9014000030009,1,1,2748,-43,1654781666925075,1654781666925075,
300833b2ddd9014000030001,1,1,1576,-50,1654781666926119,1654781666926119,
300833b2ddd9014000030002,1,1,892,-51,1654781666927218,1654781666927218,
300833b2ddd9014000030008,1,1,3620,-46,1654781666928329,1654781666928329,
300833b2ddd9014000030009,1,1,2744,-43,1654781666933367,1654781666933367,
300833b2ddd9014000030002,1,1,876,-50,1654781666934479,1654781666934479,
300833b2ddd9014000030008,1,1,3632,-46,1654781666936269,1654781666936269,
300833b2ddd9014000030001,1,1,1536,-50,1654781666937372,1654781666937372,
300833b2ddd9014000030009,1,1,2740,-43,1654781666969660,1654781666969660,
300833b2ddd9014000030008,1,1,3628,-46,1654781666970857,1654781666970857,
300833b2ddd9014000030001,1,1,1564,-50,1654781666972823,1654781666972823,
300833b2ddd9014000030002,1,1,876,-50,1654781666975826,1654781666975826,
300833b2ddd9014000030009,1,1,2752,-43,1654781666976912,1654781666976912,
300833b2ddd9014000030008,1,1,3640,-46,1654781666978703,1654781666978703,
300833b2ddd9014000030001,1,1,1572,-50,1654781666980402,1654781666980402,
300833b2ddd9014000030002,1,1,876,-51,1654781667011957,1654781667011957,
300833b2ddd9014000030008,1,1,3624,-46,1654781667013000,1654781667013000,
300833b2ddd9014000030009,1,1,2744,-43,1654781667014371,1654781667014371,
300833b2ddd9014000030001,1,1,1524,-50,1654781667015743,1654781667015743,
300833b2ddd9014000030002,1,1,852,-50,1654781667026522,1654781667026522,
300833b2ddd9014000030001,1,1,1548,-50,1654781667028105,1654781667028105,
300833b2ddd9014000030009,1,1,2740,-43,1654781667029207,1654781667029207,
300833b2ddd9014000030008,1,1,3636,-46,1654781667030588,1654781667030588,
300833b2ddd9014000030008,1,1,3628,-46,1654781667063132,1654781667063132,
300833b2ddd9014000030001,1,1,1560,-50,1654781667064477,1654781667064477,
300833b2ddd9014000030009,1,1,2744,-43,1654781667065562,1654781667065562,
300833b2ddd9014000030002,1,1,856,-50,1654781667066957,1654781667066957,
300833b2ddd9014000030002,1,1,860,-51,1654781667069726,1654781667069726,
300833b2ddd9014000030009,1,1,2744,-43,1654781667070828,1654781667070828,
300833b2ddd9014000030008,1,1,3640,-46,1654781667072887,1654781667072887,
300833b2ddd9014000030001,1,1,1556,-50,1654781667074289,1654781667074289,
300833b2ddd9014000030002,1,1,848,-51,1654781667105600,1654781667105600,
300833b2ddd9014000030001,1,1,1560,-50,1654781667106686,1654781667106686,
300833b2ddd9014000030008,1,1,3632,-46,1654781667108493,1654781667108493,
300833b2ddd9014000030009,1,1,2740,-43,1654781667109566,1654781667109566,
300833b2ddd9014000030008,1,1,3624,-46,1654781667114508,1654781667114508,
300833b2ddd9014000030009,1,1,2732,-43,1654781667115723,1654781667115723,
300833b2ddd9014000030001,1,1,1556,-50,1654781667116780,1654781667116780,
300833b2ddd9014000030002,1,1,804,-50,1654781667117880,1654781667117880,
300833b2ddd9014000030009,1,1,2756,-43,1654781667148815,1654781667148815,
300833b2ddd9014000030001,1,1,1548,-50,1654781667149932,1654781667149932,
300833b2ddd9014000030008,1,1,3640,-46,1654781667151752,1654781667151752,
300833b2ddd9014000030002,1,1,836,-50,1654781667152836,1654781667152836,
300833b2ddd9014000030002,1,1,856,-51,1654781667157076,1654781667157076,
300833b2ddd9014000030001,1,1,1576,-50,1654781667159053,1654781667159053,
300833b2ddd9014000030008,1,1,3644,-46,1654781667160137,1654781667160137,
300833b2ddd9014000030009,1,1,2732,-43,1654781667161208,1654781667161208,
300833b2ddd9014000030009,1,1,2748,-43,1654781667191909,1654781667191909,
300833b2ddd9014000030001,1,1,1552,-50,1654781667192995,1654781667192995,
300833b2ddd9014000030008,1,1,3636,-46,1654781667194518,1654781667194518,
300833b2ddd9014000030002,1,1,840,-50,1654781667195873,1654781667195873,
300833b2ddd9014000030001,1,1,1548,-50,1654781667200368,1654781667200368,
300833b2ddd9014000030009,1,1,2744,-43,1654781667201452,1654781667201452,
300833b2ddd9014000030008,1,1,3620,-46,1654781667202989,1654781667202989,
300833b2ddd9014000030002,1,1,836,-51,1654781667204130,1654781667204130,