epc,atenda,atendanum,phase,RSS,timestamp,timestamp2,
300833b2ddd9014000030009,1,1,2748,-46,1654781635456996,1654781635456996,
300833b2ddd9014000030002,1,1,360,-48,1654781635458322,1654781635458322,
300833b2ddd9014000030001,1,1,1036,-62,1654781635460148,1654781635460148,
300833b2ddd9014000030001,1,1,936,-62,1654781635464568,1654781635464568,
300833b2ddd9014000030009,1,1,2752,-47,1654781635465637,1654781635465637,
300833b2ddd9014000030002,1,1,352,-48,1654781635466706,1654781635466706,
300833b2ddd9014000030008,1,1,3392,-43,1654781635468506,1654781635468506,
300833b2ddd9014000030008,1,1,3376,-43,1654781635501452,1654781635501452,
300833b2ddd9014000030009,1,1,2744,-46,1654781635502636,1654781635502636,
300833b2ddd9014000030001,1,1,1024,-62,1654781635503682,1654781635503682,
300833b2ddd9014000030002,1,1,360,-47,1654781635504937,1654781635504937,
300833b2ddd9014000030009,1,1,2748,-46,1654781635508425,1654781635508425,
300833b2ddd9014000030008,1,1,3380,-43,1654781635511337,1654781635511337,
300833b2ddd9014000030001,1,1,1000,-63,1654781635512647,1654781635512647,
300833b2ddd9014000030002,1,1,364,-48,1654781635513970,1654781635513970,
300833b2ddd9014000030001,1,1,1056,-63,1654781635546616,1654781635546616,
300833b2ddd9014000030008,1,1,3376,-43,1654781635549498,1654781635549498,
300833b2ddd9014000030009,1,1,2744,-46,1654781635552068,1654781635552068,
300833b2ddd9014000030002,1,1,340,-48,1654781635553269,1654781635553269,
300833b2ddd9014000030002,1,1,352,-48,1654781635556024,1654781635556024,
300833b2ddd9014000030008,1,1,3384,-43,1654781635557093,1654781635557093,
300833b2ddd9014000030001,1,1,1116,-63,1654781635558650,1654781635558650,
300833b2ddd9014000030009,1,1,2772,-47,1654781635560244,1654781635560244,
300833b2ddd9014000030008,1,1,3376,-43,1654781635591962,1654781635591962,
300833b2ddd9014000030001,1,1,1096,-63,1654781635593379,1654781635593379,
300833b2ddd9014000030002,1,1,372,-48,1654781635594447,1654781635594447,
300833b2ddd9014000030009,1,1,2760,-46,1654781635595743,1654781635595743,
300833b2ddd9014000030008,1,1,3372,-43,1654781635599340,1654781635599340,
300833b2ddd9014000030002,1,1,348,-48,1654781635600394,1654781635600394,
300833b2ddd9014000030001,1,1,1108,-63,1654781635601483,1654781635601483,
300833b2ddd9014000030009,1,1,2756,-46,1654781635602552,1654781635602552,
300833b2ddd9014000030009,1,1,2756,-47,1654781635634753,1654781635634753,
300833b2ddd9014000030008,1,1,3380,-43,1654781635636077,1654781635636077,
300833b2ddd9014000030002,1,1,340,-48,1654781635637675,1654781635637675,
300833b2ddd9014000030001,1,1,1004,-63,1654781635639658,1654781635639658,
300833b2ddd9014000030002,1,1,348,-48,1654781635646329,1654781635646329,
300833b2ddd9014000030008,1,1,3376,-43,1654781635648104,1654781635648104,
300833b2ddd9014000030009,1,1,2736,-46,1654781635649160,1654781635649160,
300833b2ddd9014000030001,1,1,1084,-63,1654781635650813,1654781635650813,
300833b2ddd9014000030008,1,1,3380,-43,1654781635683793,1654781635683793,
300833b2ddd9014000030009,1,1,2736,-46,1654781635685101,1654781635685101,
300833b2ddd9014000030001,1,1,1072,-63,1654781635686487,1654781635686487,
300833b2ddd9014000030002,1,1,352,-48,1654781635688054,1654781635688054,
300833b2ddd9014000030001,1,1,1020,-63,1654781635692575,1654781635692575,
300833b2ddd9014000030008,1,1,3368,-43,1654781635694613,1654781635694613,
300833b2ddd9014000030009,1,1,2732,-47,1654781635696295,1654781635696295,
300833b2ddd9014000030002,1,1,348,-48,1654781635697349,1654781635697349,
300833b2ddd9014000030008,1,1,3376,-43,1654781635729588,1654781635729588,
300833b2ddd9014000030002,1,1,364,-48,1654781635731154,1654781635731154,
300833b2ddd9014000030001,1,1,1000,-63,1654781635732200,1654781635732200,
300833b2ddd9014000030009,1,1,2748,-46,1654781635733765,1654781635733765,
300833b2ddd9014000030009,1,1,2752,-46,1654781635738479,1654781635738479,
300833b2ddd9014000030001,1,1,1008,-63,1654781635739550,1654781635739550,
300833b2ddd9014000030008,1,1,3368,-43,1654781635740875,1654781635740875,
300833b2ddd9014000030002,1,1,344,-48,1654781635743649,1654781635743649,
300833b2ddd9014000030009,1,1,2752,-46,1654781635773728,1654781635773728,
300833b2ddd9014000030001,1,1,1112,-64,1654781635774788,1654781635774788,
300833b2ddd9014000030008,1,1,3372,-43,1654781635776580,1654781635776580,
300833b2ddd9014000030002,1,1,360,-48,1654781635778525,1654781635778525,
300833b2ddd9014000030008,1,1,3376,-43,1654781635786886,1654781635786886,
300833b2ddd9014000030009,1,1,2740,-46,1654781635788794,1654781635788794,
300833b2ddd9014000030002,1,1,340,-48,1654781635790061,1654781635790061,
300833b2ddd9014000030001,1,1,1008,-64,1654781635791520,1654781635791520,
300833b2ddd9014000030001,1,1,1092,-64,1654781635822013,1654781635822013,
300833b2ddd9014000030002,1,1,344,-48,1654781635823226,1654781635823226,
300833b2ddd9014000030008,1,1,3372,-43,1654781635824339,1654781635824339,
300833b2ddd9014000030009,1,1,2756,-46,1654781635825435,1654781635825435,
300833b2ddd9014000030002,1,1,364,-48,1654781635829007,1654781635829007,
300833b2ddd9014000030009,1,1,2744,-46,1654781635830308,1654781635830308,
300833b2ddd9014000030008,1,1,3356,-43,1654781635831887,1654781635831887,
300833b2ddd9014000030001,1,1,1072,-63,1654781635834123,1654781635834123,
300833b2ddd9014000030008,1,1,3384,-43,1654781635865858,1654781635865858,
300833b2ddd9014000030002,1,1,348,-48,1654781635867247,1654781635867247,
300833b2ddd9014000030009,1,1,2752,-47,1654781635868317,1654781635868317,
300833b2ddd9014000030001,1,1,1028,-62,1654781635869791,1654781635869791,
300833b2ddd9014000030002,1,1,356,-48,1654781635872500,1654781635872500,
300833b2ddd9014000030009,1,1,2748,-46,1654781635873560,1654781635873560,
300833b2ddd9014000030008,1,1,3368,-43,1654781635875877,1654781635875877,
300833b2ddd9014000030001,1,1,1012,-63,1654781635877561,1654781635877561,
300833b2ddd9014000030008,1,1,3388,-43,1654781635908106,1654781635908106,
300833b2ddd9014000030002,1,1,372,-48,1654781635909403,1654781635909403,
300833b2ddd9014000030009,1,1,2796,-46,1654781635911254,1654781635911254,
300833b2ddd9014000030001,1,1,1112,-63,1654781635912940,1654781635912940,
300833b2ddd9014000030001,1,1,1028,-64,1654781635919383,1654781635919383,
300833b2ddd9014000030002,1,1,368,-48,1654781635920978,1654781635920978,
300833b2ddd9014000030008,1,1,3368,-43,1654781635922302,1654781635922302,
300833b2ddd9014000030009,1,1,2768,-46,1654781635923583,1654781635923583,
300833b2ddd9014000030009,1,1,2784,-47,1654781635954825,1654781635954825,
300833b2ddd9014000030008,1,1,3368,-43,1654781635956136,1654781635956136,
300833b2ddd9014000030001,1,1,1124,-63,1654781635957238,1654781635957238,
300833b2ddd9014000030002,1,1,344,-48,1654781635958833,1654781635958833,
300833b2ddd9014000030001,1,1,636,-59,1654781635963339,1654781635963339,
300833b2ddd9014000030008,1,1,3376,-43,1654781635964686,1654781635964686,
300833b2ddd9014000030009,1,1,2800,-46,1654781635965786,1654781635965786,
300833b2ddd9014000030002,1,1,336,-48,1654781635967323,1654781635967323,
300833b2ddd9014000030002,1,1,340,-48,1654781635999651,1654781635999651,
300833b2ddd9014000030008,1,1,3376,-43,1654781636001089,1654781636001089,
300833b2ddd9014000030009,1,1,2756,-47,1654781636002386,1654781636002386,
300833b2ddd9014000030001,1,1,1056,-60,1654781636003661,1654781636003661,
300833b2ddd9014000030008,1,1,3388,-43,1654781636007075,1654781636007075,
300833b2ddd9014000030002,1,1,348,-48,1654781636008187,1654781636008187,
300833b2ddd9014000030009,1,1,2804,-46,1654781636010039,1654781636010039,
300833b2ddd9014000030001,1,1,884,-60,1654781636012108,1654781636012108,
300833b2ddd9014000030008,1,1,3392,-43,1654781636042829,1654781636042829,
300833b2ddd9014000030002,1,1,356,-48,1654781636044297,1654781636044297,
300833b2ddd9014000030009,1,1,2844,-46,1654781636045625,1654781636045625,
300833b2ddd9014000030001,1,1,336,-60,1654781636047098,1654781636047098,
300833b2ddd9014000030009,1,1,2780,-47,1654781636050085,1654781636050085,
300833b2ddd9014000030008,1,1,3384,-43,1654781636051211,1654781636051211,
300833b2ddd9014000030001,1,1,1192,-59,1654781636053253,1654781636053253,
300833b2ddd9014000030002,1,1,344,-48,1654781636054747,1654781636054747,
300833b2ddd9014000030001,1,1,1084,-60,1654781636086216,1654781636086216,
300833b2ddd9014000030002,1,1,364,-48,1654781636087312,1654781636087312,
300833b2ddd9014000030008,1,1,3380,-43,1654781636089118,1654781636089118,
300833b2ddd9014000030009,1,1,2752,-46,1654781636090302,1654781636090302,
300833b2ddd9014000030002,1,1,376,-47,1654781636094410,1654781636094410,
300833b2ddd9014000030008,1,1,3388,-43,1654781636095491,1654781636095491,
300833b2ddd9014000030001,1,1,1084,-59,1654781636096554,1654781636096554,
300833b2ddd9014000030009,1,1,2764,-47,1654781636097907,1654781636097907,
300833b2ddd9014000030008,1,1,3380,-43,1654781636129997,1654781636129997,
300833b2ddd9014000030001,1,1,1156,-60,1654781636132842,1654781636132842,
300833b2ddd9014000030002,1,1,320,-48,1654781636134015,1654781636134015,
300833b2ddd9014000030009,1,1,2788,-46,1654781636135113,1654781636135113,
300833b2ddd9014000030001,1,1,964,-59,1654781636139226,1654781636139226,
300833b2ddd9014000030002,1,1,356,-48,1654781636140960,1654781636140960,
300833b2ddd9014000030009,1,1,2776,-47,1654781636142070,1654781636142070,
300833b2ddd9014000030008,1,1,3376,-43,1654781636143399,1654781636143399,
300833b2ddd9014000030001,1,1,992,-63,1654781636173753,1654781636173753,
300833b2ddd9014000030009,1,1,2768,-46,1654781636175319,1654781636175319,
300833b2ddd9014000030008,1,1,3392,-43,1654781636176401,1654781636176401,
300833b2ddd9014000030002,1,1,360,-48,1654781636177513,1654781636177513,
300833b2ddd9014000030009,1,1,2792,-46,1654781636183340,1654781636183340,
300833b2ddd9014000030002,1,1,368,-48,1654781636184622,1654781636184622,
300833b2ddd9014000030008,1,1,3368,-43,1654781636185706,1654781636185706,
300833b2ddd9014000030001,1,1,1032,-63,1654781636187234,1654781636187234,
300833b2ddd9014000030002,1,1,344,-48,1654781636217289,1654781636217289,
300833b2ddd9014000030008,1,1,3372,-43,1654781636218357,1654781636218357,
300833b2ddd9014000030009,1,1,2768,-47,1654781636219980,1654781636219980,
300833b2ddd9014000030001,1,1,1036,-62,1654781636221281,1654781636221281,
300833b2ddd9014000030008,1,1,3364,-43,1654781636226122,1654781636226122,
300833b2ddd9014000030009,1,1,2764,-47,1654781636228425,1654781636228425,
300833b2ddd9014000030002,1,1,348,-48,1654781636229907,1654781636229907,
300833b2ddd9014000030001,1,1,908,-61,1654781636231155,1654781636231155,
300833b2ddd9014000030002,1,1,352,-48,1654781636261296,1654781636261296,
300833b2ddd9014000030008,1,1,3368,-43,1654781636262395,1654781636262395,
300833b2ddd9014000030009,1,1,2756,-47,1654781636264217,1654781636264217,
300833b2ddd9014000030001,1,1,1192,-62,1654781636265619,1654781636265619,
300833b2ddd9014000030009,1,1,2764,-47,1654781636269675,1654781636269675,
300833b2ddd9014000030008,1,1,3376,-43,1654781636271354,1654781636271354,
300833b2ddd9014000030001,1,1,1004,-62,1654781636272641,1654781636272641,
300833b2ddd9014000030002,1,1,336,-48,1654781636273708,1654781636273708,
300833b2ddd9014000030001,1,1,1028,-62,1654781636304056,1654781636304056,
300833b2ddd9014000030008,1,1,3368,-43,1654781636305381,1654781636305381,
300833b2ddd9014000030002,1,1,340,-48,1654781636306421,1654781636306421,
300833b2ddd9014000030009,1,1,2768,-47,1654781636308248,1654781636308248,
300833b2ddd9014000030002,1,1,364,-48,1654781636312649,1654781636312649,
300833b2ddd9014000030009,1,1,2752,-47,1654781636313987,1654781636313987,
300833b2ddd9014000030001,1,1,1056,-62,1654781636315345,1654781636315345,
300833b2ddd9014000030008,1,1,3376,-43,1654781636316398,1654781636316398,
300833b2ddd9014000030001,1,1,1132,-63,1654781636348896,1654781636348896,
300833b2ddd9014000030002,1,1,352,-48,1654781636349964,1654781636349964,
300833b2ddd9014000030009,1,1,2788,-46,1654781636351035,1654781636351035,
300833b2ddd9014000030002,1,1,360,-48,1654781636354810,1654781636354810,
300833b2ddd9014000030008,1,1,3396,-43,1654781636355893,1654781636355893,
300833b2ddd9014000030009,1,1,2768,-47,1654781636357007,1654781636357007,
300833b2ddd9014000030001,1,1,1108,-62,1654781636358578,1654781636358578,
300833b2ddd9014000030001,1,1,1064,-62,1654781636390374,1654781636390374,
300833b2ddd9014000030002,1,1,348,-48,1654781636391416,1654781636391416,
300833b2ddd9014000030008,1,1,3392,-43,1654781636392696,1654781636392696,
300833b2ddd9014000030009,1,1,2776,-47,1654781636394290,1654781636394290,
300833b2ddd9014000030001,1,1,1068,-63,1654781636398870,1654781636398870,
300833b2ddd9014000030008,1,1,3380,-43,1654781636400181,1654781636400181,
300833b2ddd9014000030009,1,1,2764,-47,1654781636401267,1654781636401267,
300833b2ddd9014000030002,1,1,356,-48,1654781636402365,1654781636402365,
300833b2ddd9014000030001,1,1,1072,-62,1654781636434185,1654781636434185,
300833b2ddd9014000030008,1,1,3388,-43,1654781636435198,1654781636435198,
300833b2ddd9014000030009,1,1,2788,-47,1654781636436252,1654781636436252,
300833b2ddd9014000030002,1,1,352,-48,1654781636437349,1654781636437349,
300833b2ddd9014000030008,1,1,3396,-43,1654781636443044,1654781636443044,
300833b2ddd9014000030001,1,1,1100,-62,1654781636444788,1654781636444788,
300833b2ddd9014000030009,1,1,2768,-47,1654781636446468,1654781636446468,
300833b2ddd9014000030002,1,1,352,-48,1654781636447553,1654781636447553,
300833b2ddd9014000030009,1,1,2788,-47,1654781636477681,1654781636477681,
300833b2ddd9014000030002,1,1,356,-48,1654781636478767,1654781636478767,
300833b2ddd9014000030008,1,1,3396,-43,1654781636479821,1654781636479821,
300833b2ddd9014000030001,1,1,1200,-63,1654781636480909,1654781636480909,
300833b2ddd9014000030002,1,1,364,-48,1654781636486163,1654781636486163,
300833b2ddd9014000030001,1,1,1060,-63,1654781636487266,1654781636487266,
300833b2ddd9014000030009,1,1,2768,-47,1654781636488575,1654781636488575,
300833b2ddd9014000030008,1,1,3384,-43,1654781636489957,1654781636489957,
300833b2ddd9014000030009,1,1,2764,-47,1654781636521632,1654781636521632,
300833b2ddd9014000030008,1,1,3388,-43,1654781636523115,1654781636523115,
300833b2ddd9014000030002,1,1,360,-48,1654781636524666,1654781636524666,
300833b2ddd9014000030001,1,1,1100,-64,1654781636526167,1654781636526167,
300833b2ddd9014000030008,1,1,3392,-43,1654781636529645,1654781636529645,
300833b2ddd9014000030002,1,1,356,-48,1654781636531128,1654781636531128,
300833b2ddd9014000030009,1,1,2780,-46,1654781636532212,1654781636532212,
300833b2ddd9014000030001,1,1,1076,-65,1654781636533358,1654781636533358,
300833b2ddd9014000030008,1,1,3388,-43,1654781636563750,1654781636563750,
300833b2ddd9014000030001,1,1,1104,-64,1654781636565348,1654781636565348,
300833b2ddd9014000030002,1,1,356,-48,1654781636566419,1654781636566419,
300833b2ddd9014000030009,1,1,2804,-46,1654781636567942,1654781636567942,
300833b2ddd9014000030001,1,1,1076,-63,1654781636572526,1654781636572526,
300833b2ddd9014000030009,1,1,2776,-46,1654781636573611,1654781636573611,
300833b2ddd9014000030008,1,1,3392,-43,1654781636575430,1654781636575430,
300833b2ddd9014000030002,1,1,376,-48,1654781636577137,1654781636577137,
300833b2ddd9014000030009,1,1,2784,-46,1654781636608199,1654781636608199,
300833b2ddd9014000030001,1,1,1100,-64,1654781636609577,1654781636609577,
300833b2ddd9014000030002,1,1,356,-48,1654781636610687,1654781636610687,
300833b2ddd9014000030008,1,1,3396,-43,1654781636612006,1654781636612006,
300833b2ddd9014000030009,1,1,2764,-46,1654781636616578,1654781636616578,
300833b2ddd9014000030008,1,1,3388,-43,1654781636617860,1654781636617860,
300833b2ddd9014000030002,1,1,360,-48,1654781636619426,1654781636619426,
300833b2ddd9014000030001,1,1,1052,-64,1654781636620532,1654781636620532,
300833b2ddd9014000030008,1,1,3412,-43,1654781636652537,1654781636652537,
300833b2ddd9014000030002,1,1,352,-48,1654781636653736,1654781636653736,
300833b2ddd9014000030009,1,1,2772,-46,1654781636655046,1654781636655046,
300833b2ddd9014000030001,1,1,1124,-63,1654781636656716,1654781636656716,
300833b2ddd9014000030002,1,1,368,-48,1654781636661039,1654781636661039,
300833b2ddd9014000030008,1,1,3400,-43,1654781636662165,1654781636662165,
300833b2ddd9014000030009,1,1,2772,-46,1654781636663395,1654781636663395,
300833b2ddd9014000030001,1,1,1184,-63,1654781636664867,1654781636664867,
300833b2ddd9014000030008,1,1,3404,-43,1654781636694883,1654781636694883,
300833b2ddd9014000030009,1,1,2788,-47,1654781636695966,1654781636695966,
300833b2ddd9014000030001,1,1,1120,-63,1654781636698103,1654781636698103,
300833b2ddd9014000030002,1,1,368,-48,1654781636699329,1654781636699329,
300833b2ddd9014000030002,1,1,376,-48,1654781636703922,1654781636703922,
300833b2ddd9014000030009,1,1,2804,-46,1654781636705790,1654781636705790,
300833b2ddd9014000030008,1,1,3400,-43,1654781636706860,1654781636706860,
300833b2ddd9014000030001,1,1,1144,-63,1654781636708347,1654781636708347,
300833b2ddd9014000030002,1,1,348,-48,1654781636738130,1654781636738130,
300833b2ddd9014000030008,1,1,3392,-43,1654781636740303,1654781636740303,
300833b2ddd9014000030009,1,1,2776,-46,1654781636741388,1654781636741388,
300833b2ddd9014000030001,1,1,1116,-63,1654781636742434,1654781636742434,
300833b2ddd9014000030009,1,1,2776,-46,1654781636746248,1654781636746248,
300833b2ddd9014000030001,1,1,1128,-63,1654781636747708,1654781636747708,
300833b2ddd9014000030002,1,1,368,-48,1654781636749031,1654781636749031,
300833b2ddd9014000030008,1,1,3380,-43,1654781636750115,1654781636750115,
300833b2ddd9014000030008,1,1,3384,-43,1654781636780493,1654781636780493,
300833b2ddd9014000030002,1,1,356,-48,1654781636781846,1654781636781846,
300833b2ddd9014000030009,1,1,2768,-46,1654781636783413,1654781636783413,
300833b2ddd9014000030001,1,1,1148,-63,1654781636785368,1654781636785368,
300833b2ddd9014000030008,1,1,3380,-43,1654781636789975,1654781636789975,
300833b2ddd9014000030009,1,1,2816,-46,1654781636791173,1654781636791173,
300833b2ddd9014000030002,1,1,352,-48,1654781636792499,1654781636792499,
300833b2ddd9014000030001,1,1,1140,-64,1654781636793944,1654781636793944,
300833b2ddd9014000030001,1,1,1140,-63,1654781636824793,1654781636824793,
300833b2ddd9014000030002,1,1,340,-48,1654781636826259,1654781636826259,
300833b2ddd9014000030009,1,1,2788,-46,1654781636827585,1654781636827585,
300833b2ddd9014000030001,1,1,1108,-64,1654781636830925,1654781636830925,
300833b2ddd9014000030002,1,1,356,-48,1654781636833111,1654781636833111,
300833b2ddd9014000030008,1,1,3384,-43,1654781636834674,1654781636834674,
300833b2ddd9014000030009,1,1,2772,-46,1654781636837094,1654781636837094,
300833b2ddd9014000030002,1,1,336,-48,1654781636868846,1654781636868846,
300833b2ddd9014000030008,1,1,3364,-43,1654781636870126,1654781636870126,
300833b2ddd9014000030009,1,1,2756,-46,1654781636871679,1654781636871679,
300833b2ddd9014000030001,1,1,1008,-63,1654781636872740,1654781636872740,
300833b2ddd9014000030008,1,1,3376,-43,1654781636877548,1654781636877548,
300833b2ddd9014000030009,1,1,2768,-46,1654781636879930,1654781636879930,
300833b2ddd9014000030002,1,1,336,-48,1654781636880999,1654781636880999,
300833b2ddd9014000030001,1,1,1036,-63,1654781636882217,1654781636882217,
300833b2ddd9014000030009,1,1,2740,-46,1654781636911909,1654781636911909,
300833b2ddd9014000030002,1,1,316,-48,1654781636913007,1654781636913007,
300833b2ddd9014000030001,1,1,968,-64,1654781636914096,1654781636914096,
300833b2ddd9014000030008,1,1,3356,-43,1654781636915177,1654781636915177,
300833b2ddd9014000030008,1,1,3356,-43,1654781636920911,1654781636920911,
300833b2ddd9014000030001,1,1,1104,-63,1654781636922383,1654781636922383,
300833b2ddd9014000030002,1,1,324,-48,1654781636923494,1654781636923494,
300833b2ddd9014000030009,1,1,2740,-46,1654781636924563,1654781636924563,
300833b2ddd9014000030001,1,1,968,-64,1654781636955757,1654781636955757,
300833b2ddd9014000030009,1,1,2744,-46,1654781636959095,1654781636959095,
300833b2ddd9014000030008,1,1,3348,-43,1654781636963129,1654781636963129,
300833b2ddd9014000030009,1,1,2736,-46,1654781636965064,1654781636965064,
300833b2ddd9014000030001,1,1,880,-65,1654781636966170,1654781636966170,
300833b2ddd9014000030008,1,1,3312,-43,1654781636998043,1654781636998043,
300833b2ddd9014000030009,1,1,2704,-46,1654781636999725,1654781636999725,
300833b2ddd9014000030002,1,1,272,-48,1654781637000794,1654781637000794,
300833b2ddd9014000030008,1,1,3332,-43,1654781637003727,1654781637003727,
300833b2ddd9014000030009,1,1,2728,-46,1654781637005053,1654781637005053,
300833b2ddd9014000030002,1,1,304,-48,1654781637006406,1654781637006406,
300833b2ddd9014000030001,1,1,848,-64,1654781637007820,1654781637007820,
300833b2ddd9014000030001,1,1,724,-64,1654781637039346,1654781637039346,
300833b2ddd9014000030009,1,1,2708,-46,1654781637040659,1654781637040659,
300833b2ddd9014000030009,1,1,2700,-46,1654781637047542,1654781637047542,
300833b2ddd9014000030008,1,1,3300,-43,1654781637049266,1654781637049266,
300833b2ddd9014000030002,1,1,244,-48,1654781637050592,1654781637050592,
300833b2ddd9014000030001,1,1,804,-64,1654781637052064,1654781637052064,
300833b2ddd9014000030001,1,1,648,-65,1654781637081782,1654781637081782,
300833b2ddd9014000030009,1,1,2672,-46,1654781637084199,1654781637084199,
300833b2ddd9014000030008,1,1,3284,-43,1654781637088280,1654781637088280,
300833b2ddd9014000030001,1,1,588,-65,1654781637089411,1654781637089411,
300833b2ddd9014000030009,1,1,2684,-46,1654781637090779,1654781637090779,
300833b2ddd9014000030002,1,1,204,-48,1654781637092444,1654781637092444,
300833b2ddd9014000030009,1,1,2712,-46,1654781637125213,1654781637125213,
300833b2ddd9014000030001,1,1,468,-65,1654781637126570,1654781637126570,
300833b2ddd9014000030008,1,1,3272,-43,1654781637132240,1654781637132240,
300833b2ddd9014000030009,1,1,2656,-46,1654781637133324,1654781637133324,
300833b2ddd9014000030002,1,1,160,-47,1654781637135016,1654781637135016,
300833b2ddd9014000030001,1,1,536,-64,1654781637136476,1654781637136476,
300833b2ddd9014000030009,1,1,2680,-46,1654781637166641,1654781637166641,
300833b2ddd9014000030002,1,1,136,-47,1654781637168322,1654781637168322,
300833b2ddd9014000030001,1,1,408,-65,1654781637170051,1654781637170051,
300833b2ddd9014000030008,1,1,3212,-43,1654781637173262,1654781637173262,
300833b2ddd9014000030002,1,1,120,-48,1654781637174290,1654781637174290,
300833b2ddd9014000030009,1,1,2656,-46,1654781637175346,1654781637175346,
300833b2ddd9014000030001,1,1,456,-65,1654781637176661,1654781637176661,
300833b2ddd9014000030002,1,1,80,-47,1654781637209253,1654781637209253,
300833b2ddd9014000030001,1,1,532,-66,1654781637210456,1654781637210456,
300833b2ddd9014000030009,1,1,2692,-46,1654781637212062,1654781637212062,
300833b2ddd9014000030009,1,1,2668,-45,1654781637215682,1654781637215682,
300833b2ddd9014000030002,1,1,88,-47,1654781637217348,1654781637217348,
300833b2ddd9014000030008,1,1,3200,-42,1654781637218446,1654781637218446,
300833b2ddd9014000030001,1,1,680,-66,1654781637220382,1654781637220382,
300833b2ddd9014000030009,1,1,2660,-45,1654781637252238,1654781637252238,
300833b2ddd9014000030001,1,1,1080,-68,1654781637254423,1654781637254423,
300833b2ddd9014000030008,1,1,3168,-43,1654781637255517,1654781637255517,
300833b2ddd9014000030002,1,1,68,-48,1654781637256929,1654781637256929,
300833b2ddd9014000030009,1,1,2676,-45,1654781637259999,1654781637259999,
300833b2ddd9014000030008,1,1,3164,-42,1654781637261936,1654781637261936,
300833b2ddd9014000030002,1,1,60,-47,1654781637263911,1654781637263911,
300833b2ddd9014000030001,1,1,1108,-67,1654781637265795,1654781637265795,
300833b2ddd9014000030008,1,1,3156,-42,1654781637296312,1654781637296312,
300833b2ddd9014000030009,1,1,2660,-45,1654781637297400,1654781637297400,
300833b2ddd9014000030002,1,1,40,-48,1654781637298456,1654781637298456,
300833b2ddd9014000030001,1,1,1548,-64,1654781637301246,1654781637301246,
300833b2ddd9014000030009,1,1,2636,-45,1654781637304484,1654781637304484,
300833b2ddd9014000030008,1,1,3164,-43,1654781637306401,1654781637306401,
300833b2ddd9014000030002,1,1,48,-48,1654781637307487,1654781637307487,
300833b2ddd9014000030001,1,1,1544,-63,1654781637308564,1654781637308564,
300833b2ddd9014000030009,1,1,2624,-45,1654781637339393,1654781637339393,
300833b2ddd9014000030008,1,1,3144,-43,1654781637341072,1654781637341072,
300833b2ddd9014000030002,1,1,40,-48,1654781637342155,1654781637342155,
300833b2ddd9014000030001,1,1,1684,-59,1654781637343215,1654781637343215,
300833b2ddd9014000030002,1,1,36,-48,1654781637346570,1654781637346570,
300833b2ddd9014000030008,1,1,3148,-43,1654781637347664,1654781637347664,
300833b2ddd9014000030009,1,1,2612,-45,1654781637348720,1654781637348720,
300833b2ddd9014000030001,1,1,1776,-58,1654781637357322,1654781637357322,
300833b2ddd9014000030002,1,1,56,-48,1654781637389176,1654781637389176,
300833b2ddd9014000030009,1,1,2568,-45,1654781637390261,1654781637390261,
300833b2ddd9014000030008,1,1,3148,-43,1654781637391326,1654781637391326,
300833b2ddd9014000030001,1,1,1828,-55,1654781637393540,1654781637393540,
300833b2ddd9014000030001,1,1,1840,-55,1654781637397597,1654781637397597,
300833b2ddd9014000030009,1,1,2556,-45,1654781637399320,1654781637399320,
300833b2ddd9014000030002,1,1,56,-48,1654781637400418,1654781637400418,
300833b2ddd9014000030008,1,1,3152,-43,1654781637401514,1654781637401514,
300833b2ddd9014000030002,1,1,76,-49,1654781637438042,1654781637438042,
300833b2ddd9014000030008,1,1,3164,-44,1654781637439125,1654781637439125,
300833b2ddd9014000030009,1,1,2512,-44,1654781637440663,1654781637440663,
300833b2ddd9014000030001,1,1,1844,-52,1654781637443773,1654781637443773,
300833b2ddd9014000030001,1,1,1848,-52,1654781637447029,1654781637447029,
300833b2ddd9014000030002,1,1,80,-49,1654781637448184,1654781637448184,
300833b2ddd9014000030009,1,1,2512,-44,1654781637449721,1654781637449721,
300833b2ddd9014000030008,1,1,3156,-44,1654781637450805,1654781637450805,
300833b2ddd9014000030009,1,1,2488,-44,1654781637482886,1654781637482886,
300833b2ddd9014000030001,1,1,1800,-51,1654781637484837,1654781637484837,
300833b2ddd9014000030008,1,1,3144,-44,1654781637485904,1654781637485904,
300833b2ddd9014000030002,1,1,128,-49,1654781637486975,1654781637486975,
300833b2ddd9014000030001,1,1,1812,-51,1654781637490816,1654781637490816,
300833b2ddd9014000030002,1,1,116,-50,1654781637491901,1654781637491901,
300833b2ddd9014000030008,1,1,3148,-44,1654781637492911,1654781637492911,
300833b2ddd9014000030009,1,1,2488,-44,1654781637494539,1654781637494539,
300833b2ddd9014000030002,1,1,160,-50,1654781637525857,1654781637525857,
300833b2ddd9014000030009,1,1,2480,-44,1654781637527767,1654781637527767,
300833b2ddd9014000030008,1,1,3156,-45,1654781637529730,1654781637529730,
300833b2ddd9014000030001,1,1,1796,-49,1654781637530832,1654781637530832,
300833b2ddd9014000030009,1,1,2504,-44,1654781637533818,1654781637533818,
300833b2ddd9014000030002,1,1,184,-51,1654781637534901,1654781637534901,
300833b2ddd9014000030001,1,1,1768,-49,1654781637536243,1654781637536243,
300833b2ddd9014000030008,1,1,3156,-45,1654781637537299,1654781637537299,
300833b2ddd9014000030009,1,1,2528,-44,1654781637569244,1654781637569244,
300833b2ddd9014000030008,1,1,3200,-45,1654781637571176,1654781637571176,
300833b2ddd9014000030002,1,1,280,-51,1654781637572302,1654781637572302,
300833b2ddd9014000030001,1,1,1732,-48,1654781637573789,1654781637573789,
300833b2ddd9014000030009,1,1,2532,-44,1654781637576781,1654781637576781,
300833b2ddd9014000030002,1,1,284,-51,1654781637578345,1654781637578345,
300833b2ddd9014000030008,1,1,3212,-45,1654781637579712,1654781637579712,
300833b2ddd9014000030001,1,1,1704,-48,1654781637581083,1654781637581083,
300833b2ddd9014000030008,1,1,3260,-45,1654781637612398,1654781637612398,
300833b2ddd9014000030001,1,1,1648,-48,1654781637614611,1654781637614611,
300833b2ddd9014000030009,1,1,2552,-44,1654781637615978,1654781637615978,
300833b2ddd9014000030002,1,1,420,-53,1654781637617431,1654781637617431,
300833b2ddd9014000030002,1,1,424,-53,1654781637620877,1654781637620877,
300833b2ddd9014000030001,1,1,1672,-48,1654781637622122,1654781637622122,
300833b2ddd9014000030008,1,1,3276,-46,1654781637623403,1654781637623403,
300833b2ddd9014000030009,1,1,2540,-44,1654781637624502,1654781637624502,
300833b2ddd9014000030009,1,1,2584,-44,1654781637655013,1654781637655013,
300833b2ddd9014000030001,1,1,1628,-48,1654781637656429,1654781637656429,
300833b2ddd9014000030008,1,1,3356,-46,1654781637657709,1654781637657709,
300833b2ddd9014000030002,1,1,568,-54,1654781637660212,1654781637660212,
300833b2ddd9014000030008,1,1,3360,-46,1654781637663356,1654781637663356,
300833b2ddd9014000030009,1,1,2584,-44,1654781637664960,1654781637664960,
300833b2ddd9014000030002,1,1,592,-54,1654781637666027,1654781637666027,
300833b2ddd9014000030001,1,1,1580,-48,1654781637667087,1654781637667087,
300833b2ddd9014000030009,1,1,2616,-44,1654781637699149,1654781637699149,
300833b2ddd9014000030008,1,1,3424,-46,1654781637700231,1654781637700231,
300833b2ddd9014000030002,1,1,728,-54,1654781637701740,1654781637701740,
300833b2ddd9014000030001,1,1,1548,-48,1654781637703111,1654781637703111,
300833b2ddd9014000030008,1,1,3444,-46,1654781637707520,1654781637707520,
300833b2ddd9014000030009,1,1,2620,-44,1654781637709429,1654781637709429,
300833b2ddd9014000030002,1,1,768,-54,1654781637710498,1654781637710498,
300833b2ddd9014000030001,1,1,1540,-48,1654781637711599,1654781637711599,
300833b2ddd9014000030001,1,1,1516,-49,1654781637741810,1654781637741810,
300833b2ddd9014000030002,1,1,796,-53,1654781637743361,1654781637743361,
300833b2ddd9014000030009,1,1,2640,-44,1654781637744447,1654781637744447,
300833b2ddd9014000030008,1,1,3492,-46,1654781637745799,1654781637745799,
300833b2ddd9014000030002,1,1,836,-53,1654781637750576,1654781637750576,
300833b2ddd9014000030009,1,1,2656,-44,1654781637751888,1654781637751888,
300833b2ddd9014000030001,1,1,1504,-49,1654781637754361,1654781637754361,
300833b2ddd9014000030008,1,1,3500,-46,1654781637755459,1654781637755459,
300833b2ddd9014000030002,1,1,836,-51,1654781637985019,1654781637985019,
300833b2ddd9014000030001,1,1,1524,-50,1654781637986703,1654781637986703,
300833b2ddd9014000030009,1,1,2728,-44,1654781637987816,1654781637987816,
300833b2ddd9014000030008,1,1,3588,-46,1654781637989298,1654781637989298,
300833b2ddd9014000030008,1,1,3580,-46,1654781637992058,1654781637992058,
300833b2ddd9014000030009,1,1,2744,-44,1654781637993143,1654781637993143,
300833b2ddd9014000030001,1,1,1520,-50,1654781637994956,1654781637994956,
300833b2ddd9014000030002,1,1,820,-51,1654781637996039,1654781637996039,
300833b2ddd9014000030001,1,1,1508,-50,1654781638027753,1654781638027753,
300833b2ddd9014000030009,1,1,2724,-43,1654781638029434,1654781638029434,
300833b2ddd9014000030008,1,1,3576,-46,1654781638030485,1654781638030485,
300833b2ddd9014000030002,1,1,792,-50,1654781638032183,1654781638032183,
300833b2ddd9014000030001,1,1,1492,-50,1654781638035402,1654781638035402,
300833b2ddd9014000030009,1,1,2716,-43,1654781638037154,1654781638037154,
300833b2ddd9014000030008,1,1,3584,-46,1654781638038735,1654781638038735,
300833b2ddd9014000030002,1,1,796,-51,1654781638040190,1654781638040190,
300833b2ddd9014000030009,1,1,2712,-43,1654781638069849,1654781638069849,
300833b2ddd9014000030001,1,1,1532,-50,1654781638070937,1654781638070937,
300833b2ddd9014000030008,1,1,3572,-46,1654781638073027,1654781638073027,
300833b2ddd9014000030002,1,1,780,-50,1654781638074056,1654781638074056,
300833b2ddd9014000030002,1,1,804,-51,1654781638078503,1654781638078503,
300833b2ddd9014000030009,1,1,2712,-43,1654781638080229,1654781638080229,
300833b2ddd9014000030008,1,1,3568,-46,1654781638081581,1654781638081581,
300833b2ddd9014000030001,1,1,1524,-50,1654781638083280,1654781638083280,
300833b2ddd9014000030001,1,1,1528,-50,1654781638113554,1654781638113554,
300833b2ddd9014000030002,1,1,780,-50,1654781638114653,1654781638114653,
300833b2ddd9014000030009,1,1,2712,-43,1654781638116007,1654781638116007,
300833b2ddd9014000030008,1,1,3564,-45,1654781638117967,1654781638117967,
300833b2ddd9014000030009,1,1,2712,-43,1654781638122336,1654781638122336,
300833b2ddd9014000030002,1,1,784,-50,1654781638123405,1654781638123405,
300833b2ddd9014000030008,1,1,3580,-45,1654781638125028,1654781638125028,
300833b2ddd9014000030001,1,1,1512,-50,1654781638126967,1654781638126967,
300833b2ddd9014000030008,1,1,3576,-45,1654781638158036,1654781638158036,
300833b2ddd9014000030009,1,1,2712,-43,1654781638160002,1654781638160002,
300833b2ddd9014000030008,1,1,3580,-46,1654781638164348,1654781638164348,
300833b2ddd9014000030009,1,1,2716,-43,1654781638165774,1654781638165774,
300833b2ddd9014000030008,1,1,3588,-45,1654781638197365,1654781638197365,
300833b2ddd9014000030001,1,1,1520,-50,1654781638198809,1654781638198809,
300833b2ddd9014000030009,1,1,2724,-43,1654781638199907,1654781638199907,
300833b2ddd9014000030001,1,1,1492,-50,1654781638204524,1654781638204524,
300833b2ddd9014000030008,1,1,3564,-46,1654781638205720,1654781638205720,
300833b2ddd9014000030009,1,1,2740,-43,1654781638206988,1654781638206988,
300833b2ddd9014000030002,1,1,784,-51,1654781638208441,1654781638208441,
300833b2ddd9014000030002,1,1,788,-50,1654781638239308,1654781638239308,
300833b2ddd9014000030009,1,1,2712,-43,1654781638241033,1654781638241033,
300833b2ddd9014000030008,1,1,3580,-46,1654781638242129,1654781638242129,
300833b2ddd9014000030001,1,1,1520,-50,1654781638243828,1654781638243828,
300833b2ddd9014000030008,1,1,3580,-46,1654781638246919,1654781638246919,
300833b2ddd9014000030001,1,1,1484,-50,1654781638248504,1654781638248504,
300833b2ddd9014000030002,1,1,784,-50,1654781638249814,1654781638249814,
300833b2ddd9014000030009,1,1,2708,-43,1654781638251138,1654781638251138,
300833b2ddd9014000030009,1,1,2712,-43,1654781638282852,1654781638282852,
300833b2ddd9014000030008,1,1,3588,-46,1654781638284459,1654781638284459,
300833b2ddd9014000030002,1,1,764,-50,1654781638286011,1654781638286011,
300833b2ddd9014000030001,1,1,1520,-50,1654781638287097,1654781638287097,
300833b2ddd9014000030008,1,1,3572,-46,1654781638291957,1654781638291957,
300833b2ddd9014000030009,1,1,2712,-43,1654781638292999,1654781638292999,
300833b2ddd9014000030001,1,1,1524,-50,1654781638294115,1654781638294115,
300833b2ddd9014000030002,1,1,796,-50,1654781638295453,1654781638295453,
300833b2ddd9014000030009,1,1,2728,-43,1654781638327657,1654781638327657,
300833b2ddd9014000030001,1,1,1488,-50,1654781638329316,1654781638329316,
300833b2ddd9014000030008,1,1,3564,-46,1654781638330396,1654781638330396,
300833b2ddd9014000030002,1,1,820,-50,1654781638334565,1654781638334565,
300833b2ddd9014000030009,1,1,2740,-43,1654781638337373,1654781638337373,
300833b2ddd9014000030001,1,1,1516,-50,1654781638338858,1654781638338858,
300833b2ddd9014000030008,1,1,3564,-46,1654781638340167,1654781638340167,
300833b2ddd9014000030002,1,1,816,-50,1654781638371433,1654781638371433,
300833b2ddd9014000030001,1,1,1512,-50,1654781638373116,1654781638373116,
300833b2ddd9014000030009,1,1,2736,-43,1654781638374499,1654781638374499,
300833b2ddd9014000030009,1,1,2720,-43,1654781638377787,1654781638377787,
300833b2ddd9014000030001,1,1,1512,-50,1654781638378932,1654781638378932,
300833b2ddd9014000030002,1,1,820,-50,1654781638380541,1654781638380541,
300833b2ddd9014000030008,1,1,3568,-46,1654781638381610,1654781638381610,
300833b2ddd9014000030008,1,1,3580,-45,1654781638798157,1654781638798157,
300833b2ddd9014000030001,1,1,1520,-50,1654781638799938,1654781638799938,
300833b2ddd9014000030009,1,1,2732,-43,1654781638800992,1654781638800992,
300833b2ddd9014000030002,1,1,800,-50,1654781638802118,1654781638802118,
300833b2ddd9014000030002,1,1,804,-51,1654781638805491,1654781638805491,
300833b2ddd9014000030008,1,1,3612,-46,1654781638806545,1654781638806545,
300833b2ddd9014000030001,1,1,1516,-50,1654781638808314,1654781638808314,
300833b2ddd9014000030009,1,1,2724,-43,1654781638809408,1654781638809408,
300833b2ddd9014000030008,1,1,3600,-46,1654781638840855,1654781638840855,
300833b2ddd9014000030009,1,1,2720,-43,1654781638841911,1654781638841911,
300833b2ddd9014000030001,1,1,1540,-50,1654781638842999,1654781638842999,
300833b2ddd9014000030002,1,1,820,-50,1654781638845670,1654781638845670,
300833b2ddd9014000030009,1,1,2724,-43,1654781638850253,1654781638850253,
300833b2ddd9014000030008,1,1,3604,-46,1654781638851449,1654781638851449,
300833b2ddd9014000030001,1,1,1552,-50,1654781638852550,1654781638852550,
300833b2ddd9014000030002,1,1,804,-50,1654781638853861,1654781638853861,
300833b2ddd9014000030002,1,1,860,-51,1654781638884952,1654781638884952,
300833b2ddd9014000030009,1,1,2744,-43,1654781638886151,1654781638886151,
300833b2ddd9014000030001,1,1,1524,-50,1654781638888339,1654781638888339,
300833b2ddd9014000030008,1,1,3592,-46,1654781638890500,1654781638890500,
300833b2ddd9014000030009,1,1,2716,-43,1654781638894890,1654781638894890,
300833b2ddd9014000030008,1,1,3608,-46,1654781638896116,1654781638896116,
300833b2ddd9014000030001,1,1,1516,-50,1654781638897191,1654781638897191,
300833b2ddd9014000030002,1,1,844,-51,1654781638899097,1654781638899097,
300833b2ddd9014000030001,1,1,1528,-50,1654781638928894,1654781638928894,
300833b2ddd9014000030002,1,1,808,-51,1654781638930234,1654781638930234,
300833b2ddd9014000030009,1,1,2720,-43,1654781638933606,1654781638933606,
300833b2ddd9014000030008,1,1,3612,-46,1654781638934660,1654781638934660,
300833b2ddd9014000030001,1,1,1528,-50,1654781638937660,1654781638937660,
300833b2ddd9014000030002,1,1,868,-51,1654781638938772,1654781638938772,
300833b2ddd9014000030008,1,1,3616,-46,1654781638940067,1654781638940067,
300833b2ddd9014000030009,1,1,2740,-43,1654781638941619,1654781638941619,
300833b2ddd9014000030001,1,1,1536,-50,1654781638972790,1654781638972790,
300833b2ddd9014000030008,1,1,3600,-46,1654781638973884,1654781638973884,
300833b2ddd9014000030002,1,1,840,-51,1654781638975241,1654781638975241,
300833b2ddd9014000030009,1,1,2732,-43,1654781638977062,1654781638977062,
300833b2ddd9014000030009,1,1,2716,-43,1654781638981549,1654781638981549,
300833b2ddd9014000030001,1,1,1496,-50,1654781638982878,1654781638982878,
300833b2ddd9014000030002,1,1,872,-51,1654781638983947,1654781638983947,
300833b2ddd9014000030008,1,1,3608,-46,1654781638985881,1654781638985881,
300833b2ddd9014000030008,1,1,3588,-45,1654781639017151,1654781639017151,
300833b2ddd9014000030001,1,1,1496,-50,1654781639018225,1654781639018225,
300833b2ddd9014000030009,1,1,2728,-43,1654781639019307,1654781639019307,
300833b2ddd9014000030002,1,1,832,-51,1654781639020690,1654781639020690,
300833b2ddd9014000030009,1,1,2720,-43,1654781639025492,1654781639025492,
300833b2ddd9014000030008,1,1,3592,-46,1654781639026787,1654781639026787,
300833b2ddd9014000030001,1,1,1516,-50,1654781639028826,1654781639028826,
300833b2ddd9014000030002,1,1,860,-50,1654781639030314,1654781639030314,
300833b2ddd9014000030001,1,1,1512,-50,1654781639061194,1654781639061194,
300833b2ddd9014000030008,1,1,3620,-46,1654781639063134,1654781639063134,
300833b2ddd9014000030009,1,1,2752,-43,1654781639064448,1654781639064448,
300833b2ddd9014000030002,1,1,840,-51,1654781639065532,1654781639065532,
300833b2ddd9014000030008,1,1,3624,-46,1654781639068882,1654781639068882,
300833b2ddd9014000030002,1,1,840,-51,1654781639069937,1654781639069937,
300833b2ddd9014000030009,1,1,2720,-43,1654781639071021,1654781639071021,
300833b2ddd9014000030001,1,1,1512,-50,1654781639073699,1654781639073699,
300833b2ddd9014000030001,1,1,1532,-50,1654781639104499,1654781639104499,
300833b2ddd9014000030008,1,1,3628,-46,1654781639105596,1654781639105596,
300833b2ddd9014000030002,1,1,892,-51,1654781639106694,1654781639106694,
300833b2ddd9014000030009,1,1,2740,-43,1654781639108233,1654781639108233,
300833b2ddd9014000030009,1,1,2732,-43,1654781639114029,1654781639114029,
300833b2ddd9014000030001,1,1,1544,-50,1654781639116020,1654781639116020,
300833b2ddd9014000030008,1,1,3620,-46,1654781639117133,1654781639117133,
300833b2ddd9014000030002,1,1,852,-51,1654781639118375,1654781639118375,
300833b2ddd9014000030008,1,1,3608,-45,1654781639148408,1654781639148408,
300833b2ddd9014000030001,1,1,1536,-50,1654781639149482,1654781639149482,
300833b2ddd9014000030009,1,1,2740,-43,1654781639151260,1654781639151260,
300833b2ddd9014000030002,1,1,876,-51,1654781639152713,1654781639152713,
300833b2ddd9014000030008,1,1,3612,-45,1654781639157053,1654781639157053,
300833b2ddd9014000030001,1,1,1528,-50,1654781639158184,1654781639158184,
300833b2ddd9014000030002,1,1,848,-51,1654781639159551,1654781639159551,
300833b2ddd9014000030009,1,1,2728,-43,1654781639160920,1654781639160920,
300833b2ddd9014000030009,1,1,2732,-43,1654781639192306,1654781639192306,
300833b2ddd9014000030002,1,1,824,-50,1654781639193929,1654781639193929,
300833b2ddd9014000030008,1,1,3620,-46,1654781639196086,1654781639196086,
300833b2ddd9014000030001,1,1,1548,-51,1654781639197669,1654781639197669,
300833b2ddd9014000030001,1,1,1536,-50,1654781639201041,1654781639201041,
300833b2ddd9014000030008,1,1,3628,-46,1654781639202381,1654781639202381,
300833b2ddd9014000030009,1,1,2748,-43,1654781639203749,1654781639203749,
300833b2ddd9014000030002,1,1,824,-50,1654781639204818,1654781639204818,
300833b2ddd9014000030009,1,1,2748,-43,1654781639236906,1654781639236906,
300833b2ddd9014000030008,1,1,3620,-46,1654781639238229,1654781639238229,
300833b2ddd9014000030001,1,1,1520,-50,1654781639239559,1654781639239559,
300833b2ddd9014000030002,1,1,832,-50,1654781639240627,1654781639240627,
300833b2ddd9014000030001,1,1,1516,-50,1654781639245102,1654781639245102,
300833b2ddd9014000030008,1,1,3628,-46,1654781639246200,1654781639246200,
300833b2ddd9014000030002,1,1,848,-50,1654781639248202,1654781639248202,
300833b2ddd9014000030009,1,1,2732,-43,1654781639249288,1654781639249288,
300833b2ddd9014000030002,1,1,816,-50,1654781639287766,1654781639287766,
300833b2ddd9014000030001,1,1,1544,-50,1654781639289065,1654781639289065,
300833b2ddd9014000030008,1,1,3628,-46,1654781639290117,1654781639290117,
300833b2ddd9014000030009,1,1,2756,-43,1654781639293465,1654781639293465,
300833b2ddd9014000030008,1,1,3620,-46,1654781639294776,1654781639294776,
300833b2ddd9014000030001,1,1,1548,-50,1654781639296332,1654781639296332,
300833b2ddd9014000030002,1,1,840,-51,1654781639298881,1654781639298881,
300833b2ddd9014000030008,1,1,3628,-46,1654781639328852,1654781639328852,
300833b2ddd9014000030001,1,1,1520,-50,1654781639330469,1654781639330469,
300833b2ddd9014000030009,1,1,2760,-43,1654781639332273,1654781639332273,
300833b2ddd9014000030002,1,1,828,-50,1654781639334567,1654781639334567,
300833b2ddd9014000030008,1,1,3636,-46,1654781639337313,1654781639337313,
300833b2ddd9014000030002,1,1,844,-50,1654781639338653,1654781639338653,
300833b2ddd9014000030009,1,1,2752,-43,1654781639340018,1654781639340018,
300833b2ddd9014000030001,1,1,1528,-50,1654781639341137,1654781639341137,
300833b2ddd9014000030001,1,1,1540,-50,1654781639372937,1654781639372937,
300833b2ddd9014000030002,1,1,848,-50,1654781639374022,1654781639374022,
300833b2ddd9014000030008,1,1,3644,-46,1654781639375091,1654781639375091,
300833b2ddd9014000030009,1,1,2756,-43,1654781639376881,1654781639376881,
300833b2ddd9014000030009,1,1,2752,-43,1654781639381865,1654781639381865,
300833b2ddd9014000030001,1,1,1536,-50,1654781639383483,1654781639383483,
300833b2ddd9014000030002,1,1,840,-50,1654781639384608,1654781639384608,
300833b2ddd9014000030008,1,1,3632,-46,1654781639385691,1654781639385691,
300833b2ddd9014000030009,1,1,2756,-43,1654781639417078,1654781639417078,
300833b2ddd9014000030008,1,1,3620,-46,1654781639418397,1654781639418397,
300833b2ddd9014000030002,1,1,880,-51,1654781639419455,1654781639419455,
300833b2ddd9014000030001,1,1,1548,-51,1654781639420685,1654781639420685,
300833b2ddd9014000030002,1,1,888,-51,1654781639427944,1654781639427944,
300833b2ddd9014000030001,1,1,1508,-50,1654781639429649,1654781639429649,
300833b2ddd9014000030009,1,1,2736,-43,1654781639431357,1654781639431357,
300833b2ddd9014000030008,1,1,3612,-46,1654781639432613,1654781639432613,
300833b2ddd9014000030001,1,1,1516,-50,1654781639463567,1654781639463567,
300833b2ddd9014000030009,1,1,2752,-43,1654781639464822,1654781639464822,
300833b2ddd9014000030008,1,1,3620,-46,1654781639465905,1654781639465905,
300833b2ddd9014000030002,1,1,880,-51,1654781639467615,1654781639467615,
300833b2ddd9014000030002,1,1,916,-51,1654781639471082,1654781639471082,
300833b2ddd9014000030008,1,1,3620,-46,1654781639472550,1654781639472550,
300833b2ddd9014000030009,1,1,2740,-43,1654781639474058,1654781639474058,
300833b2ddd9014000030001,1,1,1528,-50,1654781639475261,1654781639475261,
300833b2ddd9014000030009,1,1,2732,-43,1654781639505503,1654781639505503,
300833b2ddd9014000030002,1,1,896,-51,1654781639507211,1654781639507211,
300833b2ddd9014000030001,1,1,1520,-50,1654781639509175,1654781639509175,
300833b2ddd9014000030008,1,1,3608,-46,1654781639510257,1654781639510257,
300833b2ddd9014000030008,1,1,3624,-46,1654781639513021,1654781639513021,
300833b2ddd9014000030009,1,1,2760,-43,1654781639514943,1654781639514943,
300833b2ddd9014000030001,1,1,1512,-50,1654781639518023,1654781639518023,
300833b2ddd9014000030002,1,1,896,-51,1654781639519119,1654781639519119,
300833b2ddd9014000030002,1,1,900,-51,1654781639548955,1654781639548955,
300833b2ddd9014000030001,1,1,1540,-50,1654781639550252,1654781639550252,
300833b2ddd9014000030009,1,1,2772,-43,1654781639552346,1654781639552346,
300833b2ddd9014000030002,1,1,900,-51,1654781639556509,1654781639556509,
300833b2ddd9014000030008,1,1,3628,-46,1654781639558459,1654781639558459,
300833b2ddd9014000030009,1,1,2736,-43,1654781639559518,1654781639559518,
300833b2ddd9014000030001,1,1,1536,-50,1654781639561325,1654781639561325,
300833b2ddd9014000030002,1,1,864,-51,1654781639593272,1654781639593272,
300833b2ddd9014000030008,1,1,3632,-46,1654781639594712,1654781639594712,
300833b2ddd9014000030009,1,1,2732,-43,1654781639595811,1654781639595811,
300833b2ddd9014000030001,1,1,1516,-50,1654781639596941,1654781639596941,
300833b2ddd9014000030001,1,1,1504,-50,1654781639600674,1654781639600674,
300833b2ddd9014000030008,1,1,3624,-46,1654781639601968,1654781639601968,
300833b2ddd9014000030009,1,1,2744,-43,1654781639604030,1654781639604030,
300833b2ddd9014000030002,1,1,900,-51,1654781639605199,1654781639605199,
300833b2ddd9014000030002,1,1,892,-51,1654781639636309,1654781639636309,
300833b2ddd9014000030009,1,1,2740,-43,1654781639638771,1654781639638771,
300833b2ddd9014000030008,1,1,3648,-46,1654781639639855,1654781639639855,
300833b2ddd9014000030001,1,1,1500,-50,1654781639641084,1654781639641084,
300833b2ddd9014000030002,1,1,912,-51,1654781639644512,1654781639644512,
300833b2ddd9014000030001,1,1,1488,-50,1654781639645570,1654781639645570,
300833b2ddd9014000030009,1,1,2720,-43,1654781639646653,1654781639646653,
300833b2ddd9014000030008,1,1,3632,-46,1654781639647974,1654781639647974,
300833b2ddd9014000030009,1,1,2736,-43,1654781639679611,1654781639679611,
300833b2ddd9014000030001,1,1,1500,-50,1654781639680714,1654781639680714,
300833b2ddd9014000030008,1,1,3636,-46,1654781639682293,1654781639682293,
300833b2ddd9014000030002,1,1,860,-51,1654781639683618,1654781639683618,
300833b2ddd9014000030009,1,1,2748,-43,1654781639688286,1654781639688286,
300833b2ddd9014000030008,1,1,3644,-46,1654781639689711,1654781639689711,
300833b2ddd9014000030001,1,1,1520,-50,1654781639690814,1654781639690814,
300833b2ddd9014000030002,1,1,852,-50,1654781639692721,1654781639692721,
300833b2ddd9014000030001,1,1,1464,-50,1654781639722328,1654781639722328,
300833b2ddd9014000030002,1,1,860,-51,1654781639723651,1654781639723651,
300833b2ddd9014000030008,1,1,3652,-46,1654781639724693,1654781639724693,
300833b2ddd9014000030009,1,1,2752,-43,1654781639726034,1654781639726034,
300833b2ddd9014000030009,1,1,2756,-43,1654781639731516,1654781639731516,
300833b2ddd9014000030008,1,1,3648,-46,1654781639732755,1654781639732755,
300833b2ddd9014000030002,1,1,824,-51,1654781639734098,1654781639734098,
300833b2ddd9014000030001,1,1,1516,-50,1654781639735156,1654781639735156,
300833b2ddd9014000030002,1,1,864,-50,1654781639771465,1654781639771465,
300833b2ddd9014000030008,1,1,3644,-46,1654781639772589,1654781639772589,
300833b2ddd9014000030001,1,1,1472,-51,1654781639773696,1654781639773696,
300833b2ddd9014000030009,1,1,2772,-43,1654781639774763,1654781639774763,
300833b2ddd9014000030009,1,1,2744,-43,1654781639781043,1654781639781043,
300833b2ddd9014000030002,1,1,844,-51,1654781639782340,1654781639782340,
300833b2ddd9014000030008,1,1,3648,-46,1654781639783835,1654781639783835,
300833b2ddd9014000030001,1,1,1500,-50,1654781639784911,1654781639784911,
300833b2ddd9014000030008,1,1,3632,-46,1654781639814594,1654781639814594,
300833b2ddd9014000030002,1,1,860,-50,1654781639815946,1654781639815946,
300833b2ddd9014000030009,1,1,2760,-43,1654781639817964,1654781639817964,
300833b2ddd9014000030001,1,1,1520,-50,1654781639819407,1654781639819407,
300833b2ddd9014000030009,1,1,2756,-43,1654781639824366,1654781639824366,
300833b2ddd9014000030002,1,1,856,-50,1654781639825494,1654781639825494,
300833b2ddd9014000030008,1,1,3660,-46,1654781639827283,1654781639827283,
300833b2ddd9014000030001,1,1,1484,-50,1654781639828357,1654781639828357,
300833b2ddd9014000030001,1,1,1484,-50,1654781639858127,1654781639858127,
300833b2ddd9014000030009,1,1,2760,-43,1654781639859150,1654781639859150,
300833b2ddd9014000030008,1,1,3632,-46,1654781639861245,1654781639861245,
300833b2ddd9014000030002,1,1,860,-50,1654781639862699,1654781639862699,
300833b2ddd9014000030002,1,1,840,-50,1654781639866818,1654781639866818,
300833b2ddd9014000030008,1,1,3640,-46,1654781639868394,1654781639868394,
300833b2ddd9014000030009,1,1,2748,-43,1654781639869708,1654781639869708,
300833b2ddd9014000030001,1,1,1488,-50,1654781639871008,1654781639871008,
300833b2ddd9014000030008,1,1,3656,-46,1654781639902398,1654781639902398,
300833b2ddd9014000030009,1,1,2764,-43,1654781639904996,1654781639904996,
300833b2ddd9014000030002,1,1,864,-50,1654781639907010,1654781639907010,
300833b2ddd9014000030001,1,1,1496,-50,1654781639908084,1654781639908084,