epc,atenda,atendanum,phase,RSS,timestamp,timestamp2,
300833b2ddd9014000030001,1,1,1300,-67,1654781845706731,1654781845706731,
300833b2ddd9014000030008,1,1,3444,-43,1654781845707953,1654781845707953,
300833b2ddd9014000030009,1,1,3096,-47,1654781845709038,1654781845709038,
300833b2ddd9014000030002,1,1,472,-48,1654781845710719,1654781845710719,
300833b2ddd9014000030002,1,1,468,-48,1654781845713792,1654781845713792,
300833b2ddd9014000030009,1,1,3108,-47,1654781845715731,1654781845715731,
300833b2ddd9014000030008,1,1,3444,-43,1654781845716870,1654781845716870,
300833b2ddd9014000030001,1,1,1480,-66,1654781845717975,1654781845717975,
300833b2ddd9014000030009,1,1,3088,-47,1654781845749281,1654781845749281,
300833b2ddd9014000030002,1,1,484,-48,1654781845750390,1654781845750390,
300833b2ddd9014000030008,1,1,3424,-43,1654781845751490,1654781845751490,
300833b2ddd9014000030001,1,1,1432,-66,1654781845752535,1654781845752535,
300833b2ddd9014000030002,1,1,452,-48,1654781845758558,1654781845758558,
300833b2ddd9014000030009,1,1,3100,-47,1654781845759771,1654781845759771,
300833b2ddd9014000030008,1,1,3440,-43,1654781845761168,1654781845761168,
300833b2ddd9014000030001,1,1,1520,-65,1654781845762899,1654781845762899,
300833b2ddd9014000030009,1,1,3084,-48,1654781845793597,1654781845793597,
300833b2ddd9014000030008,1,1,3436,-43,1654781845794649,1654781845794649,
300833b2ddd9014000030001,1,1,1464,-65,1654781845795965,1654781845795965,
300833b2ddd9014000030002,1,1,484,-48,1654781845797020,1654781845797020,
300833b2ddd9014000030008,1,1,3460,-43,1654781845801629,1654781845801629,
300833b2ddd9014000030002,1,1,484,-48,1654781845802684,1654781845802684,
300833b2ddd9014000030009,1,1,3080,-47,1654781845804521,1654781845804521,
300833b2ddd9014000030001,1,1,1460,-66,1654781845806460,1654781845806460,
300833b2ddd9014000030008,1,1,3460,-43,1654781845837734,1654781845837734,
300833b2ddd9014000030009,1,1,3080,-47,1654781845839459,1654781845839459,
300833b2ddd9014000030001,1,1,1580,-65,1654781845840775,1654781845840775,
300833b2ddd9014000030002,1,1,468,-48,1654781845842212,1654781845842212,
300833b2ddd9014000030009,1,1,3056,-47,1654781845845220,1654781845845220,
300833b2ddd9014000030008,1,1,3436,-43,1654781845846545,1654781845846545,
300833b2ddd9014000030002,1,1,464,-48,1654781845847600,1654781845847600,
300833b2ddd9014000030001,1,1,1336,-66,1654781845849213,1654781845849213,
300833b2ddd9014000030008,1,1,3436,-43,1654781845882271,1654781845882271,
300833b2ddd9014000030001,1,1,1388,-66,1654781845884963,1654781845884963,
300833b2ddd9014000030009,1,1,3036,-47,1654781845886002,1654781845886002,
300833b2ddd9014000030002,1,1,476,-48,1654781845887169,1654781845887169,
300833b2ddd9014000030002,1,1,496,-48,1654781845890405,1654781845890405,
300833b2ddd9014000030009,1,1,3044,-47,1654781845891446,1654781845891446,
300833b2ddd9014000030008,1,1,3436,-43,1654781845893310,1654781845893310,
300833b2ddd9014000030001,1,1,1292,-65,1654781845894544,1654781845894544,
300833b2ddd9014000030002,1,1,452,-48,1654781845927853,1654781845927853,
300833b2ddd9014000030008,1,1,3440,-43,1654781845929419,1654781845929419,
300833b2ddd9014000030001,1,1,1396,-66,1654781845932163,1654781845932163,
300833b2ddd9014000030009,1,1,3020,-47,1654781845933248,1654781845933248,
300833b2ddd9014000030002,1,1,460,-48,1654781845936698,1654781845936698,
300833b2ddd9014000030008,1,1,3440,-43,1654781845938208,1654781845938208,
300833b2ddd9014000030009,1,1,3036,-47,1654781845939320,1654781845939320,
300833b2ddd9014000030001,1,1,1276,-66,1654781845940838,1654781845940838,
300833b2ddd9014000030008,1,1,3436,-43,1654781845972395,1654781845972395,
300833b2ddd9014000030002,1,1,476,-48,1654781845974374,1654781845974374,
300833b2ddd9014000030009,1,1,3044,-47,1654781845975670,1654781845975670,
300833b2ddd9014000030001,1,1,1276,-66,1654781845976875,1654781845976875,
300833b2ddd9014000030008,1,1,3432,-43,1654781845979857,1654781845979857,
300833b2ddd9014000030009,1,1,3040,-47,1654781845981806,1654781845981806,
300833b2ddd9014000030002,1,1,440,-48,1654781845983175,1654781845983175,
300833b2ddd9014000030001,1,1,1256,-65,1654781845984648,1654781845984648,
300833b2ddd9014000030008,1,1,3444,-43,1654781846016072,1654781846016072,
300833b2ddd9014000030002,1,1,484,-48,1654781846018023,1654781846018023,
300833b2ddd9014000030001,1,1,1380,-66,1654781846019068,1654781846019068,
300833b2ddd9014000030009,1,1,3044,-48,1654781846020378,1654781846020378,
300833b2ddd9014000030002,1,1,472,-48,1654781846024049,1654781846024049,
300833b2ddd9014000030008,1,1,3452,-43,1654781846025416,1654781846025416,
300833b2ddd9014000030009,1,1,3056,-48,1654781846027223,1654781846027223,
300833b2ddd9014000030001,1,1,1348,-65,1654781846029490,1654781846029490,
300833b2ddd9014000030008,1,1,3440,-43,1654781846059337,1654781846059337,
300833b2ddd9014000030002,1,1,488,-48,1654781846061285,1654781846061285,
300833b2ddd9014000030009,1,1,3060,-48,1654781846062326,1654781846062326,
300833b2ddd9014000030001,1,1,1120,-66,1654781846064344,1654781846064344,
300833b2ddd9014000030002,1,1,456,-48,1654781846067089,1654781846067089,
300833b2ddd9014000030008,1,1,3428,-43,1654781846068641,1654781846068641,
300833b2ddd9014000030009,1,1,3048,-48,1654781846070805,1654781846070805,
300833b2ddd9014000030001,1,1,1308,-66,1654781846072761,1654781846072761,
300833b2ddd9014000030002,1,1,496,-48,1654781846102926,1654781846102926,
300833b2ddd9014000030009,1,1,3064,-48,1654781846104888,1654781846104888,
300833b2ddd9014000030008,1,1,3428,-43,1654781846106187,1654781846106187,
300833b2ddd9014000030001,1,1,1336,-66,1654781846107661,1654781846107661,
300833b2ddd9014000030009,1,1,3072,-48,1654781846110388,1654781846110388,
300833b2ddd9014000030001,1,1,1468,-66,1654781846111933,1654781846111933,
300833b2ddd9014000030002,1,1,488,-48,1654781846113242,1654781846113242,
300833b2ddd9014000030008,1,1,3436,-43,1654781846114581,1654781846114581,
300833b2ddd9014000030009,1,1,3068,-48,1654781846147067,1654781846147067,
300833b2ddd9014000030008,1,1,3448,-43,1654781846148404,1654781846148404,
300833b2ddd9014000030001,1,1,1436,-66,1654781846149465,1654781846149465,
300833b2ddd9014000030002,1,1,488,-48,1654781846150677,1654781846150677,
300833b2ddd9014000030001,1,1,1480,-66,1654781846153943,1654781846153943,
300833b2ddd9014000030009,1,1,3072,-48,1654781846154985,1654781846154985,
300833b2ddd9014000030008,1,1,3436,-43,1654781846156538,1654781846156538,
300833b2ddd9014000030002,1,1,488,-48,1654781846158670,1654781846158670,
300833b2ddd9014000030002,1,1,488,-48,1654781846189569,1654781846189569,
300833b2ddd9014000030008,1,1,3440,-43,1654781846191530,1654781846191530,
300833b2ddd9014000030009,1,1,3072,-48,1654781846193287,1654781846193287,
300833b2ddd9014000030001,1,1,1564,-66,1654781846194349,1654781846194349,
300833b2ddd9014000030001,1,1,1424,-65,1654781846197027,1654781846197027,
300833b2ddd9014000030002,1,1,484,-48,1654781846198338,1654781846198338,
300833b2ddd9014000030008,1,1,3432,-43,1654781846199407,1654781846199407,
300833b2ddd9014000030009,1,1,3076,-48,1654781846200492,1654781846200492,
300833b2ddd9014000030002,1,1,472,-48,1654781846232429,1654781846232429,
300833b2ddd9014000030008,1,1,3436,-43,1654781846234439,1654781846234439,
300833b2ddd9014000030009,1,1,3092,-48,1654781846235738,1654781846235738,
300833b2ddd9014000030001,1,1,1416,-67,1654781846237454,1654781846237454,
300833b2ddd9014000030009,1,1,3084,-48,1654781846241042,1654781846241042,
300833b2ddd9014000030002,1,1,488,-48,1654781846242296,1654781846242296,
300833b2ddd9014000030008,1,1,3436,-43,1654781846243863,1654781846243863,
300833b2ddd9014000030001,1,1,1336,-66,1654781846245352,1654781846245352,
300833b2ddd9014000030009,1,1,3080,-48,1654781846276178,1654781846276178,
300833b2ddd9014000030002,1,1,496,-48,1654781846278057,1654781846278057,
300833b2ddd9014000030008,1,1,3440,-43,1654781846279650,1654781846279650,
300833b2ddd9014000030001,1,1,1564,-67,1654781846281138,1654781846281138,
300833b2ddd9014000030009,1,1,3096,-48,1654781846285386,1654781846285386,
300833b2ddd9014000030002,1,1,504,-48,1654781846286976,1654781846286976,
300833b2ddd9014000030008,1,1,3432,-43,1654781846288527,1654781846288527,
300833b2ddd9014000030001,1,1,1684,-66,1654781846290228,1654781846290228,
300833b2ddd9014000030002,1,1,496,-48,1654781846321239,1654781846321239,
300833b2ddd9014000030009,1,1,3096,-48,1654781846322550,1654781846322550,
300833b2ddd9014000030001,1,1,1428,-66,1654781846323627,1654781846323627,
300833b2ddd9014000030008,1,1,3432,-43,1654781846324679,1654781846324679,
300833b2ddd9014000030001,1,1,1424,-66,1654781846329416,1654781846329416,
300833b2ddd9014000030002,1,1,480,-48,1654781846330710,1654781846330710,
300833b2ddd9014000030008,1,1,3428,-43,1654781846332333,1654781846332333,
300833b2ddd9014000030009,1,1,3080,-48,1654781846333644,1654781846333644,
300833b2ddd9014000030008,1,1,3440,-43,1654781846366207,1654781846366207,
300833b2ddd9014000030002,1,1,484,-48,1654781846367826,1654781846367826,
300833b2ddd9014000030009,1,1,3088,-48,1654781846369012,1654781846369012,
300833b2ddd9014000030001,1,1,1488,-66,1654781846370515,1654781846370515,
300833b2ddd9014000030009,1,1,3080,-48,1654781846374367,1654781846374367,
300833b2ddd9014000030008,1,1,3428,-43,1654781846375720,1654781846375720,
300833b2ddd9014000030002,1,1,484,-48,1654781846376786,1654781846376786,
300833b2ddd9014000030001,1,1,1452,-66,1654781846377992,1654781846377992,
300833b2ddd9014000030001,1,1,1496,-67,1654781846408152,1654781846408152,
300833b2ddd9014000030002,1,1,484,-48,1654781846410144,1654781846410144,
300833b2ddd9014000030008,1,1,3440,-43,1654781846411184,1654781846411184,
300833b2ddd9014000030009,1,1,3096,-48,1654781846412820,1654781846412820,
300833b2ddd9014000030008,1,1,3436,-43,1654781846415583,1654781846415583,
300833b2ddd9014000030002,1,1,476,-48,1654781846417599,1654781846417599,
300833b2ddd9014000030009,1,1,3096,-48,1654781846418712,1654781846418712,
300833b2ddd9014000030001,1,1,1444,-67,1654781846420058,1654781846420058,
300833b2ddd9014000030009,1,1,3092,-47,1654781846450343,1654781846450343,
300833b2ddd9014000030001,1,1,1596,-66,1654781846451447,1654781846451447,
300833b2ddd9014000030008,1,1,3448,-44,1654781846452485,1654781846452485,
300833b2ddd9014000030002,1,1,472,-49,1654781846455416,1654781846455416,
300833b2ddd9014000030001,1,1,1648,-67,1654781846459293,1654781846459293,
300833b2ddd9014000030002,1,1,488,-48,1654781846461210,1654781846461210,
300833b2ddd9014000030008,1,1,3428,-43,1654781846463242,1654781846463242,
300833b2ddd9014000030009,1,1,3092,-48,1654781846464453,1654781846464453,
300833b2ddd9014000030008,1,1,3432,-43,1654781846494588,1654781846494588,
300833b2ddd9014000030002,1,1,480,-48,1654781846495685,1654781846495685,
300833b2ddd9014000030009,1,1,3092,-48,1654781846497281,1654781846497281,
300833b2ddd9014000030001,1,1,1520,-67,1654781846498996,1654781846498996,
300833b2ddd9014000030002,1,1,476,-48,1654781846502879,1654781846502879,
300833b2ddd9014000030009,1,1,3096,-47,1654781846504835,1654781846504835,
300833b2ddd9014000030008,1,1,3436,-43,1654781846506189,1654781846506189,
300833b2ddd9014000030001,1,1,1504,-66,1654781846507288,1654781846507288,
300833b2ddd9014000030008,1,1,3436,-43,1654781846538073,1654781846538073,
300833b2ddd9014000030009,1,1,3100,-48,1654781846539200,1654781846539200,
300833b2ddd9014000030001,1,1,1608,-66,1654781846541429,1654781846541429,
300833b2ddd9014000030002,1,1,468,-49,1654781846542482,1654781846542482,
300833b2ddd9014000030009,1,1,3084,-47,1654781846546598,1654781846546598,
300833b2ddd9014000030008,1,1,3444,-43,1654781846548275,1654781846548275,
300833b2ddd9014000030002,1,1,456,-48,1654781846549359,1654781846549359,
300833b2ddd9014000030001,1,1,1676,-67,1654781846555019,1654781846555019,
300833b2ddd9014000030008,1,1,3432,-43,1654781846585688,1654781846585688,
300833b2ddd9014000030002,1,1,472,-48,1654781846586754,1654781846586754,
300833b2ddd9014000030009,1,1,3096,-47,1654781846588602,1654781846588602,
300833b2ddd9014000030001,1,1,1604,-66,1654781846589804,1654781846589804,
300833b2ddd9014000030002,1,1,472,-48,1654781846594387,1654781846594387,
300833b2ddd9014000030001,1,1,1676,-66,1654781846595492,1654781846595492,
300833b2ddd9014000030008,1,1,3428,-43,1654781846597083,1654781846597083,
300833b2ddd9014000030009,1,1,3096,-47,1654781846598166,1654781846598166,
300833b2ddd9014000030002,1,1,468,-48,1654781846629634,1654781846629634,
300833b2ddd9014000030008,1,1,3440,-43,1654781846630975,1654781846630975,
300833b2ddd9014000030009,1,1,3104,-47,1654781846632803,1654781846632803,
300833b2ddd9014000030001,1,1,1640,-66,1654781846634290,1654781846634290,
300833b2ddd9014000030008,1,1,3452,-43,1654781846639020,1654781846639020,
300833b2ddd9014000030002,1,1,480,-48,1654781846640089,1654781846640089,
300833b2ddd9014000030009,1,1,3092,-47,1654781846642138,1654781846642138,
300833b2ddd9014000030001,1,1,1624,-66,1654781846643824,1654781846643824,
300833b2ddd9014000030008,1,1,3436,-43,1654781846674989,1654781846674989,
300833b2ddd9014000030009,1,1,3092,-47,1654781846676484,1654781846676484,
300833b2ddd9014000030002,1,1,460,-48,1654781846677779,1654781846677779,
300833b2ddd9014000030001,1,1,1616,-66,1654781846678898,1654781846678898,
300833b2ddd9014000030009,1,1,3104,-47,1654781846682221,1654781846682221,
300833b2ddd9014000030002,1,1,488,-48,1654781846683603,1654781846683603,
300833b2ddd9014000030001,1,1,1660,-65,1654781846684905,1654781846684905,
300833b2ddd9014000030008,1,1,3440,-43,1654781846686484,1654781846686484,
300833b2ddd9014000030008,1,1,3436,-43,1654781846719049,1654781846719049,
300833b2ddd9014000030009,1,1,3100,-47,1654781846720522,1654781846720522,
300833b2ddd9014000030002,1,1,456,-48,1654781846721620,1654781846721620,
300833b2ddd9014000030001,1,1,1612,-66,1654781846722735,1654781846722735,
300833b2ddd9014000030008,1,1,3428,-43,1654781846726288,1654781846726288,
300833b2ddd9014000030002,1,1,460,-48,1654781846728862,1654781846728862,
300833b2ddd9014000030009,1,1,3100,-47,1654781846729904,1654781846729904,
300833b2ddd9014000030001,1,1,1584,-66,1654781846731263,1654781846731263,
300833b2ddd9014000030002,1,1,456,-48,1654781846763011,1654781846763011,
300833b2ddd9014000030008,1,1,3432,-43,1654781846764948,1654781846764948,
300833b2ddd9014000030009,1,1,3088,-47,1654781846766048,1654781846766048,
300833b2ddd9014000030001,1,1,1708,-66,1654781846767151,1654781846767151,
300833b2ddd9014000030002,1,1,468,-48,1654781846771121,1654781846771121,
300833b2ddd9014000030009,1,1,3084,-47,1654781846772445,1654781846772445,
300833b2ddd9014000030008,1,1,3416,-43,1654781846773813,1654781846773813,
300833b2ddd9014000030001,1,1,1536,-65,1654781846775765,1654781846775765,
300833b2ddd9014000030008,1,1,3424,-43,1654781846806543,1654781846806543,
300833b2ddd9014000030001,1,1,1548,-66,1654781846807630,1654781846807630,
300833b2ddd9014000030002,1,1,452,-48,1654781846808743,1654781846808743,
300833b2ddd9014000030009,1,1,3080,-47,1654781846810332,1654781846810332,
300833b2ddd9014000030008,1,1,3420,-43,1654781846815099,1654781846815099,
300833b2ddd9014000030009,1,1,3092,-47,1654781846817549,1654781846817549,
300833b2ddd9014000030002,1,1,440,-48,1654781846820691,1654781846820691,
300833b2ddd9014000030001,1,1,1604,-66,1654781846822757,1654781846822757,
300833b2ddd9014000030009,1,1,3096,-47,1654781846855954,1654781846855954,
300833b2ddd9014000030002,1,1,396,-48,1654781846857650,1654781846857650,
300833b2ddd9014000030008,1,1,3408,-43,1654781846858945,1654781846858945,
300833b2ddd9014000030001,1,1,1476,-65,1654781846860404,1654781846860404,
300833b2ddd9014000030009,1,1,3068,-47,1654781846864517,1654781846864517,
300833b2ddd9014000030008,1,1,3404,-43,1654781846865857,1654781846865857,
300833b2ddd9014000030002,1,1,460,-48,1654781846866969,1654781846866969,
300833b2ddd9014000030001,1,1,1428,-65,1654781846868184,1654781846868184,
300833b2ddd9014000030009,1,1,3068,-47,1654781846898897,1654781846898897,
300833b2ddd9014000030002,1,1,424,-48,1654781846900378,1654781846900378,
300833b2ddd9014000030008,1,1,3404,-43,1654781846901647,1654781846901647,
300833b2ddd9014000030001,1,1,1404,-66,1654781846903120,1654781846903120,
300833b2ddd9014000030009,1,1,3056,-47,1654781846906116,1654781846906116,
300833b2ddd9014000030001,1,1,1476,-65,1654781846907458,1654781846907458,
300833b2ddd9014000030008,1,1,3408,-43,1654781846909207,1654781846909207,
300833b2ddd9014000030002,1,1,424,-48,1654781846910901,1654781846910901,
300833b2ddd9014000030001,1,1,1368,-65,1654781846942368,1654781846942368,
300833b2ddd9014000030008,1,1,3408,-43,1654781846944130,1654781846944130,
300833b2ddd9014000030009,1,1,3060,-47,1654781846945186,1654781846945186,
300833b2ddd9014000030002,1,1,440,-48,1654781846946411,1654781846946411,
300833b2ddd9014000030008,1,1,3400,-43,1654781846950105,1654781846950105,
300833b2ddd9014000030002,1,1,440,-48,1654781846951584,1654781846951584,
300833b2ddd9014000030009,1,1,3076,-47,1654781846952641,1654781846952641,
300833b2ddd9014000030001,1,1,1396,-65,1654781846953748,1654781846953748,
300833b2ddd9014000030009,1,1,3068,-47,1654781846984121,1654781846984121,
300833b2ddd9014000030002,1,1,452,-48,1654781846985658,1654781846985658,
300833b2ddd9014000030008,1,1,3416,-43,1654781846986968,1654781846986968,
300833b2ddd9014000030001,1,1,1380,-65,1654781846988910,1654781846988910,
300833b2ddd9014000030008,1,1,3404,-43,1654781846993008,1654781846993008,
300833b2ddd9014000030002,1,1,424,-48,1654781846994064,1654781846994064,
300833b2ddd9014000030009,1,1,3060,-47,1654781846995615,1654781846995615,
300833b2ddd9014000030001,1,1,1404,-66,1654781846998230,1654781846998230,
300833b2ddd9014000030002,1,1,440,-48,1654781847029944,1654781847029944,
300833b2ddd9014000030008,1,1,3420,-43,1654781847031283,1654781847031283,
300833b2ddd9014000030009,1,1,3064,-47,1654781847033076,1654781847033076,
300833b2ddd9014000030001,1,1,1420,-65,1654781847034866,1654781847034866,
300833b2ddd9014000030002,1,1,436,-48,1654781847039007,1654781847039007,
300833b2ddd9014000030008,1,1,3416,-43,1654781847040702,1654781847040702,
300833b2ddd9014000030009,1,1,3060,-47,1654781847042071,1654781847042071,
300833b2ddd9014000030001,1,1,1284,-66,1654781847043516,1654781847043516,
300833b2ddd9014000030009,1,1,3056,-47,1654781847073727,1654781847073727,
300833b2ddd9014000030001,1,1,1384,-65,1654781847075185,1654781847075185,
300833b2ddd9014000030008,1,1,3420,-43,1654781847076297,1654781847076297,
300833b2ddd9014000030002,1,1,436,-48,1654781847077991,1654781847077991,
300833b2ddd9014000030008,1,1,3436,-43,1654781847080963,1654781847080963,
300833b2ddd9014000030001,1,1,1320,-66,1654781847082549,1654781847082549,
300833b2ddd9014000030002,1,1,436,-48,1654781847083647,1654781847083647,
300833b2ddd9014000030009,1,1,3076,-47,1654781847085198,1654781847085198,
300833b2ddd9014000030008,1,1,3432,-43,1654781847116438,1654781847116438,
300833b2ddd9014000030009,1,1,3076,-47,1654781847117809,1654781847117809,
300833b2ddd9014000030002,1,1,452,-48,1654781847119092,1654781847119092,
300833b2ddd9014000030001,1,1,1424,-65,1654781847122126,1654781847122126,
300833b2ddd9014000030002,1,1,456,-48,1654781847125984,1654781847125984,
300833b2ddd9014000030008,1,1,3436,-43,1654781847127065,1654781847127065,
300833b2ddd9014000030009,1,1,3072,-47,1654781847128124,1654781847128124,
300833b2ddd9014000030001,1,1,1300,-65,1654781847129642,1654781847129642,
300833b2ddd9014000030001,1,1,1236,-66,1654781847159603,1654781847159603,
300833b2ddd9014000030008,1,1,3412,-43,1654781847160896,1654781847160896,
300833b2ddd9014000030002,1,1,440,-48,1654781847162476,1654781847162476,
300833b2ddd9014000030009,1,1,3072,-47,1654781847163546,1654781847163546,
300833b2ddd9014000030001,1,1,1392,-65,1654781847168040,1654781847168040,
300833b2ddd9014000030002,1,1,448,-48,1654781847169961,1654781847169961,
300833b2ddd9014000030009,1,1,3084,-47,1654781847171045,1654781847171045,
300833b2ddd9014000030008,1,1,3420,-43,1654781847172158,1654781847172158,
300833b2ddd9014000030008,1,1,3436,-43,1654781847202848,1654781847202848,
300833b2ddd9014000030009,1,1,3084,-47,1654781847204431,1654781847204431,
300833b2ddd9014000030001,1,1,1388,-65,1654781847205718,1654781847205718,
300833b2ddd9014000030002,1,1,488,-48,1654781847207869,1654781847207869,
300833b2ddd9014000030001,1,1,1240,-65,1654781847212050,1654781847212050,
300833b2ddd9014000030009,1,1,3088,-47,1654781847213143,1654781847213143,
300833b2ddd9014000030008,1,1,3428,-43,1654781847214485,1654781847214485,
300833b2ddd9014000030002,1,1,444,-48,1654781847216478,1654781847216478,
300833b2ddd9014000030002,1,1,452,-48,1654781847247321,1654781847247321,
300833b2ddd9014000030008,1,1,3428,-43,1654781847248660,1654781847248660,
300833b2ddd9014000030009,1,1,3084,-47,1654781847249971,1654781847249971,
300833b2ddd9014000030001,1,1,1240,-65,1654781847251274,1654781847251274,
300833b2ddd9014000030008,1,1,3420,-43,1654781847255967,1654781847255967,
300833b2ddd9014000030001,1,1,1284,-65,1654781847257879,1654781847257879,
300833b2ddd9014000030009,1,1,3084,-47,1654781847258992,1654781847258992,
300833b2ddd9014000030002,1,1,424,-48,1654781847260106,1654781847260106,
300833b2ddd9014000030001,1,1,1276,-65,1654781847290682,1654781847290682,
300833b2ddd9014000030008,1,1,3420,-43,1654781847292391,1654781847292391,
300833b2ddd9014000030002,1,1,424,-48,1654781847297486,1654781847297486,
300833b2ddd9014000030008,1,1,3420,-43,1654781847299051,1654781847299051,
300833b2ddd9014000030009,1,1,3088,-47,1654781847300305,1654781847300305,
300833b2ddd9014000030001,1,1,1316,-64,1654781847301808,1654781847301808,
300833b2ddd9014000030008,1,1,3428,-43,1654781847331556,1654781847331556,
300833b2ddd9014000030009,1,1,3088,-47,1654781847332855,1654781847332855,
300833b2ddd9014000030002,1,1,444,-48,1654781847334208,1654781847334208,
300833b2ddd9014000030001,1,1,1188,-65,1654781847335327,1654781847335327,
300833b2ddd9014000030009,1,1,3072,-47,1654781847340038,1654781847340038,
300833b2ddd9014000030002,1,1,456,-48,1654781847341163,1654781847341163,
300833b2ddd9014000030001,1,1,1304,-65,1654781847342239,1654781847342239,
300833b2ddd9014000030008,1,1,3424,-43,1654781847344298,1654781847344298,
300833b2ddd9014000030008,1,1,3420,-43,1654781847375588,1654781847375588,
300833b2ddd9014000030002,1,1,456,-48,1654781847378061,1654781847378061,
300833b2ddd9014000030001,1,1,1300,-65,1654781847379539,1654781847379539,
300833b2ddd9014000030002,1,1,448,-48,1654781847382530,1654781847382530,
300833b2ddd9014000030001,1,1,1244,-65,1654781847383647,1654781847383647,
300833b2ddd9014000030008,1,1,3428,-43,1654781847385224,1654781847385224,
300833b2ddd9014000030009,1,1,3084,-47,1654781847386565,1654781847386565,
300833b2ddd9014000030009,1,1,3040,-47,1654781847418186,1654781847418186,
300833b2ddd9014000030001,1,1,1188,-67,1654781847419189,1654781847419189,
300833b2ddd9014000030008,1,1,3408,-43,1654781847420242,1654781847420242,
300833b2ddd9014000030008,1,1,3412,-43,1654781847426125,1654781847426125,
300833b2ddd9014000030002,1,1,428,-48,1654781847427609,1654781847427609,
300833b2ddd9014000030009,1,1,3040,-47,1654781847428723,1654781847428723,
300833b2ddd9014000030001,1,1,1196,-65,1654781847430424,1654781847430424,
300833b2ddd9014000030009,1,1,3056,-47,1654781847461176,1654781847461176,
300833b2ddd9014000030002,1,1,424,-48,1654781847462418,1654781847462418,
300833b2ddd9014000030008,1,1,3392,-43,1654781847463515,1654781847463515,
300833b2ddd9014000030001,1,1,920,-68,1654781847465202,1654781847465202,
300833b2ddd9014000030008,1,1,3400,-43,1654781847468397,1654781847468397,
300833b2ddd9014000030009,1,1,3008,-47,1654781847469467,1654781847469467,
300833b2ddd9014000030001,1,1,1220,-67,1654781847471535,1654781847471535,
300833b2ddd9014000030002,1,1,388,-48,1654781847472986,1654781847472986,
300833b2ddd9014000030008,1,1,3380,-43,1654781847504119,1654781847504119,
300833b2ddd9014000030002,1,1,360,-48,1654781847505800,1654781847505800,
300833b2ddd9014000030009,1,1,2992,-46,1654781847506866,1654781847506866,
300833b2ddd9014000030001,1,1,928,-66,1654781847509457,1654781847509457,
300833b2ddd9014000030001,1,1,808,-65,1654781847512525,1654781847512525,
300833b2ddd9014000030008,1,1,3368,-43,1654781847513821,1654781847513821,
300833b2ddd9014000030009,1,1,2972,-46,1654781847515160,1654781847515160,
300833b2ddd9014000030002,1,1,356,-48,1654781847516272,1654781847516272,
300833b2ddd9014000030001,1,1,752,-66,1654781847549673,1654781847549673,
300833b2ddd9014000030009,1,1,2952,-46,1654781847550739,1654781847550739,
300833b2ddd9014000030008,1,1,3348,-43,1654781847552760,1654781847552760,
300833b2ddd9014000030002,1,1,328,-47,1654781847554456,1654781847554456,
300833b2ddd9014000030009,1,1,2936,-46,1654781847558579,1654781847558579,
300833b2ddd9014000030008,1,1,3344,-43,1654781847559890,1654781847559890,
300833b2ddd9014000030001,1,1,792,-66,1654781847561454,1654781847561454,
300833b2ddd9014000030002,1,1,356,-47,1654781847563455,1654781847563455,
300833b2ddd9014000030009,1,1,2728,-46,1654781847787960,1654781847787960,
300833b2ddd9014000030008,1,1,3240,-43,1654781847790179,1654781847790179,
300833b2ddd9014000030001,1,1,1416,-61,1654781847791539,1654781847791539,
300833b2ddd9014000030002,1,1,184,-47,1654781847792750,1654781847792750,
300833b2ddd9014000030009,1,1,2728,-46,1654781847797103,1654781847797103,
300833b2ddd9014000030008,1,1,3252,-43,1654781847798213,1654781847798213,
300833b2ddd9014000030001,1,1,1500,-60,1654781847799303,1654781847799303,
300833b2ddd9014000030002,1,1,176,-48,1654781847800541,1654781847800541,
300833b2ddd9014000030008,1,1,3248,-43,1654781847830577,1654781847830577,
300833b2ddd9014000030009,1,1,2680,-45,1654781847831661,1654781847831661,
300833b2ddd9014000030001,1,1,1652,-58,1654781847833711,1654781847833711,
300833b2ddd9014000030002,1,1,176,-48,1654781847834784,1654781847834784,
300833b2ddd9014000030001,1,1,1660,-57,1654781847839327,1654781847839327,
300833b2ddd9014000030008,1,1,3232,-43,1654781847840396,1654781847840396,
300833b2ddd9014000030009,1,1,2668,-46,1654781847841978,1654781847841978,
300833b2ddd9014000030002,1,1,180,-48,1654781847844169,1654781847844169,
300833b2ddd9014000030008,1,1,3220,-44,1654781847875027,1654781847875027,
300833b2ddd9014000030009,1,1,2620,-45,1654781847876770,1654781847876770,
300833b2ddd9014000030002,1,1,208,-48,1654781847878093,1654781847878093,
300833b2ddd9014000030001,1,1,1728,-55,1654781847879181,1654781847879181,
300833b2ddd9014000030009,1,1,2628,-45,1654781847883019,1654781847883019,
300833b2ddd9014000030008,1,1,3228,-44,1654781847884444,1654781847884444,
300833b2ddd9014000030002,1,1,192,-48,1654781847885996,1654781847885996,
300833b2ddd9014000030001,1,1,1764,-54,1654781847887442,1654781847887442,
300833b2ddd9014000030008,1,1,3220,-45,1654781847917086,1654781847917086,
300833b2ddd9014000030002,1,1,228,-49,1654781847918171,1654781847918171,
300833b2ddd9014000030009,1,1,2608,-45,1654781847919241,1654781847919241,
300833b2ddd9014000030001,1,1,1752,-53,1654781847920296,1654781847920296,
300833b2ddd9014000030008,1,1,3232,-45,1654781847926194,1654781847926194,
300833b2ddd9014000030009,1,1,2592,-45,1654781847927909,1654781847927909,
300833b2ddd9014000030002,1,1,252,-49,1654781847929007,1654781847929007,
300833b2ddd9014000030001,1,1,1760,-53,1654781847930250,1654781847930250,
300833b2ddd9014000030002,1,1,296,-50,1654781847960564,1654781847960564,
300833b2ddd9014000030008,1,1,3236,-45,1654781847961859,1654781847961859,
300833b2ddd9014000030009,1,1,2604,-45,1654781847962958,1654781847962958,
300833b2ddd9014000030001,1,1,1740,-51,1654781847964514,1654781847964514,
300833b2ddd9014000030001,1,1,1720,-51,1654781847968835,1654781847968835,
300833b2ddd9014000030002,1,1,348,-50,1654781847970772,1654781847970772,
300833b2ddd9014000030009,1,1,2592,-45,1654781847972751,1654781847972751,
300833b2ddd9014000030008,1,1,3244,-45,1654781847973834,1654781847973834,
300833b2ddd9014000030009,1,1,2624,-45,1654781848003499,1654781848003499,
300833b2ddd9014000030008,1,1,3288,-46,1654781848005037,1654781848005037,
300833b2ddd9014000030001,1,1,1668,-50,1654781848006107,1654781848006107,
300833b2ddd9014000030002,1,1,444,-51,1654781848008926,1654781848008926,
300833b2ddd9014000030001,1,1,1692,-49,1654781848012162,1654781848012162,
300833b2ddd9014000030002,1,1,452,-51,1654781848014761,1654781848014761,
300833b2ddd9014000030009,1,1,2612,-45,1654781848016765,1654781848016765,
300833b2ddd9014000030008,1,1,3320,-46,1654781848017805,1654781848017805,
300833b2ddd9014000030009,1,1,2628,-45,1654781848048478,1654781848048478,
300833b2ddd9014000030001,1,1,1636,-49,1654781848050402,1654781848050402,
300833b2ddd9014000030008,1,1,3364,-47,1654781848051487,1654781848051487,
300833b2ddd9014000030002,1,1,580,-52,1654781848052555,1654781848052555,
300833b2ddd9014000030001,1,1,1600,-49,1654781848056186,1654781848056186,
300833b2ddd9014000030009,1,1,2640,-45,1654781848057765,1654781848057765,
300833b2ddd9014000030008,1,1,3376,-47,1654781848059344,1654781848059344,
300833b2ddd9014000030002,1,1,584,-52,1654781848060443,1654781848060443,
300833b2ddd9014000030009,1,1,2664,-45,1654781848091616,1654781848091616,
300833b2ddd9014000030001,1,1,1576,-48,1654781848092916,1654781848092916,
300833b2ddd9014000030002,1,1,748,-53,1654781848094708,1654781848094708,
300833b2ddd9014000030008,1,1,3452,-47,1654781848095764,1654781848095764,
300833b2ddd9014000030009,1,1,2664,-45,1654781848100421,1654781848100421,
300833b2ddd9014000030002,1,1,748,-53,1654781848102102,1654781848102102,
300833b2ddd9014000030008,1,1,3488,-47,1654781848103171,1654781848103171,
300833b2ddd9014000030001,1,1,1580,-48,1654781848104246,1654781848104246,
300833b2ddd9014000030002,1,1,836,-53,1654781848134522,1654781848134522,
300833b2ddd9014000030009,1,1,2716,-45,1654781848137362,1654781848137362,
300833b2ddd9014000030008,1,1,3576,-48,1654781848141438,1654781848141438,
300833b2ddd9014000030001,1,1,1532,-48,1654781848142527,1654781848142527,
300833b2ddd9014000030001,1,1,1528,-48,1654781848145548,1654781848145548,
300833b2ddd9014000030002,1,1,876,-53,1654781848146659,1654781848146659,
300833b2ddd9014000030009,1,1,2732,-45,1654781848147759,1654781848147759,
300833b2ddd9014000030008,1,1,3576,-48,1654781848149325,1654781848149325,
300833b2ddd9014000030008,1,1,3632,-47,1654781848181022,1654781848181022,
300833b2ddd9014000030001,1,1,1464,-49,1654781848182749,1654781848182749,
300833b2ddd9014000030002,1,1,968,-53,1654781848183848,1654781848183848,
300833b2ddd9014000030009,1,1,2752,-45,1654781848185160,1654781848185160,
300833b2ddd9014000030002,1,1,968,-53,1654781848188871,1654781848188871,
300833b2ddd9014000030001,1,1,1472,-49,1654781848189901,1654781848189901,
300833b2ddd9014000030009,1,1,2752,-45,1654781848191951,1654781848191951,
300833b2ddd9014000030008,1,1,3632,-47,1654781848194227,1654781848194227,
300833b2ddd9014000030002,1,1,984,-52,1654781848224145,1654781848224145,
300833b2ddd9014000030001,1,1,1424,-49,1654781848226366,1654781848226366,
300833b2ddd9014000030008,1,1,3680,-47,1654781848227805,1654781848227805,
300833b2ddd9014000030009,1,1,2796,-45,1654781848228860,1654781848228860,
300833b2ddd9014000030002,1,1,968,-52,1654781848233018,1654781848233018,
300833b2ddd9014000030008,1,1,3684,-46,1654781848234071,1654781848234071,
300833b2ddd9014000030009,1,1,2796,-45,1654781848235110,1654781848235110,
300833b2ddd9014000030001,1,1,1452,-49,1654781848236315,1654781848236315,
300833b2ddd9014000030002,1,1,992,-52,1654781848266383,1654781848266383,
300833b2ddd9014000030009,1,1,2776,-45,1654781848268571,1654781848268571,
300833b2ddd9014000030008,1,1,3704,-46,1654781848269639,1654781848269639,
300833b2ddd9014000030001,1,1,1460,-50,1654781848271086,1654781848271086,
300833b2ddd9014000030001,1,1,1424,-50,1654781848274862,1654781848274862,
300833b2ddd9014000030002,1,1,1020,-52,1654781848276091,1654781848276091,
300833b2ddd9014000030008,1,1,3708,-46,1654781848277131,1654781848277131,
300833b2ddd9014000030009,1,1,2800,-45,1654781848278471,1654781848278471,
300833b2ddd9014000030002,1,1,1004,-51,1654781848308939,1654781848308939,
300833b2ddd9014000030001,1,1,1464,-50,1654781848309984,1654781848309984,
300833b2ddd9014000030008,1,1,3712,-46,1654781848311365,1654781848311365,
300833b2ddd9014000030009,1,1,2800,-45,1654781848312947,1654781848312947,
300833b2ddd9014000030001,1,1,1496,-50,1654781848319159,1654781848319159,
300833b2ddd9014000030002,1,1,992,-51,1654781848320241,1654781848320241,
300833b2ddd9014000030008,1,1,3724,-46,1654781848321765,1654781848321765,
300833b2ddd9014000030009,1,1,2816,-45,1654781848323104,1654781848323104,
300833b2ddd9014000030001,1,1,1496,-51,1654781848354291,1654781848354291,
300833b2ddd9014000030008,1,1,3724,-46,1654781848355883,1654781848355883,
300833b2ddd9014000030002,1,1,980,-51,1654781848357208,1654781848357208,
300833b2ddd9014000030009,1,1,2812,-45,1654781848358578,1654781848358578,
300833b2ddd9014000030002,1,1,960,-50,1654781848362809,1654781848362809,
300833b2ddd9014000030001,1,1,1504,-51,1654781848365246,1654781848365246,
300833b2ddd9014000030008,1,1,3724,-45,1654781848366766,1654781848366766,
300833b2ddd9014000030009,1,1,2824,-45,1654781848368220,1654781848368220,
300833b2ddd9014000030008,1,1,3716,-45,1654781848397965,1654781848397965,
300833b2ddd9014000030009,1,1,2808,-45,1654781848400102,1654781848400102,
300833b2ddd9014000030002,1,1,996,-50,1654781848401185,1654781848401185,
300833b2ddd9014000030001,1,1,1496,-52,1654781848402299,1654781848402299,
300833b2ddd9014000030009,1,1,2808,-45,1654781848407449,1654781848407449,
300833b2ddd9014000030002,1,1,940,-50,1654781848408744,1654781848408744,
300833b2ddd9014000030008,1,1,3728,-45,1654781848410551,1654781848410551,
300833b2ddd9014000030001,1,1,1512,-51,1654781848412257,1654781848412257,
300833b2ddd9014000030009,1,1,2808,-45,1654781848443089,1654781848443089,
300833b2ddd9014000030001,1,1,1504,-51,1654781848444176,1654781848444176,
300833b2ddd9014000030002,1,1,924,-50,1654781848445742,1654781848445742,
300833b2ddd9014000030008,1,1,3708,-45,1654781848447675,1654781848447675,
300833b2ddd9014000030001,1,1,1492,-51,1654781848451533,1654781848451533,
300833b2ddd9014000030008,1,1,3708,-45,1654781848452602,1654781848452602,
300833b2ddd9014000030009,1,1,2816,-45,1654781848454396,1654781848454396,
300833b2ddd9014000030002,1,1,952,-50,1654781848456963,1654781848456963,
300833b2ddd9014000030009,1,1,2804,-44,1654781848487775,1654781848487775,
300833b2ddd9014000030001,1,1,1516,-52,1654781848488962,1654781848488962,
300833b2ddd9014000030008,1,1,3720,-45,1654781848490059,1654781848490059,
300833b2ddd9014000030002,1,1,964,-50,1654781848491371,1654781848491371,
300833b2ddd9014000030009,1,1,2828,-45,1654781848494732,1654781848494732,
300833b2ddd9014000030008,1,1,3708,-45,1654781848496252,1654781848496252,
300833b2ddd9014000030001,1,1,1552,-52,1654781848497643,1654781848497643,
300833b2ddd9014000030002,1,1,940,-50,1654781848498991,1654781848498991,
300833b2ddd9014000030001,1,1,1520,-51,1654781848530922,1654781848530922,
300833b2ddd9014000030008,1,1,3728,-45,1654781848532377,1654781848532377,
300833b2ddd9014000030009,1,1,2808,-44,1654781848533746,1654781848533746,
300833b2ddd9014000030002,1,1,940,-50,1654781848535184,1654781848535184,
300833b2ddd9014000030009,1,1,2800,-45,1654781848538653,1654781848538653,
300833b2ddd9014000030008,1,1,3720,-45,1654781848539907,1654781848539907,
300833b2ddd9014000030002,1,1,928,-50,1654781848541188,1654781848541188,
300833b2ddd9014000030001,1,1,1544,-52,1654781848542882,1654781848542882,
300833b2ddd9014000030008,1,1,3712,-45,1654781848572632,1654781848572632,
300833b2ddd9014000030002,1,1,904,-50,1654781848573988,1654781848573988,
300833b2ddd9014000030009,1,1,2800,-45,1654781848575044,1654781848575044,
300833b2ddd9014000030001,1,1,1532,-52,1654781848576896,1654781848576896,
300833b2ddd9014000030009,1,1,2820,-44,1654781848581287,1654781848581287,
300833b2ddd9014000030002,1,1,964,-50,1654781848582342,1654781848582342,
300833b2ddd9014000030001,1,1,1540,-52,1654781848583628,1654781848583628,
300833b2ddd9014000030008,1,1,3712,-45,1654781848585009,1654781848585009,
300833b2ddd9014000030009,1,1,2812,-44,1654781848616497,1654781848616497,
300833b2ddd9014000030001,1,1,1536,-52,1654781848617855,1654781848617855,
300833b2ddd9014000030002,1,1,948,-50,1654781848619676,1654781848619676,
300833b2ddd9014000030008,1,1,3708,-45,1654781848620746,1654781848620746,
300833b2ddd9014000030001,1,1,1528,-51,1654781848626307,1654781848626307,
300833b2ddd9014000030009,1,1,2804,-45,1654781848627379,1654781848627379,
300833b2ddd9014000030008,1,1,3716,-45,1654781848628432,1654781848628432,
300833b2ddd9014000030002,1,1,952,-50,1654781848629502,1654781848629502,
300833b2ddd9014000030009,1,1,2792,-45,1654781848661674,1654781848661674,
300833b2ddd9014000030001,1,1,1540,-52,1654781848663001,1654781848663001,
300833b2ddd9014000030002,1,1,936,-50,1654781848664067,1654781848664067,
300833b2ddd9014000030008,1,1,3720,-45,1654781848665154,1654781848665154,
300833b2ddd9014000030002,1,1,1036,-50,1654781848670713,1654781848670713,
300833b2ddd9014000030009,1,1,2792,-45,1654781848672124,1654781848672124,
300833b2ddd9014000030001,1,1,1500,-51,1654781848673480,1654781848673480,
300833b2ddd9014000030008,1,1,3712,-45,1654781848674972,1654781848674972,
300833b2ddd9014000030002,1,1,956,-50,1654781848706120,1654781848706120,
300833b2ddd9014000030008,1,1,3712,-45,1654781848707473,1654781848707473,
300833b2ddd9014000030009,1,1,2812,-44,1654781848709083,1654781848709083,
300833b2ddd9014000030001,1,1,1536,-52,1654781848710171,1654781848710171,
300833b2ddd9014000030008,1,1,3716,-45,1654781848714661,1654781848714661,
300833b2ddd9014000030001,1,1,1512,-52,1654781848715935,1654781848715935,
300833b2ddd9014000030002,1,1,980,-50,1654781848716991,1654781848716991,
300833b2ddd9014000030009,1,1,2816,-45,1654781848718784,1654781848718784,
300833b2ddd9014000030001,1,1,1484,-51,1654781848750665,1654781848750665,
300833b2ddd9014000030009,1,1,2812,-45,1654781848751905,1654781848751905,
300833b2ddd9014000030008,1,1,3712,-45,1654781848752975,1654781848752975,
300833b2ddd9014000030002,1,1,944,-50,1654781848754286,1654781848754286,
300833b2ddd9014000030009,1,1,2808,-45,1654781848758378,1654781848758378,
300833b2ddd9014000030001,1,1,1492,-52,1654781848759566,1654781848759566,
300833b2ddd9014000030002,1,1,928,-50,1654781848760666,1654781848760666,
300833b2ddd9014000030008,1,1,3720,-45,1654781848761958,1654781848761958,
300833b2ddd9014000030002,1,1,936,-50,1654781848793419,1654781848793419,
300833b2ddd9014000030001,1,1,1480,-51,1654781848795014,1654781848795014,
300833b2ddd9014000030009,1,1,2788,-45,1654781848797327,1654781848797327,
300833b2ddd9014000030008,1,1,3716,-45,1654781848798480,1654781848798480,
300833b2ddd9014000030002,1,1,944,-50,1654781848801286,1654781848801286,
300833b2ddd9014000030001,1,1,1504,-52,1654781848802358,1654781848802358,
300833b2ddd9014000030009,1,1,2804,-45,1654781848803672,1654781848803672,
300833b2ddd9014000030008,1,1,3716,-45,1654781848804754,1654781848804754,
300833b2ddd9014000030009,1,1,2800,-45,1654781848836627,1654781848836627,
300833b2ddd9014000030008,1,1,3704,-45,1654781848837948,1654781848837948,
300833b2ddd9014000030002,1,1,960,-50,1654781848840019,1654781848840019,
300833b2ddd9014000030001,1,1,1540,-52,1654781848841521,1654781848841521,
300833b2ddd9014000030001,1,1,1536,-51,1654781848845459,1654781848845459,
300833b2ddd9014000030008,1,1,3708,-45,1654781848846497,1654781848846497,
300833b2ddd9014000030009,1,1,2804,-45,1654781848848123,1654781848848123,
300833b2ddd9014000030002,1,1,948,-50,1654781848849660,1654781848849660,
300833b2ddd9014000030001,1,1,1532,-52,1654781848881931,1654781848881931,
300833b2ddd9014000030002,1,1,968,-50,1654781848883028,1654781848883028,
300833b2ddd9014000030008,1,1,3728,-45,1654781848884140,1654781848884140,
300833b2ddd9014000030009,1,1,2796,-45,1654781848885254,1654781848885254,
300833b2ddd9014000030008,1,1,3716,-45,1654781848888880,1654781848888880,
300833b2ddd9014000030002,1,1,960,-50,1654781848889949,1654781848889949,
300833b2ddd9014000030001,1,1,1524,-51,1654781848891081,1654781848891081,
300833b2ddd9014000030009,1,1,2808,-45,1654781848892422,1654781848892422,
300833b2ddd9014000030008,1,1,3728,-45,1654781848924383,1654781848924383,
300833b2ddd9014000030002,1,1,944,-50,1654781848925424,1654781848925424,
300833b2ddd9014000030001,1,1,1520,-52,1654781848926469,1654781848926469,
300833b2ddd9014000030009,1,1,2796,-45,1654781848928006,1654781848928006,
300833b2ddd9014000030009,1,1,2800,-45,1654781848932966,1654781848932966,
300833b2ddd9014000030008,1,1,3712,-45,1654781848935627,1654781848935627,
300833b2ddd9014000030001,1,1,1540,-52,1654781848937748,1654781848937748,
300833b2ddd9014000030002,1,1,948,-50,1654781848938817,1654781848938817,
300833b2ddd9014000030009,1,1,2804,-45,1654781848968761,1654781848968761,
300833b2ddd9014000030008,1,1,3708,-45,1654781848969858,1654781848969858,
300833b2ddd9014000030002,1,1,984,-50,1654781848970943,1654781848970943,
300833b2ddd9014000030001,1,1,1532,-52,1654781848972512,1654781848972512,
300833b2ddd9014000030002,1,1,972,-50,1654781848977695,1654781848977695,
300833b2ddd9014000030009,1,1,2788,-45,1654781848978807,1654781848978807,
300833b2ddd9014000030008,1,1,3700,-45,1654781848980357,1654781848980357,
300833b2ddd9014000030001,1,1,1536,-52,1654781848982942,1654781848982942,
300833b2ddd9014000030008,1,1,3716,-45,1654781849012646,1654781849012646,
300833b2ddd9014000030002,1,1,956,-50,1654781849013702,1654781849013702,
300833b2ddd9014000030009,1,1,2824,-45,1654781849015040,1654781849015040,
300833b2ddd9014000030001,1,1,1524,-52,1654781849016339,1654781849016339,
300833b2ddd9014000030008,1,1,3720,-45,1654781849021108,1654781849021108,
300833b2ddd9014000030009,1,1,2804,-45,1654781849022206,1654781849022206,
300833b2ddd9014000030002,1,1,944,-50,1654781849023758,1654781849023758,
300833b2ddd9014000030001,1,1,1536,-52,1654781849024859,1654781849024859,
300833b2ddd9014000030009,1,1,2792,-45,1654781849057274,1654781849057274,
300833b2ddd9014000030001,1,1,1540,-52,1654781849058774,1654781849058774,
300833b2ddd9014000030008,1,1,3716,-45,1654781849059915,1654781849059915,
300833b2ddd9014000030002,1,1,948,-50,1654781849060943,1654781849060943,
300833b2ddd9014000030002,1,1,944,-50,1654781849065587,1654781849065587,
300833b2ddd9014000030009,1,1,2780,-45,1654781849066673,1654781849066673,
300833b2ddd9014000030008,1,1,3720,-45,1654781849067754,1654781849067754,
300833b2ddd9014000030001,1,1,1524,-52,1654781849068972,1654781849068972,
300833b2ddd9014000030008,1,1,3708,-45,1654781849099475,1654781849099475,
300833b2ddd9014000030009,1,1,2808,-45,1654781849100930,1654781849100930,
300833b2ddd9014000030001,1,1,1520,-52,1654781849102924,1654781849102924,
300833b2ddd9014000030002,1,1,936,-50,1654781849103993,1654781849103993,
300833b2ddd9014000030008,1,1,3712,-45,1654781849106958,1654781849106958,
300833b2ddd9014000030002,1,1,936,-50,1654781849108068,1654781849108068,
300833b2ddd9014000030001,1,1,1540,-52,1654781849109158,1654781849109158,
300833b2ddd9014000030009,1,1,2780,-45,1654781849110228,1654781849110228,
300833b2ddd9014000030001,1,1,1512,-52,1654781849142588,1654781849142588,
300833b2ddd9014000030002,1,1,928,-50,1654781849143672,1654781849143672,
300833b2ddd9014000030008,1,1,3724,-45,1654781849144981,1654781849144981,
300833b2ddd9014000030009,1,1,2784,-45,1654781849146036,1654781849146036,
300833b2ddd9014000030009,1,1,2792,-45,1654781849151573,1654781849151573,
300833b2ddd9014000030008,1,1,3720,-45,1654781849152934,1654781849152934,
300833b2ddd9014000030002,1,1,936,-50,1654781849155703,1654781849155703,
300833b2ddd9014000030001,1,1,1536,-52,1654781849156936,1654781849156936,
300833b2ddd9014000030008,1,1,3716,-45,1654781849186946,1654781849186946,
300833b2ddd9014000030009,1,1,2792,-45,1654781849188088,1654781849188088,
300833b2ddd9014000030002,1,1,944,-50,1654781849189880,1654781849189880,
300833b2ddd9014000030001,1,1,1520,-51,1654781849190940,1654781849190940,
300833b2ddd9014000030001,1,1,1464,-52,1654781849195214,1654781849195214,
300833b2ddd9014000030008,1,1,3736,-45,1654781849197375,1654781849197375,
300833b2ddd9014000030009,1,1,2784,-44,1654781849198701,1654781849198701,
300833b2ddd9014000030002,1,1,928,-49,1654781849199914,1654781849199914,
300833b2ddd9014000030009,1,1,2788,-44,1654781849230583,1654781849230583,
300833b2ddd9014000030002,1,1,912,-50,1654781849231823,1654781849231823,
300833b2ddd9014000030001,1,1,1460,-52,1654781849232911,1654781849232911,
300833b2ddd9014000030008,1,1,3728,-45,1654781849234007,1654781849234007,
300833b2ddd9014000030008,1,1,3736,-45,1654781849237596,1654781849237596,
300833b2ddd9014000030001,1,1,1504,-52,1654781849239536,1654781849239536,
300833b2ddd9014000030002,1,1,912,-50,1654781849240606,1654781849240606,
300833b2ddd9014000030009,1,1,2784,-44,1654781849241690,1654781849241690,
300833b2ddd9014000030001,1,1,1480,-52,1654781849272904,1654781849272904,
300833b2ddd9014000030009,1,1,2796,-44,1654781849274400,1654781849274400,
300833b2ddd9014000030008,1,1,3736,-45,1654781849275740,1654781849275740,
300833b2ddd9014000030002,1,1,896,-50,1654781849276955,1654781849276955,
300833b2ddd9014000030008,1,1,3732,-45,1654781849280187,1654781849280187,
300833b2ddd9014000030002,1,1,920,-50,1654781849281857,1654781849281857,
300833b2ddd9014000030009,1,1,2760,-44,1654781849282886,1654781849282886,
300833b2ddd9014000030001,1,1,1460,-52,1654781849284867,1654781849284867,
300833b2ddd9014000030008,1,1,3736,-45,1654781849315098,1654781849315098,
300833b2ddd9014000030009,1,1,2792,-44,1654781849316811,1654781849316811,
300833b2ddd9014000030002,1,1,880,-49,1654781849318122,1654781849318122,
300833b2ddd9014000030001,1,1,1460,-52,1654781849319549,1654781849319549,
300833b2ddd9014000030009,1,1,2792,-44,1654781849322776,1654781849322776,
300833b2ddd9014000030008,1,1,3752,-45,1654781849323859,1654781849323859,
300833b2ddd9014000030002,1,1,928,-49,1654781849324960,1654781849324960,
300833b2ddd9014000030001,1,1,1428,-52,1654781849326062,1654781849326062,
300833b2ddd9014000030009,1,1,2816,-44,1654781849357814,1654781849357814,
300833b2ddd9014000030008,1,1,3760,-45,1654781849360019,1654781849360019,
300833b2ddd9014000030002,1,1,932,-49,1654781849362809,1654781849362809,
300833b2ddd9014000030001,1,1,1432,-51,1654781849363911,1654781849363911,
300833b2ddd9014000030009,1,1,2812,-44,1654781849366976,1654781849366976,
300833b2ddd9014000030008,1,1,3744,-45,1654781849368896,1654781849368896,
300833b2ddd9014000030002,1,1,944,-49,1654781849370009,1654781849370009,
300833b2ddd9014000030001,1,1,1464,-51,1654781849371113,1654781849371113,
300833b2ddd9014000030002,1,1,944,-49,1654781849402437,1654781849402437,
300833b2ddd9014000030008,1,1,3772,-45,1654781849403729,1654781849403729,
300833b2ddd9014000030009,1,1,2820,-44,1654781849405494,1654781849405494,
300833b2ddd9014000030001,1,1,1444,-51,1654781849406952,1654781849406952,
300833b2ddd9014000030009,1,1,2844,-44,1654781849412650,1654781849412650,
300833b2ddd9014000030008,1,1,3748,-45,1654781849413746,1654781849413746,
300833b2ddd9014000030001,1,1,1480,-51,1654781849414949,1654781849414949,
300833b2ddd9014000030002,1,1,956,-49,1654781849416030,1654781849416030,
300833b2ddd9014000030001,1,1,1484,-51,1654781849446506,1654781849446506,
300833b2ddd9014000030009,1,1,2856,-44,1654781849447748,1654781849447748,
300833b2ddd9014000030008,1,1,3764,-45,1654781849449700,1654781849449700,
300833b2ddd9014000030002,1,1,952,-49,1654781849451109,1654781849451109,
300833b2ddd9014000030008,1,1,3760,-45,1654781849453878,1654781849453878,
300833b2ddd9014000030009,1,1,2836,-44,1654781849455243,1654781849455243,
300833b2ddd9014000030002,1,1,964,-49,1654781849457958,1654781849457958,
300833b2ddd9014000030001,1,1,1476,-51,1654781849459288,1654781849459288,
300833b2ddd9014000030008,1,1,3728,-46,1654781849491050,1654781849491050,
300833b2ddd9014000030009,1,1,2860,-45,1654781849492135,1654781849492135,
300833b2ddd9014000030001,1,1,1500,-51,1654781849493177,1654781849493177,
300833b2ddd9014000030002,1,1,964,-50,1654781849494406,1654781849494406,
300833b2ddd9014000030001,1,1,1512,-52,1654781849497352,1654781849497352,
300833b2ddd9014000030002,1,1,964,-50,1654781849506130,1654781849506130,
300833b2ddd9014000030009,1,1,2844,-45,1654781849507359,1654781849507359,
300833b2ddd9014000030008,1,1,3720,-45,1654781849509295,1654781849509295,
300833b2ddd9014000030008,1,1,3724,-45,1654781849539752,1654781849539752,
300833b2ddd9014000030009,1,1,2808,-45,1654781849541501,1654781849541501,
300833b2ddd9014000030002,1,1,964,-50,1654781849542612,1654781849542612,
300833b2ddd9014000030001,1,1,1492,-52,1654781849543730,1654781849543730,
300833b2ddd9014000030008,1,1,3728,-45,1654781849547331,1654781849547331,
300833b2ddd9014000030009,1,1,2796,-45,1654781849549520,1654781849549520,
300833b2ddd9014000030001,1,1,1500,-52,1654781849551029,1654781849551029,
300833b2ddd9014000030002,1,1,968,-50,1654781849552095,1654781849552095,
300833b2ddd9014000030002,1,1,956,-50,1654781849582050,1654781849582050,
300833b2ddd9014000030009,1,1,2772,-45,1654781849583772,1654781849583772,
300833b2ddd9014000030008,1,1,3716,-45,1654781849585082,1654781849585082,
300833b2ddd9014000030001,1,1,1476,-51,1654781849586553,1654781849586553,
300833b2ddd9014000030008,1,1,3712,-45,1654781849590359,1654781849590359,
300833b2ddd9014000030009,1,1,2788,-45,1654781849591572,1654781849591572,
300833b2ddd9014000030002,1,1,980,-50,1654781849593575,1654781849593575,
300833b2ddd9014000030001,1,1,1464,-52,1654781849594632,1654781849594632,
300833b2ddd9014000030008,1,1,3732,-45,1654781849624391,1654781849624391,
300833b2ddd9014000030001,1,1,1460,-51,1654781849625435,1654781849625435,
300833b2ddd9014000030002,1,1,956,-50,1654781849627289,1654781849627289,
300833b2ddd9014000030009,1,1,2780,-44,1654781849628375,1654781849628375,
300833b2ddd9014000030008,1,1,3736,-45,1654781849632822,1654781849632822,
300833b2ddd9014000030009,1,1,2776,-44,1654781849634417,1654781849634417,
300833b2ddd9014000030002,1,1,964,-50,1654781849636674,1654781849636674,
300833b2ddd9014000030001,1,1,1460,-51,1654781849638244,1654781849638244,
300833b2ddd9014000030002,1,1,936,-50,1654781849668872,1654781849668872,
300833b2ddd9014000030008,1,1,3728,-45,1654781849669925,1654781849669925,
300833b2ddd9014000030009,1,1,2800,-44,1654781849671961,1654781849671961,
300833b2ddd9014000030001,1,1,1468,-52,1654781849673432,1654781849673432,
300833b2ddd9014000030002,1,1,956,-50,1654781849678066,1654781849678066,
300833b2ddd9014000030009,1,1,2804,-44,1654781849679506,1654781849679506,
300833b2ddd9014000030001,1,1,1472,-52,1654781849680579,1654781849680579,
300833b2ddd9014000030008,1,1,3756,-45,1654781849681663,1654781849681663,
300833b2ddd9014000030008,1,1,3736,-45,1654781849712004,1654781849712004,
300833b2ddd9014000030009,1,1,2828,-44,1654781849713927,1654781849713927,
300833b2ddd9014000030001,1,1,1492,-52,1654781849715242,1654781849715242,
300833b2ddd9014000030002,1,1,940,-50,1654781849716326,1654781849716326,
300833b2ddd9014000030001,1,1,1512,-51,1654781849720048,1654781849720048,
300833b2ddd9014000030008,1,1,3748,-45,1654781849721354,1654781849721354,
300833b2ddd9014000030009,1,1,2832,-44,1654781849722413,1654781849722413,
300833b2ddd9014000030002,1,1,976,-50,1654781849724021,1654781849724021,
300833b2ddd9014000030001,1,1,1480,-52,1654781849755635,1654781849755635,
300833b2ddd9014000030002,1,1,948,-49,1654781849756735,1654781849756735,
300833b2ddd9014000030008,1,1,3732,-45,1654781849759452,1654781849759452,
300833b2ddd9014000030009,1,1,2808,-44,1654781849760553,1654781849760553,