epc,atenda,atendanum,phase,RSS,timestamp,timestamp2,
300833b2ddd9014000030001,1,1,1280,-48,1654781863202031,1654781863202031,
300833b2ddd9014000030002,1,1,984,-48,1654781863203130,1654781863203130,
300833b2ddd9014000030009,1,1,2540,-43,1654781863204682,1654781863204682,
300833b2ddd9014000030002,1,1,980,-48,1654781863210297,1654781863210297,
300833b2ddd9014000030009,1,1,2572,-43,1654781863211396,1654781863211396,
300833b2ddd9014000030008,1,1,3724,-40,1654781863212508,1654781863212508,
300833b2ddd9014000030001,1,1,1276,-48,1654781863213594,1654781863213594,
300833b2ddd9014000030008,1,1,3724,-40,1654781863244079,1654781863244079,
300833b2ddd9014000030002,1,1,1000,-48,1654781863245647,1654781863245647,
300833b2ddd9014000030009,1,1,2560,-43,1654781863247454,1654781863247454,
300833b2ddd9014000030001,1,1,1224,-47,1654781863248656,1654781863248656,
300833b2ddd9014000030002,1,1,1004,-48,1654781863254112,1654781863254112,
300833b2ddd9014000030001,1,1,1204,-48,1654781863255552,1654781863255552,
300833b2ddd9014000030008,1,1,3712,-40,1654781863256864,1654781863256864,
300833b2ddd9014000030009,1,1,2548,-43,1654781863258318,1654781863258318,
300833b2ddd9014000030009,1,1,2476,-43,1654781863288342,1654781863288342,
300833b2ddd9014000030008,1,1,3728,-40,1654781863290070,1654781863290070,
300833b2ddd9014000030002,1,1,1004,-47,1654781863293840,1654781863293840,
300833b2ddd9014000030001,1,1,1096,-48,1654781863295821,1654781863295821,
300833b2ddd9014000030008,1,1,3728,-40,1654781863299992,1654781863299992,
300833b2ddd9014000030002,1,1,1012,-47,1654781863301701,1654781863301701,
300833b2ddd9014000030009,1,1,2444,-42,1654781863303027,1654781863303027,
300833b2ddd9014000030001,1,1,1072,-48,1654781863304238,1654781863304238,
300833b2ddd9014000030008,1,1,3740,-40,1654781863334182,1654781863334182,
300833b2ddd9014000030001,1,1,1024,-48,1654781863335266,1654781863335266,
300833b2ddd9014000030002,1,1,1012,-47,1654781863337390,1654781863337390,
300833b2ddd9014000030009,1,1,2444,-42,1654781863341823,1654781863341823,
300833b2ddd9014000030002,1,1,1036,-47,1654781863342876,1654781863342876,
300833b2ddd9014000030001,1,1,1020,-48,1654781863344714,1654781863344714,
300833b2ddd9014000030008,1,1,3740,-40,1654781863346080,1654781863346080,
300833b2ddd9014000030001,1,1,1072,-48,1654781863378829,1654781863378829,
300833b2ddd9014000030008,1,1,3732,-40,1654781863379924,1654781863379924,
300833b2ddd9014000030002,1,1,1020,-47,1654781863381010,1654781863381010,
300833b2ddd9014000030009,1,1,2528,-42,1654781863382182,1654781863382182,
300833b2ddd9014000030009,1,1,2560,-42,1654781863385159,1654781863385159,
300833b2ddd9014000030001,1,1,1084,-47,1654781863386275,1654781863386275,
300833b2ddd9014000030008,1,1,3744,-40,1654781863388082,1654781863388082,
300833b2ddd9014000030002,1,1,1040,-46,1654781863390261,1654781863390261,
300833b2ddd9014000030009,1,1,2652,-42,1654781863420827,1654781863420827,
300833b2ddd9014000030001,1,1,1104,-48,1654781863421959,1654781863421959,
300833b2ddd9014000030002,1,1,1040,-46,1654781863422981,1654781863422981,
300833b2ddd9014000030008,1,1,3744,-40,1654781863425032,1654781863425032,
300833b2ddd9014000030002,1,1,1000,-47,1654781863429373,1654781863429373,
300833b2ddd9014000030009,1,1,2708,-42,1654781863430502,1654781863430502,
300833b2ddd9014000030001,1,1,1228,-47,1654781863431817,1654781863431817,
300833b2ddd9014000030008,1,1,3724,-40,1654781863432914,1654781863432914,
300833b2ddd9014000030009,1,1,2788,-42,1654781863465896,1654781863465896,
300833b2ddd9014000030001,1,1,1252,-48,1654781863467036,1654781863467036,
300833b2ddd9014000030008,1,1,3768,-41,1654781863468348,1654781863468348,
300833b2ddd9014000030002,1,1,1012,-47,1654781863469559,1654781863469559,
300833b2ddd9014000030008,1,1,3756,-41,1654781863474471,1654781863474471,
300833b2ddd9014000030002,1,1,1032,-47,1654781863475584,1654781863475584,
300833b2ddd9014000030009,1,1,2812,-43,1654781863476921,1654781863476921,
300833b2ddd9014000030001,1,1,1236,-48,1654781863477983,1654781863477983,
300833b2ddd9014000030001,1,1,1324,-50,1654781863510110,1654781863510110,
300833b2ddd9014000030009,1,1,2852,-44,1654781863511565,1654781863511565,
300833b2ddd9014000030002,1,1,1020,-47,1654781863512649,1654781863512649,
300833b2ddd9014000030008,1,1,3732,-41,1654781863513732,1654781863513732,
300833b2ddd9014000030008,1,1,3724,-41,1654781863517020,1654781863517020,
300833b2ddd9014000030001,1,1,1296,-50,1654781863518976,1654781863518976,
300833b2ddd9014000030009,1,1,2872,-44,1654781863521146,1654781863521146,
300833b2ddd9014000030002,1,1,944,-47,1654781863522316,1654781863522316,
300833b2ddd9014000030002,1,1,964,-47,1654781863552569,1654781863552569,
300833b2ddd9014000030009,1,1,2964,-46,1654781863553667,1654781863553667,
300833b2ddd9014000030008,1,1,3692,-42,1654781863554690,1654781863554690,
300833b2ddd9014000030001,1,1,1352,-52,1654781863557117,1654781863557117,
300833b2ddd9014000030009,1,1,2920,-46,1654781863560978,1654781863560978,
300833b2ddd9014000030001,1,1,1388,-52,1654781863562293,1654781863562293,
300833b2ddd9014000030008,1,1,3660,-42,1654781863564097,1654781863564097,
300833b2ddd9014000030002,1,1,884,-47,1654781863566440,1654781863566440,
300833b2ddd9014000030002,1,1,836,-48,1654781863596309,1654781863596309,
300833b2ddd9014000030001,1,1,1484,-55,1654781863597979,1654781863597979,
300833b2ddd9014000030008,1,1,3624,-43,1654781863599021,1654781863599021,
300833b2ddd9014000030009,1,1,2968,-46,1654781863600331,1654781863600331,
300833b2ddd9014000030009,1,1,2968,-47,1654781863603646,1654781863603646,
300833b2ddd9014000030008,1,1,3604,-42,1654781863604715,1654781863604715,
300833b2ddd9014000030002,1,1,796,-48,1654781863606280,1654781863606280,
300833b2ddd9014000030001,1,1,1500,-55,1654781863607849,1654781863607849,
300833b2ddd9014000030002,1,1,692,-48,1654781863639051,1654781863639051,
300833b2ddd9014000030008,1,1,3516,-43,1654781863640986,1654781863640986,
300833b2ddd9014000030001,1,1,1460,-57,1654781863642315,1654781863642315,
300833b2ddd9014000030009,1,1,3004,-47,1654781863643453,1654781863643453,
300833b2ddd9014000030001,1,1,1384,-58,1654781863647326,1654781863647326,
300833b2ddd9014000030008,1,1,3488,-43,1654781863648733,1654781863648733,
300833b2ddd9014000030002,1,1,644,-48,1654781863649831,1654781863649831,
300833b2ddd9014000030009,1,1,3016,-47,1654781863651513,1654781863651513,
300833b2ddd9014000030009,1,1,2968,-47,1654781863681807,1654781863681807,
300833b2ddd9014000030008,1,1,3448,-43,1654781863683502,1654781863683502,
300833b2ddd9014000030002,1,1,536,-49,1654781863685081,1654781863685081,
300833b2ddd9014000030001,1,1,1252,-61,1654781863686286,1654781863686286,
300833b2ddd9014000030002,1,1,536,-49,1654781863689495,1654781863689495,
300833b2ddd9014000030009,1,1,2980,-46,1654781863690652,1654781863690652,
300833b2ddd9014000030008,1,1,3396,-42,1654781863691976,1654781863691976,
300833b2ddd9014000030001,1,1,1324,-61,1654781863693334,1654781863693334,
300833b2ddd9014000030008,1,1,3340,-42,1654781863731379,1654781863731379,
300833b2ddd9014000030002,1,1,384,-48,1654781863732804,1654781863732804,
300833b2ddd9014000030009,1,1,2904,-46,1654781863734142,1654781863734142,
300833b2ddd9014000030001,1,1,908,-63,1654781863735362,1654781863735362,
300833b2ddd9014000030008,1,1,3324,-42,1654781863738562,1654781863738562,
300833b2ddd9014000030002,1,1,376,-48,1654781863740297,1654781863740297,
300833b2ddd9014000030009,1,1,2876,-46,1654781863741865,1654781863741865,
300833b2ddd9014000030001,1,1,832,-63,1654781863743055,1654781863743055,
300833b2ddd9014000030009,1,1,2852,-46,1654781863773020,1654781863773020,
300833b2ddd9014000030008,1,1,3312,-42,1654781863774356,1654781863774356,
300833b2ddd9014000030001,1,1,728,-63,1654781863775674,1654781863775674,
300833b2ddd9014000030002,1,1,300,-48,1654781863778062,1654781863778062,
300833b2ddd9014000030001,1,1,740,-63,1654781863782176,1654781863782176,
300833b2ddd9014000030002,1,1,316,-48,1654781863783760,1654781863783760,
300833b2ddd9014000030009,1,1,2832,-46,1654781863784894,1654781863784894,
300833b2ddd9014000030008,1,1,3312,-42,1654781863785949,1654781863785949,
300833b2ddd9014000030002,1,1,320,-48,1654781863819975,1654781863819975,
300833b2ddd9014000030008,1,1,3292,-42,1654781863821683,1654781863821683,
300833b2ddd9014000030008,1,1,3272,-43,1654781863825873,1654781863825873,
300833b2ddd9014000030001,1,1,676,-62,1654781863827227,1654781863827227,
300833b2ddd9014000030009,1,1,2800,-46,1654781863828581,1654781863828581,
300833b2ddd9014000030002,1,1,268,-48,1654781863829664,1654781863829664,
300833b2ddd9014000030008,1,1,3292,-42,1654781863862640,1654781863862640,
300833b2ddd9014000030001,1,1,580,-60,1654781863864581,1654781863864581,
300833b2ddd9014000030009,1,1,2800,-47,1654781863865932,1654781863865932,
300833b2ddd9014000030002,1,1,284,-48,1654781863867015,1654781863867015,
300833b2ddd9014000030008,1,1,3284,-43,1654781863871971,1654781863871971,
300833b2ddd9014000030001,1,1,624,-60,1654781863873086,1654781863873086,
300833b2ddd9014000030009,1,1,2792,-47,1654781863874285,1654781863874285,
300833b2ddd9014000030002,1,1,272,-48,1654781863875682,1654781863875682,
300833b2ddd9014000030002,1,1,316,-48,1654781863908577,1654781863908577,
300833b2ddd9014000030009,1,1,2780,-47,1654781863910125,1654781863910125,
300833b2ddd9014000030002,1,1,260,-48,1654781863915479,1654781863915479,
300833b2ddd9014000030008,1,1,3304,-43,1654781863916543,1654781863916543,
300833b2ddd9014000030009,1,1,2768,-47,1654781863917898,1654781863917898,
300833b2ddd9014000030001,1,1,632,-59,1654781863919500,1654781863919500,
300833b2ddd9014000030008,1,1,3300,-43,1654781863953583,1654781863953583,
300833b2ddd9014000030002,1,1,288,-48,1654781863954806,1654781863954806,
300833b2ddd9014000030001,1,1,564,-58,1654781863956379,1654781863956379,
300833b2ddd9014000030008,1,1,3296,-42,1654781863961460,1654781863961460,
300833b2ddd9014000030001,1,1,508,-58,1654781863962925,1654781863962925,
300833b2ddd9014000030009,1,1,2728,-47,1654781863964649,1654781863964649,
300833b2ddd9014000030002,1,1,252,-48,1654781863965760,1654781863965760,
300833b2ddd9014000030002,1,1,264,-48,1654781863995854,1654781863995854,
300833b2ddd9014000030009,1,1,2732,-47,1654781863996923,1654781863996923,
300833b2ddd9014000030008,1,1,3300,-43,1654781863998546,1654781863998546,
300833b2ddd9014000030001,1,1,568,-59,1654781864000699,1654781864000699,
300833b2ddd9014000030001,1,1,552,-60,1654781864005024,1654781864005024,
300833b2ddd9014000030002,1,1,272,-48,1654781864006192,1654781864006192,
300833b2ddd9014000030008,1,1,3292,-43,1654781864007290,1654781864007290,
300833b2ddd9014000030009,1,1,2744,-47,1654781864008329,1654781864008329,
300833b2ddd9014000030008,1,1,3304,-42,1654781864039921,1654781864039921,
300833b2ddd9014000030002,1,1,244,-48,1654781864041642,1654781864041642,
300833b2ddd9014000030009,1,1,2728,-47,1654781864042727,1654781864042727,
300833b2ddd9014000030001,1,1,512,-59,1654781864044200,1654781864044200,
300833b2ddd9014000030002,1,1,252,-48,1654781864047212,1654781864047212,
300833b2ddd9014000030008,1,1,3296,-42,1654781864048335,1654781864048335,
300833b2ddd9014000030001,1,1,588,-59,1654781864049710,1654781864049710,
300833b2ddd9014000030009,1,1,2748,-47,1654781864051213,1654781864051213,
300833b2ddd9014000030008,1,1,3288,-42,1654781864082512,1654781864082512,
300833b2ddd9014000030009,1,1,2776,-47,1654781864083565,1654781864083565,
300833b2ddd9014000030002,1,1,260,-48,1654781864085167,1654781864085167,
300833b2ddd9014000030001,1,1,480,-58,1654781864088202,1654781864088202,
300833b2ddd9014000030001,1,1,428,-60,1654781864091434,1654781864091434,
300833b2ddd9014000030008,1,1,3292,-42,1654781864093444,1654781864093444,
300833b2ddd9014000030009,1,1,2772,-47,1654781864097753,1654781864097753,
300833b2ddd9014000030002,1,1,248,-47,1654781864098922,1654781864098922,
300833b2ddd9014000030002,1,1,252,-47,1654781864128841,1654781864128841,
300833b2ddd9014000030008,1,1,3296,-42,1654781864129896,1654781864129896,
300833b2ddd9014000030009,1,1,2756,-46,1654781864130938,1654781864130938,
300833b2ddd9014000030001,1,1,476,-60,1654781864133361,1654781864133361,
300833b2ddd9014000030001,1,1,428,-60,1654781864137503,1654781864137503,
300833b2ddd9014000030008,1,1,3304,-42,1654781864138556,1654781864138556,
300833b2ddd9014000030002,1,1,252,-47,1654781864139853,1654781864139853,
300833b2ddd9014000030009,1,1,2760,-46,1654781864143133,1654781864143133,
300833b2ddd9014000030008,1,1,3304,-42,1654781864174168,1654781864174168,
300833b2ddd9014000030002,1,1,264,-47,1654781864175907,1654781864175907,
300833b2ddd9014000030001,1,1,588,-59,1654781864176938,1654781864176938,
300833b2ddd9014000030009,1,1,2780,-46,1654781864178024,1654781864178024,
300833b2ddd9014000030008,1,1,3308,-43,1654781864181622,1654781864181622,
300833b2ddd9014000030002,1,1,256,-47,1654781864183231,1654781864183231,
300833b2ddd9014000030009,1,1,2768,-46,1654781864184302,1654781864184302,
300833b2ddd9014000030001,1,1,532,-60,1654781864186483,1654781864186483,
300833b2ddd9014000030002,1,1,284,-47,1654781864416085,1654781864416085,
300833b2ddd9014000030008,1,1,3340,-42,1654781864417153,1654781864417153,
300833b2ddd9014000030001,1,1,604,-59,1654781864418200,1654781864418200,
300833b2ddd9014000030009,1,1,2768,-46,1654781864419737,1654781864419737,
300833b2ddd9014000030001,1,1,572,-59,1654781864424596,1654781864424596,
300833b2ddd9014000030008,1,1,3356,-42,1654781864426291,1654781864426291,
300833b2ddd9014000030002,1,1,288,-47,1654781864427587,1654781864427587,
300833b2ddd9014000030009,1,1,2788,-47,1654781864429036,1654781864429036,
300833b2ddd9014000030008,1,1,3352,-42,1654781864459540,1654781864459540,
300833b2ddd9014000030009,1,1,2804,-47,1654781864460768,1654781864460768,
300833b2ddd9014000030001,1,1,564,-59,1654781864462351,1654781864462351,
300833b2ddd9014000030009,1,1,2804,-46,1654781864465922,1654781864465922,
300833b2ddd9014000030002,1,1,312,-47,1654781864467232,1654781864467232,
300833b2ddd9014000030008,1,1,3360,-42,1654781864468513,1654781864468513,
300833b2ddd9014000030001,1,1,560,-59,1654781864469599,1654781864469599,
300833b2ddd9014000030009,1,1,2828,-47,1654781864501937,1654781864501937,
300833b2ddd9014000030008,1,1,3368,-42,1654781864503418,1654781864503418,
300833b2ddd9014000030002,1,1,328,-47,1654781864505126,1654781864505126,
300833b2ddd9014000030001,1,1,544,-59,1654781864506603,1654781864506603,
300833b2ddd9014000030009,1,1,2832,-47,1654781864509600,1654781864509600,
300833b2ddd9014000030002,1,1,340,-47,1654781864510683,1654781864510683,
300833b2ddd9014000030008,1,1,3356,-43,1654781864511767,1654781864511767,
300833b2ddd9014000030001,1,1,588,-59,1654781864514245,1654781864514245,
300833b2ddd9014000030009,1,1,2856,-47,1654781864545095,1654781864545095,
300833b2ddd9014000030008,1,1,3368,-42,1654781864546194,1654781864546194,
300833b2ddd9014000030002,1,1,324,-47,1654781864547293,1654781864547293,
300833b2ddd9014000030001,1,1,608,-59,1654781864548676,1654781864548676,
300833b2ddd9014000030008,1,1,3384,-43,1654781864556085,1654781864556085,
300833b2ddd9014000030009,1,1,2836,-47,1654781864557155,1654781864557155,
300833b2ddd9014000030002,1,1,364,-47,1654781864558722,1654781864558722,
300833b2ddd9014000030001,1,1,568,-59,1654781864560050,1654781864560050,
300833b2ddd9014000030001,1,1,556,-60,1654781864591984,1654781864591984,
300833b2ddd9014000030002,1,1,364,-47,1654781864593068,1654781864593068,
300833b2ddd9014000030008,1,1,3384,-43,1654781864594151,1654781864594151,
300833b2ddd9014000030009,1,1,2856,-47,1654781864595727,1654781864595727,
300833b2ddd9014000030009,1,1,2856,-47,1654781864599907,1654781864599907,
300833b2ddd9014000030002,1,1,356,-48,1654781864601218,1654781864601218,
300833b2ddd9014000030001,1,1,588,-59,1654781864602548,1654781864602548,
300833b2ddd9014000030008,1,1,3384,-43,1654781864603630,1654781864603630,
300833b2ddd9014000030008,1,1,3396,-43,1654781864635392,1654781864635392,
300833b2ddd9014000030009,1,1,2852,-47,1654781864636662,1654781864636662,
300833b2ddd9014000030002,1,1,348,-48,1654781864638712,1654781864638712,
300833b2ddd9014000030001,1,1,540,-59,1654781864640168,1654781864640168,
300833b2ddd9014000030008,1,1,3376,-43,1654781864645211,1654781864645211,
300833b2ddd9014000030001,1,1,576,-59,1654781864646555,1654781864646555,
300833b2ddd9014000030002,1,1,360,-47,1654781864647979,1654781864647979,
300833b2ddd9014000030009,1,1,2860,-47,1654781864649049,1654781864649049,
300833b2ddd9014000030002,1,1,376,-48,1654781864679114,1654781864679114,
300833b2ddd9014000030008,1,1,3380,-43,1654781864680866,1654781864680866,
300833b2ddd9014000030009,1,1,2852,-47,1654781864681964,1654781864681964,
300833b2ddd9014000030001,1,1,544,-59,1654781864683096,1654781864683096,
300833b2ddd9014000030009,1,1,2840,-47,1654781864687442,1654781864687442,
300833b2ddd9014000030002,1,1,364,-47,1654781864688611,1654781864688611,
300833b2ddd9014000030008,1,1,3388,-43,1654781864689668,1654781864689668,
300833b2ddd9014000030001,1,1,452,-59,1654781864690772,1654781864690772,
300833b2ddd9014000030001,1,1,492,-58,1654781864721379,1654781864721379,
300833b2ddd9014000030009,1,1,2860,-47,1654781864722720,1654781864722720,
300833b2ddd9014000030002,1,1,352,-48,1654781864723987,1654781864723987,
300833b2ddd9014000030008,1,1,3368,-43,1654781864725297,1654781864725297,
300833b2ddd9014000030002,1,1,356,-48,1654781864730321,1654781864730321,
300833b2ddd9014000030009,1,1,2848,-48,1654781864732287,1654781864732287,
300833b2ddd9014000030008,1,1,3388,-43,1654781864733325,1654781864733325,
300833b2ddd9014000030001,1,1,428,-58,1654781864734773,1654781864734773,
300833b2ddd9014000030008,1,1,3376,-43,1654781864764436,1654781864764436,
300833b2ddd9014000030002,1,1,328,-47,1654781864765776,1654781864765776,
300833b2ddd9014000030009,1,1,2836,-47,1654781864766817,1654781864766817,
300833b2ddd9014000030001,1,1,456,-58,1654781864769521,1654781864769521,
300833b2ddd9014000030009,1,1,2812,-47,1654781864773168,1654781864773168,
300833b2ddd9014000030008,1,1,3368,-43,1654781864775120,1654781864775120,
300833b2ddd9014000030002,1,1,336,-47,1654781864776672,1654781864776672,
300833b2ddd9014000030001,1,1,380,-58,1654781864777874,1654781864777874,
300833b2ddd9014000030009,1,1,2788,-47,1654781864807858,1654781864807858,
300833b2ddd9014000030008,1,1,3372,-42,1654781864808967,1654781864808967,
300833b2ddd9014000030002,1,1,324,-47,1654781864810535,1654781864810535,
300833b2ddd9014000030001,1,1,444,-58,1654781864812090,1654781864812090,
300833b2ddd9014000030008,1,1,3360,-42,1654781864816335,1654781864816335,
300833b2ddd9014000030009,1,1,2776,-48,1654781864818541,1654781864818541,
300833b2ddd9014000030002,1,1,320,-47,1654781864819621,1654781864819621,
300833b2ddd9014000030001,1,1,372,-59,1654781864820742,1654781864820742,
300833b2ddd9014000030002,1,1,288,-47,1654781864851301,1654781864851301,
300833b2ddd9014000030001,1,1,384,-58,1654781864852670,1654781864852670,
300833b2ddd9014000030008,1,1,3356,-42,1654781864853764,1654781864853764,
300833b2ddd9014000030009,1,1,2760,-47,1654781864854865,1654781864854865,
300833b2ddd9014000030009,1,1,2752,-47,1654781864859572,1654781864859572,
300833b2ddd9014000030002,1,1,284,-47,1654781864860671,1654781864860671,
300833b2ddd9014000030008,1,1,3356,-42,1654781864862237,1654781864862237,
300833b2ddd9014000030001,1,1,396,-58,1654781864863293,1654781864863293,
300833b2ddd9014000030008,1,1,3340,-42,1654781864894926,1654781864894926,
300833b2ddd9014000030001,1,1,340,-59,1654781864897097,1654781864897097,
300833b2ddd9014000030002,1,1,268,-47,1654781864898224,1654781864898224,
300833b2ddd9014000030009,1,1,2768,-47,1654781864899322,1654781864899322,
300833b2ddd9014000030008,1,1,3332,-42,1654781864908702,1654781864908702,
300833b2ddd9014000030002,1,1,264,-47,1654781864909814,1654781864909814,
300833b2ddd9014000030009,1,1,2752,-47,1654781864911663,1654781864911663,
300833b2ddd9014000030001,1,1,400,-59,1654781864913616,1654781864913616,
300833b2ddd9014000030002,1,1,232,-47,1654781864944203,1654781864944203,
300833b2ddd9014000030009,1,1,2772,-47,1654781864946405,1654781864946405,
300833b2ddd9014000030008,1,1,3312,-42,1654781864947478,1654781864947478,
300833b2ddd9014000030001,1,1,392,-59,1654781864948582,1654781864948582,
300833b2ddd9014000030009,1,1,2796,-47,1654781864952730,1654781864952730,
300833b2ddd9014000030008,1,1,3312,-42,1654781864954168,1654781864954168,
300833b2ddd9014000030002,1,1,248,-47,1654781864955506,1654781864955506,
300833b2ddd9014000030001,1,1,324,-60,1654781864956979,1654781864956979,
300833b2ddd9014000030002,1,1,228,-47,1654781864986832,1654781864986832,
300833b2ddd9014000030009,1,1,2812,-47,1654781864988158,1654781864988158,
300833b2ddd9014000030008,1,1,3312,-42,1654781864989509,1654781864989509,
300833b2ddd9014000030001,1,1,372,-60,1654781864990829,1654781864990829,
300833b2ddd9014000030001,1,1,372,-61,1654781864995357,1654781864995357,
300833b2ddd9014000030008,1,1,3300,-42,1654781864996704,1654781864996704,
300833b2ddd9014000030009,1,1,2792,-47,1654781864998885,1654781864998885,
300833b2ddd9014000030002,1,1,228,-47,1654781864999939,1654781864999939,
300833b2ddd9014000030008,1,1,3288,-42,1654781865032571,1654781865032571,
300833b2ddd9014000030009,1,1,2792,-47,1654781865033881,1654781865033881,
300833b2ddd9014000030001,1,1,592,-62,1654781865034941,1654781865034941,
300833b2ddd9014000030002,1,1,176,-48,1654781865035996,1654781865035996,
300833b2ddd9014000030002,1,1,172,-48,1654781865040885,1654781865040885,
300833b2ddd9014000030008,1,1,3280,-42,1654781865041953,1654781865041953,
300833b2ddd9014000030009,1,1,2784,-46,1654781865044032,1654781865044032,
300833b2ddd9014000030001,1,1,780,-63,1654781865046331,1654781865046331,
300833b2ddd9014000030008,1,1,3268,-43,1654781865078035,1654781865078035,
300833b2ddd9014000030002,1,1,188,-48,1654781865079370,1654781865079370,
300833b2ddd9014000030001,1,1,1056,-62,1654781865080462,1654781865080462,
300833b2ddd9014000030009,1,1,2736,-46,1654781865081786,1654781865081786,
300833b2ddd9014000030001,1,1,1120,-62,1654781865086293,1654781865086293,
300833b2ddd9014000030008,1,1,3276,-43,1654781865087377,1654781865087377,
300833b2ddd9014000030002,1,1,168,-48,1654781865089395,1654781865089395,
300833b2ddd9014000030009,1,1,2708,-46,1654781865091091,1654781865091091,
300833b2ddd9014000030002,1,1,156,-48,1654781865122647,1654781865122647,
300833b2ddd9014000030009,1,1,2676,-46,1654781865123717,1654781865123717,
300833b2ddd9014000030001,1,1,1344,-59,1654781865125042,1654781865125042,
300833b2ddd9014000030008,1,1,3276,-43,1654781865126100,1654781865126100,
300833b2ddd9014000030009,1,1,2636,-46,1654781865130596,1654781865130596,
300833b2ddd9014000030001,1,1,1424,-58,1654781865131695,1654781865131695,
300833b2ddd9014000030008,1,1,3260,-43,1654781865132839,1654781865132839,
300833b2ddd9014000030002,1,1,156,-48,1654781865135765,1654781865135765,
300833b2ddd9014000030002,1,1,172,-49,1654781865167075,1654781865167075,
300833b2ddd9014000030008,1,1,3256,-44,1654781865168811,1654781865168811,
300833b2ddd9014000030001,1,1,1568,-55,1654781865169885,1654781865169885,
300833b2ddd9014000030009,1,1,2588,-45,1654781865171324,1654781865171324,
300833b2ddd9014000030001,1,1,1540,-55,1654781865174617,1654781865174617,
300833b2ddd9014000030008,1,1,3260,-44,1654781865176339,1654781865176339,
300833b2ddd9014000030002,1,1,172,-49,1654781865178035,1654781865178035,
300833b2ddd9014000030009,1,1,2576,-45,1654781865179089,1654781865179089,
300833b2ddd9014000030008,1,1,3264,-45,1654781865209625,1654781865209625,
300833b2ddd9014000030002,1,1,252,-50,1654781865210854,1654781865210854,
300833b2ddd9014000030009,1,1,2548,-45,1654781865212164,1654781865212164,
300833b2ddd9014000030001,1,1,1628,-52,1654781865213866,1654781865213866,
300833b2ddd9014000030009,1,1,2556,-45,1654781865216833,1654781865216833,
300833b2ddd9014000030002,1,1,260,-50,1654781865217919,1654781865217919,
300833b2ddd9014000030008,1,1,3276,-44,1654781865219425,1654781865219425,
300833b2ddd9014000030001,1,1,1544,-52,1654781865220736,1654781865220736,
300833b2ddd9014000030009,1,1,2580,-45,1654781865251871,1654781865251871,
300833b2ddd9014000030001,1,1,1564,-50,1654781865252989,1654781865252989,
300833b2ddd9014000030008,1,1,3284,-45,1654781865254044,1654781865254044,
300833b2ddd9014000030002,1,1,376,-51,1654781865257330,1654781865257330,
300833b2ddd9014000030002,1,1,380,-51,1654781865260537,1654781865260537,
300833b2ddd9014000030008,1,1,3300,-45,1654781865262246,1654781865262246,
300833b2ddd9014000030001,1,1,1560,-50,1654781865263276,1654781865263276,
300833b2ddd9014000030009,1,1,2548,-45,1654781865264360,1654781865264360,
300833b2ddd9014000030008,1,1,3392,-46,1654781865301611,1654781865301611,
300833b2ddd9014000030001,1,1,1500,-49,1654781865302813,1654781865302813,
300833b2ddd9014000030009,1,1,2568,-45,1654781865304424,1654781865304424,
300833b2ddd9014000030002,1,1,576,-52,1654781865305890,1654781865305890,
300833b2ddd9014000030008,1,1,3428,-46,1654781865308962,1654781865308962,
300833b2ddd9014000030001,1,1,1476,-49,1654781865310289,1654781865310289,
300833b2ddd9014000030009,1,1,2596,-45,1654781865312129,1654781865312129,
300833b2ddd9014000030002,1,1,636,-53,1654781865313626,1654781865313626,
300833b2ddd9014000030001,1,1,1404,-48,1654781865349800,1654781865349800,
300833b2ddd9014000030009,1,1,2624,-46,1654781865350869,1654781865350869,
300833b2ddd9014000030008,1,1,3488,-47,1654781865351952,1654781865351952,
300833b2ddd9014000030002,1,1,768,-53,1654781865353421,1654781865353421,
300833b2ddd9014000030009,1,1,2664,-46,1654781865383675,1654781865383675,
300833b2ddd9014000030002,1,1,864,-53,1654781865384985,1654781865384985,
300833b2ddd9014000030001,1,1,1348,-48,1654781865386073,1654781865386073,
300833b2ddd9014000030008,1,1,3552,-47,1654781865387355,1654781865387355,
300833b2ddd9014000030008,1,1,3568,-47,1654781865392097,1654781865392097,
300833b2ddd9014000030009,1,1,2672,-45,1654781865393508,1654781865393508,
300833b2ddd9014000030002,1,1,912,-53,1654781865394602,1654781865394602,
300833b2ddd9014000030001,1,1,1336,-48,1654781865396173,1654781865396173,
300833b2ddd9014000030009,1,1,2708,-45,1654781865428196,1654781865428196,
300833b2ddd9014000030008,1,1,3612,-47,1654781865429682,1654781865429682,
300833b2ddd9014000030002,1,1,964,-52,1654781865431407,1654781865431407,
300833b2ddd9014000030001,1,1,1292,-48,1654781865434405,1654781865434405,
300833b2ddd9014000030002,1,1,996,-52,1654781865436369,1654781865436369,
300833b2ddd9014000030008,1,1,3656,-47,1654781865437681,1654781865437681,
300833b2ddd9014000030009,1,1,2700,-45,1654781865439133,1654781865439133,
300833b2ddd9014000030009,1,1,2716,-46,1654781865469192,1654781865469192,
300833b2ddd9014000030001,1,1,1264,-49,1654781865471161,1654781865471161,
300833b2ddd9014000030002,1,1,984,-52,1654781865472796,1654781865472796,
300833b2ddd9014000030002,1,1,1008,-51,1654781865476346,1654781865476346,
300833b2ddd9014000030008,1,1,3656,-46,1654781865477657,1654781865477657,
300833b2ddd9014000030009,1,1,2736,-45,1654781865479012,1654781865479012,
300833b2ddd9014000030001,1,1,1276,-49,1654781865480099,1654781865480099,
300833b2ddd9014000030009,1,1,2740,-45,1654781865511809,1654781865511809,
300833b2ddd9014000030008,1,1,3652,-46,1654781865513999,1654781865513999,
300833b2ddd9014000030002,1,1,976,-51,1654781865516634,1654781865516634,
300833b2ddd9014000030001,1,1,1256,-49,1654781865517721,1654781865517721,
300833b2ddd9014000030001,1,1,1264,-49,1654781865520483,1654781865520483,
300833b2ddd9014000030009,1,1,2752,-45,1654781865521766,1654781865521766,
300833b2ddd9014000030008,1,1,3648,-46,1654781865523076,1654781865523076,
300833b2ddd9014000030002,1,1,1020,-51,1654781865524996,1654781865524996,
300833b2ddd9014000030002,1,1,952,-51,1654781865556358,1654781865556358,
300833b2ddd9014000030008,1,1,3656,-46,1654781865558049,1654781865558049,
300833b2ddd9014000030009,1,1,2760,-45,1654781865559406,1654781865559406,
300833b2ddd9014000030001,1,1,1256,-50,1654781865561134,1654781865561134,
300833b2ddd9014000030001,1,1,1232,-50,1654781865564149,1654781865564149,
300833b2ddd9014000030008,1,1,3664,-46,1654781865566110,1654781865566110,
300833b2ddd9014000030009,1,1,2744,-45,1654781865567167,1654781865567167,
300833b2ddd9014000030002,1,1,940,-51,1654781865568834,1654781865568834,
300833b2ddd9014000030002,1,1,944,-50,1654781865598645,1654781865598645,
300833b2ddd9014000030001,1,1,1300,-51,1654781865599940,1654781865599940,
300833b2ddd9014000030008,1,1,3684,-45,1654781865602825,1654781865602825,
300833b2ddd9014000030009,1,1,2748,-45,1654781865603911,1654781865603911,
300833b2ddd9014000030009,1,1,2740,-45,1654781865607326,1654781865607326,
300833b2ddd9014000030001,1,1,1312,-51,1654781865608401,1654781865608401,
300833b2ddd9014000030008,1,1,3716,-45,1654781865610222,1654781865610222,
300833b2ddd9014000030002,1,1,924,-50,1654781865611263,1654781865611263,
300833b2ddd9014000030009,1,1,2748,-45,1654781865642691,1654781865642691,
300833b2ddd9014000030008,1,1,3676,-45,1654781865644254,1654781865644254,
300833b2ddd9014000030002,1,1,932,-50,1654781865645324,1654781865645324,
300833b2ddd9014000030001,1,1,1332,-51,1654781865646397,1654781865646397,
300833b2ddd9014000030001,1,1,1324,-51,1654781865651103,1654781865651103,
300833b2ddd9014000030002,1,1,920,-50,1654781865652669,1654781865652669,
300833b2ddd9014000030009,1,1,2740,-45,1654781865653725,1654781865653725,
300833b2ddd9014000030008,1,1,3684,-45,1654781865655050,1654781865655050,
300833b2ddd9014000030002,1,1,920,-50,1654781865686950,1654781865686950,
300833b2ddd9014000030001,1,1,1356,-51,1654781865688394,1654781865688394,
300833b2ddd9014000030008,1,1,3680,-45,1654781865689478,1654781865689478,
300833b2ddd9014000030009,1,1,2744,-45,1654781865690818,1654781865690818,
300833b2ddd9014000030008,1,1,3692,-45,1654781865694887,1654781865694887,
300833b2ddd9014000030009,1,1,2764,-45,1654781865696116,1654781865696116,
300833b2ddd9014000030001,1,1,1356,-51,1654781865697216,1654781865697216,
300833b2ddd9014000030002,1,1,916,-50,1654781865698329,1654781865698329,
300833b2ddd9014000030008,1,1,3672,-45,1654781865729020,1654781865729020,
300833b2ddd9014000030002,1,1,948,-50,1654781865730104,1654781865730104,
300833b2ddd9014000030009,1,1,2776,-45,1654781865732351,1654781865732351,
300833b2ddd9014000030001,1,1,1380,-51,1654781865734064,1654781865734064,
300833b2ddd9014000030009,1,1,2772,-45,1654781865738758,1654781865738758,
300833b2ddd9014000030002,1,1,928,-50,1654781865740152,1654781865740152,
300833b2ddd9014000030008,1,1,3692,-45,1654781865741196,1654781865741196,
300833b2ddd9014000030001,1,1,1388,-51,1654781865742627,1654781865742627,
300833b2ddd9014000030002,1,1,916,-50,1654781865773173,1654781865773173,
300833b2ddd9014000030009,1,1,2788,-45,1654781865774343,1654781865774343,
300833b2ddd9014000030008,1,1,3684,-45,1654781865775426,1654781865775426,
300833b2ddd9014000030001,1,1,1368,-51,1654781865777337,1654781865777337,
300833b2ddd9014000030001,1,1,1392,-51,1654781865780833,1654781865780833,
300833b2ddd9014000030008,1,1,3692,-45,1654781865782058,1654781865782058,
300833b2ddd9014000030002,1,1,924,-50,1654781865783156,1654781865783156,
300833b2ddd9014000030009,1,1,2768,-45,1654781865784494,1654781865784494,
300833b2ddd9014000030009,1,1,2772,-45,1654781865814828,1654781865814828,
300833b2ddd9014000030008,1,1,3680,-45,1654781865815909,1654781865815909,
300833b2ddd9014000030001,1,1,1348,-51,1654781865817255,1654781865817255,
300833b2ddd9014000030002,1,1,904,-50,1654781865819019,1654781865819019,
300833b2ddd9014000030009,1,1,2768,-45,1654781865823238,1654781865823238,
300833b2ddd9014000030008,1,1,3684,-45,1654781865824779,1654781865824779,
300833b2ddd9014000030001,1,1,1336,-51,1654781865826179,1654781865826179,
300833b2ddd9014000030002,1,1,976,-50,1654781865828101,1654781865828101,
300833b2ddd9014000030001,1,1,1352,-51,1654781865858996,1654781865858996,
300833b2ddd9014000030002,1,1,916,-50,1654781865860318,1654781865860318,
300833b2ddd9014000030008,1,1,3672,-45,1654781865861390,1654781865861390,
300833b2ddd9014000030009,1,1,2776,-45,1654781865862730,1654781865862730,
300833b2ddd9014000030001,1,1,1352,-51,1654781865867943,1654781865867943,
300833b2ddd9014000030009,1,1,2788,-45,1654781865869383,1654781865869383,
300833b2ddd9014000030008,1,1,3688,-45,1654781865870439,1654781865870439,
300833b2ddd9014000030002,1,1,928,-50,1654781865872104,1654781865872104,
300833b2ddd9014000030002,1,1,936,-50,1654781865902570,1654781865902570,
300833b2ddd9014000030008,1,1,3668,-45,1654781865903651,1654781865903651,
300833b2ddd9014000030001,1,1,1340,-51,1654781865904711,1654781865904711,
300833b2ddd9014000030009,1,1,2772,-45,1654781865906294,1654781865906294,
300833b2ddd9014000030009,1,1,2756,-45,1654781865910470,1654781865910470,
300833b2ddd9014000030001,1,1,1344,-51,1654781865911585,1654781865911585,
300833b2ddd9014000030008,1,1,3664,-45,1654781865912949,1654781865912949,
300833b2ddd9014000030002,1,1,936,-50,1654781865915100,1654781865915100,
300833b2ddd9014000030008,1,1,3664,-45,1654781865946138,1654781865946138,
300833b2ddd9014000030009,1,1,2764,-45,1654781865947224,1654781865947224,
300833b2ddd9014000030002,1,1,900,-50,1654781865949242,1654781865949242,
300833b2ddd9014000030001,1,1,1352,-51,1654781865950700,1654781865950700,
300833b2ddd9014000030008,1,1,3660,-45,1654781865954925,1654781865954925,
300833b2ddd9014000030009,1,1,2760,-45,1654781865957101,1654781865957101,
300833b2ddd9014000030001,1,1,1348,-51,1654781865958187,1654781865958187,
300833b2ddd9014000030002,1,1,908,-50,1654781865959243,1654781865959243,
300833b2ddd9014000030001,1,1,1320,-51,1654781865989592,1654781865989592,
300833b2ddd9014000030009,1,1,2776,-45,1654781865991516,1654781865991516,
300833b2ddd9014000030002,1,1,940,-50,1654781865995507,1654781865995507,
300833b2ddd9014000030008,1,1,3652,-46,1654781865996603,1654781865996603,
300833b2ddd9014000030009,1,1,2772,-45,1654781865997914,1654781865997914,
300833b2ddd9014000030001,1,1,1328,-51,1654781866000107,1654781866000107,
300833b2ddd9014000030002,1,1,968,-50,1654781866031727,1654781866031727,
300833b2ddd9014000030001,1,1,1300,-51,1654781866033155,1654781866033155,
300833b2ddd9014000030009,1,1,2768,-45,1654781866034482,1654781866034482,
300833b2ddd9014000030008,1,1,3632,-46,1654781866038483,1654781866038483,
300833b2ddd9014000030002,1,1,924,-51,1654781866039909,1654781866039909,
300833b2ddd9014000030009,1,1,2768,-45,1654781866041022,1654781866041022,
300833b2ddd9014000030001,1,1,1368,-51,1654781866042111,1654781866042111,
300833b2ddd9014000030008,1,1,3848,-43,1654781866072667,1654781866072667,
300833b2ddd9014000030001,1,1,1312,-51,1654781866074548,1654781866074548,
300833b2ddd9014000030009,1,1,2784,-45,1654781866075817,1654781866075817,
300833b2ddd9014000030001,1,1,1312,-51,1654781866079674,1654781866079674,
300833b2ddd9014000030002,1,1,972,-50,1654781866080730,1654781866080730,
300833b2ddd9014000030008,1,1,3660,-46,1654781866082080,1654781866082080,
300833b2ddd9014000030009,1,1,2796,-45,1654781866084316,1654781866084316,
300833b2ddd9014000030009,1,1,2792,-45,1654781866115429,1654781866115429,
300833b2ddd9014000030008,1,1,3648,-45,1654781866116723,1654781866116723,
300833b2ddd9014000030002,1,1,944,-50,1654781866117823,1654781866117823,
300833b2ddd9014000030001,1,1,1304,-51,1654781866119422,1654781866119422,
300833b2ddd9014000030008,1,1,3640,-46,1654781866124185,1654781866124185,
300833b2ddd9014000030001,1,1,1300,-51,1654781866125720,1654781866125720,
300833b2ddd9014000030009,1,1,2796,-45,1654781866127313,1654781866127313,
300833b2ddd9014000030002,1,1,976,-50,1654781866128752,1654781866128752,
300833b2ddd9014000030009,1,1,2780,-45,1654781866160323,1654781866160323,
300833b2ddd9014000030001,1,1,1344,-51,1654781866161352,1654781866161352,
300833b2ddd9014000030009,1,1,2776,-45,1654781866164665,1654781866164665,
300833b2ddd9014000030001,1,1,1260,-51,1654781866166248,1654781866166248,
300833b2ddd9014000030008,1,1,3652,-46,1654781866167316,1654781866167316,
300833b2ddd9014000030002,1,1,904,-50,1654781866200412,1654781866200412,
300833b2ddd9014000030009,1,1,2756,-45,1654781866201538,1654781866201538,
300833b2ddd9014000030001,1,1,1320,-51,1654781866202638,1654781866202638,
300833b2ddd9014000030001,1,1,1328,-51,1654781866206161,1654781866206161,
300833b2ddd9014000030009,1,1,2792,-45,1654781866207488,1654781866207488,
300833b2ddd9014000030008,1,1,3652,-45,1654781866208868,1654781866208868,
300833b2ddd9014000030002,1,1,972,-50,1654781866211906,1654781866211906,
300833b2ddd9014000030009,1,1,2752,-45,1654781866241509,1654781866241509,
300833b2ddd9014000030008,1,1,3652,-45,1654781866243681,1654781866243681,
300833b2ddd9014000030001,1,1,1320,-51,1654781866244815,1654781866244815,
300833b2ddd9014000030002,1,1,960,-51,1654781866245883,1654781866245883,
300833b2ddd9014000030001,1,1,1316,-51,1654781866250363,1654781866250363,
300833b2ddd9014000030008,1,1,3660,-45,1654781866251389,1654781866251389,
300833b2ddd9014000030002,1,1,976,-50,1654781866252516,1654781866252516,
300833b2ddd9014000030009,1,1,2756,-45,1654781866253586,1654781866253586,
300833b2ddd9014000030002,1,1,944,-51,1654781866284167,1654781866284167,
300833b2ddd9014000030001,1,1,1336,-51,1654781866285212,1654781866285212,
300833b2ddd9014000030009,1,1,2764,-45,1654781866286552,1654781866286552,
300833b2ddd9014000030008,1,1,3648,-45,1654781866287661,1654781866287661,
300833b2ddd9014000030008,1,1,3664,-45,1654781866293058,1654781866293058,
300833b2ddd9014000030009,1,1,2768,-45,1654781866294301,1654781866294301,
300833b2ddd9014000030002,1,1,960,-51,1654781866295909,1654781866295909,
300833b2ddd9014000030001,1,1,1316,-51,1654781866297434,1654781866297434,
300833b2ddd9014000030002,1,1,928,-51,1654781866327771,1654781866327771,
300833b2ddd9014000030008,1,1,3652,-46,1654781866329437,1654781866329437,
300833b2ddd9014000030001,1,1,1328,-51,1654781866330582,1654781866330582,
300833b2ddd9014000030009,1,1,2768,-45,1654781866332278,1654781866332278,
300833b2ddd9014000030002,1,1,928,-51,1654781866335294,1654781866335294,
300833b2ddd9014000030008,1,1,3656,-46,1654781866337006,1654781866337006,
300833b2ddd9014000030009,1,1,2756,-45,1654781866338332,1654781866338332,
300833b2ddd9014000030001,1,1,1324,-51,1654781866340043,1654781866340043,
300833b2ddd9014000030008,1,1,3660,-45,1654781866369949,1654781866369949,
300833b2ddd9014000030009,1,1,2768,-45,1654781866371049,1654781866371049,
300833b2ddd9014000030002,1,1,896,-50,1654781866372884,1654781866372884,
300833b2ddd9014000030001,1,1,1348,-51,1654781866374226,1654781866374226,
300833b2ddd9014000030002,1,1,924,-50,1654781866378657,1654781866378657,
300833b2ddd9014000030008,1,1,3680,-45,1654781866380209,1654781866380209,
300833b2ddd9014000030009,1,1,2768,-45,1654781866381718,1654781866381718,
300833b2ddd9014000030001,1,1,1332,-51,1654781866383189,1654781866383189,
300833b2ddd9014000030009,1,1,2768,-45,1654781866415065,1654781866415065,
300833b2ddd9014000030001,1,1,1316,-51,1654781866416081,1654781866416081,
300833b2ddd9014000030002,1,1,908,-50,1654781866417222,1654781866417222,
300833b2ddd9014000030008,1,1,3692,-45,1654781866419029,1654781866419029,
300833b2ddd9014000030009,1,1,2760,-45,1654781866423592,1654781866423592,
300833b2ddd9014000030002,1,1,924,-50,1654781866424646,1654781866424646,
300833b2ddd9014000030008,1,1,3660,-45,1654781866425714,1654781866425714,
300833b2ddd9014000030001,1,1,1336,-51,1654781866427045,1654781866427045,
300833b2ddd9014000030009,1,1,2772,-45,1654781866459397,1654781866459397,
300833b2ddd9014000030001,1,1,1352,-51,1654781866461294,1654781866461294,
300833b2ddd9014000030008,1,1,3660,-45,1654781866462601,1654781866462601,
300833b2ddd9014000030002,1,1,940,-51,1654781866463687,1654781866463687,
300833b2ddd9014000030008,1,1,3664,-45,1654781866467158,1654781866467158,
300833b2ddd9014000030001,1,1,1344,-51,1654781866469769,1654781866469769,
300833b2ddd9014000030009,1,1,2756,-45,1654781866471351,1654781866471351,
300833b2ddd9014000030002,1,1,928,-50,1654781866473016,1654781866473016,
300833b2ddd9014000030008,1,1,3660,-45,1654781866506978,1654781866506978,
300833b2ddd9014000030002,1,1,940,-51,1654781866508898,1654781866508898,
300833b2ddd9014000030009,1,1,2748,-45,1654781866510245,1654781866510245,
300833b2ddd9014000030001,1,1,1308,-51,1654781866511702,1654781866511702,
300833b2ddd9014000030001,1,1,1348,-51,1654781866514530,1654781866514530,
300833b2ddd9014000030002,1,1,936,-50,1654781866515584,1654781866515584,
300833b2ddd9014000030009,1,1,2756,-45,1654781866516882,1654781866516882,
300833b2ddd9014000030008,1,1,3668,-45,1654781866518699,1654781866518699,
300833b2ddd9014000030009,1,1,2760,-45,1654781866551977,1654781866551977,
300833b2ddd9014000030001,1,1,1328,-51,1654781866553107,1654781866553107,
300833b2ddd9014000030008,1,1,3672,-45,1654781866554897,1654781866554897,
300833b2ddd9014000030002,1,1,940,-51,1654781866556236,1654781866556236,
300833b2ddd9014000030009,1,1,2744,-45,1654781866560551,1654781866560551,
300833b2ddd9014000030002,1,1,948,-50,1654781866561635,1654781866561635,
300833b2ddd9014000030001,1,1,1360,-51,1654781866563218,1654781866563218,
300833b2ddd9014000030008,1,1,3672,-45,1654781866564273,1654781866564273,
300833b2ddd9014000030009,1,1,2756,-45,1654781866596064,1654781866596064,
300833b2ddd9014000030008,1,1,3672,-45,1654781866597627,1654781866597627,
300833b2ddd9014000030002,1,1,924,-50,1654781866599377,1654781866599377,
300833b2ddd9014000030001,1,1,1352,-51,1654781866601593,1654781866601593,
300833b2ddd9014000030002,1,1,928,-50,1654781866606889,1654781866606889,
300833b2ddd9014000030008,1,1,3672,-45,1654781866608004,1654781866608004,
300833b2ddd9014000030009,1,1,2752,-45,1654781866609601,1654781866609601,
300833b2ddd9014000030001,1,1,1336,-51,1654781866610686,1654781866610686,
300833b2ddd9014000030009,1,1,2752,-45,1654781866641855,1654781866641855,
300833b2ddd9014000030008,1,1,3668,-45,1654781866643390,1654781866643390,
300833b2ddd9014000030001,1,1,1344,-51,1654781866644407,1654781866644407,
300833b2ddd9014000030002,1,1,932,-50,1654781866645973,1654781866645973,
300833b2ddd9014000030002,1,1,932,-50,1654781866650676,1654781866650676,
300833b2ddd9014000030008,1,1,3660,-45,1654781866651775,1654781866651775,
300833b2ddd9014000030001,1,1,1308,-51,1654781866653075,1654781866653075,
300833b2ddd9014000030009,1,1,2736,-45,1654781866654388,1654781866654388,
300833b2ddd9014000030008,1,1,3680,-45,1654781866685727,1654781866685727,
300833b2ddd9014000030002,1,1,928,-50,1654781866686795,1654781866686795,
300833b2ddd9014000030009,1,1,2744,-45,1654781866688164,1654781866688164,
300833b2ddd9014000030001,1,1,1320,-51,1654781866689279,1654781866689279,
300833b2ddd9014000030008,1,1,3644,-45,1654781866694612,1654781866694612,
300833b2ddd9014000030002,1,1,900,-50,1654781866695740,1654781866695740,
300833b2ddd9014000030009,1,1,2744,-45,1654781866696853,1654781866696853,
300833b2ddd9014000030001,1,1,1320,-51,1654781866700081,1654781866700081,
300833b2ddd9014000030009,1,1,2752,-45,1654781866730549,1654781866730549,
300833b2ddd9014000030008,1,1,3664,-45,1654781866731775,1654781866731775,
300833b2ddd9014000030002,1,1,936,-50,1654781866733074,1654781866733074,
300833b2ddd9014000030001,1,1,1316,-51,1654781866734120,1654781866734120,
300833b2ddd9014000030008,1,1,3664,-45,1654781866737509,1654781866737509,
300833b2ddd9014000030001,1,1,1352,-51,1654781866738822,1654781866738822,
300833b2ddd9014000030009,1,1,2760,-45,1654781866739892,1654781866739892,
300833b2ddd9014000030002,1,1,900,-50,1654781866740990,1654781866740990,
300833b2ddd9014000030008,1,1,3656,-45,1654781866773168,1654781866773168,
300833b2ddd9014000030002,1,1,924,-50,1654781866774221,1654781866774221,
300833b2ddd9014000030009,1,1,2744,-45,1654781866775548,1654781866775548,
300833b2ddd9014000030001,1,1,1336,-51,1654781866776891,1654781866776891,
300833b2ddd9014000030009,1,1,2752,-45,1654781866781395,1654781866781395,
300833b2ddd9014000030001,1,1,1364,-51,1654781866782723,1654781866782723,
300833b2ddd9014000030002,1,1,900,-50,1654781866784274,1654781866784274,
300833b2ddd9014000030008,1,1,3644,-45,1654781866785358,1654781866785358,
300833b2ddd9014000030009,1,1,2740,-45,1654781866818055,1654781866818055,
300833b2ddd9014000030008,1,1,3652,-45,1654781866819363,1654781866819363,
300833b2ddd9014000030002,1,1,892,-50,1654781866820447,1654781866820447,
300833b2ddd9014000030001,1,1,1372,-51,1654781866821862,1654781866821862,
300833b2ddd9014000030001,1,1,1336,-51,1654781866826363,1654781866826363,
300833b2ddd9014000030009,1,1,2748,-45,1654781866828246,1654781866828246,
300833b2ddd9014000030002,1,1,892,-50,1654781866829328,1654781866829328,
300833b2ddd9014000030008,1,1,3668,-45,1654781866830441,1654781866830441,
300833b2ddd9014000030001,1,1,1348,-51,1654781866862483,1654781866862483,
300833b2ddd9014000030009,1,1,2736,-45,1654781866863653,1654781866863653,
300833b2ddd9014000030008,1,1,3664,-45,1654781866864962,1654781866864962,
300833b2ddd9014000030002,1,1,904,-50,1654781866866088,1654781866866088,
300833b2ddd9014000030009,1,1,2736,-45,1654781866870822,1654781866870822,
300833b2ddd9014000030008,1,1,3660,-45,1654781866871878,1654781866871878,
300833b2ddd9014000030002,1,1,912,-50,1654781866873429,1654781866873429,
300833b2ddd9014000030001,1,1,1408,-51,1654781866876316,1654781866876316,
300833b2ddd9014000030002,1,1,908,-50,1654781866906765,1654781866906765,
300833b2ddd9014000030009,1,1,2740,-45,1654781866908459,1654781866908459,
300833b2ddd9014000030008,1,1,3644,-45,1654781866909768,1654781866909768,
300833b2ddd9014000030001,1,1,1348,-51,1654781866911224,1654781866911224,
300833b2ddd9014000030009,1,1,2740,-45,1654781866914052,1654781866914052,
300833b2ddd9014000030008,1,1,3640,-45,1654781866915588,1654781866915588,
300833b2ddd9014000030002,1,1,900,-50,1654781866917381,1654781866917381,
300833b2ddd9014000030001,1,1,1364,-51,1654781866918555,1654781866918555,
300833b2ddd9014000030001,1,1,1348,-51,1654781866949714,1654781866949714,
300833b2ddd9014000030002,1,1,888,-50,1654781866950826,1654781866950826,
300833b2ddd9014000030008,1,1,3648,-45,1654781866952365,1654781866952365,
300833b2ddd9014000030009,1,1,2764,-45,1654781866953717,1654781866953717,
300833b2ddd9014000030009,1,1,2752,-45,1654781866958942,1654781866958942,
300833b2ddd9014000030002,1,1,916,-50,1654781866960394,1654781866960394,
300833b2ddd9014000030008,1,1,3656,-45,1654781866961520,1654781866961520,
300833b2ddd9014000030001,1,1,1376,-51,1654781866962579,1654781866962579,
300833b2ddd9014000030009,1,1,2736,-45,1654781866993411,1654781866993411,
300833b2ddd9014000030002,1,1,916,-50,1654781866995138,1654781866995138,
300833b2ddd9014000030008,1,1,3644,-45,1654781866996248,1654781866996248,
300833b2ddd9014000030001,1,1,1360,-51,1654781866997990,1654781866997990,
300833b2ddd9014000030002,1,1,908,-50,1654781867000876,1654781867000876,
300833b2ddd9014000030009,1,1,2768,-45,1654781867001946,1654781867001946,
300833b2ddd9014000030008,1,1,3656,-45,1654781867004250,1654781867004250,
300833b2ddd9014000030001,1,1,1360,-51,1654781867005722,1654781867005722,
300833b2ddd9014000030009,1,1,2772,-45,1654781867038065,1654781867038065,
300833b2ddd9014000030008,1,1,3660,-45,1654781867040478,1654781867040478,
300833b2ddd9014000030001,1,1,1376,-51,1654781867041565,1654781867041565,
300833b2ddd9014000030002,1,1,908,-50,1654781867043712,1654781867043712,
300833b2ddd9014000030008,1,1,3636,-45,1654781867047620,1654781867047620,
300833b2ddd9014000030009,1,1,2760,-45,1654781867048946,1654781867048946,
300833b2ddd9014000030001,1,1,1368,-51,1654781867050217,1654781867050217,
300833b2ddd9014000030002,1,1,892,-51,1654781867052159,1654781867052159,
300833b2ddd9014000030002,1,1,892,-50,1654781867083242,1654781867083242,
300833b2ddd9014000030009,1,1,2740,-45,1654781867085671,1654781867085671,
300833b2ddd9014000030001,1,1,1384,-51,1654781867087227,1654781867087227,
300833b2ddd9014000030008,1,1,3652,-45,1654781867088353,1654781867088353,
300833b2ddd9014000030008,1,1,3652,-45,1654781867092882,1654781867092882,
300833b2ddd9014000030009,1,1,2768,-45,1654781867093937,1654781867093937,
300833b2ddd9014000030001,1,1,1392,-51,1654781867095961,1654781867095961,
300833b2ddd9014000030002,1,1,904,-50,1654781867098025,1654781867098025,
300833b2ddd9014000030008,1,1,3656,-45,1654781867127948,1654781867127948,
300833b2ddd9014000030009,1,1,2740,-45,1654781867129063,1654781867129063,
300833b2ddd9014000030002,1,1,904,-50,1654781867130117,1654781867130117,
300833b2ddd9014000030001,1,1,1368,-51,1654781867131447,1654781867131447,