epc,atenda,atendanum,phase,RSS,timestamp,timestamp2,
300833b2ddd9014000030009,1,1,2968,-46,1654781923080365,1654781923080365,
300833b2ddd9014000030008,1,1,3420,-43,1654781923081422,1654781923081422,
300833b2ddd9014000030001,1,1,1424,-66,1654781923082497,1654781923082497,
300833b2ddd9014000030002,1,1,472,-48,1654781923085552,1654781923085552,
300833b2ddd9014000030009,1,1,2956,-47,1654781923088903,1654781923088903,
300833b2ddd9014000030008,1,1,3444,-43,1654781923090708,1654781923090708,
300833b2ddd9014000030002,1,1,444,-48,1654781923092275,1654781923092275,
300833b2ddd9014000030001,1,1,1372,-66,1654781923093519,1654781923093519,
300833b2ddd9014000030002,1,1,448,-49,1654781923124228,1654781923124228,
300833b2ddd9014000030008,1,1,3424,-43,1654781923125484,1654781923125484,
300833b2ddd9014000030009,1,1,2984,-47,1654781923127066,1654781923127066,
300833b2ddd9014000030001,1,1,1324,-64,1654781923128293,1654781923128293,
300833b2ddd9014000030009,1,1,2972,-47,1654781923131295,1654781923131295,
300833b2ddd9014000030008,1,1,3428,-43,1654781923133513,1654781923133513,
300833b2ddd9014000030001,1,1,1248,-65,1654781923134560,1654781923134560,
300833b2ddd9014000030002,1,1,460,-48,1654781923135584,1654781923135584,
300833b2ddd9014000030009,1,1,2924,-46,1654781923166087,1654781923166087,
300833b2ddd9014000030008,1,1,3444,-43,1654781923168248,1654781923168248,
300833b2ddd9014000030002,1,1,456,-48,1654781923169330,1654781923169330,
300833b2ddd9014000030001,1,1,1568,-65,1654781923171484,1654781923171484,
300833b2ddd9014000030002,1,1,452,-48,1654781923174268,1654781923174268,
300833b2ddd9014000030001,1,1,1532,-66,1654781923175374,1654781923175374,
300833b2ddd9014000030008,1,1,3428,-43,1654781923177463,1654781923177463,
300833b2ddd9014000030009,1,1,2984,-47,1654781923178577,1654781923178577,
300833b2ddd9014000030009,1,1,2972,-47,1654781923210427,1654781923210427,
300833b2ddd9014000030008,1,1,3444,-43,1654781923211596,1654781923211596,
300833b2ddd9014000030002,1,1,468,-48,1654781923212863,1654781923212863,
300833b2ddd9014000030001,1,1,1556,-66,1654781923214281,1654781923214281,
300833b2ddd9014000030002,1,1,440,-48,1654781923217806,1654781923217806,
300833b2ddd9014000030008,1,1,3444,-43,1654781923219486,1654781923219486,
300833b2ddd9014000030009,1,1,2976,-46,1654781923220570,1654781923220570,
300833b2ddd9014000030001,1,1,1324,-64,1654781923221657,1654781923221657,
300833b2ddd9014000030009,1,1,2996,-47,1654781923252533,1654781923252533,
300833b2ddd9014000030008,1,1,3436,-43,1654781923254184,1654781923254184,
300833b2ddd9014000030002,1,1,444,-49,1654781923255511,1654781923255511,
300833b2ddd9014000030001,1,1,1436,-67,1654781923256770,1654781923256770,
300833b2ddd9014000030008,1,1,3440,-43,1654781923260843,1654781923260843,
300833b2ddd9014000030009,1,1,2976,-47,1654781923261897,1654781923261897,
300833b2ddd9014000030002,1,1,460,-48,1654781923262983,1654781923262983,
300833b2ddd9014000030001,1,1,1260,-64,1654781923264686,1654781923264686,
300833b2ddd9014000030002,1,1,452,-49,1654781923294460,1654781923294460,
300833b2ddd9014000030009,1,1,2956,-47,1654781923295587,1654781923295587,
300833b2ddd9014000030008,1,1,3444,-43,1654781923296853,1654781923296853,
300833b2ddd9014000030001,1,1,1336,-66,1654781923299021,1654781923299021,
300833b2ddd9014000030008,1,1,3448,-43,1654781923303753,1654781923303753,
300833b2ddd9014000030001,1,1,1564,-65,1654781923304842,1654781923304842,
300833b2ddd9014000030002,1,1,488,-49,1654781923306405,1654781923306405,
300833b2ddd9014000030009,1,1,3000,-47,1654781923307476,1654781923307476,
300833b2ddd9014000030009,1,1,3000,-47,1654781923339270,1654781923339270,
300833b2ddd9014000030008,1,1,3436,-43,1654781923340269,1654781923340269,
300833b2ddd9014000030002,1,1,456,-49,1654781923341872,1654781923341872,
300833b2ddd9014000030001,1,1,1440,-64,1654781923344426,1654781923344426,
300833b2ddd9014000030008,1,1,3444,-43,1654781923347695,1654781923347695,
300833b2ddd9014000030009,1,1,2968,-47,1654781923349178,1654781923349178,
300833b2ddd9014000030002,1,1,456,-49,1654781923350247,1654781923350247,
300833b2ddd9014000030001,1,1,1316,-65,1654781923351920,1654781923351920,
300833b2ddd9014000030002,1,1,432,-49,1654781923382357,1654781923382357,
300833b2ddd9014000030001,1,1,1492,-66,1654781923383716,1654781923383716,
300833b2ddd9014000030008,1,1,3428,-43,1654781923385039,1654781923385039,
300833b2ddd9014000030009,1,1,2992,-47,1654781923386393,1654781923386393,
300833b2ddd9014000030008,1,1,3440,-43,1654781923391386,1654781923391386,
300833b2ddd9014000030009,1,1,2988,-47,1654781923392568,1654781923392568,
300833b2ddd9014000030002,1,1,420,-49,1654781923394464,1654781923394464,
300833b2ddd9014000030001,1,1,1432,-64,1654781923395866,1654781923395866,
300833b2ddd9014000030008,1,1,3428,-43,1654781923426715,1654781923426715,
300833b2ddd9014000030009,1,1,3004,-47,1654781923427771,1654781923427771,
300833b2ddd9014000030001,1,1,1432,-64,1654781923431711,1654781923431711,
300833b2ddd9014000030009,1,1,3004,-47,1654781923432781,1654781923432781,
300833b2ddd9014000030008,1,1,3436,-43,1654781923434062,1654781923434062,
300833b2ddd9014000030002,1,1,460,-49,1654781923435399,1654781923435399,
300833b2ddd9014000030008,1,1,3452,-43,1654781923468011,1654781923468011,
300833b2ddd9014000030001,1,1,1540,-63,1654781923469499,1654781923469499,
300833b2ddd9014000030002,1,1,472,-49,1654781923470821,1654781923470821,
300833b2ddd9014000030009,1,1,2996,-47,1654781923471932,1654781923471932,
300833b2ddd9014000030002,1,1,456,-49,1654781923475414,1654781923475414,
300833b2ddd9014000030009,1,1,2980,-47,1654781923477601,1654781923477601,
300833b2ddd9014000030001,1,1,1408,-64,1654781923478690,1654781923478690,
300833b2ddd9014000030008,1,1,3424,-43,1654781923479786,1654781923479786,
300833b2ddd9014000030001,1,1,1508,-63,1654781923512734,1654781923512734,
300833b2ddd9014000030008,1,1,3412,-43,1654781923513815,1654781923513815,
300833b2ddd9014000030009,1,1,2984,-47,1654781923514985,1654781923514985,
300833b2ddd9014000030008,1,1,3424,-43,1654781923519052,1654781923519052,
300833b2ddd9014000030009,1,1,2964,-47,1654781923520078,1654781923520078,
300833b2ddd9014000030001,1,1,1464,-64,1654781923522402,1654781923522402,
300833b2ddd9014000030001,1,1,1448,-64,1654781923554051,1654781923554051,
300833b2ddd9014000030009,1,1,2984,-47,1654781923555378,1654781923555378,
300833b2ddd9014000030008,1,1,3424,-43,1654781923556659,1654781923556659,
300833b2ddd9014000030001,1,1,1500,-64,1654781923561686,1654781923561686,
300833b2ddd9014000030002,1,1,432,-49,1654781923562796,1654781923562796,
300833b2ddd9014000030008,1,1,3432,-43,1654781923563895,1654781923563895,
300833b2ddd9014000030009,1,1,2972,-47,1654781923564978,1654781923564978,
300833b2ddd9014000030001,1,1,1468,-64,1654781923597772,1654781923597772,
300833b2ddd9014000030002,1,1,452,-49,1654781923599320,1654781923599320,
300833b2ddd9014000030009,1,1,2972,-47,1654781923600393,1654781923600393,
300833b2ddd9014000030008,1,1,3440,-43,1654781923601930,1654781923601930,
300833b2ddd9014000030001,1,1,1408,-64,1654781923606540,1654781923606540,
300833b2ddd9014000030002,1,1,464,-48,1654781923607625,1654781923607625,
300833b2ddd9014000030008,1,1,3428,-43,1654781923609190,1654781923609190,
300833b2ddd9014000030009,1,1,2964,-47,1654781923610502,1654781923610502,
300833b2ddd9014000030008,1,1,3444,-43,1654781923641979,1654781923641979,
300833b2ddd9014000030009,1,1,2948,-47,1654781923643093,1654781923643093,
300833b2ddd9014000030002,1,1,444,-49,1654781923644175,1654781923644175,
300833b2ddd9014000030001,1,1,1372,-64,1654781923646199,1654781923646199,
300833b2ddd9014000030008,1,1,3432,-43,1654781923650649,1654781923650649,
300833b2ddd9014000030001,1,1,1384,-65,1654781923652005,1654781923652005,
300833b2ddd9014000030009,1,1,2980,-47,1654781923654665,1654781923654665,
300833b2ddd9014000030002,1,1,448,-49,1654781923655766,1654781923655766,
300833b2ddd9014000030008,1,1,3436,-43,1654781923687210,1654781923687210,
300833b2ddd9014000030001,1,1,1436,-65,1654781923688341,1654781923688341,
300833b2ddd9014000030002,1,1,452,-49,1654781923689691,1654781923689691,
300833b2ddd9014000030009,1,1,2956,-47,1654781923690904,1654781923690904,
300833b2ddd9014000030008,1,1,3428,-43,1654781923694118,1654781923694118,
300833b2ddd9014000030009,1,1,2984,-47,1654781923695784,1654781923695784,
300833b2ddd9014000030002,1,1,420,-49,1654781923697096,1654781923697096,
300833b2ddd9014000030001,1,1,1360,-65,1654781923698225,1654781923698225,
300833b2ddd9014000030002,1,1,428,-49,1654781923729101,1654781923729101,
300833b2ddd9014000030008,1,1,3424,-43,1654781923730200,1654781923730200,
300833b2ddd9014000030009,1,1,2976,-47,1654781923732064,1654781923732064,
300833b2ddd9014000030001,1,1,1312,-64,1654781923734090,1654781923734090,
300833b2ddd9014000030001,1,1,1392,-65,1654781923737359,1654781923737359,
300833b2ddd9014000030009,1,1,2988,-47,1654781923738498,1654781923738498,
300833b2ddd9014000030008,1,1,3420,-43,1654781923739582,1654781923739582,
300833b2ddd9014000030002,1,1,440,-49,1654781923742869,1654781923742869,
300833b2ddd9014000030008,1,1,3420,-43,1654781923773135,1654781923773135,
300833b2ddd9014000030001,1,1,1596,-64,1654781923774210,1654781923774210,
300833b2ddd9014000030002,1,1,412,-49,1654781923775305,1654781923775305,
300833b2ddd9014000030009,1,1,2988,-47,1654781923776630,1654781923776630,
300833b2ddd9014000030008,1,1,3424,-43,1654781923781482,1654781923781482,
300833b2ddd9014000030002,1,1,424,-48,1654781923782621,1654781923782621,
300833b2ddd9014000030009,1,1,2972,-47,1654781923783949,1654781923783949,
300833b2ddd9014000030001,1,1,1428,-64,1654781923786741,1654781923786741,
300833b2ddd9014000030008,1,1,3428,-43,1654781923817438,1654781923817438,
300833b2ddd9014000030002,1,1,424,-48,1654781923818932,1654781923818932,
300833b2ddd9014000030009,1,1,2984,-47,1654781923820315,1654781923820315,
300833b2ddd9014000030002,1,1,424,-48,1654781923823886,1654781923823886,
300833b2ddd9014000030008,1,1,3428,-43,1654781923824985,1654781923824985,
300833b2ddd9014000030009,1,1,2972,-47,1654781923826337,1654781923826337,
300833b2ddd9014000030001,1,1,1464,-65,1654781923827397,1654781923827397,
300833b2ddd9014000030008,1,1,3436,-43,1654781923859014,1654781923859014,
300833b2ddd9014000030001,1,1,1484,-66,1654781923860147,1654781923860147,
300833b2ddd9014000030009,1,1,2976,-47,1654781923861170,1654781923861170,
300833b2ddd9014000030002,1,1,444,-49,1654781923862696,1654781923862696,
300833b2ddd9014000030002,1,1,428,-48,1654781923868147,1654781923868147,
300833b2ddd9014000030008,1,1,3432,-43,1654781923869387,1654781923869387,
300833b2ddd9014000030009,1,1,2960,-46,1654781923870997,1654781923870997,
300833b2ddd9014000030001,1,1,1364,-65,1654781923872454,1654781923872454,
300833b2ddd9014000030009,1,1,2988,-47,1654781923902233,1654781923902233,
300833b2ddd9014000030008,1,1,3440,-43,1654781923903330,1654781923903330,
300833b2ddd9014000030001,1,1,1312,-66,1654781923905156,1654781923905156,
300833b2ddd9014000030002,1,1,464,-48,1654781923906237,1654781923906237,
300833b2ddd9014000030001,1,1,1476,-66,1654781923910766,1654781923910766,
300833b2ddd9014000030008,1,1,3444,-43,1654781923912345,1654781923912345,
300833b2ddd9014000030009,1,1,2968,-46,1654781923913671,1654781923913671,
300833b2ddd9014000030002,1,1,452,-48,1654781923914770,1654781923914770,
300833b2ddd9014000030002,1,1,476,-49,1654781923946148,1654781923946148,
300833b2ddd9014000030009,1,1,3008,-47,1654781923947488,1654781923947488,
300833b2ddd9014000030008,1,1,3440,-43,1654781923949110,1654781923949110,
300833b2ddd9014000030001,1,1,1268,-65,1654781923950499,1654781923950499,
300833b2ddd9014000030009,1,1,3000,-47,1654781923954725,1654781923954725,
300833b2ddd9014000030008,1,1,3436,-43,1654781923956079,1654781923956079,
300833b2ddd9014000030002,1,1,436,-49,1654781923957672,1654781923957672,
300833b2ddd9014000030001,1,1,1532,-63,1654781923959058,1654781923959058,
300833b2ddd9014000030001,1,1,1464,-63,1654781923992528,1654781923992528,
300833b2ddd9014000030008,1,1,3424,-43,1654781923994119,1654781923994119,
300833b2ddd9014000030009,1,1,3004,-47,1654781923999733,1654781923999733,
300833b2ddd9014000030008,1,1,3428,-43,1654781924001027,1654781924001027,
300833b2ddd9014000030002,1,1,416,-49,1654781924002067,1654781924002067,
300833b2ddd9014000030001,1,1,1344,-63,1654781924003551,1654781924003551,
300833b2ddd9014000030008,1,1,3428,-43,1654781924033625,1654781924033625,
300833b2ddd9014000030001,1,1,1448,-63,1654781924034713,1654781924034713,
300833b2ddd9014000030009,1,1,2960,-47,1654781924035766,1654781924035766,
300833b2ddd9014000030002,1,1,416,-49,1654781924037572,1654781924037572,
300833b2ddd9014000030002,1,1,412,-49,1654781924042898,1654781924042898,
300833b2ddd9014000030001,1,1,1416,-63,1654781924043928,1654781924043928,
300833b2ddd9014000030008,1,1,3416,-43,1654781924045027,1654781924045027,
300833b2ddd9014000030009,1,1,2960,-47,1654781924046466,1654781924046466,
300833b2ddd9014000030008,1,1,3284,-42,1654781924076631,1654781924076631,
300833b2ddd9014000030001,1,1,1464,-64,1654781924079110,1654781924079110,
300833b2ddd9014000030002,1,1,420,-48,1654781924082739,1654781924082739,
300833b2ddd9014000030001,1,1,1380,-64,1654781924083942,1654781924083942,
300833b2ddd9014000030008,1,1,3420,-43,1654781924085279,1654781924085279,
300833b2ddd9014000030009,1,1,2968,-47,1654781924086747,1654781924086747,
300833b2ddd9014000030009,1,1,2956,-47,1654781924116611,1654781924116611,
300833b2ddd9014000030001,1,1,1396,-64,1654781924117925,1654781924117925,
300833b2ddd9014000030008,1,1,3428,-43,1654781924119801,1654781924119801,
300833b2ddd9014000030001,1,1,1432,-64,1654781924124934,1654781924124934,
300833b2ddd9014000030009,1,1,2976,-47,1654781924126415,1654781924126415,
300833b2ddd9014000030008,1,1,3432,-43,1654781924127726,1654781924127726,
300833b2ddd9014000030002,1,1,440,-49,1654781924129241,1654781924129241,
300833b2ddd9014000030009,1,1,2972,-47,1654781924159488,1654781924159488,
300833b2ddd9014000030008,1,1,3436,-43,1654781924161211,1654781924161211,
300833b2ddd9014000030002,1,1,424,-49,1654781924162493,1654781924162493,
300833b2ddd9014000030001,1,1,1500,-65,1654781924163922,1654781924163922,
300833b2ddd9014000030001,1,1,1516,-64,1654781924166651,1654781924166651,
300833b2ddd9014000030009,1,1,2960,-47,1654781924168235,1654781924168235,
300833b2ddd9014000030008,1,1,3444,-43,1654781924170042,1654781924170042,
300833b2ddd9014000030002,1,1,444,-49,1654781924171296,1654781924171296,
300833b2ddd9014000030002,1,1,472,-49,1654781924202435,1654781924202435,
300833b2ddd9014000030009,1,1,2960,-47,1654781924204918,1654781924204918,
300833b2ddd9014000030008,1,1,3444,-43,1654781924206044,1654781924206044,
300833b2ddd9014000030001,1,1,1420,-65,1654781924207474,1654781924207474,
300833b2ddd9014000030009,1,1,2964,-47,1654781924211329,1654781924211329,
300833b2ddd9014000030008,1,1,3440,-43,1654781924212654,1654781924212654,
300833b2ddd9014000030002,1,1,452,-49,1654781924214079,1654781924214079,
300833b2ddd9014000030001,1,1,1220,-65,1654781924215111,1654781924215111,
300833b2ddd9014000030009,1,1,3008,-47,1654781924244901,1654781924244901,
300833b2ddd9014000030001,1,1,1600,-65,1654781924245961,1654781924245961,
300833b2ddd9014000030002,1,1,480,-49,1654781924247058,1654781924247058,
300833b2ddd9014000030008,1,1,3464,-43,1654781924249092,1654781924249092,
300833b2ddd9014000030008,1,1,3456,-43,1654781924254991,1654781924254991,
300833b2ddd9014000030002,1,1,452,-49,1654781924256500,1654781924256500,
300833b2ddd9014000030009,1,1,2984,-46,1654781924257588,1654781924257588,
300833b2ddd9014000030001,1,1,1520,-65,1654781924258820,1654781924258820,
300833b2ddd9014000030002,1,1,400,-48,1654781924289141,1654781924289141,
300833b2ddd9014000030008,1,1,3460,-43,1654781924290806,1654781924290806,
300833b2ddd9014000030009,1,1,2968,-46,1654781924291906,1654781924291906,
300833b2ddd9014000030002,1,1,392,-48,1654781924295719,1654781924295719,
300833b2ddd9014000030009,1,1,2996,-46,1654781924297680,1654781924297680,
300833b2ddd9014000030008,1,1,3460,-43,1654781924298750,1654781924298750,
300833b2ddd9014000030008,1,1,3404,-43,1654781924330581,1654781924330581,
300833b2ddd9014000030009,1,1,2936,-46,1654781924331937,1654781924331937,
300833b2ddd9014000030002,1,1,504,-48,1654781924333021,1654781924333021,
300833b2ddd9014000030002,1,1,468,-48,1654781924337132,1654781924337132,
300833b2ddd9014000030008,1,1,3436,-43,1654781924338343,1654781924338343,
300833b2ddd9014000030009,1,1,3020,-47,1654781924340309,1654781924340309,
300833b2ddd9014000030009,1,1,2972,-46,1654781924370915,1654781924370915,
300833b2ddd9014000030008,1,1,3440,-43,1654781924372111,1654781924372111,
300833b2ddd9014000030002,1,1,472,-48,1654781924373464,1654781924373464,
300833b2ddd9014000030009,1,1,2972,-46,1654781924377267,1654781924377267,
300833b2ddd9014000030002,1,1,416,-48,1654781924378621,1654781924378621,
300833b2ddd9014000030008,1,1,3452,-43,1654781924379705,1654781924379705,
300833b2ddd9014000030008,1,1,3456,-43,1654781924413491,1654781924413491,
300833b2ddd9014000030009,1,1,3080,-47,1654781924414678,1654781924414678,
300833b2ddd9014000030002,1,1,508,-48,1654781924415733,1654781924415733,
300833b2ddd9014000030008,1,1,3424,-43,1654781924419568,1654781924419568,
300833b2ddd9014000030009,1,1,3016,-46,1654781924422608,1654781924422608,
300833b2ddd9014000030002,1,1,400,-48,1654781924423762,1654781924423762,
300833b2ddd9014000030008,1,1,3412,-43,1654781924453843,1654781924453843,
300833b2ddd9014000030009,1,1,3028,-46,1654781924455285,1654781924455285,
300833b2ddd9014000030002,1,1,504,-48,1654781924456354,1654781924456354,
300833b2ddd9014000030008,1,1,3440,-43,1654781924460125,1654781924460125,
300833b2ddd9014000030009,1,1,2992,-46,1654781924461407,1654781924461407,
300833b2ddd9014000030002,1,1,416,-48,1654781924462961,1654781924462961,
300833b2ddd9014000030009,1,1,3016,-47,1654781924495121,1654781924495121,
300833b2ddd9014000030002,1,1,444,-48,1654781924496275,1654781924496275,
300833b2ddd9014000030008,1,1,3420,-43,1654781924497897,1654781924497897,
300833b2ddd9014000030001,1,1,1528,-66,1654781924500221,1654781924500221,
300833b2ddd9014000030002,1,1,432,-48,1654781924503280,1654781924503280,
300833b2ddd9014000030008,1,1,3436,-43,1654781924504589,1654781924504589,
300833b2ddd9014000030009,1,1,2960,-47,1654781924506424,1654781924506424,
300833b2ddd9014000030001,1,1,1424,-63,1654781924510907,1654781924510907,
300833b2ddd9014000030008,1,1,3420,-43,1654781924541430,1654781924541430,
300833b2ddd9014000030001,1,1,1436,-62,1654781924544019,1654781924544019,
300833b2ddd9014000030001,1,1,1492,-62,1654781924547720,1654781924547720,
300833b2ddd9014000030008,1,1,3416,-43,1654781924549683,1654781924549683,
300833b2ddd9014000030009,1,1,2900,-47,1654781924551009,1654781924551009,
300833b2ddd9014000030002,1,1,412,-49,1654781924552762,1654781924552762,
300833b2ddd9014000030008,1,1,3416,-43,1654781924582974,1654781924582974,
300833b2ddd9014000030009,1,1,3000,-47,1654781924584865,1654781924584865,
300833b2ddd9014000030002,1,1,504,-49,1654781924586609,1654781924586609,
300833b2ddd9014000030009,1,1,2988,-47,1654781924591239,1654781924591239,
300833b2ddd9014000030008,1,1,3404,-43,1654781924592708,1654781924592708,
300833b2ddd9014000030002,1,1,388,-49,1654781924594855,1654781924594855,
300833b2ddd9014000030002,1,1,392,-49,1654781924624575,1654781924624575,
300833b2ddd9014000030009,1,1,2936,-47,1654781924625643,1654781924625643,
300833b2ddd9014000030008,1,1,3400,-43,1654781924627433,1654781924627433,
300833b2ddd9014000030001,1,1,1348,-64,1654781924629161,1654781924629161,
300833b2ddd9014000030009,1,1,2944,-47,1654781924633236,1654781924633236,
300833b2ddd9014000030001,1,1,1352,-63,1654781924634834,1654781924634834,
300833b2ddd9014000030008,1,1,3404,-43,1654781924636184,1654781924636184,
300833b2ddd9014000030002,1,1,408,-49,1654781924637863,1654781924637863,
300833b2ddd9014000030002,1,1,384,-49,1654781924668959,1654781924668959,
300833b2ddd9014000030008,1,1,3400,-43,1654781924673470,1654781924673470,
300833b2ddd9014000030001,1,1,1460,-63,1654781924679543,1654781924679543,
300833b2ddd9014000030008,1,1,3388,-43,1654781924682862,1654781924682862,
300833b2ddd9014000030009,1,1,2920,-47,1654781924684556,1654781924684556,
300833b2ddd9014000030002,1,1,360,-49,1654781924685582,1654781924685582,
300833b2ddd9014000030001,1,1,1256,-66,1654781924687253,1654781924687253,
300833b2ddd9014000030001,1,1,1352,-64,1654781924718964,1654781924718964,
300833b2ddd9014000030009,1,1,2928,-46,1654781924720005,1654781924720005,
300833b2ddd9014000030008,1,1,3360,-43,1654781924721101,1654781924721101,
300833b2ddd9014000030002,1,1,340,-49,1654781924722183,1654781924722183,
300833b2ddd9014000030001,1,1,1376,-66,1654781924726922,1654781924726922,
300833b2ddd9014000030008,1,1,3356,-43,1654781924727965,1654781924727965,
300833b2ddd9014000030009,1,1,2904,-46,1654781924729742,1654781924729742,
300833b2ddd9014000030002,1,1,344,-49,1654781924731106,1654781924731106,
300833b2ddd9014000030008,1,1,3344,-43,1654781924762494,1654781924762494,
300833b2ddd9014000030001,1,1,1140,-66,1654781924764492,1654781924764492,
300833b2ddd9014000030009,1,1,2848,-46,1654781924765786,1654781924765786,
300833b2ddd9014000030002,1,1,264,-49,1654781924767000,1654781924767000,
300833b2ddd9014000030008,1,1,3316,-43,1654781924770333,1654781924770333,
300833b2ddd9014000030002,1,1,280,-49,1654781924771345,1654781924771345,
300833b2ddd9014000030009,1,1,2824,-47,1654781924772655,1654781924772655,
300833b2ddd9014000030001,1,1,1232,-67,1654781924774583,1654781924774583,
300833b2ddd9014000030008,1,1,3296,-43,1654781924807101,1654781924807101,
300833b2ddd9014000030002,1,1,240,-48,1654781924808169,1654781924808169,
300833b2ddd9014000030001,1,1,796,-69,1654781924810571,1654781924810571,
300833b2ddd9014000030009,1,1,2808,-45,1654781924812151,1654781924812151,
300833b2ddd9014000030009,1,1,2804,-46,1654781924816408,1654781924816408,
300833b2ddd9014000030008,1,1,3300,-43,1654781924817732,1654781924817732,
300833b2ddd9014000030002,1,1,220,-48,1654781924819341,1654781924819341,
300833b2ddd9014000030001,1,1,584,-67,1654781924820667,1654781924820667,
300833b2ddd9014000030001,1,1,376,-66,1654781924851847,1654781924851847,
300833b2ddd9014000030008,1,1,3244,-43,1654781924854681,1654781924854681,
300833b2ddd9014000030009,1,1,2752,-45,1654781924856166,1654781924856166,
300833b2ddd9014000030002,1,1,164,-48,1654781924857374,1654781924857374,
300833b2ddd9014000030008,1,1,3244,-43,1654781924860862,1654781924860862,
300833b2ddd9014000030002,1,1,156,-48,1654781924862105,1654781924862105,
300833b2ddd9014000030001,1,1,372,-66,1654781924863181,1654781924863181,
300833b2ddd9014000030009,1,1,2760,-45,1654781924864291,1654781924864291,
300833b2ddd9014000030008,1,1,3200,-42,1654781924895350,1654781924895350,
300833b2ddd9014000030002,1,1,104,-48,1654781924896818,1654781924896818,
300833b2ddd9014000030009,1,1,2724,-45,1654781924897889,1654781924897889,
300833b2ddd9014000030001,1,1,336,-64,1654781924899634,1654781924899634,
300833b2ddd9014000030002,1,1,108,-48,1654781924903114,1654781924903114,
300833b2ddd9014000030009,1,1,2728,-45,1654781924904552,1654781924904552,
300833b2ddd9014000030008,1,1,3196,-42,1654781924905680,1654781924905680,
300833b2ddd9014000030001,1,1,600,-65,1654781924907354,1654781924907354,
300833b2ddd9014000030001,1,1,392,-65,1654781924938145,1654781924938145,
300833b2ddd9014000030002,1,1,60,-48,1654781924939880,1654781924939880,
300833b2ddd9014000030008,1,1,3168,-42,1654781924940963,1654781924940963,
300833b2ddd9014000030009,1,1,2716,-45,1654781924942387,1654781924942387,
300833b2ddd9014000030009,1,1,2696,-45,1654781924945618,1654781924945618,
300833b2ddd9014000030008,1,1,3164,-42,1654781924947537,1654781924947537,
300833b2ddd9014000030002,1,1,68,-48,1654781924948978,1654781924948978,
300833b2ddd9014000030001,1,1,596,-64,1654781924950956,1654781924950956,
300833b2ddd9014000030008,1,1,3140,-42,1654781924981497,1654781924981497,
300833b2ddd9014000030009,1,1,2688,-45,1654781924982567,1654781924982567,
300833b2ddd9014000030002,1,1,40,-48,1654781924983678,1654781924983678,
300833b2ddd9014000030001,1,1,1032,-65,1654781924987326,1654781924987326,
300833b2ddd9014000030002,1,1,28,-48,1654781924991199,1654781924991199,
300833b2ddd9014000030008,1,1,3136,-42,1654781924993362,1654781924993362,
300833b2ddd9014000030009,1,1,2684,-45,1654781924994404,1654781924994404,
300833b2ddd9014000030001,1,1,1160,-63,1654781924995481,1654781924995481,
300833b2ddd9014000030002,1,1,52,-48,1654781925026179,1654781925026179,
300833b2ddd9014000030008,1,1,3132,-43,1654781925028098,1654781925028098,
300833b2ddd9014000030009,1,1,2648,-45,1654781925029154,1654781925029154,
300833b2ddd9014000030001,1,1,1560,-60,1654781925030869,1654781925030869,
300833b2ddd9014000030009,1,1,2612,-45,1654781925034083,1654781925034083,
300833b2ddd9014000030008,1,1,3128,-43,1654781925035152,1654781925035152,
300833b2ddd9014000030002,1,1,8,-48,1654781925036250,1654781925036250,
300833b2ddd9014000030001,1,1,1700,-60,1654781925039337,1654781925039337,
300833b2ddd9014000030008,1,1,3100,-44,1654781925069262,1654781925069262,
300833b2ddd9014000030001,1,1,1692,-56,1654781925071188,1654781925071188,
300833b2ddd9014000030002,1,1,36,-48,1654781925072286,1654781925072286,
300833b2ddd9014000030009,1,1,2552,-45,1654781925076587,1654781925076587,
300833b2ddd9014000030008,1,1,3100,-44,1654781925077998,1654781925077998,
300833b2ddd9014000030001,1,1,1700,-56,1654781925079059,1654781925079059,
300833b2ddd9014000030002,1,1,56,-49,1654781925080113,1654781925080113,
300833b2ddd9014000030009,1,1,2592,-45,1654781925309800,1654781925309800,
300833b2ddd9014000030008,1,1,3388,-47,1654781925311966,1654781925311966,
300833b2ddd9014000030001,1,1,1424,-48,1654781925313067,1654781925313067,
300833b2ddd9014000030002,1,1,748,-54,1654781925314293,1654781925314293,
300833b2ddd9014000030001,1,1,1416,-48,1654781925317054,1654781925317054,
300833b2ddd9014000030009,1,1,2616,-45,1654781925318350,1654781925318350,
300833b2ddd9014000030002,1,1,800,-54,1654781925319448,1654781925319448,
300833b2ddd9014000030008,1,1,3400,-47,1654781925320983,1654781925320983,
300833b2ddd9014000030008,1,1,3476,-47,1654781925352677,1654781925352677,
300833b2ddd9014000030001,1,1,1384,-48,1654781925353778,1654781925353778,
300833b2ddd9014000030002,1,1,840,-54,1654781925354821,1654781925354821,
300833b2ddd9014000030009,1,1,2648,-45,1654781925356389,1654781925356389,
300833b2ddd9014000030008,1,1,3496,-47,1654781925361377,1654781925361377,
300833b2ddd9014000030002,1,1,872,-54,1654781925362873,1654781925362873,
300833b2ddd9014000030001,1,1,1360,-48,1654781925363930,1654781925363930,
300833b2ddd9014000030009,1,1,2648,-45,1654781925365288,1654781925365288,
300833b2ddd9014000030009,1,1,2672,-45,1654781925395609,1654781925395609,
300833b2ddd9014000030008,1,1,3532,-47,1654781925396706,1654781925396706,
300833b2ddd9014000030001,1,1,1344,-49,1654781925398545,1654781925398545,
300833b2ddd9014000030002,1,1,904,-53,1654781925401078,1654781925401078,
300833b2ddd9014000030009,1,1,2672,-45,1654781925404530,1654781925404530,
300833b2ddd9014000030001,1,1,1360,-49,1654781925405604,1654781925405604,
300833b2ddd9014000030008,1,1,3536,-47,1654781925407195,1654781925407195,
300833b2ddd9014000030002,1,1,916,-53,1654781925409134,1654781925409134,
300833b2ddd9014000030002,1,1,932,-53,1654781925440663,1654781925440663,
300833b2ddd9014000030008,1,1,3564,-46,1654781925441745,1654781925441745,
300833b2ddd9014000030009,1,1,2700,-44,1654781925442832,1654781925442832,
300833b2ddd9014000030001,1,1,1388,-50,1654781925444487,1654781925444487,
300833b2ddd9014000030008,1,1,3564,-47,1654781925447206,1654781925447206,
300833b2ddd9014000030002,1,1,916,-53,1654781925448534,1654781925448534,
300833b2ddd9014000030009,1,1,2704,-44,1654781925449846,1654781925449846,
300833b2ddd9014000030001,1,1,1360,-50,1654781925450948,1654781925450948,
300833b2ddd9014000030009,1,1,2728,-44,1654781925482742,1654781925482742,
300833b2ddd9014000030008,1,1,3572,-46,1654781925484050,1654781925484050,
300833b2ddd9014000030001,1,1,1388,-50,1654781925485606,1654781925485606,
300833b2ddd9014000030002,1,1,908,-52,1654781925486915,1654781925486915,
300833b2ddd9014000030008,1,1,3572,-46,1654781925493742,1654781925493742,
300833b2ddd9014000030009,1,1,2716,-44,1654781925495309,1654781925495309,
300833b2ddd9014000030001,1,1,1388,-50,1654781925497968,1654781925497968,
300833b2ddd9014000030002,1,1,900,-52,1654781925499010,1654781925499010,
300833b2ddd9014000030002,1,1,928,-52,1654781925529280,1654781925529280,
300833b2ddd9014000030001,1,1,1384,-51,1654781925530366,1654781925530366,
300833b2ddd9014000030009,1,1,2716,-44,1654781925531947,1654781925531947,
300833b2ddd9014000030008,1,1,3580,-46,1654781925533043,1654781925533043,
300833b2ddd9014000030008,1,1,3584,-46,1654781925537712,1654781925537712,
300833b2ddd9014000030009,1,1,2724,-44,1654781925538769,1654781925538769,
300833b2ddd9014000030002,1,1,908,-51,1654781925540077,1654781925540077,
300833b2ddd9014000030001,1,1,1408,-51,1654781925541618,1654781925541618,
300833b2ddd9014000030009,1,1,2744,-44,1654781925573324,1654781925573324,
300833b2ddd9014000030008,1,1,3580,-45,1654781925574674,1654781925574674,
300833b2ddd9014000030001,1,1,1428,-51,1654781925576471,1654781925576471,
300833b2ddd9014000030002,1,1,868,-52,1654781925578154,1654781925578154,
300833b2ddd9014000030001,1,1,1408,-51,1654781925581852,1654781925581852,
300833b2ddd9014000030008,1,1,3592,-45,1654781925583188,1654781925583188,
300833b2ddd9014000030009,1,1,2724,-44,1654781925585255,1654781925585255,
300833b2ddd9014000030002,1,1,880,-51,1654781925586750,1654781925586750,
300833b2ddd9014000030009,1,1,2728,-43,1654781925617618,1654781925617618,
300833b2ddd9014000030008,1,1,3584,-46,1654781925620112,1654781925620112,
300833b2ddd9014000030001,1,1,1432,-51,1654781925623756,1654781925623756,
300833b2ddd9014000030002,1,1,864,-51,1654781925624807,1654781925624807,
300833b2ddd9014000030008,1,1,3592,-45,1654781925628006,1654781925628006,
300833b2ddd9014000030002,1,1,844,-51,1654781925629476,1654781925629476,
300833b2ddd9014000030009,1,1,2724,-44,1654781925630774,1654781925630774,
300833b2ddd9014000030001,1,1,1436,-51,1654781925631847,1654781925631847,
300833b2ddd9014000030002,1,1,860,-51,1654781925662373,1654781925662373,
300833b2ddd9014000030009,1,1,2716,-43,1654781925663658,1654781925663658,
300833b2ddd9014000030008,1,1,3584,-45,1654781925665252,1654781925665252,
300833b2ddd9014000030001,1,1,1448,-51,1654781925667178,1654781925667178,
300833b2ddd9014000030002,1,1,868,-51,1654781925671365,1654781925671365,
300833b2ddd9014000030001,1,1,1472,-51,1654781925673990,1654781925673990,
300833b2ddd9014000030009,1,1,2716,-43,1654781925677157,1654781925677157,
300833b2ddd9014000030008,1,1,3596,-45,1654781925678196,1654781925678196,
300833b2ddd9014000030008,1,1,3588,-45,1654781925708394,1654781925708394,
300833b2ddd9014000030001,1,1,1404,-51,1654781925709511,1654781925709511,
300833b2ddd9014000030002,1,1,868,-51,1654781925711961,1654781925711961,
300833b2ddd9014000030009,1,1,2728,-43,1654781925713063,1654781925713063,
300833b2ddd9014000030002,1,1,868,-51,1654781925717175,1654781925717175,
300833b2ddd9014000030008,1,1,3588,-45,1654781925719124,1654781925719124,
300833b2ddd9014000030009,1,1,2740,-43,1654781925720464,1654781925720464,
300833b2ddd9014000030001,1,1,1448,-51,1654781925721892,1654781925721892,
300833b2ddd9014000030008,1,1,3572,-45,1654781925752326,1654781925752326,
300833b2ddd9014000030009,1,1,2708,-43,1654781925753568,1654781925753568,
300833b2ddd9014000030001,1,1,1432,-51,1654781925755188,1654781925755188,
300833b2ddd9014000030002,1,1,876,-51,1654781925756400,1654781925756400,
300833b2ddd9014000030009,1,1,2712,-43,1654781925760542,1654781925760542,
300833b2ddd9014000030002,1,1,852,-51,1654781925761583,1654781925761583,
300833b2ddd9014000030008,1,1,3584,-45,1654781925762693,1654781925762693,
300833b2ddd9014000030001,1,1,1416,-51,1654781925763824,1654781925763824,
300833b2ddd9014000030009,1,1,2716,-43,1654781925794242,1654781925794242,
300833b2ddd9014000030002,1,1,864,-51,1654781925795323,1654781925795323,
300833b2ddd9014000030001,1,1,1424,-51,1654781925796384,1654781925796384,
300833b2ddd9014000030008,1,1,3576,-45,1654781925797950,1654781925797950,
300833b2ddd9014000030009,1,1,2728,-43,1654781925802895,1654781925802895,
300833b2ddd9014000030001,1,1,1432,-51,1654781925804220,1654781925804220,
300833b2ddd9014000030008,1,1,3572,-45,1654781925805776,1654781925805776,
300833b2ddd9014000030002,1,1,884,-51,1654781925806887,1654781925806887,
300833b2ddd9014000030009,1,1,2736,-44,1654781925838319,1654781925838319,
300833b2ddd9014000030002,1,1,880,-51,1654781925839631,1654781925839631,
300833b2ddd9014000030008,1,1,3580,-45,1654781925840768,1654781925840768,
300833b2ddd9014000030001,1,1,1404,-51,1654781925842937,1654781925842937,
300833b2ddd9014000030008,1,1,3580,-45,1654781925847530,1654781925847530,
300833b2ddd9014000030009,1,1,2724,-43,1654781925849636,1654781925849636,
300833b2ddd9014000030001,1,1,1428,-51,1654781925850739,1654781925850739,
300833b2ddd9014000030002,1,1,880,-51,1654781925851905,1654781925851905,
300833b2ddd9014000030009,1,1,2712,-43,1654781925881919,1654781925881919,
300833b2ddd9014000030008,1,1,3592,-45,1654781925883001,1654781925883001,
300833b2ddd9014000030001,1,1,1452,-51,1654781925885915,1654781925885915,
300833b2ddd9014000030002,1,1,864,-51,1654781925886984,1654781925886984,
300833b2ddd9014000030008,1,1,3584,-45,1654781925890331,1654781925890331,
300833b2ddd9014000030002,1,1,856,-51,1654781925891955,1654781925891955,
300833b2ddd9014000030001,1,1,1440,-51,1654781925893057,1654781925893057,
300833b2ddd9014000030009,1,1,2716,-44,1654781925894383,1654781925894383,
300833b2ddd9014000030009,1,1,2728,-43,1654781925926324,1654781925926324,
300833b2ddd9014000030002,1,1,876,-51,1654781925927775,1654781925927775,
300833b2ddd9014000030008,1,1,3608,-45,1654781925929118,1654781925929118,
300833b2ddd9014000030001,1,1,1436,-51,1654781925930176,1654781925930176,
300833b2ddd9014000030009,1,1,2720,-43,1654781925934287,1654781925934287,
300833b2ddd9014000030002,1,1,872,-51,1654781925935524,1654781925935524,
300833b2ddd9014000030008,1,1,3592,-46,1654781925936621,1654781925936621,
300833b2ddd9014000030001,1,1,1440,-51,1654781925937967,1654781925937967,
300833b2ddd9014000030001,1,1,1420,-51,1654781925969635,1654781925969635,
300833b2ddd9014000030009,1,1,2708,-43,1654781925971384,1654781925971384,
300833b2ddd9014000030008,1,1,3592,-45,1654781925972465,1654781925972465,
300833b2ddd9014000030002,1,1,884,-51,1654781925973605,1654781925973605,
300833b2ddd9014000030001,1,1,1448,-51,1654781925976575,1654781925976575,
300833b2ddd9014000030009,1,1,2712,-43,1654781925978316,1654781925978316,
300833b2ddd9014000030008,1,1,3596,-45,1654781925979839,1654781925979839,
300833b2ddd9014000030002,1,1,868,-51,1654781925981234,1654781925981234,
300833b2ddd9014000030009,1,1,2736,-43,1654781926011412,1654781926011412,
300833b2ddd9014000030001,1,1,1432,-51,1654781926012841,1654781926012841,
300833b2ddd9014000030002,1,1,868,-51,1654781926013939,1654781926013939,
300833b2ddd9014000030008,1,1,3592,-45,1654781926015294,1654781926015294,
300833b2ddd9014000030002,1,1,892,-51,1654781926018709,1654781926018709,
300833b2ddd9014000030009,1,1,2728,-43,1654781926019795,1654781926019795,
300833b2ddd9014000030001,1,1,1444,-51,1654781926021350,1654781926021350,
300833b2ddd9014000030008,1,1,3592,-46,1654781926022448,1654781926022448,
300833b2ddd9014000030002,1,1,860,-51,1654781926054252,1654781926054252,
300833b2ddd9014000030008,1,1,3584,-45,1654781926055603,1654781926055603,
300833b2ddd9014000030001,1,1,1432,-51,1654781926056692,1654781926056692,
300833b2ddd9014000030009,1,1,2712,-44,1654781926058244,1654781926058244,
300833b2ddd9014000030001,1,1,1416,-51,1654781926062742,1654781926062742,
300833b2ddd9014000030008,1,1,3604,-45,1654781926063811,1654781926063811,
300833b2ddd9014000030009,1,1,2724,-44,1654781926065166,1654781926065166,
300833b2ddd9014000030002,1,1,840,-51,1654781926066235,1654781926066235,
300833b2ddd9014000030009,1,1,2736,-43,1654781926099607,1654781926099607,
300833b2ddd9014000030008,1,1,3596,-46,1654781926100721,1654781926100721,
300833b2ddd9014000030002,1,1,872,-51,1654781926105019,1654781926105019,
300833b2ddd9014000030001,1,1,1452,-51,1654781926106175,1654781926106175,
300833b2ddd9014000030008,1,1,3592,-45,1654781926109740,1654781926109740,
300833b2ddd9014000030009,1,1,2716,-43,1654781926111223,1654781926111223,
300833b2ddd9014000030002,1,1,888,-51,1654781926112291,1654781926112291,
300833b2ddd9014000030001,1,1,1432,-51,1654781926113378,1654781926113378,
300833b2ddd9014000030009,1,1,2712,-44,1654781926149711,1654781926149711,
300833b2ddd9014000030008,1,1,3560,-46,1654781926151078,1654781926151078,
300833b2ddd9014000030001,1,1,1476,-51,1654781926153424,1654781926153424,
300833b2ddd9014000030002,1,1,936,-51,1654781926154562,1654781926154562,
300833b2ddd9014000030001,1,1,1456,-50,1654781926184453,1654781926184453,
300833b2ddd9014000030009,1,1,2720,-43,1654781926186182,1654781926186182,
300833b2ddd9014000030008,1,1,3568,-46,1654781926187742,1654781926187742,
300833b2ddd9014000030008,1,1,3580,-46,1654781926191331,1654781926191331,
300833b2ddd9014000030009,1,1,2716,-44,1654781926192715,1654781926192715,
300833b2ddd9014000030002,1,1,920,-51,1654781926195349,1654781926195349,
300833b2ddd9014000030001,1,1,1428,-51,1654781926196437,1654781926196437,
300833b2ddd9014000030008,1,1,3556,-45,1654781926226770,1654781926226770,
300833b2ddd9014000030009,1,1,2720,-43,1654781926229208,1654781926229208,
300833b2ddd9014000030002,1,1,864,-51,1654781926230903,1654781926230903,
300833b2ddd9014000030008,1,1,3572,-46,1654781926233912,1654781926233912,
300833b2ddd9014000030009,1,1,2712,-43,1654781926235624,1654781926235624,
300833b2ddd9014000030002,1,1,928,-51,1654781926236692,1654781926236692,
300833b2ddd9014000030001,1,1,1428,-51,1654781926237779,1654781926237779,
300833b2ddd9014000030001,1,1,1432,-51,1654781926269183,1654781926269183,
300833b2ddd9014000030009,1,1,2720,-43,1654781926270852,1654781926270852,
300833b2ddd9014000030002,1,1,932,-51,1654781926272561,1654781926272561,
300833b2ddd9014000030008,1,1,3564,-46,1654781926275268,1654781926275268,
300833b2ddd9014000030002,1,1,928,-52,1654781926276862,1654781926276862,
300833b2ddd9014000030009,1,1,2744,-43,1654781926278231,1654781926278231,
300833b2ddd9014000030001,1,1,1420,-51,1654781926279504,1654781926279504,
300833b2ddd9014000030002,1,1,936,-51,1654781926311046,1654781926311046,
300833b2ddd9014000030009,1,1,2708,-43,1654781926312188,1654781926312188,
300833b2ddd9014000030008,1,1,3588,-46,1654781926313764,1654781926313764,
300833b2ddd9014000030001,1,1,1428,-51,1654781926315692,1654781926315692,
300833b2ddd9014000030009,1,1,2704,-43,1654781926319574,1654781926319574,
300833b2ddd9014000030001,1,1,1436,-51,1654781926320869,1654781926320869,
300833b2ddd9014000030002,1,1,924,-52,1654781926322181,1654781926322181,
300833b2ddd9014000030008,1,1,3584,-46,1654781926323504,1654781926323504,
300833b2ddd9014000030002,1,1,896,-51,1654781926354963,1654781926354963,
300833b2ddd9014000030009,1,1,2712,-43,1654781926356274,1654781926356274,
300833b2ddd9014000030001,1,1,1420,-51,1654781926357587,1654781926357587,
300833b2ddd9014000030008,1,1,3608,-45,1654781926358672,1654781926358672,
300833b2ddd9014000030009,1,1,2696,-43,1654781926363630,1654781926363630,
300833b2ddd9014000030008,1,1,3588,-46,1654781926364711,1654781926364711,
300833b2ddd9014000030001,1,1,1456,-50,1654781926367652,1654781926367652,
300833b2ddd9014000030002,1,1,908,-51,1654781926368792,1654781926368792,
300833b2ddd9014000030002,1,1,852,-51,1654781926399076,1654781926399076,
300833b2ddd9014000030001,1,1,1476,-51,1654781926400177,1654781926400177,
300833b2ddd9014000030008,1,1,3580,-45,1654781926403328,1654781926403328,
300833b2ddd9014000030009,1,1,2712,-43,1654781926404442,1654781926404442,
300833b2ddd9014000030001,1,1,1468,-51,1654781926408562,1654781926408562,
300833b2ddd9014000030002,1,1,864,-51,1654781926409746,1654781926409746,
300833b2ddd9014000030009,1,1,2720,-43,1654781926412430,1654781926412430,
300833b2ddd9014000030008,1,1,3592,-45,1654781926413639,1654781926413639,
300833b2ddd9014000030009,1,1,2724,-43,1654781926443455,1654781926443455,
300833b2ddd9014000030001,1,1,1472,-51,1654781926444795,1654781926444795,
300833b2ddd9014000030008,1,1,3600,-45,1654781926446372,1654781926446372,
300833b2ddd9014000030002,1,1,856,-51,1654781926447458,1654781926447458,
300833b2ddd9014000030001,1,1,1500,-51,1654781926452402,1654781926452402,
300833b2ddd9014000030009,1,1,2740,-44,1654781926454323,1654781926454323,
300833b2ddd9014000030008,1,1,3600,-45,1654781926455394,1654781926455394,
300833b2ddd9014000030002,1,1,888,-51,1654781926456818,1654781926456818,
300833b2ddd9014000030002,1,1,848,-51,1654781926487908,1654781926487908,
300833b2ddd9014000030001,1,1,1484,-51,1654781926489010,1654781926489010,
300833b2ddd9014000030008,1,1,3584,-45,1654781926490573,1654781926490573,
300833b2ddd9014000030009,1,1,2720,-43,1654781926491643,1654781926491643,
300833b2ddd9014000030001,1,1,1456,-51,1654781926494409,1654781926494409,
300833b2ddd9014000030008,1,1,3624,-45,1654781926495479,1654781926495479,
300833b2ddd9014000030002,1,1,872,-51,1654781926497567,1654781926497567,
300833b2ddd9014000030009,1,1,2716,-44,1654781926498639,1654781926498639,
300833b2ddd9014000030008,1,1,3600,-45,1654781926531049,1654781926531049,
300833b2ddd9014000030002,1,1,864,-51,1654781926532400,1654781926532400,
300833b2ddd9014000030009,1,1,2712,-43,1654781926533488,1654781926533488,
300833b2ddd9014000030001,1,1,1488,-51,1654781926534746,1654781926534746,
300833b2ddd9014000030002,1,1,860,-51,1654781926537949,1654781926537949,
300833b2ddd9014000030001,1,1,1476,-51,1654781926539036,1654781926539036,
300833b2ddd9014000030009,1,1,2712,-44,1654781926541932,1654781926541932,
300833b2ddd9014000030008,1,1,3596,-45,1654781926543011,1654781926543011,
300833b2ddd9014000030008,1,1,3588,-45,1654781926573373,1654781926573373,
300833b2ddd9014000030001,1,1,1440,-51,1654781926575300,1654781926575300,
300833b2ddd9014000030009,1,1,2716,-43,1654781926576627,1654781926576627,
300833b2ddd9014000030002,1,1,840,-51,1654781926578293,1654781926578293,
300833b2ddd9014000030001,1,1,1480,-51,1654781926581352,1654781926581352,
300833b2ddd9014000030002,1,1,840,-51,1654781926583530,1654781926583530,
300833b2ddd9014000030009,1,1,2712,-43,1654781926585250,1654781926585250,
300833b2ddd9014000030008,1,1,3596,-45,1654781926586487,1654781926586487,
300833b2ddd9014000030001,1,1,1472,-51,1654781926616204,1654781926616204,
300833b2ddd9014000030008,1,1,3580,-45,1654781926617543,1654781926617543,
300833b2ddd9014000030009,1,1,2720,-44,1654781926618853,1654781926618853,
300833b2ddd9014000030002,1,1,888,-51,1654781926620179,1654781926620179,
300833b2ddd9014000030009,1,1,2732,-44,1654781926625390,1654781926625390,
300833b2ddd9014000030002,1,1,872,-51,1654781926626857,1654781926626857,
300833b2ddd9014000030008,1,1,3580,-45,1654781926628210,1654781926628210,
300833b2ddd9014000030001,1,1,1460,-51,1654781926629451,1654781926629451,
300833b2ddd9014000030008,1,1,3640,-45,1654781926659692,1654781926659692,
300833b2ddd9014000030001,1,1,1456,-51,1654781926661419,1654781926661419,
300833b2ddd9014000030002,1,1,880,-51,1654781926662473,1654781926662473,
300833b2ddd9014000030009,1,1,2704,-43,1654781926663558,1654781926663558,
300833b2ddd9014000030002,1,1,916,-51,1654781926667156,1654781926667156,
300833b2ddd9014000030008,1,1,3604,-45,1654781926668238,1654781926668238,
300833b2ddd9014000030009,1,1,2716,-43,1654781926669535,1654781926669535,
300833b2ddd9014000030001,1,1,1456,-51,1654781926672569,1654781926672569,
300833b2ddd9014000030008,1,1,3600,-45,1654781926702510,1654781926702510,
300833b2ddd9014000030002,1,1,860,-51,1654781926704687,1654781926704687,
300833b2ddd9014000030009,1,1,2716,-43,1654781926705759,1654781926705759,
300833b2ddd9014000030001,1,1,1460,-51,1654781926706816,1654781926706816,
300833b2ddd9014000030002,1,1,856,-51,1654781926710227,1654781926710227,
300833b2ddd9014000030009,1,1,2716,-43,1654781926711526,1654781926711526,
300833b2ddd9014000030008,1,1,3604,-45,1654781926713273,1654781926713273,
300833b2ddd9014000030001,1,1,1436,-51,1654781926715241,1654781926715241,
300833b2ddd9014000030008,1,1,3608,-45,1654781926745966,1654781926745966,
300833b2ddd9014000030002,1,1,876,-51,1654781926747528,1654781926747528,
300833b2ddd9014000030009,1,1,2712,-44,1654781926749083,1654781926749083,
300833b2ddd9014000030001,1,1,1460,-51,1654781926750584,1654781926750584,
300833b2ddd9014000030009,1,1,2724,-44,1654781926754946,1654781926754946,
300833b2ddd9014000030001,1,1,1436,-51,1654781926756104,1654781926756104,
300833b2ddd9014000030008,1,1,3600,-45,1654781926757698,1654781926757698,
300833b2ddd9014000030002,1,1,852,-51,1654781926759648,1654781926759648,
300833b2ddd9014000030009,1,1,2712,-44,1654781926790898,1654781926790898,
300833b2ddd9014000030001,1,1,1444,-51,1654781926792253,1654781926792253,
300833b2ddd9014000030001,1,1,1448,-51,1654781926797604,1654781926797604,
300833b2ddd9014000030002,1,1,900,-51,1654781926798687,1654781926798687,
300833b2ddd9014000030009,1,1,2724,-43,1654781926800183,1654781926800183,
300833b2ddd9014000030008,1,1,3584,-46,1654781926801476,1654781926801476,
300833b2ddd9014000030008,1,1,3576,-46,1654781926832670,1654781926832670,
300833b2ddd9014000030002,1,1,916,-52,1654781926833993,1654781926833993,
300833b2ddd9014000030009,1,1,2732,-44,1654781926835573,1654781926835573,
300833b2ddd9014000030001,1,1,1476,-51,1654781926836944,1654781926836944,
300833b2ddd9014000030001,1,1,1480,-51,1654781926841441,1654781926841441,
300833b2ddd9014000030008,1,1,3584,-46,1654781926842745,1654781926842745,
300833b2ddd9014000030002,1,1,888,-51,1654781926843887,1654781926843887,
300833b2ddd9014000030009,1,1,2716,-43,1654781926845171,1654781926845171,
300833b2ddd9014000030008,1,1,3584,-46,1654781926882556,1654781926882556,
300833b2ddd9014000030002,1,1,912,-52,1654781926884492,1654781926884492,
300833b2ddd9014000030009,1,1,2728,-44,1654781926885606,1654781926885606,
300833b2ddd9014000030001,1,1,1456,-51,1654781926886905,1654781926886905,
300833b2ddd9014000030008,1,1,3596,-46,1654781926890743,1654781926890743,
300833b2ddd9014000030002,1,1,904,-52,1654781926891826,1654781926891826,
300833b2ddd9014000030009,1,1,2740,-44,1654781926892939,1654781926892939,
300833b2ddd9014000030001,1,1,1468,-51,1654781926894820,1654781926894820,
300833b2ddd9014000030009,1,1,2744,-44,1654781926925931,1654781926925931,
300833b2ddd9014000030008,1,1,3604,-46,1654781926928073,1654781926928073,
300833b2ddd9014000030001,1,1,1460,-51,1654781926929133,1654781926929133,
300833b2ddd9014000030002,1,1,916,-52,1654781926932755,1654781926932755,
300833b2ddd9014000030008,1,1,3580,-46,1654781926933794,1654781926933794,
300833b2ddd9014000030009,1,1,2732,-43,1654781926934921,1654781926934921,
300833b2ddd9014000030001,1,1,1444,-51,1654781926936760,1654781926936760,
300833b2ddd9014000030009,1,1,2724,-43,1654781926969072,1654781926969072,
300833b2ddd9014000030001,1,1,1460,-51,1654781926974420,1654781926974420,
300833b2ddd9014000030002,1,1,896,-51,1654781926975461,1654781926975461,
300833b2ddd9014000030008,1,1,3596,-46,1654781926978739,1654781926978739,
300833b2ddd9014000030001,1,1,1444,-51,1654781926979854,1654781926979854,
300833b2ddd9014000030009,1,1,2688,-44,1654781926981193,1654781926981193,
300833b2ddd9014000030002,1,1,892,-51,1654781926982531,1654781926982531,
300833b2ddd9014000030002,1,1,932,-51,1654781927015344,1654781927015344,
300833b2ddd9014000030001,1,1,1444,-51,1654781927016489,1654781927016489,
300833b2ddd9014000030009,1,1,2724,-43,1654781927020024,1654781927020024,
300833b2ddd9014000030008,1,1,3588,-46,1654781927021148,1654781927021148,
300833b2ddd9014000030008,1,1,3588,-46,1654781927024055,1654781927024055,
300833b2ddd9014000030002,1,1,892,-51,1654781927025353,1654781927025353,
300833b2ddd9014000030009,1,1,2736,-43,1654781927026451,1654781927026451,
300833b2ddd9014000030001,1,1,1476,-51,1654781927028713,1654781927028713,
300833b2ddd9014000030001,1,1,1484,-51,1654781927060051,1654781927060051,
300833b2ddd9014000030002,1,1,908,-51,1654781927061106,1654781927061106,
300833b2ddd9014000030009,1,1,2728,-44,1654781927062459,1654781927062459,
300833b2ddd9014000030008,1,1,3600,-46,1654781927063739,1654781927063739,
300833b2ddd9014000030001,1,1,1464,-51,1654781927069346,1654781927069346,
300833b2ddd9014000030002,1,1,904,-51,1654781927070920,1654781927070920,
300833b2ddd9014000030009,1,1,2724,-44,1654781927073223,1654781927073223,
300833b2ddd9014000030008,1,1,3588,-46,1654781927074676,1654781927074676,
300833b2ddd9014000030001,1,1,1460,-51,1654781927104942,1654781927104942,
300833b2ddd9014000030008,1,1,3600,-46,1654781927105999,1654781927105999,
300833b2ddd9014000030009,1,1,2712,-44,1654781927107055,1654781927107055,
300833b2ddd9014000030002,1,1,924,-51,1654781927108365,1654781927108365,
300833b2ddd9014000030001,1,1,1468,-51,1654781927113574,1654781927113574,
300833b2ddd9014000030009,1,1,2724,-44,1654781927115241,1654781927115241,
300833b2ddd9014000030008,1,1,3608,-46,1654781927116351,1654781927116351,
300833b2ddd9014000030002,1,1,864,-51,1654781927117563,1654781927117563,
300833b2ddd9014000030009,1,1,2700,-44,1654781927147519,1654781927147519,
300833b2ddd9014000030008,1,1,3592,-46,1654781927149723,1654781927149723,
300833b2ddd9014000030002,1,1,856,-51,1654781927150821,1654781927150821,
300833b2ddd9014000030001,1,1,1472,-51,1654781927151908,1654781927151908,