epc,atenda,atendanum,phase,RSS,timestamp,timestamp2,
300833b2ddd9014000030002,1,1,288,-48,1654781654108833,1654781654108833,
300833b2ddd9014000030009,1,1,2676,-47,1654781654109874,1654781654109874,
300833b2ddd9014000030008,1,1,3336,-42,1654781654110928,1654781654110928,
300833b2ddd9014000030001,1,1,852,-62,1654781654112600,1654781654112600,
300833b2ddd9014000030002,1,1,284,-47,1654781654115578,1654781654115578,
300833b2ddd9014000030009,1,1,2676,-47,1654781654116649,1654781654116649,
300833b2ddd9014000030008,1,1,3356,-43,1654781654118143,1654781654118143,
300833b2ddd9014000030001,1,1,832,-62,1654781654120085,1654781654120085,
300833b2ddd9014000030009,1,1,2676,-47,1654781654150934,1654781654150934,
300833b2ddd9014000030008,1,1,3348,-42,1654781654152273,1654781654152273,
300833b2ddd9014000030002,1,1,280,-48,1654781654153331,1654781654153331,
300833b2ddd9014000030001,1,1,816,-62,1654781654154420,1654781654154420,
300833b2ddd9014000030009,1,1,2672,-47,1654781654159393,1654781654159393,
300833b2ddd9014000030002,1,1,280,-47,1654781654160660,1654781654160660,
300833b2ddd9014000030001,1,1,816,-62,1654781654162473,1654781654162473,
300833b2ddd9014000030008,1,1,3364,-43,1654781654163540,1654781654163540,
300833b2ddd9014000030002,1,1,276,-47,1654781654195223,1654781654195223,
300833b2ddd9014000030001,1,1,764,-62,1654781654196924,1654781654196924,
300833b2ddd9014000030009,1,1,2668,-47,1654781654198064,1654781654198064,
300833b2ddd9014000030008,1,1,3336,-43,1654781654199132,1654781654199132,
300833b2ddd9014000030001,1,1,804,-63,1654781654202468,1654781654202468,
300833b2ddd9014000030002,1,1,284,-47,1654781654203577,1654781654203577,
300833b2ddd9014000030008,1,1,3340,-43,1654781654204631,1654781654204631,
300833b2ddd9014000030009,1,1,2668,-47,1654781654206170,1654781654206170,
300833b2ddd9014000030009,1,1,2660,-47,1654781654238594,1654781654238594,
300833b2ddd9014000030001,1,1,840,-63,1654781654240236,1654781654240236,
300833b2ddd9014000030008,1,1,3344,-43,1654781654241318,1654781654241318,
300833b2ddd9014000030002,1,1,300,-47,1654781654242516,1654781654242516,
300833b2ddd9014000030009,1,1,2672,-47,1654781654245459,1654781654245459,
300833b2ddd9014000030002,1,1,292,-47,1654781654247397,1654781654247397,
300833b2ddd9014000030008,1,1,3356,-43,1654781654248462,1654781654248462,
300833b2ddd9014000030001,1,1,884,-62,1654781654249752,1654781654249752,
300833b2ddd9014000030008,1,1,3340,-43,1654781654281393,1654781654281393,
300833b2ddd9014000030002,1,1,284,-47,1654781654282505,1654781654282505,
300833b2ddd9014000030001,1,1,864,-62,1654781654283893,1654781654283893,
300833b2ddd9014000030009,1,1,2680,-47,1654781654284947,1654781654284947,
300833b2ddd9014000030009,1,1,2668,-47,1654781654287667,1654781654287667,
300833b2ddd9014000030002,1,1,292,-47,1654781654288735,1654781654288735,
300833b2ddd9014000030008,1,1,3356,-43,1654781654290994,1654781654290994,
300833b2ddd9014000030001,1,1,884,-62,1654781654292707,1654781654292707,
300833b2ddd9014000030002,1,1,276,-47,1654781654323520,1654781654323520,
300833b2ddd9014000030008,1,1,3340,-43,1654781654324813,1654781654324813,
300833b2ddd9014000030009,1,1,2680,-47,1654781654326653,1654781654326653,
300833b2ddd9014000030001,1,1,884,-62,1654781654327899,1654781654327899,
300833b2ddd9014000030001,1,1,848,-63,1654781654332137,1654781654332137,
300833b2ddd9014000030002,1,1,280,-47,1654781654333645,1654781654333645,
300833b2ddd9014000030008,1,1,3348,-43,1654781654334713,1654781654334713,
300833b2ddd9014000030009,1,1,2660,-47,1654781654335812,1654781654335812,
300833b2ddd9014000030008,1,1,3360,-43,1654781654368199,1654781654368199,
300833b2ddd9014000030002,1,1,284,-47,1654781654369380,1654781654369380,
300833b2ddd9014000030009,1,1,2660,-47,1654781654370454,1654781654370454,
300833b2ddd9014000030001,1,1,816,-63,1654781654372367,1654781654372367,
300833b2ddd9014000030008,1,1,3340,-43,1654781654375124,1654781654375124,
300833b2ddd9014000030002,1,1,296,-47,1654781654377323,1654781654377323,
300833b2ddd9014000030009,1,1,2680,-47,1654781654378394,1654781654378394,
300833b2ddd9014000030001,1,1,840,-62,1654781654379913,1654781654379913,
300833b2ddd9014000030009,1,1,2672,-47,1654781654410367,1654781654410367,
300833b2ddd9014000030002,1,1,288,-47,1654781654411805,1654781654411805,
300833b2ddd9014000030008,1,1,3352,-43,1654781654412845,1654781654412845,
300833b2ddd9014000030001,1,1,960,-62,1654781654413905,1654781654413905,
300833b2ddd9014000030001,1,1,860,-62,1654781654417494,1654781654417494,
300833b2ddd9014000030008,1,1,3344,-43,1654781654419044,1654781654419044,
300833b2ddd9014000030002,1,1,276,-48,1654781654420398,1654781654420398,
300833b2ddd9014000030009,1,1,2692,-47,1654781654421667,1654781654421667,
300833b2ddd9014000030001,1,1,816,-62,1654781654453623,1654781654453623,
300833b2ddd9014000030009,1,1,2688,-47,1654781654454806,1654781654454806,
300833b2ddd9014000030008,1,1,3356,-43,1654781654456157,1654781654456157,
300833b2ddd9014000030002,1,1,280,-47,1654781654457626,1654781654457626,
300833b2ddd9014000030002,1,1,272,-48,1654781654460850,1654781654460850,
300833b2ddd9014000030009,1,1,2676,-47,1654781654462547,1654781654462547,
300833b2ddd9014000030008,1,1,3356,-43,1654781654464168,1654781654464168,
300833b2ddd9014000030001,1,1,928,-63,1654781654465654,1654781654465654,
300833b2ddd9014000030001,1,1,788,-62,1654781654495457,1654781654495457,
300833b2ddd9014000030002,1,1,296,-48,1654781654497658,1654781654497658,
300833b2ddd9014000030008,1,1,3340,-43,1654781654498713,1654781654498713,
300833b2ddd9014000030009,1,1,2668,-47,1654781654499756,1654781654499756,
300833b2ddd9014000030008,1,1,3360,-43,1654781654503580,1654781654503580,
300833b2ddd9014000030001,1,1,876,-63,1654781654504684,1654781654504684,
300833b2ddd9014000030002,1,1,288,-47,1654781654506873,1654781654506873,
300833b2ddd9014000030009,1,1,2680,-47,1654781654508410,1654781654508410,
300833b2ddd9014000030009,1,1,2708,-47,1654781654539262,1654781654539262,
300833b2ddd9014000030001,1,1,804,-63,1654781654540396,1654781654540396,
300833b2ddd9014000030008,1,1,3344,-43,1654781654541973,1654781654541973,
300833b2ddd9014000030002,1,1,276,-48,1654781654543070,1654781654543070,
300833b2ddd9014000030002,1,1,292,-48,1654781654547353,1654781654547353,
300833b2ddd9014000030008,1,1,3340,-43,1654781654548892,1654781654548892,
300833b2ddd9014000030009,1,1,2688,-47,1654781654549933,1654781654549933,
300833b2ddd9014000030001,1,1,868,-62,1654781654551476,1654781654551476,
300833b2ddd9014000030009,1,1,2688,-47,1654781654582622,1654781654582622,
300833b2ddd9014000030008,1,1,3340,-43,1654781654584190,1654781654584190,
300833b2ddd9014000030002,1,1,288,-48,1654781654585213,1654781654585213,
300833b2ddd9014000030001,1,1,744,-63,1654781654587384,1654781654587384,
300833b2ddd9014000030002,1,1,288,-48,1654781654591718,1654781654591718,
300833b2ddd9014000030001,1,1,844,-62,1654781654592783,1654781654592783,
300833b2ddd9014000030008,1,1,3356,-43,1654781654594345,1654781654594345,
300833b2ddd9014000030009,1,1,2696,-47,1654781654595457,1654781654595457,
300833b2ddd9014000030002,1,1,288,-47,1654781654626636,1654781654626636,
300833b2ddd9014000030008,1,1,3340,-43,1654781654627974,1654781654627974,
300833b2ddd9014000030001,1,1,828,-63,1654781654629049,1654781654629049,
300833b2ddd9014000030009,1,1,2708,-47,1654781654630416,1654781654630416,
300833b2ddd9014000030008,1,1,3348,-43,1654781654635560,1654781654635560,
300833b2ddd9014000030002,1,1,288,-47,1654781654636600,1654781654636600,
300833b2ddd9014000030001,1,1,888,-63,1654781654637661,1654781654637661,
300833b2ddd9014000030009,1,1,2676,-47,1654781654640050,1654781654640050,
300833b2ddd9014000030008,1,1,3360,-43,1654781654670578,1654781654670578,
300833b2ddd9014000030001,1,1,920,-63,1654781654671893,1654781654671893,
300833b2ddd9014000030002,1,1,284,-47,1654781654673430,1654781654673430,
300833b2ddd9014000030009,1,1,2676,-47,1654781654674755,1654781654674755,
300833b2ddd9014000030009,1,1,2684,-47,1654781654678994,1654781654678994,
300833b2ddd9014000030008,1,1,3340,-43,1654781654680603,1654781654680603,
300833b2ddd9014000030002,1,1,288,-48,1654781654681926,1654781654681926,
300833b2ddd9014000030001,1,1,884,-62,1654781654684153,1654781654684153,
300833b2ddd9014000030008,1,1,3340,-43,1654781654714793,1654781654714793,
300833b2ddd9014000030002,1,1,288,-48,1654781654716772,1654781654716772,
300833b2ddd9014000030009,1,1,2716,-47,1654781654718084,1654781654718084,
300833b2ddd9014000030001,1,1,884,-63,1654781654719586,1654781654719586,
300833b2ddd9014000030008,1,1,3348,-43,1654781654722798,1654781654722798,
300833b2ddd9014000030002,1,1,284,-47,1654781654723925,1654781654723925,
300833b2ddd9014000030001,1,1,852,-62,1654781654725015,1654781654725015,
300833b2ddd9014000030009,1,1,2680,-47,1654781654727263,1654781654727263,
300833b2ddd9014000030001,1,1,932,-62,1654781654758829,1654781654758829,
300833b2ddd9014000030002,1,1,296,-48,1654781654759931,1654781654759931,
300833b2ddd9014000030008,1,1,3356,-43,1654781654760998,1654781654760998,
300833b2ddd9014000030009,1,1,2700,-47,1654781654762038,1654781654762038,
300833b2ddd9014000030009,1,1,2720,-47,1654781654767221,1654781654767221,
300833b2ddd9014000030002,1,1,292,-48,1654781654768517,1654781654768517,
300833b2ddd9014000030008,1,1,3336,-43,1654781654769870,1654781654769870,
300833b2ddd9014000030001,1,1,928,-63,1654781654772436,1654781654772436,
300833b2ddd9014000030009,1,1,2672,-47,1654781654802880,1654781654802880,
300833b2ddd9014000030002,1,1,284,-48,1654781654804378,1654781654804378,
300833b2ddd9014000030008,1,1,3340,-43,1654781654805473,1654781654805473,
300833b2ddd9014000030001,1,1,860,-63,1654781654807189,1654781654807189,
300833b2ddd9014000030002,1,1,296,-47,1654781654810714,1654781654810714,
300833b2ddd9014000030008,1,1,3356,-43,1654781654812139,1654781654812139,
300833b2ddd9014000030009,1,1,2692,-47,1654781654813706,1654781654813706,
300833b2ddd9014000030009,1,1,2696,-47,1654781655037547,1654781655037547,
300833b2ddd9014000030008,1,1,3360,-43,1654781655038901,1654781655038901,
300833b2ddd9014000030008,1,1,3348,-43,1654781655042182,1654781655042182,
300833b2ddd9014000030009,1,1,2704,-47,1654781655043463,1654781655043463,
300833b2ddd9014000030002,1,1,284,-47,1654781655044575,1654781655044575,
300833b2ddd9014000030001,1,1,784,-63,1654781655046176,1654781655046176,
300833b2ddd9014000030009,1,1,2692,-47,1654781655077861,1654781655077861,
300833b2ddd9014000030008,1,1,3344,-43,1654781655078944,1654781655078944,
300833b2ddd9014000030001,1,1,972,-62,1654781655080232,1654781655080232,
300833b2ddd9014000030002,1,1,284,-48,1654781655081569,1654781655081569,
300833b2ddd9014000030009,1,1,2684,-47,1654781655086061,1654781655086061,
300833b2ddd9014000030008,1,1,3348,-43,1654781655087159,1654781655087159,
300833b2ddd9014000030001,1,1,868,-62,1654781655088747,1654781655088747,
300833b2ddd9014000030002,1,1,288,-47,1654781655090054,1654781655090054,
300833b2ddd9014000030008,1,1,3352,-43,1654781655121408,1654781655121408,
300833b2ddd9014000030001,1,1,916,-62,1654781655122440,1654781655122440,
300833b2ddd9014000030009,1,1,2700,-47,1654781655123551,1654781655123551,
300833b2ddd9014000030002,1,1,292,-48,1654781655125189,1654781655125189,
300833b2ddd9014000030009,1,1,2696,-47,1654781655130569,1654781655130569,
300833b2ddd9014000030002,1,1,292,-47,1654781655131838,1654781655131838,
300833b2ddd9014000030008,1,1,3352,-43,1654781655132919,1654781655132919,
300833b2ddd9014000030001,1,1,848,-62,1654781655134624,1654781655134624,
300833b2ddd9014000030009,1,1,2680,-47,1654781655164821,1654781655164821,
300833b2ddd9014000030002,1,1,308,-47,1654781655166499,1654781655166499,
300833b2ddd9014000030008,1,1,3356,-43,1654781655167614,1654781655167614,
300833b2ddd9014000030001,1,1,916,-63,1654781655168774,1654781655168774,
300833b2ddd9014000030008,1,1,3352,-43,1654781655172926,1654781655172926,
300833b2ddd9014000030001,1,1,952,-63,1654781655174384,1654781655174384,
300833b2ddd9014000030002,1,1,300,-48,1654781655175440,1654781655175440,
300833b2ddd9014000030009,1,1,2712,-47,1654781655176497,1654781655176497,
300833b2ddd9014000030002,1,1,304,-48,1654781655207370,1654781655207370,
300833b2ddd9014000030008,1,1,3352,-43,1654781655209320,1654781655209320,
300833b2ddd9014000030009,1,1,2708,-47,1654781655210362,1654781655210362,
300833b2ddd9014000030001,1,1,868,-63,1654781655212063,1654781655212063,
300833b2ddd9014000030002,1,1,300,-48,1654781655214874,1654781655214874,
300833b2ddd9014000030001,1,1,872,-62,1654781655215978,1654781655215978,
300833b2ddd9014000030009,1,1,2696,-47,1654781655217540,1654781655217540,
300833b2ddd9014000030008,1,1,3352,-43,1654781655218840,1654781655218840,
300833b2ddd9014000030008,1,1,3352,-43,1654781655250543,1654781655250543,
300833b2ddd9014000030001,1,1,888,-63,1654781655252187,1654781655252187,
300833b2ddd9014000030009,1,1,2712,-47,1654781655253270,1654781655253270,
300833b2ddd9014000030002,1,1,304,-47,1654781655254324,1654781655254324,
300833b2ddd9014000030008,1,1,3372,-43,1654781655260086,1654781655260086,
300833b2ddd9014000030009,1,1,2680,-47,1654781655261399,1654781655261399,
300833b2ddd9014000030001,1,1,952,-62,1654781655262487,1654781655262487,
300833b2ddd9014000030002,1,1,304,-48,1654781655263953,1654781655263953,
300833b2ddd9014000030001,1,1,852,-62,1654781655293855,1654781655293855,
300833b2ddd9014000030002,1,1,300,-47,1654781655295817,1654781655295817,
300833b2ddd9014000030008,1,1,3348,-43,1654781655296830,1654781655296830,
300833b2ddd9014000030009,1,1,2704,-47,1654781655297928,1654781655297928,
300833b2ddd9014000030008,1,1,3356,-43,1654781655301252,1654781655301252,
300833b2ddd9014000030002,1,1,316,-48,1654781655302577,1654781655302577,
300833b2ddd9014000030009,1,1,2712,-47,1654781655303875,1654781655303875,
300833b2ddd9014000030001,1,1,896,-62,1654781655306070,1654781655306070,
300833b2ddd9014000030008,1,1,3352,-43,1654781655336858,1654781655336858,
300833b2ddd9014000030002,1,1,304,-47,1654781655337944,1654781655337944,
300833b2ddd9014000030009,1,1,2712,-47,1654781655339026,1654781655339026,
300833b2ddd9014000030001,1,1,856,-63,1654781655340856,1654781655340856,
300833b2ddd9014000030009,1,1,2688,-47,1654781655345300,1654781655345300,
300833b2ddd9014000030008,1,1,3364,-43,1654781655346637,1654781655346637,
300833b2ddd9014000030002,1,1,296,-47,1654781655348189,1654781655348189,
300833b2ddd9014000030001,1,1,920,-63,1654781655349546,1654781655349546,
300833b2ddd9014000030001,1,1,756,-63,1654781655380833,1654781655380833,
300833b2ddd9014000030008,1,1,3352,-43,1654781655382477,1654781655382477,
300833b2ddd9014000030009,1,1,2696,-47,1654781655385477,1654781655385477,
300833b2ddd9014000030002,1,1,292,-48,1654781655386549,1654781655386549,
300833b2ddd9014000030008,1,1,3360,-43,1654781655389524,1654781655389524,
300833b2ddd9014000030009,1,1,2708,-47,1654781655390847,1654781655390847,
300833b2ddd9014000030002,1,1,300,-48,1654781655391904,1654781655391904,
300833b2ddd9014000030001,1,1,888,-63,1654781655394056,1654781655394056,
300833b2ddd9014000030008,1,1,3372,-43,1654781655425127,1654781655425127,
300833b2ddd9014000030001,1,1,892,-62,1654781655426201,1654781655426201,
300833b2ddd9014000030009,1,1,2700,-47,1654781655427795,1654781655427795,
300833b2ddd9014000030002,1,1,288,-48,1654781655428864,1654781655428864,
300833b2ddd9014000030009,1,1,2708,-47,1654781655433583,1654781655433583,
300833b2ddd9014000030008,1,1,3352,-43,1654781655434698,1654781655434698,
300833b2ddd9014000030001,1,1,796,-63,1654781655436198,1654781655436198,
300833b2ddd9014000030002,1,1,308,-47,1654781655437249,1654781655437249,
300833b2ddd9014000030008,1,1,3364,-43,1654781655469006,1654781655469006,
300833b2ddd9014000030009,1,1,2700,-47,1654781655470345,1654781655470345,
300833b2ddd9014000030002,1,1,296,-47,1654781655471430,1654781655471430,
300833b2ddd9014000030001,1,1,852,-63,1654781655472744,1654781655472744,
300833b2ddd9014000030002,1,1,308,-48,1654781655477181,1654781655477181,
300833b2ddd9014000030001,1,1,884,-63,1654781655479363,1654781655479363,
300833b2ddd9014000030008,1,1,3356,-43,1654781655480659,1654781655480659,
300833b2ddd9014000030009,1,1,2696,-47,1654781655481887,1654781655481887,
300833b2ddd9014000030008,1,1,3364,-43,1654781655511854,1654781655511854,
300833b2ddd9014000030002,1,1,308,-47,1654781655513406,1654781655513406,
300833b2ddd9014000030009,1,1,2708,-47,1654781655515002,1654781655515002,
300833b2ddd9014000030001,1,1,1072,-63,1654781655516091,1654781655516091,
300833b2ddd9014000030008,1,1,3352,-43,1654781655521372,1654781655521372,
300833b2ddd9014000030001,1,1,892,-63,1654781655522448,1654781655522448,
300833b2ddd9014000030002,1,1,312,-48,1654781655523770,1654781655523770,
300833b2ddd9014000030009,1,1,2732,-47,1654781655525240,1654781655525240,
300833b2ddd9014000030008,1,1,3364,-43,1654781655554885,1654781655554885,
300833b2ddd9014000030002,1,1,316,-47,1654781655555912,1654781655555912,
300833b2ddd9014000030009,1,1,2704,-47,1654781655556968,1654781655556968,
300833b2ddd9014000030001,1,1,856,-63,1654781655559874,1654781655559874,
300833b2ddd9014000030001,1,1,880,-63,1654781655564749,1654781655564749,
300833b2ddd9014000030002,1,1,324,-47,1654781655566097,1654781655566097,
300833b2ddd9014000030008,1,1,3372,-43,1654781655567624,1654781655567624,
300833b2ddd9014000030009,1,1,2708,-47,1654781655568665,1654781655568665,
300833b2ddd9014000030001,1,1,880,-63,1654781655598596,1654781655598596,
300833b2ddd9014000030009,1,1,2724,-47,1654781655599949,1654781655599949,
300833b2ddd9014000030002,1,1,324,-48,1654781655601512,1654781655601512,
300833b2ddd9014000030008,1,1,3364,-43,1654781655602796,1654781655602796,
300833b2ddd9014000030001,1,1,968,-62,1654781655607006,1654781655607006,
300833b2ddd9014000030002,1,1,308,-47,1654781655608074,1654781655608074,
300833b2ddd9014000030008,1,1,3368,-43,1654781655609896,1654781655609896,
300833b2ddd9014000030009,1,1,2716,-47,1654781655611876,1654781655611876,
300833b2ddd9014000030009,1,1,2708,-47,1654781655642674,1654781655642674,
300833b2ddd9014000030002,1,1,308,-47,1654781655643815,1654781655643815,
300833b2ddd9014000030008,1,1,3376,-43,1654781655644883,1654781655644883,
300833b2ddd9014000030001,1,1,964,-62,1654781655646441,1654781655646441,
300833b2ddd9014000030002,1,1,320,-47,1654781655651151,1654781655651151,
300833b2ddd9014000030001,1,1,884,-62,1654781655652752,1654781655652752,
300833b2ddd9014000030008,1,1,3368,-43,1654781655654063,1654781655654063,
300833b2ddd9014000030009,1,1,2696,-47,1654781655655149,1654781655655149,
300833b2ddd9014000030002,1,1,304,-48,1654781655686538,1654781655686538,
300833b2ddd9014000030009,1,1,2716,-47,1654781655687608,1654781655687608,
300833b2ddd9014000030008,1,1,3352,-43,1654781655689627,1654781655689627,
300833b2ddd9014000030001,1,1,944,-62,1654781655692235,1654781655692235,
300833b2ddd9014000030008,1,1,3380,-43,1654781655695536,1654781655695536,
300833b2ddd9014000030009,1,1,2732,-47,1654781655696663,1654781655696663,
300833b2ddd9014000030001,1,1,896,-63,1654781655697994,1654781655697994,
300833b2ddd9014000030002,1,1,308,-48,1654781655699331,1654781655699331,
300833b2ddd9014000030002,1,1,324,-47,1654781655730629,1654781655730629,
300833b2ddd9014000030008,1,1,3372,-43,1654781655731740,1654781655731740,
300833b2ddd9014000030001,1,1,972,-62,1654781655733083,1654781655733083,
300833b2ddd9014000030009,1,1,2704,-47,1654781655734906,1654781655734906,
300833b2ddd9014000030009,1,1,2728,-47,1654781655739581,1654781655739581,
300833b2ddd9014000030002,1,1,304,-47,1654781655740723,1654781655740723,
300833b2ddd9014000030008,1,1,3376,-43,1654781655742060,1654781655742060,
300833b2ddd9014000030001,1,1,972,-62,1654781655744030,1654781655744030,
300833b2ddd9014000030002,1,1,320,-48,1654781655775084,1654781655775084,
300833b2ddd9014000030001,1,1,924,-63,1654781655776400,1654781655776400,
300833b2ddd9014000030008,1,1,3372,-43,1654781655777736,1654781655777736,
300833b2ddd9014000030009,1,1,2724,-47,1654781655779045,1654781655779045,
300833b2ddd9014000030001,1,1,892,-62,1654781655783985,1654781655783985,
300833b2ddd9014000030002,1,1,312,-47,1654781655785465,1654781655785465,
300833b2ddd9014000030008,1,1,3356,-43,1654781655787227,1654781655787227,
300833b2ddd9014000030009,1,1,2720,-47,1654781655788323,1654781655788323,
300833b2ddd9014000030009,1,1,2712,-47,1654781655818423,1654781655818423,
300833b2ddd9014000030001,1,1,888,-64,1654781655819527,1654781655819527,
300833b2ddd9014000030008,1,1,3380,-43,1654781655821332,1654781655821332,
300833b2ddd9014000030002,1,1,308,-48,1654781655822430,1654781655822430,
300833b2ddd9014000030008,1,1,3372,-43,1654781655828881,1654781655828881,
300833b2ddd9014000030001,1,1,872,-63,1654781655830140,1654781655830140,
300833b2ddd9014000030009,1,1,2708,-47,1654781655831224,1654781655831224,
300833b2ddd9014000030002,1,1,296,-47,1654781655832366,1654781655832366,
300833b2ddd9014000030008,1,1,3384,-43,1654781655863378,1654781655863378,
300833b2ddd9014000030009,1,1,2696,-47,1654781655864875,1654781655864875,
300833b2ddd9014000030001,1,1,904,-63,1654781655866189,1654781655866189,
300833b2ddd9014000030002,1,1,292,-47,1654781655867275,1654781655867275,
300833b2ddd9014000030009,1,1,2736,-47,1654781655870690,1654781655870690,
300833b2ddd9014000030008,1,1,3360,-43,1654781655872626,1654781655872626,
300833b2ddd9014000030002,1,1,300,-47,1654781655873652,1654781655873652,
300833b2ddd9014000030001,1,1,744,-63,1654781655875608,1654781655875608,
300833b2ddd9014000030009,1,1,2696,-47,1654781655905882,1654781655905882,
300833b2ddd9014000030008,1,1,3344,-43,1654781655907009,1654781655907009,
300833b2ddd9014000030002,1,1,292,-47,1654781655908573,1654781655908573,
300833b2ddd9014000030001,1,1,816,-63,1654781655909663,1654781655909663,
300833b2ddd9014000030001,1,1,952,-62,1654781655913913,1654781655913913,
300833b2ddd9014000030009,1,1,2696,-47,1654781655914993,1654781655914993,
300833b2ddd9014000030008,1,1,3368,-43,1654781655916315,1654781655916315,
300833b2ddd9014000030002,1,1,284,-47,1654781655917415,1654781655917415,
300833b2ddd9014000030009,1,1,2712,-47,1654781655949341,1654781655949341,
300833b2ddd9014000030008,1,1,3344,-43,1654781655950693,1654781655950693,
300833b2ddd9014000030002,1,1,292,-47,1654781655951776,1654781655951776,
300833b2ddd9014000030001,1,1,780,-63,1654781655953618,1654781655953618,
300833b2ddd9014000030001,1,1,828,-63,1654781655958641,1654781655958641,
300833b2ddd9014000030008,1,1,3332,-43,1654781655959849,1654781655959849,
300833b2ddd9014000030009,1,1,2724,-47,1654781655961811,1654781655961811,
300833b2ddd9014000030002,1,1,280,-47,1654781655962894,1654781655962894,
300833b2ddd9014000030008,1,1,3332,-43,1654781655994636,1654781655994636,
300833b2ddd9014000030001,1,1,680,-63,1654781655996684,1654781655996684,
300833b2ddd9014000030009,1,1,2680,-47,1654781655999195,1654781655999195,
300833b2ddd9014000030002,1,1,268,-47,1654781656000263,1654781656000263,
300833b2ddd9014000030008,1,1,3332,-43,1654781656009914,1654781656009914,
300833b2ddd9014000030002,1,1,260,-47,1654781656011507,1654781656011507,
300833b2ddd9014000030009,1,1,2672,-46,1654781656013134,1654781656013134,
300833b2ddd9014000030001,1,1,716,-63,1654781656014652,1654781656014652,
300833b2ddd9014000030008,1,1,3332,-43,1654781656046582,1654781656046582,
300833b2ddd9014000030002,1,1,248,-47,1654781656048052,1654781656048052,
300833b2ddd9014000030001,1,1,680,-63,1654781656049126,1654781656049126,
300833b2ddd9014000030009,1,1,2668,-47,1654781656050239,1654781656050239,
300833b2ddd9014000030008,1,1,3320,-43,1654781656054348,1654781656054348,
300833b2ddd9014000030001,1,1,632,-64,1654781656055597,1654781656055597,
300833b2ddd9014000030009,1,1,2684,-47,1654781656056706,1654781656056706,
300833b2ddd9014000030002,1,1,260,-47,1654781656058020,1654781656058020,
300833b2ddd9014000030008,1,1,3300,-43,1654781656088397,1654781656088397,
300833b2ddd9014000030002,1,1,212,-47,1654781656089722,1654781656089722,
300833b2ddd9014000030009,1,1,2688,-46,1654781656091118,1654781656091118,
300833b2ddd9014000030001,1,1,532,-63,1654781656092179,1654781656092179,
300833b2ddd9014000030002,1,1,216,-47,1654781656096861,1654781656096861,
300833b2ddd9014000030008,1,1,3320,-43,1654781656098015,1654781656098015,
300833b2ddd9014000030009,1,1,2636,-47,1654781656100050,1654781656100050,
300833b2ddd9014000030001,1,1,640,-64,1654781656101152,1654781656101152,
300833b2ddd9014000030002,1,1,204,-47,1654781656132383,1654781656132383,
300833b2ddd9014000030008,1,1,3280,-42,1654781656133733,1654781656133733,
300833b2ddd9014000030009,1,1,2688,-47,1654781656135306,1654781656135306,
300833b2ddd9014000030001,1,1,608,-64,1654781656137231,1654781656137231,
300833b2ddd9014000030009,1,1,2652,-46,1654781656141084,1654781656141084,
300833b2ddd9014000030008,1,1,3292,-43,1654781656142126,1654781656142126,
300833b2ddd9014000030001,1,1,504,-64,1654781656143202,1654781656143202,
300833b2ddd9014000030002,1,1,176,-47,1654781656144298,1654781656144298,
300833b2ddd9014000030002,1,1,160,-47,1654781656177764,1654781656177764,
300833b2ddd9014000030008,1,1,3256,-42,1654781656178831,1654781656178831,
300833b2ddd9014000030009,1,1,2660,-47,1654781656179903,1654781656179903,
300833b2ddd9014000030001,1,1,512,-64,1654781656181051,1654781656181051,
300833b2ddd9014000030008,1,1,3268,-42,1654781656184302,1654781656184302,
300833b2ddd9014000030009,1,1,2652,-46,1654781656185954,1654781656185954,
300833b2ddd9014000030002,1,1,160,-47,1654781656187038,1654781656187038,
300833b2ddd9014000030001,1,1,312,-64,1654781656188740,1654781656188740,
300833b2ddd9014000030009,1,1,2660,-46,1654781656218951,1654781656218951,
300833b2ddd9014000030002,1,1,112,-47,1654781656220647,1654781656220647,
300833b2ddd9014000030001,1,1,348,-63,1654781656221749,1654781656221749,
300833b2ddd9014000030008,1,1,3232,-42,1654781656222815,1654781656222815,
300833b2ddd9014000030008,1,1,3220,-42,1654781656226765,1654781656226765,
300833b2ddd9014000030009,1,1,2652,-46,1654781656228059,1654781656228059,
300833b2ddd9014000030002,1,1,124,-47,1654781656229130,1654781656229130,
300833b2ddd9014000030001,1,1,388,-64,1654781656231340,1654781656231340,
300833b2ddd9014000030008,1,1,3204,-42,1654781656262149,1654781656262149,
300833b2ddd9014000030001,1,1,548,-63,1654781656263213,1654781656263213,
300833b2ddd9014000030009,1,1,2660,-46,1654781656264805,1654781656264805,
300833b2ddd9014000030002,1,1,80,-47,1654781656266387,1654781656266387,
300833b2ddd9014000030008,1,1,3212,-42,1654781656270624,1654781656270624,
300833b2ddd9014000030009,1,1,2664,-46,1654781656271749,1654781656271749,
300833b2ddd9014000030002,1,1,64,-47,1654781656272835,1654781656272835,
300833b2ddd9014000030001,1,1,356,-63,1654781656274405,1654781656274405,
300833b2ddd9014000030009,1,1,2672,-46,1654781656306553,1654781656306553,
300833b2ddd9014000030008,1,1,3184,-42,1654781656307654,1654781656307654,
300833b2ddd9014000030001,1,1,536,-65,1654781656308997,1654781656308997,
300833b2ddd9014000030002,1,1,56,-47,1654781656310305,1654781656310305,
300833b2ddd9014000030008,1,1,3172,-42,1654781656315274,1654781656315274,
300833b2ddd9014000030009,1,1,2676,-46,1654781656316488,1654781656316488,
300833b2ddd9014000030002,1,1,68,-47,1654781656317571,1654781656317571,
300833b2ddd9014000030001,1,1,644,-65,1654781656319512,1654781656319512,
300833b2ddd9014000030009,1,1,2672,-45,1654781656349262,1654781656349262,
300833b2ddd9014000030008,1,1,3188,-42,1654781656350573,1654781656350573,
300833b2ddd9014000030002,1,1,40,-47,1654781656351671,1654781656351671,
300833b2ddd9014000030001,1,1,848,-64,1654781656353898,1654781656353898,
300833b2ddd9014000030001,1,1,824,-65,1654781656359117,1654781656359117,
300833b2ddd9014000030009,1,1,2664,-45,1654781656360229,1654781656360229,
300833b2ddd9014000030008,1,1,3160,-42,1654781656361341,1654781656361341,
300833b2ddd9014000030002,1,1,56,-47,1654781656362839,1654781656362839,
300833b2ddd9014000030009,1,1,2660,-45,1654781656393296,1654781656393296,
300833b2ddd9014000030008,1,1,3164,-42,1654781656394335,1654781656394335,
300833b2ddd9014000030002,1,1,40,-47,1654781656396199,1654781656396199,
300833b2ddd9014000030001,1,1,1320,-61,1654781656397842,1654781656397842,
300833b2ddd9014000030001,1,1,1328,-62,1654781656401593,1654781656401593,
300833b2ddd9014000030002,1,1,28,-48,1654781656402688,1654781656402688,
300833b2ddd9014000030008,1,1,3172,-42,1654781656404480,1654781656404480,
300833b2ddd9014000030009,1,1,2624,-45,1654781656405579,1654781656405579,
300833b2ddd9014000030002,1,1,36,-48,1654781656437112,1654781656437112,
300833b2ddd9014000030008,1,1,3160,-42,1654781656439035,1654781656439035,
300833b2ddd9014000030001,1,1,1688,-59,1654781656440168,1654781656440168,
300833b2ddd9014000030009,1,1,2588,-45,1654781656442146,1654781656442146,
300833b2ddd9014000030009,1,1,2592,-45,1654781656444853,1654781656444853,
300833b2ddd9014000030002,1,1,40,-48,1654781656445948,1654781656445948,
300833b2ddd9014000030008,1,1,3148,-43,1654781656447305,1654781656447305,
300833b2ddd9014000030001,1,1,1624,-58,1654781656448846,1654781656448846,
300833b2ddd9014000030009,1,1,2552,-45,1654781656482807,1654781656482807,
300833b2ddd9014000030008,1,1,3156,-43,1654781656483849,1654781656483849,
300833b2ddd9014000030002,1,1,56,-48,1654781656484918,1654781656484918,
300833b2ddd9014000030001,1,1,1768,-55,1654781656486064,1654781656486064,
300833b2ddd9014000030009,1,1,2536,-45,1654781656490987,1654781656490987,
300833b2ddd9014000030008,1,1,3144,-43,1654781656492041,1654781656492041,
300833b2ddd9014000030001,1,1,1740,-55,1654781656494095,1654781656494095,
300833b2ddd9014000030002,1,1,32,-48,1654781656496173,1654781656496173,
300833b2ddd9014000030008,1,1,3156,-43,1654781656527312,1654781656527312,
300833b2ddd9014000030009,1,1,2480,-44,1654781656528398,1654781656528398,
300833b2ddd9014000030001,1,1,1836,-53,1654781656529470,1654781656529470,
300833b2ddd9014000030002,1,1,56,-49,1654781656531208,1654781656531208,
300833b2ddd9014000030008,1,1,3132,-44,1654781656535456,1654781656535456,
300833b2ddd9014000030002,1,1,56,-49,1654781656536993,1654781656536993,
300833b2ddd9014000030009,1,1,2492,-44,1654781656538277,1654781656538277,
300833b2ddd9014000030001,1,1,1816,-52,1654781656540455,1654781656540455,
300833b2ddd9014000030001,1,1,1804,-52,1654781656571071,1654781656571071,
300833b2ddd9014000030008,1,1,3140,-44,1654781656572099,1654781656572099,
300833b2ddd9014000030009,1,1,2468,-44,1654781656573664,1654781656573664,
300833b2ddd9014000030002,1,1,108,-49,1654781656575627,1654781656575627,
300833b2ddd9014000030008,1,1,3132,-44,1654781656579758,1654781656579758,
300833b2ddd9014000030002,1,1,108,-49,1654781656580868,1654781656580868,
300833b2ddd9014000030001,1,1,1832,-51,1654781656582171,1654781656582171,
300833b2ddd9014000030009,1,1,2476,-44,1654781656583497,1654781656583497,
300833b2ddd9014000030008,1,1,3164,-45,1654781656615415,1654781656615415,
300833b2ddd9014000030009,1,1,2472,-44,1654781656616742,1654781656616742,
300833b2ddd9014000030001,1,1,1792,-50,1654781656618070,1654781656618070,
300833b2ddd9014000030002,1,1,144,-50,1654781656620502,1654781656620502,
300833b2ddd9014000030009,1,1,2504,-44,1654781656624414,1654781656624414,
300833b2ddd9014000030008,1,1,3180,-45,1654781656626394,1654781656626394,
300833b2ddd9014000030001,1,1,1784,-49,1654781656627708,1654781656627708,
300833b2ddd9014000030002,1,1,168,-51,1654781656629133,1654781656629133,
300833b2ddd9014000030008,1,1,3208,-45,1654781656659172,1654781656659172,
300833b2ddd9014000030009,1,1,2488,-44,1654781656660528,1654781656660528,
300833b2ddd9014000030001,1,1,1724,-49,1654781656662324,1654781656662324,
300833b2ddd9014000030002,1,1,256,-51,1654781656664032,1654781656664032,
300833b2ddd9014000030009,1,1,2508,-44,1654781656667666,1654781656667666,
300833b2ddd9014000030002,1,1,276,-52,1654781656668750,1654781656668750,
300833b2ddd9014000030008,1,1,3228,-45,1654781656670541,1654781656670541,
300833b2ddd9014000030001,1,1,1724,-48,1654781656673363,1654781656673363,
300833b2ddd9014000030002,1,1,380,-53,1654781656705172,1654781656705172,
300833b2ddd9014000030001,1,1,1672,-48,1654781656706273,1654781656706273,
300833b2ddd9014000030008,1,1,3296,-45,1654781656707591,1654781656707591,
300833b2ddd9014000030009,1,1,2540,-44,1654781656708959,1654781656708959,
300833b2ddd9014000030001,1,1,1664,-48,1654781656713184,1654781656713184,
300833b2ddd9014000030002,1,1,428,-54,1654781656714534,1654781656714534,
300833b2ddd9014000030009,1,1,2556,-44,1654781656717806,1654781656717806,
300833b2ddd9014000030008,1,1,3316,-46,1654781656719260,1654781656719260,
300833b2ddd9014000030008,1,1,3376,-46,1654781656749182,1654781656749182,
300833b2ddd9014000030009,1,1,2576,-45,1654781656750239,1654781656750239,
300833b2ddd9014000030001,1,1,1600,-48,1654781656751565,1654781656751565,
300833b2ddd9014000030002,1,1,640,-54,1654781656754038,1654781656754038,
300833b2ddd9014000030002,1,1,620,-54,1654781656757869,1654781656757869,
300833b2ddd9014000030009,1,1,2588,-45,1654781656759580,1654781656759580,
300833b2ddd9014000030001,1,1,1612,-48,1654781656760896,1654781656760896,
300833b2ddd9014000030008,1,1,3412,-46,1654781656761989,1654781656761989,
300833b2ddd9014000030002,1,1,740,-54,1654781656792779,1654781656792779,
300833b2ddd9014000030009,1,1,2612,-45,1654781656794527,1654781656794527,
300833b2ddd9014000030008,1,1,3476,-46,1654781656795623,1654781656795623,
300833b2ddd9014000030001,1,1,1548,-48,1654781656797278,1654781656797278,
300833b2ddd9014000030001,1,1,1524,-48,1654781656801265,1654781656801265,
300833b2ddd9014000030002,1,1,748,-54,1654781656802331,1654781656802331,
300833b2ddd9014000030009,1,1,2604,-44,1654781656804603,1654781656804603,
300833b2ddd9014000030008,1,1,3508,-46,1654781656805995,1654781656805995,
300833b2ddd9014000030001,1,1,1488,-49,1654781656837165,1654781656837165,
300833b2ddd9014000030002,1,1,848,-54,1654781656839598,1654781656839598,
300833b2ddd9014000030009,1,1,2644,-44,1654781656840684,1654781656840684,
300833b2ddd9014000030008,1,1,3568,-47,1654781656841851,1654781656841851,
300833b2ddd9014000030008,1,1,3580,-47,1654781656845446,1654781656845446,
300833b2ddd9014000030009,1,1,2640,-44,1654781656846502,1654781656846502,
300833b2ddd9014000030001,1,1,1500,-49,1654781656848001,1654781656848001,
300833b2ddd9014000030002,1,1,880,-54,1654781656849455,1654781656849455,
300833b2ddd9014000030009,1,1,2668,-45,1654781656880618,1654781656880618,
300833b2ddd9014000030001,1,1,1480,-49,1654781656883040,1654781656883040,
300833b2ddd9014000030008,1,1,3600,-46,1654781656884136,1654781656884136,
300833b2ddd9014000030002,1,1,884,-53,1654781656885320,1654781656885320,
300833b2ddd9014000030008,1,1,3616,-46,1654781656888355,1654781656888355,
300833b2ddd9014000030002,1,1,904,-53,1654781656889767,1654781656889767,
300833b2ddd9014000030009,1,1,2684,-45,1654781656890836,1654781656890836,
300833b2ddd9014000030001,1,1,1444,-49,1654781656891923,1654781656891923,
300833b2ddd9014000030002,1,1,868,-53,1654781656924940,1654781656924940,
300833b2ddd9014000030001,1,1,1436,-49,1654781656926069,1654781656926069,
300833b2ddd9014000030008,1,1,3608,-46,1654781656927141,1654781656927141,
300833b2ddd9014000030009,1,1,2676,-44,1654781656928212,1654781656928212,
300833b2ddd9014000030001,1,1,1440,-50,1654781656932264,1654781656932264,
300833b2ddd9014000030008,1,1,3620,-46,1654781656933462,1654781656933462,
300833b2ddd9014000030009,1,1,2696,-44,1654781656934535,1654781656934535,
300833b2ddd9014000030002,1,1,888,-52,1654781656936186,1654781656936186,
300833b2ddd9014000030001,1,1,1436,-50,1654781656966137,1654781656966137,
300833b2ddd9014000030002,1,1,876,-51,1654781656967744,1654781656967744,
300833b2ddd9014000030009,1,1,2700,-44,1654781656969368,1654781656969368,
300833b2ddd9014000030008,1,1,3628,-45,1654781656970432,1654781656970432,
300833b2ddd9014000030008,1,1,3636,-45,1654781656975153,1654781656975153,
300833b2ddd9014000030001,1,1,1424,-50,1654781656976226,1654781656976226,
300833b2ddd9014000030009,1,1,2704,-44,1654781656977808,1654781656977808,
300833b2ddd9014000030002,1,1,868,-51,1654781656978919,1654781656978919,
300833b2ddd9014000030002,1,1,836,-51,1654781657010600,1654781657010600,
300833b2ddd9014000030001,1,1,1428,-50,1654781657012555,1654781657012555,
300833b2ddd9014000030008,1,1,3636,-45,1654781657016515,1654781657016515,
300833b2ddd9014000030009,1,1,2712,-44,1654781657017714,1654781657017714,
300833b2ddd9014000030002,1,1,816,-51,1654781657021297,1654781657021297,
300833b2ddd9014000030009,1,1,2704,-44,1654781657022795,1654781657022795,
300833b2ddd9014000030001,1,1,1460,-51,1654781657024587,1654781657024587,
300833b2ddd9014000030008,1,1,3620,-45,1654781657025698,1654781657025698,
300833b2ddd9014000030001,1,1,1488,-51,1654781657055676,1654781657055676,
300833b2ddd9014000030002,1,1,812,-50,1654781657057639,1654781657057639,
300833b2ddd9014000030009,1,1,2696,-44,1654781657058697,1654781657058697,
300833b2ddd9014000030008,1,1,3620,-45,1654781657059780,1654781657059780,
300833b2ddd9014000030008,1,1,3600,-45,1654781657063483,1654781657063483,
300833b2ddd9014000030009,1,1,2700,-44,1654781657065223,1654781657065223,
300833b2ddd9014000030002,1,1,788,-50,1654781657066547,1654781657066547,
300833b2ddd9014000030001,1,1,1496,-51,1654781657067989,1654781657067989,
300833b2ddd9014000030002,1,1,740,-50,1654781657099247,1654781657099247,
300833b2ddd9014000030009,1,1,2692,-44,1654781657101623,1654781657101623,
300833b2ddd9014000030008,1,1,3600,-45,1654781657102833,1654781657102833,
300833b2ddd9014000030001,1,1,1500,-51,1654781657104065,1654781657104065,
300833b2ddd9014000030001,1,1,1520,-51,1654781657107293,1654781657107293,
300833b2ddd9014000030009,1,1,2704,-44,1654781657108407,1654781657108407,
300833b2ddd9014000030002,1,1,776,-49,1654781657109945,1654781657109945,
300833b2ddd9014000030008,1,1,3596,-45,1654781657111000,1654781657111000,
300833b2ddd9014000030008,1,1,3596,-45,1654781657142454,1654781657142454,
300833b2ddd9014000030009,1,1,2692,-44,1654781657143753,1654781657143753,
300833b2ddd9014000030001,1,1,1508,-50,1654781657145123,1654781657145123,
300833b2ddd9014000030002,1,1,752,-49,1654781657146293,1654781657146293,
300833b2ddd9014000030008,1,1,3584,-45,1654781657151011,1654781657151011,
300833b2ddd9014000030002,1,1,732,-50,1654781657152368,1654781657152368,
300833b2ddd9014000030009,1,1,2704,-43,1654781657153933,1654781657153933,
300833b2ddd9014000030001,1,1,1516,-50,1654781657155006,1654781657155006,
300833b2ddd9014000030009,1,1,2688,-44,1654781657186248,1654781657186248,
300833b2ddd9014000030001,1,1,1504,-51,1654781657187292,1654781657187292,
300833b2ddd9014000030008,1,1,3588,-45,1654781657188842,1654781657188842,
300833b2ddd9014000030002,1,1,768,-49,1654781657190720,1654781657190720,
300833b2ddd9014000030009,1,1,2684,-44,1654781657194817,1654781657194817,
300833b2ddd9014000030001,1,1,1532,-51,1654781657197654,1654781657197654,
300833b2ddd9014000030008,1,1,3584,-45,1654781657198707,1654781657198707,
300833b2ddd9014000030002,1,1,752,-49,1654781657199906,1654781657199906,
300833b2ddd9014000030002,1,1,752,-50,1654781657230035,1654781657230035,
300833b2ddd9014000030009,1,1,2696,-44,1654781657232352,1654781657232352,
300833b2ddd9014000030008,1,1,3596,-45,1654781657233419,1654781657233419,
300833b2ddd9014000030001,1,1,1488,-51,1654781657234609,1654781657234609,
300833b2ddd9014000030009,1,1,2708,-44,1654781657237837,1654781657237837,
300833b2ddd9014000030001,1,1,1504,-50,1654781657238925,1654781657238925,
300833b2ddd9014000030008,1,1,3588,-45,1654781657239992,1654781657239992,
300833b2ddd9014000030002,1,1,728,-49,1654781657241317,1654781657241317,
300833b2ddd9014000030008,1,1,3616,-45,1654781657272774,1654781657272774,
300833b2ddd9014000030001,1,1,1496,-51,1654781657274737,1654781657274737,
300833b2ddd9014000030009,1,1,2696,-44,1654781657276274,1654781657276274,
300833b2ddd9014000030002,1,1,740,-50,1654781657277502,1654781657277502,
300833b2ddd9014000030001,1,1,1524,-51,1654781657280761,1654781657280761,
300833b2ddd9014000030009,1,1,2676,-44,1654781657282116,1654781657282116,
300833b2ddd9014000030002,1,1,772,-50,1654781657283483,1654781657283483,
300833b2ddd9014000030008,1,1,3596,-45,1654781657285659,1654781657285659,
300833b2ddd9014000030002,1,1,756,-49,1654781657316395,1654781657316395,
300833b2ddd9014000030009,1,1,2728,-44,1654781657317961,1654781657317961,
300833b2ddd9014000030008,1,1,3576,-45,1654781657319777,1654781657319777,
300833b2ddd9014000030001,1,1,1548,-47,1654781657321863,1654781657321863,
300833b2ddd9014000030001,1,1,1512,-51,1654781657327657,1654781657327657,
300833b2ddd9014000030008,1,1,3596,-45,1654781657328725,1654781657328725,
300833b2ddd9014000030002,1,1,756,-50,1654781657329880,1654781657329880,
300833b2ddd9014000030009,1,1,2664,-44,1654781657331249,1654781657331249,
300833b2ddd9014000030008,1,1,3612,-45,1654781657363410,1654781657363410,
300833b2ddd9014000030009,1,1,2708,-44,1654781657365785,1654781657365785,
300833b2ddd9014000030002,1,1,744,-49,1654781657367320,1654781657367320,
300833b2ddd9014000030001,1,1,1504,-50,1654781657368663,1654781657368663,
300833b2ddd9014000030001,1,1,1520,-51,1654781657372325,1654781657372325,
300833b2ddd9014000030009,1,1,2688,-43,1654781657373382,1654781657373382,
300833b2ddd9014000030008,1,1,3596,-45,1654781657374478,1654781657374478,
300833b2ddd9014000030002,1,1,808,-50,1654781657376955,1654781657376955,
300833b2ddd9014000030001,1,1,1512,-51,1654781657408551,1654781657408551,
300833b2ddd9014000030009,1,1,2704,-44,1654781657410882,1654781657410882,
300833b2ddd9014000030008,1,1,3600,-45,1654781657411994,1654781657411994,
300833b2ddd9014000030002,1,1,772,-49,1654781657413245,1654781657413245,
300833b2ddd9014000030009,1,1,2692,-44,1654781657416038,1654781657416038,
300833b2ddd9014000030001,1,1,1508,-51,1654781657417099,1654781657417099,
300833b2ddd9014000030002,1,1,772,-50,1654781657418196,1654781657418196,
300833b2ddd9014000030008,1,1,3596,-45,1654781657419293,1654781657419293,
300833b2ddd9014000030009,1,1,2720,-44,1654781657451352,1654781657451352,
300833b2ddd9014000030001,1,1,1520,-51,1654781657453305,1654781657453305,
300833b2ddd9014000030008,1,1,3596,-45,1654781657454588,1654781657454588,
300833b2ddd9014000030002,1,1,776,-50,1654781657455640,1654781657455640,
300833b2ddd9014000030009,1,1,2700,-44,1654781657460144,1654781657460144,
300833b2ddd9014000030008,1,1,3596,-45,1654781657461254,1654781657461254,
300833b2ddd9014000030001,1,1,1508,-51,1654781657462358,1654781657462358,
300833b2ddd9014000030002,1,1,764,-50,1654781657463869,1654781657463869,
300833b2ddd9014000030001,1,1,1484,-51,1654781657494236,1654781657494236,
300833b2ddd9014000030002,1,1,752,-50,1654781657495545,1654781657495545,
300833b2ddd9014000030009,1,1,2708,-44,1654781657497197,1654781657497197,
300833b2ddd9014000030002,1,1,772,-50,1654781657501837,1654781657501837,
300833b2ddd9014000030009,1,1,2704,-44,1654781657503561,1654781657503561,
300833b2ddd9014000030001,1,1,1512,-51,1654781657504663,1654781657504663,
300833b2ddd9014000030008,1,1,3592,-45,1654781657505675,1654781657505675,
300833b2ddd9014000030002,1,1,768,-50,1654781657536433,1654781657536433,
300833b2ddd9014000030001,1,1,1484,-51,1654781657537804,1654781657537804,
300833b2ddd9014000030009,1,1,2700,-44,1654781657539160,1654781657539160,
300833b2ddd9014000030008,1,1,3592,-45,1654781657540283,1654781657540283,
300833b2ddd9014000030008,1,1,3620,-45,1654781657545888,1654781657545888,
300833b2ddd9014000030002,1,1,768,-50,1654781657546969,1654781657546969,
300833b2ddd9014000030009,1,1,2700,-44,1654781657548025,1654781657548025,
300833b2ddd9014000030001,1,1,1488,-51,1654781657549100,1654781657549100,
300833b2ddd9014000030009,1,1,2688,-44,1654781657579458,1654781657579458,
300833b2ddd9014000030008,1,1,3608,-45,1654781657581009,1654781657581009,
300833b2ddd9014000030002,1,1,784,-50,1654781657585110,1654781657585110,
300833b2ddd9014000030001,1,1,1484,-51,1654781657586156,1654781657586156,
300833b2ddd9014000030002,1,1,756,-50,1654781657589249,1654781657589249,
300833b2ddd9014000030008,1,1,3588,-45,1654781657590347,1654781657590347,
300833b2ddd9014000030001,1,1,1500,-51,1654781657591392,1654781657591392,
300833b2ddd9014000030009,1,1,2680,-44,1654781657593186,1654781657593186,
300833b2ddd9014000030008,1,1,3576,-45,1654781657624841,1654781657624841,
300833b2ddd9014000030002,1,1,800,-50,1654781657626278,1654781657626278,
300833b2ddd9014000030009,1,1,2708,-44,1654781657627606,1654781657627606,
300833b2ddd9014000030001,1,1,1496,-51,1654781657629358,1654781657629358,
300833b2ddd9014000030002,1,1,792,-50,1654781657632616,1654781657632616,
300833b2ddd9014000030001,1,1,1488,-51,1654781657634343,1654781657634343,
300833b2ddd9014000030008,1,1,3592,-45,1654781657635438,1654781657635438,
300833b2ddd9014000030009,1,1,2700,-43,1654781657636524,1654781657636524,
300833b2ddd9014000030008,1,1,3600,-45,1654781657666848,1654781657666848,
300833b2ddd9014000030002,1,1,788,-49,1654781657667934,1654781657667934,
300833b2ddd9014000030009,1,1,2708,-44,1654781657669229,1654781657669229,
300833b2ddd9014000030001,1,1,1476,-51,1654781657670331,1654781657670331,
300833b2ddd9014000030001,1,1,1536,-51,1654781657675340,1654781657675340,
300833b2ddd9014000030002,1,1,808,-50,1654781657676916,1654781657676916,
300833b2ddd9014000030008,1,1,3592,-45,1654781657678000,1654781657678000,
300833b2ddd9014000030009,1,1,2692,-44,1654781657679253,1654781657679253,
300833b2ddd9014000030008,1,1,3608,-45,1654781657711182,1654781657711182,
300833b2ddd9014000030009,1,1,2676,-43,1654781657713142,1654781657713142,
300833b2ddd9014000030002,1,1,816,-50,1654781657715440,1654781657715440,
300833b2ddd9014000030001,1,1,1472,-51,1654781657716783,1654781657716783,
300833b2ddd9014000030009,1,1,2672,-44,1654781657721166,1654781657721166,
300833b2ddd9014000030008,1,1,3592,-45,1654781657722349,1654781657722349,
300833b2ddd9014000030001,1,1,1452,-51,1654781657723708,1654781657723708,
300833b2ddd9014000030002,1,1,808,-50,1654781657725174,1654781657725174,
300833b2ddd9014000030001,1,1,1496,-51,1654781657755559,1654781657755559,
300833b2ddd9014000030002,1,1,828,-50,1654781657756943,1654781657756943,
300833b2ddd9014000030008,1,1,3616,-45,1654781657758025,1654781657758025,
300833b2ddd9014000030009,1,1,2676,-44,1654781657760429,1654781657760429,
300833b2ddd9014000030009,1,1,2680,-44,1654781657764062,1654781657764062,
300833b2ddd9014000030008,1,1,3600,-45,1654781657765950,1654781657765950,
300833b2ddd9014000030001,1,1,1476,-50,1654781657767523,1654781657767523,
300833b2ddd9014000030002,1,1,792,-50,1654781657768975,1654781657768975,
300833b2ddd9014000030008,1,1,3600,-45,1654781657799532,1654781657799532,
300833b2ddd9014000030009,1,1,2688,-44,1654781657800890,1654781657800890,
300833b2ddd9014000030002,1,1,820,-50,1654781657803019,1654781657803019,
300833b2ddd9014000030002,1,1,820,-50,1654781657807818,1654781657807818,
300833b2ddd9014000030009,1,1,2668,-44,1654781657809017,1654781657809017,
300833b2ddd9014000030008,1,1,3624,-45,1654781657810625,1654781657810625,
300833b2ddd9014000030001,1,1,1468,-51,1654781657812138,1654781657812138,
300833b2ddd9014000030009,1,1,2696,-43,1654781657841959,1654781657841959,
300833b2ddd9014000030008,1,1,3604,-45,1654781657844142,1654781657844142,
300833b2ddd9014000030002,1,1,808,-50,1654781657845453,1654781657845453,
300833b2ddd9014000030001,1,1,1468,-50,1654781657846881,1654781657846881,
300833b2ddd9014000030008,1,1,3608,-45,1654781657850704,1654781657850704,
300833b2ddd9014000030009,1,1,2696,-44,1654781657851773,1654781657851773,
300833b2ddd9014000030002,1,1,812,-50,1654781657852854,1654781657852854,
300833b2ddd9014000030001,1,1,1440,-51,1654781657854288,1654781657854288,
300833b2ddd9014000030001,1,1,1464,-51,1654781657884211,1654781657884211,
300833b2ddd9014000030009,1,1,2688,-43,1654781657885507,1654781657885507,
300833b2ddd9014000030008,1,1,3616,-45,1654781657886817,1654781657886817,
300833b2ddd9014000030002,1,1,812,-50,1654781657887855,1654781657887855,
300833b2ddd9014000030009,1,1,2700,-43,1654781657892594,1654781657892594,
300833b2ddd9014000030008,1,1,3600,-45,1654781657896057,1654781657896057,
300833b2ddd9014000030002,1,1,784,-50,1654781657898371,1654781657898371,
300833b2ddd9014000030001,1,1,1520,-51,1654781657899585,1654781657899585,
300833b2ddd9014000030002,1,1,796,-50,1654781657936045,1654781657936045,
300833b2ddd9014000030009,1,1,2684,-43,1654781657938492,1654781657938492,
300833b2ddd9014000030008,1,1,3596,-45,1654781657940215,1654781657940215,
300833b2ddd9014000030001,1,1,1532,-50,1654781657941432,1654781657941432,
300833b2ddd9014000030002,1,1,808,-50,1654781657944889,1654781657944889,
300833b2ddd9014000030009,1,1,2692,-43,1654781657946103,1654781657946103,
300833b2ddd9014000030001,1,1,1512,-51,1654781657947205,1654781657947205,
300833b2ddd9014000030008,1,1,3600,-45,1654781657948275,1654781657948275,
300833b2ddd9014000030009,1,1,2700,-43,1654781657979632,1654781657979632,
300833b2ddd9014000030008,1,1,3604,-45,1654781657980844,1654781657980844,
300833b2ddd9014000030001,1,1,1500,-51,1654781657981975,1654781657981975,
300833b2ddd9014000030002,1,1,776,-50,1654781657983286,1654781657983286,
300833b2ddd9014000030008,1,1,3604,-45,1654781657986658,1654781657986658,
300833b2ddd9014000030002,1,1,788,-50,1654781657988209,1654781657988209,
300833b2ddd9014000030001,1,1,1532,-51,1654781657989780,1654781657989780,
300833b2ddd9014000030009,1,1,2700,-43,1654781657990850,1654781657990850,
300833b2ddd9014000030009,1,1,2704,-43,1654781658022121,1654781658022121,
300833b2ddd9014000030002,1,1,796,-50,1654781658023656,1654781658023656,
300833b2ddd9014000030008,1,1,3600,-45,1654781658024714,1654781658024714,
300833b2ddd9014000030001,1,1,1488,-51,1654781658026653,1654781658026653,
300833b2ddd9014000030009,1,1,2704,-44,1654781658030740,1654781658030740,
300833b2ddd9014000030002,1,1,780,-50,1654781658032277,1654781658032277,
300833b2ddd9014000030008,1,1,3620,-45,1654781658033842,1654781658033842,
300833b2ddd9014000030001,1,1,1516,-51,1654781658036139,1654781658036139,
300833b2ddd9014000030001,1,1,1524,-50,1654781658265438,1654781658265438,
300833b2ddd9014000030009,1,1,2696,-43,1654781658266495,1654781658266495,
300833b2ddd9014000030008,1,1,3608,-45,1654781658268551,1654781658268551,
300833b2ddd9014000030002,1,1,792,-50,1654781658270886,1654781658270886,
300833b2ddd9014000030009,1,1,2712,-43,1654781658274111,1654781658274111,
300833b2ddd9014000030008,1,1,3640,-45,1654781658275835,1654781658275835,
300833b2ddd9014000030002,1,1,804,-50,1654781658277100,1654781658277100,
300833b2ddd9014000030001,1,1,1496,-51,1654781658278504,1654781658278504,
300833b2ddd9014000030001,1,1,1532,-50,1654781658308506,1654781658308506,
300833b2ddd9014000030009,1,1,2700,-43,1654781658309848,1654781658309848,
300833b2ddd9014000030002,1,1,836,-50,1654781658310929,1654781658310929,
300833b2ddd9014000030008,1,1,3608,-45,1654781658312463,1654781658312463,
300833b2ddd9014000030009,1,1,2696,-43,1654781658316943,1654781658316943,
300833b2ddd9014000030001,1,1,1500,-50,1654781658318001,1654781658318001,
300833b2ddd9014000030008,1,1,3624,-45,1654781658319580,1654781658319580,
300833b2ddd9014000030002,1,1,800,-50,1654781658322523,1654781658322523,
300833b2ddd9014000030008,1,1,3624,-45,1654781658352338,1654781658352338,
300833b2ddd9014000030009,1,1,2704,-43,1654781658353408,1654781658353408,
300833b2ddd9014000030001,1,1,1516,-50,1654781658354978,1654781658354978,
300833b2ddd9014000030001,1,1,1528,-50,1654781658359950,1654781658359950,
300833b2ddd9014000030002,1,1,820,-50,1654781658360990,1654781658360990,
300833b2ddd9014000030009,1,1,2712,-43,1654781658362827,1654781658362827,
300833b2ddd9014000030008,1,1,3624,-45,1654781658363911,1654781658363911,
300833b2ddd9014000030008,1,1,3612,-45,1654781658395910,1654781658395910,
300833b2ddd9014000030002,1,1,820,-50,1654781658397023,1654781658397023,
300833b2ddd9014000030009,1,1,2696,-43,1654781658398124,1654781658398124,
300833b2ddd9014000030001,1,1,1508,-50,1654781658400559,1654781658400559,
300833b2ddd9014000030009,1,1,2700,-43,1654781658404742,1654781658404742,
300833b2ddd9014000030008,1,1,3624,-45,1654781658405869,1654781658405869,
300833b2ddd9014000030001,1,1,1516,-51,1654781658406985,1654781658406985,
300833b2ddd9014000030002,1,1,796,-50,1654781658408281,1654781658408281,
300833b2ddd9014000030002,1,1,788,-50,1654781658440461,1654781658440461,
300833b2ddd9014000030001,1,1,1516,-50,1654781658441648,1654781658441648,
300833b2ddd9014000030009,1,1,2712,-43,1654781658444300,1654781658444300,
300833b2ddd9014000030008,1,1,3620,-45,1654781658445539,1654781658445539,
300833b2ddd9014000030002,1,1,796,-50,1654781658449008,1654781658449008,
300833b2ddd9014000030009,1,1,2704,-43,1654781658451116,1654781658451116,
300833b2ddd9014000030008,1,1,3636,-45,1654781658452214,1654781658452214,
300833b2ddd9014000030001,1,1,1500,-50,1654781658453415,1654781658453415,
300833b2ddd9014000030002,1,1,800,-50,1654781658483702,1654781658483702,
300833b2ddd9014000030001,1,1,1524,-50,1654781658485401,1654781658485401,
300833b2ddd9014000030009,1,1,2700,-43,1654781658486516,1654781658486516,
300833b2ddd9014000030008,1,1,3628,-45,1654781658488195,1654781658488195,