epc,atenda,atendanum,phase,RSS,timestamp,timestamp2,
300833b2ddd9014000030009,1,1,3080,-47,1654781837637728,1654781837637728,
300833b2ddd9014000030002,1,1,464,-49,1654781837638755,1654781837638755,
300833b2ddd9014000030008,1,1,3448,-43,1654781837640546,1654781837640546,
300833b2ddd9014000030001,1,1,1648,-62,1654781837642032,1654781837642032,
300833b2ddd9014000030001,1,1,1748,-61,1654781837646123,1654781837646123,
300833b2ddd9014000030009,1,1,3096,-47,1654781837647196,1654781837647196,
300833b2ddd9014000030008,1,1,3452,-43,1654781837648775,1654781837648775,
300833b2ddd9014000030002,1,1,460,-48,1654781837650085,1654781837650085,
300833b2ddd9014000030009,1,1,3064,-47,1654781837681908,1654781837681908,
300833b2ddd9014000030008,1,1,3448,-43,1654781837683405,1654781837683405,
300833b2ddd9014000030002,1,1,496,-48,1654781837684501,1654781837684501,
300833b2ddd9014000030001,1,1,1628,-62,1654781837685936,1654781837685936,
300833b2ddd9014000030008,1,1,3468,-43,1654781837689162,1654781837689162,
300833b2ddd9014000030001,1,1,1724,-63,1654781837690535,1654781837690535,
300833b2ddd9014000030009,1,1,3048,-47,1654781837692736,1654781837692736,
300833b2ddd9014000030002,1,1,516,-48,1654781837694300,1654781837694300,
300833b2ddd9014000030002,1,1,492,-48,1654781837724696,1654781837724696,
300833b2ddd9014000030008,1,1,3448,-43,1654781837726092,1654781837726092,
300833b2ddd9014000030001,1,1,1696,-63,1654781837727712,1654781837727712,
300833b2ddd9014000030009,1,1,3088,-47,1654781837729081,1654781837729081,
300833b2ddd9014000030008,1,1,3444,-43,1654781837733591,1654781837733591,
300833b2ddd9014000030009,1,1,3056,-47,1654781837734989,1654781837734989,
300833b2ddd9014000030001,1,1,1688,-64,1654781837736064,1654781837736064,
300833b2ddd9014000030002,1,1,500,-49,1654781837737385,1654781837737385,
300833b2ddd9014000030009,1,1,3092,-47,1654781837769638,1654781837769638,
300833b2ddd9014000030008,1,1,3480,-43,1654781837771331,1654781837771331,
300833b2ddd9014000030002,1,1,508,-48,1654781837772358,1654781837772358,
300833b2ddd9014000030001,1,1,1792,-64,1654781837773804,1654781837773804,
300833b2ddd9014000030008,1,1,3468,-43,1654781837776556,1654781837776556,
300833b2ddd9014000030001,1,1,1744,-64,1654781837777632,1654781837777632,
300833b2ddd9014000030009,1,1,3064,-47,1654781837779225,1654781837779225,
300833b2ddd9014000030002,1,1,500,-48,1654781837781722,1654781837781722,
300833b2ddd9014000030008,1,1,3440,-43,1654781837812346,1654781837812346,
300833b2ddd9014000030009,1,1,3048,-47,1654781837813669,1654781837813669,
300833b2ddd9014000030002,1,1,496,-48,1654781837814713,1654781837814713,
300833b2ddd9014000030001,1,1,1748,-64,1654781837816935,1654781837816935,
300833b2ddd9014000030001,1,1,1608,-65,1654781837821536,1654781837821536,
300833b2ddd9014000030008,1,1,3448,-43,1654781837822620,1654781837822620,
300833b2ddd9014000030009,1,1,3044,-47,1654781837823748,1654781837823748,
300833b2ddd9014000030002,1,1,480,-48,1654781837825101,1654781837825101,
300833b2ddd9014000030009,1,1,3036,-47,1654781837857164,1654781837857164,
300833b2ddd9014000030001,1,1,1560,-64,1654781837858850,1654781837858850,
300833b2ddd9014000030008,1,1,3448,-43,1654781837859904,1654781837859904,
300833b2ddd9014000030002,1,1,472,-48,1654781837860959,1654781837860959,
300833b2ddd9014000030009,1,1,3064,-47,1654781837864878,1654781837864878,
300833b2ddd9014000030008,1,1,3448,-43,1654781837865933,1654781837865933,
300833b2ddd9014000030002,1,1,496,-48,1654781837867763,1654781837867763,
300833b2ddd9014000030001,1,1,1560,-65,1654781837869460,1654781837869460,
300833b2ddd9014000030008,1,1,3448,-43,1654781837901104,1654781837901104,
300833b2ddd9014000030009,1,1,3044,-47,1654781837902430,1654781837902430,
300833b2ddd9014000030002,1,1,460,-48,1654781837903513,1654781837903513,
300833b2ddd9014000030001,1,1,1556,-64,1654781837904702,1654781837904702,
300833b2ddd9014000030008,1,1,3452,-44,1654781837907947,1654781837907947,
300833b2ddd9014000030002,1,1,480,-48,1654781837909004,1654781837909004,
300833b2ddd9014000030009,1,1,3048,-47,1654781837910118,1654781837910118,
300833b2ddd9014000030001,1,1,1548,-65,1654781837911704,1654781837911704,
300833b2ddd9014000030001,1,1,1512,-64,1654781837944325,1654781837944325,
300833b2ddd9014000030008,1,1,3444,-43,1654781837945365,1654781837945365,
300833b2ddd9014000030009,1,1,3092,-47,1654781837946720,1654781837946720,
300833b2ddd9014000030002,1,1,476,-48,1654781837948140,1654781837948140,
300833b2ddd9014000030001,1,1,1544,-64,1654781837951322,1654781837951322,
300833b2ddd9014000030009,1,1,3072,-47,1654781837952419,1654781837952419,
300833b2ddd9014000030008,1,1,3456,-43,1654781837953545,1654781837953545,
300833b2ddd9014000030002,1,1,464,-48,1654781837956335,1654781837956335,
300833b2ddd9014000030001,1,1,1548,-63,1654781837986796,1654781837986796,
300833b2ddd9014000030002,1,1,480,-48,1654781837988265,1654781837988265,
300833b2ddd9014000030009,1,1,3076,-47,1654781837989603,1654781837989603,
300833b2ddd9014000030008,1,1,3460,-43,1654781837990675,1654781837990675,
300833b2ddd9014000030001,1,1,1452,-63,1654781837994289,1654781837994289,
300833b2ddd9014000030008,1,1,3456,-43,1654781837996024,1654781837996024,
300833b2ddd9014000030002,1,1,472,-48,1654781837997122,1654781837997122,
300833b2ddd9014000030009,1,1,3076,-47,1654781837998503,1654781837998503,
300833b2ddd9014000030009,1,1,3092,-47,1654781838029135,1654781838029135,
300833b2ddd9014000030002,1,1,492,-48,1654781838031353,1654781838031353,
300833b2ddd9014000030008,1,1,3444,-44,1654781838032453,1654781838032453,
300833b2ddd9014000030001,1,1,1532,-63,1654781838033896,1654781838033896,
300833b2ddd9014000030009,1,1,3084,-47,1654781838037731,1654781838037731,
300833b2ddd9014000030002,1,1,496,-48,1654781838038813,1654781838038813,
300833b2ddd9014000030008,1,1,3448,-43,1654781838039896,1654781838039896,
300833b2ddd9014000030001,1,1,1652,-63,1654781838042784,1654781838042784,
300833b2ddd9014000030001,1,1,1636,-62,1654781838075804,1654781838075804,
300833b2ddd9014000030008,1,1,3448,-43,1654781838078762,1654781838078762,
300833b2ddd9014000030009,1,1,3092,-47,1654781838080972,1654781838080972,
300833b2ddd9014000030001,1,1,1560,-62,1654781838082433,1654781838082433,
300833b2ddd9014000030002,1,1,480,-49,1654781838083515,1654781838083515,
300833b2ddd9014000030008,1,1,3452,-44,1654781838113463,1654781838113463,
300833b2ddd9014000030002,1,1,508,-49,1654781838114557,1654781838114557,
300833b2ddd9014000030001,1,1,1716,-62,1654781838115674,1654781838115674,
300833b2ddd9014000030009,1,1,3104,-47,1654781838116755,1654781838116755,
300833b2ddd9014000030008,1,1,3460,-44,1654781838121913,1654781838121913,
300833b2ddd9014000030009,1,1,3104,-47,1654781838123212,1654781838123212,
300833b2ddd9014000030001,1,1,1684,-62,1654781838124359,1654781838124359,
300833b2ddd9014000030002,1,1,500,-49,1654781838125453,1654781838125453,
300833b2ddd9014000030001,1,1,1836,-64,1654781838184635,1654781838184635,
300833b2ddd9014000030008,1,1,3448,-44,1654781838185689,1654781838185689,
300833b2ddd9014000030009,1,1,3104,-47,1654781838187237,1654781838187237,
300833b2ddd9014000030002,1,1,496,-49,1654781838189670,1654781838189670,
300833b2ddd9014000030009,1,1,3100,-47,1654781838193302,1654781838193302,
300833b2ddd9014000030001,1,1,1832,-64,1654781838194604,1654781838194604,
300833b2ddd9014000030008,1,1,3452,-44,1654781838196408,1654781838196408,
300833b2ddd9014000030002,1,1,492,-49,1654781838198336,1654781838198336,
300833b2ddd9014000030009,1,1,3112,-47,1654781838229657,1654781838229657,
300833b2ddd9014000030001,1,1,1760,-64,1654781838231074,1654781838231074,
300833b2ddd9014000030002,1,1,504,-49,1654781838232128,1654781838232128,
300833b2ddd9014000030009,1,1,3108,-47,1654781838235650,1654781838235650,
300833b2ddd9014000030008,1,1,3448,-44,1654781838237173,1654781838237173,
300833b2ddd9014000030002,1,1,476,-49,1654781838239348,1654781838239348,
300833b2ddd9014000030001,1,1,1724,-63,1654781838240452,1654781838240452,
300833b2ddd9014000030008,1,1,3452,-44,1654781838273097,1654781838273097,
300833b2ddd9014000030001,1,1,1664,-66,1654781838275051,1654781838275051,
300833b2ddd9014000030009,1,1,3108,-47,1654781838276135,1654781838276135,
300833b2ddd9014000030002,1,1,496,-49,1654781838277175,1654781838277175,
300833b2ddd9014000030002,1,1,472,-49,1654781838280582,1654781838280582,
300833b2ddd9014000030001,1,1,1632,-66,1654781838282478,1654781838282478,
300833b2ddd9014000030008,1,1,3448,-44,1654781838283828,1654781838283828,
300833b2ddd9014000030009,1,1,3088,-48,1654781838284886,1654781838284886,
300833b2ddd9014000030002,1,1,472,-49,1654781838316480,1654781838316480,
300833b2ddd9014000030009,1,1,3068,-48,1654781838317792,1654781838317792,
300833b2ddd9014000030008,1,1,3444,-44,1654781838318860,1654781838318860,
300833b2ddd9014000030001,1,1,1612,-66,1654781838320314,1654781838320314,
300833b2ddd9014000030001,1,1,1556,-66,1654781838323250,1654781838323250,
300833b2ddd9014000030008,1,1,3448,-44,1654781838324942,1654781838324942,
300833b2ddd9014000030009,1,1,3092,-47,1654781838326894,1654781838326894,
300833b2ddd9014000030002,1,1,468,-49,1654781838327962,1654781838327962,
300833b2ddd9014000030001,1,1,1500,-65,1654781838358257,1654781838358257,
300833b2ddd9014000030002,1,1,468,-49,1654781838359382,1654781838359382,
300833b2ddd9014000030008,1,1,3432,-44,1654781838360734,1654781838360734,
300833b2ddd9014000030009,1,1,3052,-47,1654781838361790,1654781838361790,
300833b2ddd9014000030008,1,1,3432,-44,1654781838366308,1654781838366308,
300833b2ddd9014000030009,1,1,3068,-48,1654781838368523,1654781838368523,
300833b2ddd9014000030002,1,1,456,-48,1654781838370246,1654781838370246,
300833b2ddd9014000030001,1,1,1456,-66,1654781838371322,1654781838371322,
300833b2ddd9014000030002,1,1,464,-48,1654781838401095,1654781838401095,
300833b2ddd9014000030001,1,1,1544,-65,1654781838402396,1654781838402396,
300833b2ddd9014000030008,1,1,3440,-43,1654781838403449,1654781838403449,
300833b2ddd9014000030009,1,1,3068,-47,1654781838404760,1654781838404760,
300833b2ddd9014000030008,1,1,3440,-43,1654781838409677,1654781838409677,
300833b2ddd9014000030002,1,1,440,-48,1654781838410987,1654781838410987,
300833b2ddd9014000030009,1,1,3056,-47,1654781838412311,1654781838412311,
300833b2ddd9014000030001,1,1,1404,-66,1654781838413401,1654781838413401,
300833b2ddd9014000030002,1,1,420,-48,1654781838444804,1654781838444804,
300833b2ddd9014000030009,1,1,3048,-47,1654781838446357,1654781838446357,
300833b2ddd9014000030008,1,1,3420,-43,1654781838447441,1654781838447441,
300833b2ddd9014000030001,1,1,1420,-66,1654781838449410,1654781838449410,
300833b2ddd9014000030002,1,1,408,-48,1654781838454231,1654781838454231,
300833b2ddd9014000030001,1,1,1416,-66,1654781838455490,1654781838455490,
300833b2ddd9014000030008,1,1,3424,-43,1654781838456603,1654781838456603,
300833b2ddd9014000030009,1,1,3040,-47,1654781838457929,1654781838457929,
300833b2ddd9014000030008,1,1,3420,-43,1654781838489818,1654781838489818,
300833b2ddd9014000030001,1,1,1384,-67,1654781838490895,1654781838490895,
300833b2ddd9014000030009,1,1,3036,-47,1654781838492745,1654781838492745,
300833b2ddd9014000030002,1,1,380,-48,1654781838493958,1654781838493958,
300833b2ddd9014000030002,1,1,376,-48,1654781838499674,1654781838499674,
300833b2ddd9014000030001,1,1,1256,-67,1654781838500821,1654781838500821,
300833b2ddd9014000030009,1,1,3024,-47,1654781838503160,1654781838503160,
300833b2ddd9014000030008,1,1,3384,-43,1654781838504215,1654781838504215,
300833b2ddd9014000030009,1,1,2996,-47,1654781838534395,1654781838534395,
300833b2ddd9014000030002,1,1,336,-48,1654781838535508,1654781838535508,
300833b2ddd9014000030008,1,1,3368,-43,1654781838536848,1654781838536848,
300833b2ddd9014000030001,1,1,1232,-68,1654781838539747,1654781838539747,
300833b2ddd9014000030002,1,1,328,-48,1654781838543227,1654781838543227,
300833b2ddd9014000030008,1,1,3360,-43,1654781838544693,1654781838544693,
300833b2ddd9014000030009,1,1,2988,-46,1654781838545780,1654781838545780,
300833b2ddd9014000030001,1,1,1060,-68,1654781838546884,1654781838546884,
300833b2ddd9014000030008,1,1,3328,-43,1654781838577532,1654781838577532,
300833b2ddd9014000030009,1,1,2952,-46,1654781838578588,1654781838578588,
300833b2ddd9014000030002,1,1,300,-48,1654781838579929,1654781838579929,
300833b2ddd9014000030001,1,1,1004,-67,1654781838582717,1654781838582717,
300833b2ddd9014000030008,1,1,3320,-43,1654781838586815,1654781838586815,
300833b2ddd9014000030009,1,1,2912,-46,1654781838587899,1654781838587899,
300833b2ddd9014000030001,1,1,912,-68,1654781838589485,1654781838589485,
300833b2ddd9014000030002,1,1,280,-48,1654781838591079,1654781838591079,
300833b2ddd9014000030008,1,1,3288,-43,1654781838622410,1654781838622410,
300833b2ddd9014000030009,1,1,2888,-46,1654781838623750,1654781838623750,
300833b2ddd9014000030002,1,1,244,-48,1654781838625088,1654781838625088,
300833b2ddd9014000030001,1,1,688,-66,1654781838626206,1654781838626206,
300833b2ddd9014000030008,1,1,3284,-43,1654781838631003,1654781838631003,
300833b2ddd9014000030001,1,1,560,-67,1654781838632362,1654781838632362,
300833b2ddd9014000030009,1,1,2860,-46,1654781838633941,1654781838633941,
300833b2ddd9014000030002,1,1,232,-47,1654781838635010,1654781838635010,
300833b2ddd9014000030002,1,1,184,-47,1654781838667367,1654781838667367,
300833b2ddd9014000030009,1,1,2816,-46,1654781838668452,1654781838668452,
300833b2ddd9014000030008,1,1,3244,-43,1654781838669607,1654781838669607,
300833b2ddd9014000030001,1,1,368,-66,1654781838671066,1654781838671066,
300833b2ddd9014000030008,1,1,3248,-43,1654781838674044,1654781838674044,
300833b2ddd9014000030001,1,1,568,-67,1654781838675119,1654781838675119,
300833b2ddd9014000030009,1,1,2808,-46,1654781838676203,1654781838676203,
300833b2ddd9014000030002,1,1,176,-47,1654781838677230,1654781838677230,
300833b2ddd9014000030009,1,1,2820,-46,1654781838709385,1654781838709385,
300833b2ddd9014000030002,1,1,156,-47,1654781838710455,1654781838710455,
300833b2ddd9014000030001,1,1,568,-66,1654781838712296,1654781838712296,
300833b2ddd9014000030008,1,1,3232,-42,1654781838713590,1654781838713590,
300833b2ddd9014000030009,1,1,2784,-46,1654781838718243,1654781838718243,
300833b2ddd9014000030008,1,1,3224,-43,1654781838719325,1654781838719325,
300833b2ddd9014000030002,1,1,124,-47,1654781838720411,1654781838720411,
300833b2ddd9014000030001,1,1,772,-65,1654781838723203,1654781838723203,
300833b2ddd9014000030001,1,1,936,-65,1654781838753164,1654781838753164,
300833b2ddd9014000030009,1,1,2768,-46,1654781838754206,1654781838754206,
300833b2ddd9014000030008,1,1,3208,-42,1654781838755273,1654781838755273,
300833b2ddd9014000030002,1,1,132,-47,1654781838756765,1654781838756765,
300833b2ddd9014000030002,1,1,128,-47,1654781838762056,1654781838762056,
300833b2ddd9014000030008,1,1,3204,-42,1654781838763524,1654781838763524,
300833b2ddd9014000030001,1,1,800,-65,1654781838764600,1654781838764600,
300833b2ddd9014000030009,1,1,2776,-46,1654781838765669,1654781838765669,
300833b2ddd9014000030001,1,1,1408,-64,1654781838796936,1654781838796936,
300833b2ddd9014000030009,1,1,2784,-45,1654781838798102,1654781838798102,
300833b2ddd9014000030008,1,1,3200,-43,1654781838799398,1654781838799398,
300833b2ddd9014000030002,1,1,132,-47,1654781838800841,1654781838800841,
300833b2ddd9014000030009,1,1,2752,-46,1654781838804128,1654781838804128,
300833b2ddd9014000030008,1,1,3200,-43,1654781838805195,1654781838805195,
300833b2ddd9014000030002,1,1,104,-47,1654781838807600,1654781838807600,
300833b2ddd9014000030001,1,1,1500,-62,1654781838808648,1654781838808648,
300833b2ddd9014000030008,1,1,3200,-43,1654781838839998,1654781838839998,
300833b2ddd9014000030002,1,1,104,-47,1654781838841498,1654781838841498,
300833b2ddd9014000030001,1,1,1800,-59,1654781838842587,1654781838842587,
300833b2ddd9014000030009,1,1,2700,-45,1654781838843599,1654781838843599,
300833b2ddd9014000030002,1,1,96,-48,1654781838847682,1654781838847682,
300833b2ddd9014000030009,1,1,2684,-46,1654781838849195,1654781838849195,
300833b2ddd9014000030008,1,1,3184,-43,1654781838850730,1654781838850730,
300833b2ddd9014000030001,1,1,1760,-58,1654781838851906,1654781838851906,
300833b2ddd9014000030008,1,1,3172,-44,1654781838882039,1654781838882039,
300833b2ddd9014000030001,1,1,1776,-56,1654781838883101,1654781838883101,
300833b2ddd9014000030002,1,1,108,-48,1654781838884623,1654781838884623,
300833b2ddd9014000030009,1,1,2640,-45,1654781838885962,1654781838885962,
300833b2ddd9014000030009,1,1,2632,-45,1654781838890202,1654781838890202,
300833b2ddd9014000030008,1,1,3172,-44,1654781838891496,1654781838891496,
300833b2ddd9014000030001,1,1,1796,-55,1654781838892798,1654781838892798,
300833b2ddd9014000030002,1,1,124,-48,1654781838895245,1654781838895245,
300833b2ddd9014000030009,1,1,2620,-45,1654781838925890,1654781838925890,
300833b2ddd9014000030008,1,1,3180,-44,1654781838927769,1654781838927769,
300833b2ddd9014000030001,1,1,1860,-53,1654781838928859,1654781838928859,
300833b2ddd9014000030002,1,1,164,-49,1654781838930524,1654781838930524,
300833b2ddd9014000030002,1,1,148,-49,1654781838933992,1654781838933992,
300833b2ddd9014000030008,1,1,3172,-45,1654781838935687,1654781838935687,
300833b2ddd9014000030009,1,1,2600,-45,1654781838937028,1654781838937028,
300833b2ddd9014000030001,1,1,1820,-53,1654781838938481,1654781838938481,
300833b2ddd9014000030009,1,1,2616,-44,1654781838974358,1654781838974358,
300833b2ddd9014000030002,1,1,244,-50,1654781838976066,1654781838976066,
300833b2ddd9014000030008,1,1,3224,-45,1654781838977195,1654781838977195,
300833b2ddd9014000030001,1,1,1776,-51,1654781838978908,1654781838978908,
300833b2ddd9014000030008,1,1,3212,-46,1654781838981927,1654781838981927,
300833b2ddd9014000030009,1,1,2608,-44,1654781838983253,1654781838983253,
300833b2ddd9014000030002,1,1,268,-50,1654781838985087,1654781838985087,
300833b2ddd9014000030001,1,1,1736,-51,1654781838986786,1654781838986786,
300833b2ddd9014000030009,1,1,2632,-44,1654781839019153,1654781839019153,
300833b2ddd9014000030008,1,1,3268,-46,1654781839020222,1654781839020222,
300833b2ddd9014000030002,1,1,344,-51,1654781839021464,1654781839021464,
300833b2ddd9014000030001,1,1,1676,-49,1654781839022563,1654781839022563,
300833b2ddd9014000030001,1,1,1692,-49,1654781839025433,1654781839025433,
300833b2ddd9014000030008,1,1,3304,-46,1654781839026767,1654781839026767,
300833b2ddd9014000030009,1,1,2668,-44,1654781839028606,1654781839028606,
300833b2ddd9014000030002,1,1,412,-52,1654781839030062,1654781839030062,
300833b2ddd9014000030008,1,1,3368,-46,1654781839062207,1654781839062207,
300833b2ddd9014000030001,1,1,1568,-48,1654781839063583,1654781839063583,
300833b2ddd9014000030009,1,1,2680,-44,1654781839064640,1654781839064640,
300833b2ddd9014000030002,1,1,580,-53,1654781839066107,1654781839066107,
300833b2ddd9014000030001,1,1,1584,-48,1654781839068890,1654781839068890,
300833b2ddd9014000030002,1,1,564,-53,1654781839070244,1654781839070244,
300833b2ddd9014000030009,1,1,2684,-45,1654781839071853,1654781839071853,
300833b2ddd9014000030008,1,1,3392,-47,1654781839074028,1654781839074028,
300833b2ddd9014000030009,1,1,2720,-45,1654781839105176,1654781839105176,
300833b2ddd9014000030002,1,1,728,-53,1654781839106884,1654781839106884,
300833b2ddd9014000030008,1,1,3524,-47,1654781839107981,1654781839107981,
300833b2ddd9014000030001,1,1,1524,-48,1654781839109069,1654781839109069,
300833b2ddd9014000030009,1,1,2720,-45,1654781839112939,1654781839112939,
300833b2ddd9014000030001,1,1,1508,-48,1654781839114253,1654781839114253,
300833b2ddd9014000030002,1,1,748,-53,1654781839115581,1654781839115581,
300833b2ddd9014000030008,1,1,3556,-47,1654781839116919,1654781839116919,
300833b2ddd9014000030001,1,1,1444,-48,1654781839148398,1654781839148398,
300833b2ddd9014000030008,1,1,3620,-47,1654781839149438,1654781839149438,
300833b2ddd9014000030009,1,1,2764,-45,1654781839150776,1654781839150776,
300833b2ddd9014000030002,1,1,852,-52,1654781839153554,1654781839153554,
300833b2ddd9014000030001,1,1,1420,-48,1654781839156778,1654781839156778,
300833b2ddd9014000030008,1,1,3620,-47,1654781839157847,1654781839157847,
300833b2ddd9014000030002,1,1,868,-52,1654781839159383,1654781839159383,
300833b2ddd9014000030009,1,1,2764,-45,1654781839160695,1654781839160695,
300833b2ddd9014000030002,1,1,936,-52,1654781839192496,1654781839192496,
300833b2ddd9014000030001,1,1,1392,-49,1654781839193584,1654781839193584,
300833b2ddd9014000030008,1,1,3672,-46,1654781839195121,1654781839195121,
300833b2ddd9014000030009,1,1,2788,-45,1654781839196233,1654781839196233,
300833b2ddd9014000030008,1,1,3684,-46,1654781839200906,1654781839200906,
300833b2ddd9014000030001,1,1,1376,-49,1654781839202394,1654781839202394,
300833b2ddd9014000030009,1,1,2804,-45,1654781839203464,1654781839203464,
300833b2ddd9014000030002,1,1,936,-51,1654781839205396,1654781839205396,
300833b2ddd9014000030008,1,1,3692,-46,1654781839235616,1654781839235616,
300833b2ddd9014000030001,1,1,1404,-49,1654781839237045,1654781839237045,
300833b2ddd9014000030009,1,1,2816,-45,1654781839238087,1654781839238087,
300833b2ddd9014000030009,1,1,2820,-44,1654781839241888,1654781839241888,
300833b2ddd9014000030008,1,1,3704,-46,1654781839243226,1654781839243226,
300833b2ddd9014000030001,1,1,1384,-50,1654781839244312,1654781839244312,
300833b2ddd9014000030002,1,1,916,-51,1654781839246504,1654781839246504,
300833b2ddd9014000030009,1,1,2820,-44,1654781839277508,1654781839277508,
300833b2ddd9014000030008,1,1,3708,-45,1654781839278832,1654781839278832,
300833b2ddd9014000030002,1,1,920,-50,1654781839280172,1654781839280172,
300833b2ddd9014000030001,1,1,1392,-50,1654781839284562,1654781839284562,
300833b2ddd9014000030001,1,1,1400,-50,1654781839290435,1654781839290435,
300833b2ddd9014000030009,1,1,2824,-44,1654781839291563,1654781839291563,
300833b2ddd9014000030008,1,1,3700,-45,1654781839293413,1654781839293413,
300833b2ddd9014000030002,1,1,928,-50,1654781839294625,1654781839294625,
300833b2ddd9014000030001,1,1,1420,-51,1654781839325822,1654781839325822,
300833b2ddd9014000030008,1,1,3716,-45,1654781839326904,1654781839326904,
300833b2ddd9014000030009,1,1,2816,-44,1654781839328004,1654781839328004,
300833b2ddd9014000030002,1,1,944,-50,1654781839329526,1654781839329526,
300833b2ddd9014000030008,1,1,3700,-45,1654781839334706,1654781839334706,
300833b2ddd9014000030001,1,1,1440,-51,1654781839335793,1654781839335793,
300833b2ddd9014000030009,1,1,2820,-44,1654781839336908,1654781839336908,
300833b2ddd9014000030002,1,1,924,-50,1654781839339319,1654781839339319,
300833b2ddd9014000030002,1,1,944,-50,1654781839373396,1654781839373396,
300833b2ddd9014000030008,1,1,3708,-45,1654781839375362,1654781839375362,
300833b2ddd9014000030009,1,1,2836,-44,1654781839376688,1654781839376688,
300833b2ddd9014000030001,1,1,1456,-51,1654781839378134,1654781839378134,
300833b2ddd9014000030009,1,1,2840,-44,1654781839380810,1654781839380810,
300833b2ddd9014000030008,1,1,3696,-45,1654781839381893,1654781839381893,
300833b2ddd9014000030001,1,1,1500,-51,1654781839383449,1654781839383449,
300833b2ddd9014000030002,1,1,948,-50,1654781839384745,1654781839384745,
300833b2ddd9014000030002,1,1,936,-50,1654781839416191,1654781839416191,
300833b2ddd9014000030001,1,1,1504,-51,1654781839417265,1654781839417265,
300833b2ddd9014000030009,1,1,2836,-44,1654781839418392,1654781839418392,
300833b2ddd9014000030008,1,1,3692,-45,1654781839421290,1654781839421290,
300833b2ddd9014000030009,1,1,2816,-44,1654781839424937,1654781839424937,
300833b2ddd9014000030008,1,1,3688,-45,1654781839427319,1654781839427319,
300833b2ddd9014000030001,1,1,1504,-51,1654781839428647,1654781839428647,
300833b2ddd9014000030002,1,1,932,-50,1654781839429774,1654781839429774,
300833b2ddd9014000030009,1,1,2816,-44,1654781839461470,1654781839461470,
300833b2ddd9014000030008,1,1,3696,-45,1654781839462779,1654781839462779,
300833b2ddd9014000030002,1,1,936,-50,1654781839464145,1654781839464145,
300833b2ddd9014000030001,1,1,1492,-51,1654781839465489,1654781839465489,
300833b2ddd9014000030002,1,1,944,-50,1654781839469740,1654781839469740,
300833b2ddd9014000030008,1,1,3680,-45,1654781839470868,1654781839470868,
300833b2ddd9014000030009,1,1,2780,-44,1654781839472463,1654781839472463,
300833b2ddd9014000030001,1,1,1512,-51,1654781839474585,1654781839474585,
300833b2ddd9014000030008,1,1,3680,-45,1654781839513001,1654781839513001,
300833b2ddd9014000030001,1,1,1552,-51,1654781839514752,1654781839514752,
300833b2ddd9014000030002,1,1,920,-50,1654781839515836,1654781839515836,
300833b2ddd9014000030009,1,1,2828,-44,1654781839517090,1654781839517090,
300833b2ddd9014000030002,1,1,916,-50,1654781839520680,1654781839520680,
300833b2ddd9014000030009,1,1,2824,-44,1654781839522659,1654781839522659,
300833b2ddd9014000030001,1,1,1524,-51,1654781839523760,1654781839523760,
300833b2ddd9014000030008,1,1,3692,-45,1654781839524859,1654781839524859,
300833b2ddd9014000030009,1,1,2832,-44,1654781839556501,1654781839556501,
300833b2ddd9014000030001,1,1,1548,-51,1654781839558512,1654781839558512,
300833b2ddd9014000030002,1,1,908,-50,1654781839559853,1654781839559853,
300833b2ddd9014000030008,1,1,3668,-45,1654781839560934,1654781839560934,
300833b2ddd9014000030008,1,1,3668,-45,1654781839567272,1654781839567272,
300833b2ddd9014000030001,1,1,1544,-51,1654781839568614,1654781839568614,
300833b2ddd9014000030009,1,1,2804,-44,1654781839570392,1654781839570392,
300833b2ddd9014000030002,1,1,940,-50,1654781839571632,1654781839571632,
300833b2ddd9014000030009,1,1,2816,-44,1654781839602615,1654781839602615,
300833b2ddd9014000030002,1,1,948,-50,1654781839603908,1654781839603908,
300833b2ddd9014000030008,1,1,3668,-45,1654781839604950,1654781839604950,
300833b2ddd9014000030001,1,1,1568,-51,1654781839606153,1654781839606153,
300833b2ddd9014000030002,1,1,936,-50,1654781839609938,1654781839609938,
300833b2ddd9014000030001,1,1,1544,-51,1654781839611168,1654781839611168,
300833b2ddd9014000030009,1,1,2800,-44,1654781839613545,1654781839613545,
300833b2ddd9014000030008,1,1,3684,-45,1654781839615422,1654781839615422,
300833b2ddd9014000030009,1,1,2780,-44,1654781839646941,1654781839646941,
300833b2ddd9014000030001,1,1,1580,-51,1654781839648056,1654781839648056,
300833b2ddd9014000030008,1,1,3668,-45,1654781839649338,1654781839649338,
300833b2ddd9014000030002,1,1,912,-50,1654781839650437,1654781839650437,
300833b2ddd9014000030008,1,1,3664,-45,1654781839654930,1654781839654930,
300833b2ddd9014000030002,1,1,944,-50,1654781839656269,1654781839656269,
300833b2ddd9014000030009,1,1,2804,-44,1654781839657823,1654781839657823,
300833b2ddd9014000030001,1,1,1588,-51,1654781839660436,1654781839660436,
300833b2ddd9014000030001,1,1,1564,-51,1654781839692271,1654781839692271,
300833b2ddd9014000030008,1,1,3676,-45,1654781839693354,1654781839693354,
300833b2ddd9014000030002,1,1,916,-50,1654781839694890,1654781839694890,
300833b2ddd9014000030009,1,1,2788,-44,1654781839696245,1654781839696245,
300833b2ddd9014000030001,1,1,1604,-51,1654781839700468,1654781839700468,
300833b2ddd9014000030009,1,1,2800,-44,1654781839702034,1654781839702034,
300833b2ddd9014000030002,1,1,904,-50,1654781839703627,1654781839703627,
300833b2ddd9014000030008,1,1,3664,-45,1654781839705479,1654781839705479,
300833b2ddd9014000030001,1,1,1576,-51,1654781839736333,1654781839736333,
300833b2ddd9014000030008,1,1,3664,-45,1654781839737487,1654781839737487,
300833b2ddd9014000030009,1,1,2784,-44,1654781839738799,1654781839738799,
300833b2ddd9014000030002,1,1,892,-50,1654781839741941,1654781839741941,
300833b2ddd9014000030001,1,1,1596,-51,1654781839744704,1654781839744704,
300833b2ddd9014000030009,1,1,2780,-44,1654781839746030,1654781839746030,
300833b2ddd9014000030008,1,1,3664,-45,1654781839747836,1654781839747836,
300833b2ddd9014000030002,1,1,912,-50,1654781839750383,1654781839750383,
300833b2ddd9014000030002,1,1,896,-50,1654781839780587,1654781839780587,
300833b2ddd9014000030009,1,1,2768,-44,1654781839781700,1654781839781700,
300833b2ddd9014000030001,1,1,1616,-51,1654781839782788,1654781839782788,
300833b2ddd9014000030008,1,1,3644,-45,1654781839784424,1654781839784424,
300833b2ddd9014000030009,1,1,2764,-44,1654781839788741,1654781839788741,
300833b2ddd9014000030008,1,1,3672,-45,1654781839789838,1654781839789838,
300833b2ddd9014000030001,1,1,1592,-51,1654781839790908,1654781839790908,
300833b2ddd9014000030002,1,1,880,-50,1654781839793800,1654781839793800,
300833b2ddd9014000030002,1,1,912,-50,1654781839824475,1654781839824475,
300833b2ddd9014000030008,1,1,3664,-45,1654781839826663,1654781839826663,
300833b2ddd9014000030009,1,1,2780,-44,1654781839827919,1654781839827919,
300833b2ddd9014000030001,1,1,1556,-51,1654781839829178,1654781839829178,
300833b2ddd9014000030002,1,1,868,-50,1654781839833050,1654781839833050,
300833b2ddd9014000030001,1,1,1552,-51,1654781839834137,1654781839834137,
300833b2ddd9014000030008,1,1,3660,-45,1654781839835900,1654781839835900,
300833b2ddd9014000030009,1,1,2772,-44,1654781839837015,1654781839837015,
300833b2ddd9014000030009,1,1,2756,-43,1654781839869841,1654781839869841,
300833b2ddd9014000030008,1,1,3664,-45,1654781839871150,1654781839871150,
300833b2ddd9014000030002,1,1,872,-50,1654781839872972,1654781839872972,
300833b2ddd9014000030001,1,1,1520,-51,1654781839875283,1654781839875283,
300833b2ddd9014000030002,1,1,904,-50,1654781839878502,1654781839878502,
300833b2ddd9014000030009,1,1,2772,-43,1654781839879587,1654781839879587,
300833b2ddd9014000030008,1,1,3656,-45,1654781839881108,1654781839881108,
300833b2ddd9014000030001,1,1,1592,-51,1654781839883044,1654781839883044,
300833b2ddd9014000030002,1,1,856,-50,1654781839914924,1654781839914924,
300833b2ddd9014000030001,1,1,1544,-51,1654781839916319,1654781839916319,
300833b2ddd9014000030009,1,1,2780,-43,1654781839917787,1654781839917787,
300833b2ddd9014000030008,1,1,3680,-45,1654781839919233,1654781839919233,
300833b2ddd9014000030009,1,1,2744,-43,1654781839922204,1654781839922204,
300833b2ddd9014000030008,1,1,3680,-45,1654781839924529,1654781839924529,
300833b2ddd9014000030001,1,1,1648,-47,1654781839925905,1654781839925905,
300833b2ddd9014000030002,1,1,876,-50,1654781839927840,1654781839927840,
300833b2ddd9014000030002,1,1,916,-45,1654781839959351,1654781839959351,
300833b2ddd9014000030001,1,1,1532,-51,1654781839961901,1654781839961901,
300833b2ddd9014000030009,1,1,2776,-43,1654781839964782,1654781839964782,
300833b2ddd9014000030001,1,1,1540,-52,1654781839965855,1654781839965855,
300833b2ddd9014000030002,1,1,908,-50,1654781839967222,1654781839967222,
300833b2ddd9014000030008,1,1,3656,-45,1654781839968844,1654781839968844,
300833b2ddd9014000030008,1,1,3672,-45,1654781840000310,1654781840000310,
300833b2ddd9014000030001,1,1,1524,-52,1654781840002051,1654781840002051,
300833b2ddd9014000030009,1,1,2764,-43,1654781840003335,1654781840003335,
300833b2ddd9014000030002,1,1,900,-50,1654781840004446,1654781840004446,
300833b2ddd9014000030008,1,1,3688,-45,1654781840009469,1654781840009469,
300833b2ddd9014000030001,1,1,1512,-52,1654781840010684,1654781840010684,
300833b2ddd9014000030009,1,1,2772,-43,1654781840012871,1654781840012871,
300833b2ddd9014000030002,1,1,868,-49,1654781840014566,1654781840014566,
300833b2ddd9014000030001,1,1,1500,-52,1654781840074564,1654781840074564,
300833b2ddd9014000030001,1,1,1488,-51,1654781840082820,1654781840082820,
300833b2ddd9014000030008,1,1,3684,-45,1654781840084499,1654781840084499,
300833b2ddd9014000030009,1,1,2816,-43,1654781840085839,1654781840085839,
300833b2ddd9014000030002,1,1,908,-50,1654781840087320,1654781840087320,
300833b2ddd9014000030008,1,1,3680,-45,1654781840117001,1654781840117001,
300833b2ddd9014000030009,1,1,2800,-43,1654781840118368,1654781840118368,
300833b2ddd9014000030001,1,1,1468,-51,1654781840120511,1654781840120511,
300833b2ddd9014000030002,1,1,952,-50,1654781840121593,1654781840121593,
300833b2ddd9014000030008,1,1,3680,-45,1654781840127502,1654781840127502,
300833b2ddd9014000030002,1,1,924,-50,1654781840128616,1654781840128616,
300833b2ddd9014000030001,1,1,1512,-51,1654781840129930,1654781840129930,
300833b2ddd9014000030009,1,1,2820,-43,1654781840131543,1654781840131543,
300833b2ddd9014000030009,1,1,2800,-43,1654781840162970,1654781840162970,
300833b2ddd9014000030008,1,1,3684,-45,1654781840164545,1654781840164545,
300833b2ddd9014000030002,1,1,948,-50,1654781840167229,1654781840167229,
300833b2ddd9014000030001,1,1,1496,-51,1654781840168291,1654781840168291,
300833b2ddd9014000030002,1,1,924,-50,1654781840172371,1654781840172371,
300833b2ddd9014000030009,1,1,2824,-43,1654781840173595,1654781840173595,
300833b2ddd9014000030008,1,1,3688,-45,1654781840174725,1654781840174725,
300833b2ddd9014000030001,1,1,1484,-51,1654781840175795,1654781840175795,
300833b2ddd9014000030008,1,1,3712,-45,1654781840206861,1654781840206861,
300833b2ddd9014000030009,1,1,2816,-43,1654781840208627,1654781840208627,
300833b2ddd9014000030002,1,1,912,-49,1654781840209994,1654781840209994,
300833b2ddd9014000030001,1,1,1524,-51,1654781840211197,1654781840211197,
300833b2ddd9014000030001,1,1,1508,-51,1654781840214937,1654781840214937,
300833b2ddd9014000030002,1,1,944,-50,1654781840216138,1654781840216138,
300833b2ddd9014000030009,1,1,2824,-43,1654781840217223,1654781840217223,
300833b2ddd9014000030008,1,1,3708,-45,1654781840218529,1654781840218529,
300833b2ddd9014000030008,1,1,3704,-45,1654781840248936,1654781840248936,
300833b2ddd9014000030001,1,1,1544,-51,1654781840250294,1654781840250294,
300833b2ddd9014000030009,1,1,2824,-43,1654781840251422,1654781840251422,
300833b2ddd9014000030002,1,1,932,-49,1654781840253283,1654781840253283,
300833b2ddd9014000030001,1,1,1508,-51,1654781840258581,1654781840258581,
300833b2ddd9014000030009,1,1,2832,-43,1654781840259666,1654781840259666,
300833b2ddd9014000030008,1,1,3696,-45,1654781840260720,1654781840260720,
300833b2ddd9014000030002,1,1,932,-49,1654781840262159,1654781840262159,
300833b2ddd9014000030008,1,1,3700,-45,1654781840292797,1654781840292797,
300833b2ddd9014000030002,1,1,888,-50,1654781840294039,1654781840294039,
300833b2ddd9014000030009,1,1,2840,-43,1654781840295080,1654781840295080,
300833b2ddd9014000030001,1,1,1516,-51,1654781840296153,1654781840296153,
300833b2ddd9014000030001,1,1,1496,-51,1654781840299966,1654781840299966,
300833b2ddd9014000030008,1,1,3704,-45,1654781840301913,1654781840301913,
300833b2ddd9014000030009,1,1,2852,-44,1654781840303027,1654781840303027,
300833b2ddd9014000030002,1,1,900,-50,1654781840304100,1654781840304100,
300833b2ddd9014000030008,1,1,3696,-45,1654781840334660,1654781840334660,
300833b2ddd9014000030009,1,1,2840,-44,1654781840335971,1654781840335971,
300833b2ddd9014000030002,1,1,960,-50,1654781840338571,1654781840338571,
300833b2ddd9014000030001,1,1,1496,-52,1654781840339701,1654781840339701,
300833b2ddd9014000030002,1,1,932,-50,1654781840343113,1654781840343113,
300833b2ddd9014000030008,1,1,3716,-45,1654781840344409,1654781840344409,
300833b2ddd9014000030009,1,1,2852,-43,1654781840346063,1654781840346063,
300833b2ddd9014000030001,1,1,1464,-51,1654781840347777,1654781840347777,
300833b2ddd9014000030009,1,1,2832,-44,1654781840379087,1654781840379087,
300833b2ddd9014000030008,1,1,3704,-45,1654781840381644,1654781840381644,
300833b2ddd9014000030001,1,1,1516,-51,1654781840382728,1654781840382728,
300833b2ddd9014000030002,1,1,948,-50,1654781840383899,1654781840383899,
300833b2ddd9014000030001,1,1,1492,-51,1654781840386879,1654781840386879,
300833b2ddd9014000030002,1,1,920,-50,1654781840388545,1654781840388545,
300833b2ddd9014000030009,1,1,2840,-44,1654781840389615,1654781840389615,
300833b2ddd9014000030008,1,1,3724,-45,1654781840390969,1654781840390969,
300833b2ddd9014000030009,1,1,2840,-44,1654781840423367,1654781840423367,
300833b2ddd9014000030001,1,1,1524,-51,1654781840424724,1654781840424724,
300833b2ddd9014000030008,1,1,3716,-45,1654781840425808,1654781840425808,
300833b2ddd9014000030002,1,1,940,-50,1654781840428239,1654781840428239,
300833b2ddd9014000030009,1,1,2844,-44,1654781840432262,1654781840432262,
300833b2ddd9014000030001,1,1,1540,-51,1654781840435352,1654781840435352,
300833b2ddd9014000030008,1,1,3704,-45,1654781840436406,1654781840436406,
300833b2ddd9014000030002,1,1,908,-50,1654781840437888,1654781840437888,
300833b2ddd9014000030009,1,1,2800,-44,1654781840470149,1654781840470149,
300833b2ddd9014000030008,1,1,3696,-46,1654781840473644,1654781840473644,
300833b2ddd9014000030009,1,1,2832,-44,1654781840474744,1654781840474744,
300833b2ddd9014000030001,1,1,1520,-51,1654781840476285,1654781840476285,
300833b2ddd9014000030002,1,1,932,-50,1654781840477412,1654781840477412,
300833b2ddd9014000030001,1,1,1520,-51,1654781840510700,1654781840510700,
300833b2ddd9014000030002,1,1,992,-50,1654781840514487,1654781840514487,
300833b2ddd9014000030009,1,1,2796,-44,1654781840516467,1654781840516467,
300833b2ddd9014000030001,1,1,1548,-51,1654781840518443,1654781840518443,
300833b2ddd9014000030008,1,1,3688,-45,1654781840519553,1654781840519553,
300833b2ddd9014000030001,1,1,1532,-51,1654781840550371,1654781840550371,
300833b2ddd9014000030008,1,1,3696,-45,1654781840551839,1654781840551839,
300833b2ddd9014000030009,1,1,2820,-44,1654781840553134,1654781840553134,
300833b2ddd9014000030002,1,1,956,-50,1654781840554871,1654781840554871,
300833b2ddd9014000030009,1,1,2808,-44,1654781840558428,1654781840558428,
300833b2ddd9014000030008,1,1,3700,-46,1654781840559878,1654781840559878,
300833b2ddd9014000030001,1,1,1520,-51,1654781840561249,1654781840561249,
300833b2ddd9014000030002,1,1,984,-50,1654781840562765,1654781840562765,
300833b2ddd9014000030002,1,1,952,-50,1654781840593091,1654781840593091,
300833b2ddd9014000030001,1,1,1532,-51,1654781840595497,1654781840595497,
300833b2ddd9014000030008,1,1,3696,-45,1654781840596523,1654781840596523,
300833b2ddd9014000030002,1,1,980,-50,1654781840600028,1654781840600028,
300833b2ddd9014000030001,1,1,1524,-51,1654781840601583,1654781840601583,
300833b2ddd9014000030009,1,1,2804,-44,1654781840603078,1654781840603078,
300833b2ddd9014000030008,1,1,3704,-45,1654781840604176,1654781840604176,
300833b2ddd9014000030009,1,1,2800,-44,1654781840637143,1654781840637143,
300833b2ddd9014000030008,1,1,3684,-45,1654781840639357,1654781840639357,
300833b2ddd9014000030001,1,1,1532,-51,1654781840640427,1654781840640427,
300833b2ddd9014000030002,1,1,960,-50,1654781840642145,1654781840642145,
300833b2ddd9014000030009,1,1,2800,-44,1654781840644909,1654781840644909,
300833b2ddd9014000030008,1,1,3680,-45,1654781840645963,1654781840645963,
300833b2ddd9014000030002,1,1,964,-50,1654781840648244,1654781840648244,
300833b2ddd9014000030001,1,1,1512,-51,1654781840649657,1654781840649657,