epc,atenda,atendanum,phase,RSS,timestamp,timestamp2,
300833b2ddd9014000030009,1,1,2556,-41,1654780576626220,1654780576626220,
300833b2ddd9014000030002,1,1,468,-56,1654780576627960,1654780576627960,
300833b2ddd9014000030008,1,1,3656,-45,1654780576629137,1654780576629137,
300833b2ddd9014000030001,1,1,2048,-48,1654780576630468,1654780576630468,
300833b2ddd9014000030009,1,1,2584,-41,1654780576660604,1654780576660604,
300833b2ddd9014000030008,1,1,3688,-45,1654780576661689,1654780576661689,
300833b2ddd9014000030001,1,1,2056,-49,1654780576664123,1654780576664123,
300833b2ddd9014000030009,1,1,2564,-41,1654780576668449,1654780576668449,
300833b2ddd9014000030001,1,1,2040,-49,1654780576669747,1654780576669747,
300833b2ddd9014000030002,1,1,456,-56,1654780576671087,1654780576671087,
300833b2ddd9014000030008,1,1,3656,-45,1654780576673284,1654780576673284,
300833b2ddd9014000030009,1,1,2684,-40,1654780576704031,1654780576704031,
300833b2ddd9014000030002,1,1,448,-57,1654780576705596,1654780576705596,
300833b2ddd9014000030002,1,1,448,-57,1654780576710942,1654780576710942,
300833b2ddd9014000030008,1,1,3656,-46,1654780576712023,1654780576712023,
300833b2ddd9014000030009,1,1,2568,-41,1654780576713078,1654780576713078,
300833b2ddd9014000030009,1,1,2572,-41,1654780576745955,1654780576745955,
300833b2ddd9014000030008,1,1,3660,-46,1654780576747376,1654780576747376,
300833b2ddd9014000030001,1,1,2036,-48,1654780576748482,1654780576748482,
300833b2ddd9014000030002,1,1,412,-57,1654780576749948,1654780576749948,
300833b2ddd9014000030002,1,1,460,-56,1654780576753013,1654780576753013,
300833b2ddd9014000030008,1,1,3652,-45,1654780576754371,1654780576754371,
300833b2ddd9014000030009,1,1,2564,-41,1654780576756221,1654780576756221,
300833b2ddd9014000030001,1,1,2068,-49,1654780576757281,1654780576757281,
300833b2ddd9014000030009,1,1,2560,-41,1654780576788542,1654780576788542,
300833b2ddd9014000030002,1,1,488,-56,1654780576789852,1654780576789852,
300833b2ddd9014000030001,1,1,2068,-49,1654780576790867,1654780576790867,
300833b2ddd9014000030008,1,1,3664,-46,1654780576793520,1654780576793520,
300833b2ddd9014000030008,1,1,3664,-46,1654780576797357,1654780576797357,
300833b2ddd9014000030002,1,1,424,-56,1654780576799093,1654780576799093,
300833b2ddd9014000030009,1,1,2568,-41,1654780576800207,1654780576800207,
300833b2ddd9014000030001,1,1,2056,-49,1654780576801534,1654780576801534,
300833b2ddd9014000030009,1,1,2576,-41,1654780576832063,1654780576832063,
300833b2ddd9014000030002,1,1,484,-56,1654780576834254,1654780576834254,
300833b2ddd9014000030008,1,1,3660,-46,1654780576835349,1654780576835349,
300833b2ddd9014000030001,1,1,2056,-48,1654780576836624,1654780576836624,
300833b2ddd9014000030008,1,1,3688,-46,1654780576839837,1654780576839837,
300833b2ddd9014000030002,1,1,436,-56,1654780576840905,1654780576840905,
300833b2ddd9014000030009,1,1,2564,-41,1654780576842004,1654780576842004,
300833b2ddd9014000030001,1,1,2072,-49,1654780576843304,1654780576843304,
300833b2ddd9014000030009,1,1,2584,-41,1654780576875172,1654780576875172,
300833b2ddd9014000030008,1,1,3668,-45,1654780576876524,1654780576876524,
300833b2ddd9014000030001,1,1,2080,-49,1654780576877570,1654780576877570,
300833b2ddd9014000030002,1,1,432,-56,1654780576879106,1654780576879106,
300833b2ddd9014000030008,1,1,3676,-45,1654780576883976,1654780576883976,
300833b2ddd9014000030009,1,1,2564,-41,1654780576885048,1654780576885048,
300833b2ddd9014000030001,1,1,2044,-49,1654780576886348,1654780576886348,
300833b2ddd9014000030002,1,1,432,-56,1654780576887642,1654780576887642,
300833b2ddd9014000030001,1,1,2072,-49,1654780576918885,1654780576918885,
300833b2ddd9014000030009,1,1,2572,-41,1654780576919999,1654780576919999,
300833b2ddd9014000030008,1,1,3676,-45,1654780576921025,1654780576921025,
300833b2ddd9014000030002,1,1,476,-55,1654780576924584,1654780576924584,
300833b2ddd9014000030002,1,1,444,-55,1654780576929380,1654780576929380,
300833b2ddd9014000030008,1,1,3688,-45,1654780576930435,1654780576930435,
300833b2ddd9014000030001,1,1,2060,-49,1654780576931508,1654780576931508,
300833b2ddd9014000030009,1,1,2580,-41,1654780576932805,1654780576932805,
300833b2ddd9014000030008,1,1,3680,-45,1654780576964256,1654780576964256,
300833b2ddd9014000030001,1,1,2068,-49,1654780576965584,1654780576965584,
300833b2ddd9014000030009,1,1,2572,-41,1654780576967151,1654780576967151,
300833b2ddd9014000030002,1,1,444,-55,1654780576969939,1654780576969939,
300833b2ddd9014000030002,1,1,424,-56,1654780576972964,1654780576972964,
300833b2ddd9014000030001,1,1,2056,-49,1654780576974947,1654780576974947,
300833b2ddd9014000030008,1,1,3680,-45,1654780576976027,1654780576976027,
300833b2ddd9014000030009,1,1,2580,-41,1654780576977129,1654780576977129,
300833b2ddd9014000030008,1,1,3684,-45,1654780577009421,1654780577009421,
300833b2ddd9014000030001,1,1,2072,-49,1654780577010494,1654780577010494,
300833b2ddd9014000030009,1,1,2572,-41,1654780577011848,1654780577011848,
300833b2ddd9014000030002,1,1,468,-55,1654780577014251,1654780577014251,
300833b2ddd9014000030001,1,1,2048,-49,1654780577018145,1654780577018145,
300833b2ddd9014000030002,1,1,476,-55,1654780577019458,1654780577019458,
300833b2ddd9014000030008,1,1,3692,-45,1654780577020543,1654780577020543,
300833b2ddd9014000030009,1,1,2580,-41,1654780577022123,1654780577022123,
300833b2ddd9014000030002,1,1,428,-55,1654780577053767,1654780577053767,
300833b2ddd9014000030001,1,1,2072,-49,1654780577055707,1654780577055707,
300833b2ddd9014000030009,1,1,2572,-41,1654780577056835,1654780577056835,
300833b2ddd9014000030008,1,1,3672,-45,1654780577057904,1654780577057904,
300833b2ddd9014000030009,1,1,2560,-41,1654780577061796,1654780577061796,
300833b2ddd9014000030008,1,1,3672,-45,1654780577062907,1654780577062907,
300833b2ddd9014000030002,1,1,424,-55,1654780577064994,1654780577064994,
300833b2ddd9014000030001,1,1,2068,-49,1654780577067119,1654780577067119,
300833b2ddd9014000030002,1,1,480,-56,1654780577097700,1654780577097700,
300833b2ddd9014000030009,1,1,2584,-41,1654780577098829,1654780577098829,
300833b2ddd9014000030001,1,1,2068,-49,1654780577099886,1654780577099886,
300833b2ddd9014000030008,1,1,3688,-45,1654780577102278,1654780577102278,
300833b2ddd9014000030002,1,1,476,-55,1654780577107028,1654780577107028,
300833b2ddd9014000030009,1,1,2576,-41,1654780577108088,1654780577108088,
300833b2ddd9014000030001,1,1,2044,-49,1654780577109134,1654780577109134,
300833b2ddd9014000030008,1,1,3688,-45,1654780577110796,1654780577110796,
300833b2ddd9014000030008,1,1,3700,-45,1654780577140498,1654780577140498,
300833b2ddd9014000030009,1,1,2584,-41,1654780577142091,1654780577142091,
300833b2ddd9014000030002,1,1,496,-55,1654780577143730,1654780577143730,
300833b2ddd9014000030001,1,1,2056,-49,1654780577145669,1654780577145669,
300833b2ddd9014000030001,1,1,2052,-49,1654780577149290,1654780577149290,
300833b2ddd9014000030009,1,1,2580,-41,1654780577150360,1654780577150360,
300833b2ddd9014000030008,1,1,3692,-45,1654780577151613,1654780577151613,
300833b2ddd9014000030002,1,1,456,-55,1654780577153178,1654780577153178,
300833b2ddd9014000030008,1,1,3696,-45,1654780577184858,1654780577184858,
300833b2ddd9014000030001,1,1,2056,-49,1654780577185945,1654780577185945,
300833b2ddd9014000030009,1,1,2580,-41,1654780577187740,1654780577187740,
300833b2ddd9014000030002,1,1,464,-55,1654780577189222,1654780577189222,
300833b2ddd9014000030009,1,1,2576,-41,1654780577193980,1654780577193980,
300833b2ddd9014000030008,1,1,3684,-45,1654780577195247,1654780577195247,
300833b2ddd9014000030001,1,1,2072,-49,1654780577196323,1654780577196323,
300833b2ddd9014000030002,1,1,440,-55,1654780577197632,1654780577197632,
300833b2ddd9014000030001,1,1,2068,-49,1654780577228012,1654780577228012,
300833b2ddd9014000030008,1,1,3684,-45,1654780577229562,1654780577229562,
300833b2ddd9014000030009,1,1,2564,-41,1654780577230649,1654780577230649,
300833b2ddd9014000030002,1,1,464,-55,1654780577232840,1654780577232840,
300833b2ddd9014000030009,1,1,2584,-41,1654780577236702,1654780577236702,
300833b2ddd9014000030001,1,1,2052,-49,1654780577238018,1654780577238018,
300833b2ddd9014000030002,1,1,468,-55,1654780577239071,1654780577239071,
300833b2ddd9014000030008,1,1,3684,-45,1654780577240139,1654780577240139,
300833b2ddd9014000030001,1,1,2088,-49,1654780577272695,1654780577272695,
300833b2ddd9014000030009,1,1,2600,-41,1654780577274119,1654780577274119,
300833b2ddd9014000030008,1,1,3664,-45,1654780577275233,1654780577275233,
300833b2ddd9014000030002,1,1,488,-56,1654780577276331,1654780577276331,
300833b2ddd9014000030008,1,1,3688,-45,1654780577280370,1654780577280370,
300833b2ddd9014000030009,1,1,2580,-41,1654780577281598,1654780577281598,
300833b2ddd9014000030002,1,1,424,-55,1654780577283520,1654780577283520,
300833b2ddd9014000030001,1,1,2076,-49,1654780577284607,1654780577284607,
300833b2ddd9014000030002,1,1,448,-55,1654780577314460,1654780577314460,
300833b2ddd9014000030001,1,1,2060,-49,1654780577315518,1654780577315518,
300833b2ddd9014000030009,1,1,2584,-41,1654780577316831,1654780577316831,
300833b2ddd9014000030008,1,1,3676,-45,1654780577318650,1654780577318650,
300833b2ddd9014000030001,1,1,2044,-49,1654780577323998,1654780577323998,
300833b2ddd9014000030008,1,1,3664,-45,1654780577325125,1654780577325125,
300833b2ddd9014000030009,1,1,2588,-41,1654780577326224,1654780577326224,
300833b2ddd9014000030002,1,1,452,-55,1654780577327918,1654780577327918,
300833b2ddd9014000030008,1,1,3676,-45,1654780577357821,1654780577357821,
300833b2ddd9014000030009,1,1,2580,-41,1654780577359730,1654780577359730,
300833b2ddd9014000030002,1,1,464,-55,1654780577360811,1654780577360811,
300833b2ddd9014000030001,1,1,2056,-49,1654780577362316,1654780577362316,
300833b2ddd9014000030001,1,1,2036,-49,1654780577365982,1654780577365982,
300833b2ddd9014000030009,1,1,2572,-41,1654780577367168,1654780577367168,
300833b2ddd9014000030008,1,1,3668,-45,1654780577368491,1654780577368491,
300833b2ddd9014000030002,1,1,472,-55,1654780577369560,1654780577369560,
300833b2ddd9014000030002,1,1,436,-55,1654780577400238,1654780577400238,
300833b2ddd9014000030009,1,1,2580,-41,1654780577402233,1654780577402233,
300833b2ddd9014000030008,1,1,3676,-45,1654780577404170,1654780577404170,
300833b2ddd9014000030001,1,1,2036,-49,1654780577405347,1654780577405347,
300833b2ddd9014000030008,1,1,3672,-45,1654780577408373,1654780577408373,
300833b2ddd9014000030001,1,1,2076,-49,1654780577409762,1654780577409762,
300833b2ddd9014000030002,1,1,468,-55,1654780577411101,1654780577411101,
300833b2ddd9014000030009,1,1,2568,-41,1654780577412186,1654780577412186,
300833b2ddd9014000030009,1,1,2580,-41,1654780577443925,1654780577443925,
300833b2ddd9014000030008,1,1,3680,-45,1654780577445592,1654780577445592,
300833b2ddd9014000030002,1,1,456,-54,1654780577446931,1654780577446931,
300833b2ddd9014000030001,1,1,2068,-49,1654780577448555,1654780577448555,
300833b2ddd9014000030009,1,1,2592,-41,1654780577451346,1654780577451346,
300833b2ddd9014000030008,1,1,3680,-45,1654780577452883,1654780577452883,
300833b2ddd9014000030002,1,1,448,-55,1654780577454193,1654780577454193,
300833b2ddd9014000030001,1,1,2072,-49,1654780577455309,1654780577455309,
300833b2ddd9014000030008,1,1,3672,-45,1654780577487199,1654780577487199,
300833b2ddd9014000030009,1,1,2584,-41,1654780577488669,1654780577488669,
300833b2ddd9014000030001,1,1,2072,-49,1654780577490920,1654780577490920,
300833b2ddd9014000030002,1,1,432,-55,1654780577492164,1654780577492164,
300833b2ddd9014000030001,1,1,2056,-49,1654780577494953,1654780577494953,
300833b2ddd9014000030008,1,1,3676,-45,1654780577496873,1654780577496873,
300833b2ddd9014000030002,1,1,444,-55,1654780577498169,1654780577498169,
300833b2ddd9014000030009,1,1,2580,-41,1654780577499242,1654780577499242,
300833b2ddd9014000030009,1,1,2588,-41,1654780577529456,1654780577529456,
300833b2ddd9014000030008,1,1,3676,-45,1654780577530737,1654780577530737,
300833b2ddd9014000030001,1,1,2052,-49,1654780577531796,1654780577531796,
300833b2ddd9014000030002,1,1,420,-55,1654780577533647,1654780577533647,
300833b2ddd9014000030009,1,1,2576,-41,1654780577538086,1654780577538086,
300833b2ddd9014000030002,1,1,444,-55,1654780577539171,1654780577539171,
300833b2ddd9014000030008,1,1,3676,-45,1654780577540963,1654780577540963,
300833b2ddd9014000030001,1,1,2060,-49,1654780577542960,1654780577542960,
300833b2ddd9014000030001,1,1,2068,-49,1654780577573789,1654780577573789,
300833b2ddd9014000030009,1,1,2580,-41,1654780577574833,1654780577574833,
300833b2ddd9014000030002,1,1,440,-55,1654780577576609,1654780577576609,
300833b2ddd9014000030008,1,1,3664,-46,1654780577577650,1654780577577650,
300833b2ddd9014000030009,1,1,2576,-41,1654780577582169,1654780577582169,
300833b2ddd9014000030002,1,1,412,-55,1654780577583211,1654780577583211,
300833b2ddd9014000030008,1,1,3672,-45,1654780577584970,1654780577584970,
300833b2ddd9014000030001,1,1,2056,-49,1654780577586032,1654780577586032,
300833b2ddd9014000030002,1,1,456,-55,1654780577617419,1654780577617419,
300833b2ddd9014000030008,1,1,3672,-45,1654780577619099,1654780577619099,
300833b2ddd9014000030009,1,1,2576,-41,1654780577620442,1654780577620442,
300833b2ddd9014000030001,1,1,2056,-49,1654780577621855,1654780577621855,
300833b2ddd9014000030009,1,1,2596,-41,1654780577624861,1654780577624861,
300833b2ddd9014000030001,1,1,2064,-49,1654780577626387,1654780577626387,
300833b2ddd9014000030002,1,1,416,-55,1654780577627473,1654780577627473,
300833b2ddd9014000030008,1,1,3684,-45,1654780577629648,1654780577629648,
300833b2ddd9014000030009,1,1,2572,-41,1654780577663511,1654780577663511,
300833b2ddd9014000030002,1,1,428,-55,1654780577664964,1654780577664964,
300833b2ddd9014000030008,1,1,3672,-46,1654780577666273,1654780577666273,
300833b2ddd9014000030001,1,1,2072,-49,1654780577667361,1654780577667361,
300833b2ddd9014000030008,1,1,3668,-45,1654780577671206,1654780577671206,
300833b2ddd9014000030001,1,1,2064,-49,1654780577672308,1654780577672308,
300833b2ddd9014000030009,1,1,2576,-41,1654780577673875,1654780577673875,
300833b2ddd9014000030002,1,1,468,-55,1654780577674944,1654780577674944,
300833b2ddd9014000030008,1,1,3668,-45,1654780577706164,1654780577706164,
300833b2ddd9014000030009,1,1,2584,-41,1654780577707293,1654780577707293,
300833b2ddd9014000030001,1,1,2056,-49,1654780577709117,1654780577709117,
300833b2ddd9014000030002,1,1,432,-55,1654780577711024,1654780577711024,
300833b2ddd9014000030009,1,1,2584,-41,1654780577715613,1654780577715613,
300833b2ddd9014000030008,1,1,3688,-45,1654780577717263,1654780577717263,
300833b2ddd9014000030001,1,1,2052,-49,1654780577718307,1654780577718307,
300833b2ddd9014000030002,1,1,448,-55,1654780577719762,1654780577719762,
300833b2ddd9014000030002,1,1,472,-55,1654780577749724,1654780577749724,
300833b2ddd9014000030001,1,1,2060,-49,1654780577750813,1654780577750813,
300833b2ddd9014000030008,1,1,3656,-45,1654780577752405,1654780577752405,
300833b2ddd9014000030009,1,1,2576,-41,1654780577753448,1654780577753448,
300833b2ddd9014000030001,1,1,2060,-49,1654780577757972,1654780577757972,
300833b2ddd9014000030008,1,1,3660,-45,1654780577759085,1654780577759085,
300833b2ddd9014000030009,1,1,2572,-41,1654780577760650,1654780577760650,
300833b2ddd9014000030002,1,1,440,-55,1654780577763438,1654780577763438,
300833b2ddd9014000030002,1,1,464,-55,1654780577793686,1654780577793686,
300833b2ddd9014000030008,1,1,3664,-45,1654780577794754,1654780577794754,
300833b2ddd9014000030001,1,1,2060,-49,1654780577796342,1654780577796342,
300833b2ddd9014000030009,1,1,2588,-41,1654780577797426,1654780577797426,
300833b2ddd9014000030002,1,1,412,-55,1654780577801920,1654780577801920,
300833b2ddd9014000030001,1,1,2048,-49,1654780577803531,1654780577803531,
300833b2ddd9014000030008,1,1,3692,-45,1654780577804658,1654780577804658,
300833b2ddd9014000030009,1,1,2584,-41,1654780577805772,1654780577805772,
300833b2ddd9014000030008,1,1,3680,-45,1654780577837391,1654780577837391,
300833b2ddd9014000030002,1,1,456,-55,1654780577838532,1654780577838532,
300833b2ddd9014000030001,1,1,2056,-49,1654780577839648,1654780577839648,
300833b2ddd9014000030009,1,1,2572,-41,1654780577840720,1654780577840720,
300833b2ddd9014000030002,1,1,440,-55,1654780577845910,1654780577845910,
300833b2ddd9014000030009,1,1,2596,-41,1654780577847498,1654780577847498,
300833b2ddd9014000030008,1,1,3660,-45,1654780577848565,1654780577848565,
300833b2ddd9014000030001,1,1,2060,-49,1654780577851413,1654780577851413,
300833b2ddd9014000030001,1,1,2060,-49,1654780577882133,1654780577882133,
300833b2ddd9014000030008,1,1,3660,-45,1654780577884468,1654780577884468,
300833b2ddd9014000030008,1,1,3656,-45,1654780577887137,1654780577887137,
300833b2ddd9014000030009,1,1,2576,-41,1654780577889371,1654780577889371,
300833b2ddd9014000030001,1,1,2044,-49,1654780577890656,1654780577890656,
300833b2ddd9014000030002,1,1,432,-55,1654780577892081,1654780577892081,
300833b2ddd9014000030001,1,1,2044,-49,1654780577922410,1654780577922410,
300833b2ddd9014000030008,1,1,3648,-45,1654780577924602,1654780577924602,
300833b2ddd9014000030009,1,1,2564,-41,1654780577925673,1654780577925673,
300833b2ddd9014000030002,1,1,448,-55,1654780577927135,1654780577927135,
300833b2ddd9014000030001,1,1,2068,-49,1654780577929873,1654780577929873,
300833b2ddd9014000030009,1,1,2588,-41,1654780577931395,1654780577931395,
300833b2ddd9014000030008,1,1,3672,-45,1654780577933187,1654780577933187,
300833b2ddd9014000030002,1,1,424,-55,1654780577934908,1654780577934908,
300833b2ddd9014000030001,1,1,2040,-49,1654780577965811,1654780577965811,
300833b2ddd9014000030002,1,1,416,-55,1654780577967136,1654780577967136,
300833b2ddd9014000030008,1,1,3664,-45,1654780577968430,1654780577968430,
300833b2ddd9014000030009,1,1,2592,-41,1654780577973341,1654780577973341,
300833b2ddd9014000030008,1,1,3680,-45,1654780577975334,1654780577975334,
300833b2ddd9014000030002,1,1,460,-55,1654780577976403,1654780577976403,
300833b2ddd9014000030001,1,1,2048,-49,1654780577977448,1654780577977448,
300833b2ddd9014000030009,1,1,2600,-41,1654780578008433,1654780578008433,
300833b2ddd9014000030008,1,1,3664,-45,1654780578010168,1654780578010168,
300833b2ddd9014000030001,1,1,2056,-50,1654780578011298,1654780578011298,
300833b2ddd9014000030002,1,1,428,-55,1654780578012780,1654780578012780,
300833b2ddd9014000030009,1,1,2584,-41,1654780578015525,1654780578015525,
300833b2ddd9014000030008,1,1,3664,-45,1654780578016636,1654780578016636,
300833b2ddd9014000030002,1,1,456,-55,1654780578018451,1654780578018451,
300833b2ddd9014000030001,1,1,2064,-50,1654780578019555,1654780578019555,
300833b2ddd9014000030009,1,1,2596,-41,1654780578051560,1654780578051560,
300833b2ddd9014000030001,1,1,2052,-49,1654780578053288,1654780578053288,
300833b2ddd9014000030008,1,1,3648,-45,1654780578054642,1654780578054642,
300833b2ddd9014000030002,1,1,444,-55,1654780578055853,1654780578055853,
300833b2ddd9014000030008,1,1,3656,-46,1654780578059404,1654780578059404,
300833b2ddd9014000030009,1,1,2576,-41,1654780578060819,1654780578060819,
300833b2ddd9014000030001,1,1,2060,-50,1654780578062161,1654780578062161,
300833b2ddd9014000030002,1,1,444,-55,1654780578063272,1654780578063272,
300833b2ddd9014000030002,1,1,448,-55,1654780578093622,1654780578093622,
300833b2ddd9014000030001,1,1,2036,-50,1654780578095005,1654780578095005,
300833b2ddd9014000030008,1,1,3656,-45,1654780578096361,1654780578096361,
300833b2ddd9014000030009,1,1,2588,-41,1654780578097461,1654780578097461,
300833b2ddd9014000030008,1,1,3652,-45,1654780578102805,1654780578102805,
300833b2ddd9014000030002,1,1,428,-55,1654780578103920,1654780578103920,
300833b2ddd9014000030001,1,1,2072,-50,1654780578105036,1654780578105036,
300833b2ddd9014000030009,1,1,2588,-41,1654780578106617,1654780578106617,
300833b2ddd9014000030002,1,1,364,-54,1654780578137876,1654780578137876,
300833b2ddd9014000030009,1,1,2604,-41,1654780578139171,1654780578139171,
300833b2ddd9014000030001,1,1,2064,-50,1654780578140246,1654780578140246,
300833b2ddd9014000030008,1,1,3636,-46,1654780578141810,1654780578141810,
300833b2ddd9014000030001,1,1,2076,-50,1654780578146291,1654780578146291,
300833b2ddd9014000030009,1,1,2612,-41,1654780578148241,1654780578148241,
300833b2ddd9014000030008,1,1,3628,-45,1654780578149749,1654780578149749,
300833b2ddd9014000030002,1,1,344,-54,1654780578151230,1654780578151230,
300833b2ddd9014000030009,1,1,2608,-41,1654780578181652,1654780578181652,
300833b2ddd9014000030001,1,1,2068,-51,1654780578182741,1654780578182741,
300833b2ddd9014000030002,1,1,372,-54,1654780578183837,1654780578183837,
300833b2ddd9014000030008,1,1,3624,-46,1654780578185431,1654780578185431,
300833b2ddd9014000030009,1,1,2632,-41,1654780578189894,1654780578189894,
300833b2ddd9014000030002,1,1,404,-54,1654780578191234,1654780578191234,
300833b2ddd9014000030008,1,1,3632,-46,1654780578192273,1654780578192273,
300833b2ddd9014000030001,1,1,2060,-51,1654780578193574,1654780578193574,
300833b2ddd9014000030001,1,1,2044,-51,1654780578224985,1654780578224985,
300833b2ddd9014000030002,1,1,344,-53,1654780578227161,1654780578227161,
300833b2ddd9014000030009,1,1,2624,-41,1654780578228515,1654780578228515,
300833b2ddd9014000030008,1,1,3592,-46,1654780578229998,1654780578229998,
300833b2ddd9014000030008,1,1,3604,-46,1654780578233440,1654780578233440,
300833b2ddd9014000030001,1,1,2032,-51,1654780578235121,1654780578235121,
300833b2ddd9014000030009,1,1,2612,-41,1654780578236194,1654780578236194,
300833b2ddd9014000030002,1,1,340,-53,1654780578237404,1654780578237404,
300833b2ddd9014000030001,1,1,2040,-52,1654780578267784,1654780578267784,
300833b2ddd9014000030002,1,1,332,-53,1654780578268881,1654780578268881,
300833b2ddd9014000030008,1,1,3604,-46,1654780578270692,1654780578270692,
300833b2ddd9014000030009,1,1,2628,-41,1654780578275090,1654780578275090,
300833b2ddd9014000030008,1,1,3620,-46,1654780578276799,1654780578276799,
300833b2ddd9014000030002,1,1,308,-53,1654780578277854,1654780578277854,
300833b2ddd9014000030001,1,1,2036,-52,1654780578279581,1654780578279581,
300833b2ddd9014000030001,1,1,2020,-53,1654780578309759,1654780578309759,
300833b2ddd9014000030009,1,1,2640,-41,1654780578310829,1654780578310829,
300833b2ddd9014000030008,1,1,3596,-46,1654780578311923,1654780578311923,
300833b2ddd9014000030002,1,1,320,-52,1654780578313518,1654780578313518,
300833b2ddd9014000030001,1,1,2004,-53,1654780578317984,1654780578317984,
300833b2ddd9014000030009,1,1,2652,-41,1654780578319936,1654780578319936,
300833b2ddd9014000030002,1,1,316,-52,1654780578321188,1654780578321188,
300833b2ddd9014000030008,1,1,3584,-46,1654780578322624,1654780578322624,
300833b2ddd9014000030008,1,1,3572,-46,1654780578353100,1654780578353100,
300833b2ddd9014000030009,1,1,2660,-41,1654780578355459,1654780578355459,
300833b2ddd9014000030002,1,1,280,-52,1654780578356527,1654780578356527,
300833b2ddd9014000030001,1,1,1928,-54,1654780578357740,1654780578357740,
300833b2ddd9014000030002,1,1,300,-52,1654780578361745,1654780578361745,
300833b2ddd9014000030009,1,1,2672,-41,1654780578363069,1654780578363069,
300833b2ddd9014000030008,1,1,3556,-46,1654780578364124,1654780578364124,
300833b2ddd9014000030001,1,1,1892,-54,1654780578365354,1654780578365354,
300833b2ddd9014000030002,1,1,288,-51,1654780578395328,1654780578395328,
300833b2ddd9014000030008,1,1,3528,-45,1654780578396696,1654780578396696,
300833b2ddd9014000030009,1,1,2692,-41,1654780578398787,1654780578398787,
300833b2ddd9014000030001,1,1,1820,-54,1654780578399990,1654780578399990,
300833b2ddd9014000030001,1,1,1828,-54,1654780578404188,1654780578404188,
300833b2ddd9014000030009,1,1,2696,-41,1654780578407057,1654780578407057,
300833b2ddd9014000030008,1,1,3528,-45,1654780578408127,1654780578408127,
300833b2ddd9014000030002,1,1,264,-51,1654780578409425,1654780578409425,
300833b2ddd9014000030008,1,1,3524,-46,1654780578439394,1654780578439394,
300833b2ddd9014000030002,1,1,276,-51,1654780578440504,1654780578440504,
300833b2ddd9014000030001,1,1,1696,-56,1654780578441864,1654780578441864,
300833b2ddd9014000030009,1,1,2712,-41,1654780578443484,1654780578443484,
300833b2ddd9014000030009,1,1,2712,-41,1654780578447996,1654780578447996,
300833b2ddd9014000030008,1,1,3496,-45,1654780578449362,1654780578449362,
300833b2ddd9014000030002,1,1,252,-50,1654780578450729,1654780578450729,
300833b2ddd9014000030001,1,1,1644,-56,1654780578452401,1654780578452401,
300833b2ddd9014000030002,1,1,236,-50,1654780578483733,1654780578483733,
300833b2ddd9014000030008,1,1,3452,-45,1654780578485104,1654780578485104,
300833b2ddd9014000030009,1,1,2728,-42,1654780578486387,1654780578486387,
300833b2ddd9014000030001,1,1,1504,-56,1654780578488074,1654780578488074,
300833b2ddd9014000030008,1,1,3444,-45,1654780578492953,1654780578492953,
300833b2ddd9014000030001,1,1,1412,-56,1654780578494197,1654780578494197,
300833b2ddd9014000030002,1,1,212,-50,1654780578495310,1654780578495310,
300833b2ddd9014000030009,1,1,2732,-42,1654780578496692,1654780578496692,
300833b2ddd9014000030008,1,1,3420,-44,1654780578528600,1654780578528600,
300833b2ddd9014000030001,1,1,1308,-55,1654780578530059,1654780578530059,
300833b2ddd9014000030009,1,1,2748,-42,1654780578533759,1654780578533759,
300833b2ddd9014000030002,1,1,208,-49,1654780578535184,1654780578535184,
300833b2ddd9014000030008,1,1,3416,-44,1654780578536537,1654780578536537,
300833b2ddd9014000030001,1,1,1128,-55,1654780578537755,1654780578537755,
300833b2ddd9014000030009,1,1,2744,-43,1654780578570560,1654780578570560,
300833b2ddd9014000030008,1,1,3372,-44,1654780578571786,1654780578571786,
300833b2ddd9014000030002,1,1,200,-48,1654780578572883,1654780578572883,
300833b2ddd9014000030001,1,1,1120,-54,1654780578574834,1654780578574834,
300833b2ddd9014000030002,1,1,208,-49,1654780578577566,1654780578577566,
300833b2ddd9014000030008,1,1,3372,-44,1654780578578661,1654780578578661,
300833b2ddd9014000030009,1,1,2764,-43,1654780578579761,1654780578579761,
300833b2ddd9014000030001,1,1,1048,-54,1654780578581121,1654780578581121,
300833b2ddd9014000030001,1,1,1036,-54,1654780578613267,1654780578613267,
300833b2ddd9014000030009,1,1,2780,-44,1654780578614633,1654780578614633,
300833b2ddd9014000030008,1,1,3324,-43,1654780578615676,1654780578615676,
300833b2ddd9014000030002,1,1,192,-48,1654780578618635,1654780578618635,
300833b2ddd9014000030002,1,1,192,-48,1654780578622523,1654780578622523,
300833b2ddd9014000030009,1,1,2772,-45,1654780578624231,1654780578624231,
300833b2ddd9014000030008,1,1,3316,-43,1654780578625286,1654780578625286,
300833b2ddd9014000030001,1,1,960,-54,1654780578627168,1654780578627168,
300833b2ddd9014000030008,1,1,3288,-43,1654780578657423,1654780578657423,
300833b2ddd9014000030002,1,1,172,-47,1654780578658492,1654780578658492,
300833b2ddd9014000030009,1,1,2772,-46,1654780578659591,1654780578659591,
300833b2ddd9014000030001,1,1,860,-55,1654780578661131,1654780578661131,
300833b2ddd9014000030009,1,1,2764,-46,1654780578665536,1654780578665536,
300833b2ddd9014000030008,1,1,3284,-43,1654780578666646,1654780578666646,
300833b2ddd9014000030001,1,1,836,-54,1654780578668244,1654780578668244,
300833b2ddd9014000030002,1,1,168,-47,1654780578669552,1654780578669552,
300833b2ddd9014000030001,1,1,808,-55,1654780578706551,1654780578706551,
300833b2ddd9014000030008,1,1,3244,-42,1654780578707844,1654780578707844,
300833b2ddd9014000030009,1,1,2692,-47,1654780578708959,1654780578708959,
300833b2ddd9014000030002,1,1,136,-47,1654780578710782,1654780578710782,
300833b2ddd9014000030001,1,1,740,-55,1654780578715530,1654780578715530,
300833b2ddd9014000030008,1,1,3236,-42,1654780578717015,1654780578717015,
300833b2ddd9014000030009,1,1,2664,-47,1654780578719581,1654780578719581,
300833b2ddd9014000030002,1,1,144,-47,1654780578720810,1654780578720810,
300833b2ddd9014000030008,1,1,3252,-42,1654780578750800,1654780578750800,
300833b2ddd9014000030001,1,1,844,-56,1654780578752176,1654780578752176,
300833b2ddd9014000030002,1,1,148,-47,1654780578753259,1654780578753259,
300833b2ddd9014000030009,1,1,2556,-48,1654780578754543,1654780578754543,
300833b2ddd9014000030002,1,1,160,-47,1654780578758956,1654780578758956,
300833b2ddd9014000030009,1,1,2540,-48,1654780578761455,1654780578761455,
300833b2ddd9014000030008,1,1,3244,-42,1654780578762480,1654780578762480,
300833b2ddd9014000030001,1,1,844,-56,1654780578763698,1654780578763698,
300833b2ddd9014000030002,1,1,172,-47,1654780578794303,1654780578794303,
300833b2ddd9014000030008,1,1,3268,-42,1654780578796235,1654780578796235,
300833b2ddd9014000030009,1,1,2500,-47,1654780578797320,1654780578797320,
300833b2ddd9014000030001,1,1,920,-57,1654780578798551,1654780578798551,
300833b2ddd9014000030009,1,1,2508,-47,1654780578801554,1654780578801554,
300833b2ddd9014000030002,1,1,184,-47,1654780578803063,1654780578803063,
300833b2ddd9014000030008,1,1,3264,-42,1654780578804841,1654780578804841,
300833b2ddd9014000030001,1,1,928,-57,1654780578806256,1654780578806256,
300833b2ddd9014000030001,1,1,1024,-58,1654780578837138,1654780578837138,
300833b2ddd9014000030008,1,1,3284,-42,1654780578838262,1654780578838262,
300833b2ddd9014000030009,1,1,2536,-47,1654780578841456,1654780578841456,
300833b2ddd9014000030002,1,1,232,-47,1654780578842510,1654780578842510,
300833b2ddd9014000030002,1,1,244,-48,1654780578845922,1654780578845922,
300833b2ddd9014000030009,1,1,2564,-47,1654780578847077,1654780578847077,
300833b2ddd9014000030008,1,1,3292,-42,1654780578848644,1654780578848644,
300833b2ddd9014000030001,1,1,1076,-58,1654780578849958,1654780578849958,
300833b2ddd9014000030001,1,1,1224,-58,1654780578881368,1654780578881368,
300833b2ddd9014000030009,1,1,2648,-46,1654780578883828,1654780578883828,
300833b2ddd9014000030008,1,1,3332,-42,1654780578884939,1654780578884939,
300833b2ddd9014000030002,1,1,288,-48,1654780578886348,1654780578886348,
300833b2ddd9014000030008,1,1,3352,-42,1654780578889112,1654780578889112,
300833b2ddd9014000030009,1,1,2652,-46,1654780578890679,1654780578890679,
300833b2ddd9014000030002,1,1,316,-48,1654780578891960,1654780578891960,
300833b2ddd9014000030001,1,1,1412,-58,1654780578893887,1654780578893887,
300833b2ddd9014000030002,1,1,352,-48,1654780578924783,1654780578924783,
300833b2ddd9014000030008,1,1,3376,-42,1654780578926704,1654780578926704,
300833b2ddd9014000030001,1,1,1560,-57,1654780578928062,1654780578928062,
300833b2ddd9014000030009,1,1,2764,-46,1654780578929545,1654780578929545,
300833b2ddd9014000030002,1,1,396,-48,1654780578933011,1654780578933011,
300833b2ddd9014000030001,1,1,1620,-57,1654780578934470,1654780578934470,
300833b2ddd9014000030008,1,1,3396,-42,1654780578935565,1654780578935565,
300833b2ddd9014000030009,1,1,2764,-46,1654780578936836,1654780578936836,
300833b2ddd9014000030009,1,1,2844,-45,1654780578967159,1654780578967159,
300833b2ddd9014000030001,1,1,1820,-55,1654780578968546,1654780578968546,
300833b2ddd9014000030008,1,1,3408,-42,1654780578970337,1654780578970337,
300833b2ddd9014000030002,1,1,452,-49,1654780578971420,1654780578971420,
300833b2ddd9014000030008,1,1,3412,-42,1654780578976260,1654780578976260,
300833b2ddd9014000030009,1,1,2860,-45,1654780578977985,1654780578977985,
300833b2ddd9014000030001,1,1,1820,-55,1654780578979345,1654780578979345,
300833b2ddd9014000030002,1,1,464,-49,1654780578980769,1654780578980769,
300833b2ddd9014000030002,1,1,504,-49,1654780579011178,1654780579011178,
300833b2ddd9014000030008,1,1,3432,-42,1654780579012661,1654780579012661,
300833b2ddd9014000030009,1,1,2920,-45,1654780579013999,1654780579013999,
300833b2ddd9014000030001,1,1,1944,-53,1654780579015443,1654780579015443,
300833b2ddd9014000030008,1,1,3432,-42,1654780579018860,1654780579018860,
300833b2ddd9014000030002,1,1,520,-49,1654780579020325,1654780579020325,
300833b2ddd9014000030001,1,1,1996,-53,1654780579021428,1654780579021428,
300833b2ddd9014000030009,1,1,2924,-45,1654780579022526,1654780579022526,
300833b2ddd9014000030009,1,1,2936,-44,1654780579052869,1654780579052869,
300833b2ddd9014000030008,1,1,3448,-42,1654780579054010,1654780579054010,
300833b2ddd9014000030002,1,1,572,-49,1654780579055546,1654780579055546,
300833b2ddd9014000030001,1,1,1984,-52,1654780579057769,1654780579057769,
300833b2ddd9014000030009,1,1,2936,-44,1654780579063812,1654780579063812,
300833b2ddd9014000030001,1,1,1992,-51,1654780579065283,1654780579065283,
300833b2ddd9014000030008,1,1,3464,-42,1654780579066380,1654780579066380,
300833b2ddd9014000030002,1,1,584,-49,1654780579067463,1654780579067463,
300833b2ddd9014000030009,1,1,2936,-43,1654780579098174,1654780579098174,
300833b2ddd9014000030001,1,1,1972,-50,1654780579099287,1654780579099287,
300833b2ddd9014000030008,1,1,3468,-42,1654780579100387,1654780579100387,
300833b2ddd9014000030002,1,1,600,-49,1654780579101727,1654780579101727,
300833b2ddd9014000030001,1,1,1956,-50,1654780579106953,1654780579106953,
300833b2ddd9014000030009,1,1,2936,-43,1654780579108010,1654780579108010,
300833b2ddd9014000030008,1,1,3464,-42,1654780579109620,1654780579109620,
300833b2ddd9014000030002,1,1,616,-49,1654780579110729,1654780579110729,
300833b2ddd9014000030008,1,1,3464,-41,1654780579142821,1654780579142821,
300833b2ddd9014000030001,1,1,1900,-49,1654780579144065,1654780579144065,
300833b2ddd9014000030002,1,1,624,-49,1654780579145203,1654780579145203,
300833b2ddd9014000030009,1,1,2916,-42,1654780579146291,1654780579146291,
300833b2ddd9014000030002,1,1,644,-49,1654780579150397,1654780579150397,
300833b2ddd9014000030001,1,1,1924,-49,1654780579151500,1654780579151500,
300833b2ddd9014000030008,1,1,3464,-41,1654780579153751,1654780579153751,
300833b2ddd9014000030009,1,1,2936,-42,1654780579155087,1654780579155087,
300833b2ddd9014000030009,1,1,2896,-42,1654780579185713,1654780579185713,
300833b2ddd9014000030008,1,1,3484,-41,1654780579187904,1654780579187904,
300833b2ddd9014000030002,1,1,652,-49,1654780579188931,1654780579188931,
300833b2ddd9014000030001,1,1,1840,-49,1654780579190584,1654780579190584,
300833b2ddd9014000030008,1,1,3472,-41,1654780579193765,1654780579193765,
300833b2ddd9014000030009,1,1,2868,-42,1654780579194835,1654780579194835,
300833b2ddd9014000030001,1,1,1840,-49,1654780579196630,1654780579196630,
300833b2ddd9014000030002,1,1,660,-49,1654780579198055,1654780579198055,
300833b2ddd9014000030009,1,1,2824,-41,1654780579228983,1654780579228983,
300833b2ddd9014000030002,1,1,672,-49,1654780579230037,1654780579230037,
300833b2ddd9014000030008,1,1,3476,-41,1654780579232054,1654780579232054,
300833b2ddd9014000030001,1,1,1768,-49,1654780579234395,1654780579234395,
300833b2ddd9014000030008,1,1,3460,-41,1654780579237657,1654780579237657,
300833b2ddd9014000030001,1,1,1784,-49,1654780579238716,1654780579238716,
300833b2ddd9014000030002,1,1,660,-48,1654780579239843,1654780579239843,
300833b2ddd9014000030009,1,1,2796,-41,1654780579240944,1654780579240944,
300833b2ddd9014000030001,1,1,1720,-49,1654780579273083,1654780579273083,
300833b2ddd9014000030009,1,1,2764,-41,1654780579274452,1654780579274452,
300833b2ddd9014000030008,1,1,3468,-41,1654780579276032,1654780579276032,
300833b2ddd9014000030002,1,1,676,-48,1654780579277115,1654780579277115,
300833b2ddd9014000030002,1,1,696,-48,1654780579281687,1654780579281687,
300833b2ddd9014000030009,1,1,2740,-41,1654780579282787,1654780579282787,
300833b2ddd9014000030008,1,1,3468,-41,1654780579284096,1654780579284096,
300833b2ddd9014000030001,1,1,1700,-49,1654780579285468,1654780579285468,
300833b2ddd9014000030001,1,1,1656,-49,1654780579317105,1654780579317105,
300833b2ddd9014000030008,1,1,3480,-41,1654780579318173,1654780579318173,
300833b2ddd9014000030009,1,1,2716,-41,1654780579319515,1654780579319515,
300833b2ddd9014000030002,1,1,676,-48,1654780579320854,1654780579320854,
300833b2ddd9014000030009,1,1,2696,-41,1654780579325326,1654780579325326,
300833b2ddd9014000030008,1,1,3472,-41,1654780579326423,1654780579326423,
300833b2ddd9014000030001,1,1,1636,-49,1654780579327779,1654780579327779,
300833b2ddd9014000030002,1,1,692,-48,1654780579329329,1654780579329329,
300833b2ddd9014000030009,1,1,2660,-41,1654780579360753,1654780579360753,
300833b2ddd9014000030002,1,1,680,-48,1654780579362928,1654780579362928,
300833b2ddd9014000030001,1,1,1608,-49,1654780579364001,1654780579364001,
300833b2ddd9014000030008,1,1,3472,-41,1654780579365098,1654780579365098,
300833b2ddd9014000030008,1,1,3472,-41,1654780579368731,1654780579368731,
300833b2ddd9014000030002,1,1,692,-48,1654780579369815,1654780579369815,
300833b2ddd9014000030001,1,1,1592,-49,1654780579371428,1654780579371428,
300833b2ddd9014000030009,1,1,2640,-40,1654780579372768,1654780579372768,
300833b2ddd9014000030008,1,1,3468,-41,1654780579409975,1654780579409975,
300833b2ddd9014000030002,1,1,672,-48,1654780579411100,1654780579411100,
300833b2ddd9014000030001,1,1,1548,-50,1654780579412613,1654780579412613,
300833b2ddd9014000030009,1,1,2560,-41,1654780579614456,1654780579614456,
300833b2ddd9014000030002,1,1,668,-48,1654780579617922,1654780579617922,
300833b2ddd9014000030008,1,1,3476,-41,1654780579619020,1654780579619020,
300833b2ddd9014000030009,1,1,2572,-41,1654780579620089,1654780579620089,
300833b2ddd9014000030001,1,1,1460,-50,1654780579621967,1654780579621967,
300833b2ddd9014000030002,1,1,692,-48,1654780579653516,1654780579653516,
300833b2ddd9014000030001,1,1,1444,-50,1654780579654574,1654780579654574,
300833b2ddd9014000030008,1,1,3480,-41,1654780579656098,1654780579656098,
300833b2ddd9014000030009,1,1,2568,-41,1654780579657636,1654780579657636,
300833b2ddd9014000030001,1,1,1416,-50,1654780579661891,1654780579661891,
300833b2ddd9014000030002,1,1,692,-48,1654780579662916,1654780579662916,
300833b2ddd9014000030008,1,1,3468,-41,1654780579664723,1654780579664723,
300833b2ddd9014000030009,1,1,2556,-41,1654780579665793,1654780579665793,
300833b2ddd9014000030001,1,1,1420,-50,1654780579697800,1654780579697800,
300833b2ddd9014000030002,1,1,700,-48,1654780579698838,1654780579698838,
300833b2ddd9014000030008,1,1,3472,-41,1654780579700149,1654780579700149,
300833b2ddd9014000030009,1,1,2544,-41,1654780579701461,1654780579701461,
300833b2ddd9014000030008,1,1,3472,-41,1654780579705704,1654780579705704,
300833b2ddd9014000030001,1,1,1432,-50,1654780579706776,1654780579706776,
300833b2ddd9014000030009,1,1,2544,-41,1654780579707834,1654780579707834,
300833b2ddd9014000030002,1,1,672,-48,1654780579709446,1654780579709446,
300833b2ddd9014000030008,1,1,3484,-41,1654780579741509,1654780579741509,
300833b2ddd9014000030002,1,1,676,-48,1654780579742635,1654780579742635,
300833b2ddd9014000030009,1,1,2528,-41,1654780579744685,1654780579744685,
300833b2ddd9014000030001,1,1,1468,-50,1654780579745900,1654780579745900,
300833b2ddd9014000030009,1,1,2536,-41,1654780579750023,1654780579750023,
300833b2ddd9014000030008,1,1,3472,-41,1654780579751601,1654780579751601,
300833b2ddd9014000030001,1,1,1424,-50,1654780579752757,1654780579752757,
300833b2ddd9014000030002,1,1,696,-47,1654780579754070,1654780579754070,
300833b2ddd9014000030001,1,1,1420,-50,1654780579785596,1654780579785596,
300833b2ddd9014000030009,1,1,2544,-41,1654780579786622,1654780579786622,
300833b2ddd9014000030008,1,1,3476,-41,1654780579788451,1654780579788451,
300833b2ddd9014000030002,1,1,684,-47,1654780579790723,1654780579790723,
300833b2ddd9014000030009,1,1,2540,-41,1654780579794791,1654780579794791,
300833b2ddd9014000030002,1,1,688,-47,1654780579795819,1654780579795819,
300833b2ddd9014000030008,1,1,3460,-41,1654780579797370,1654780579797370,
300833b2ddd9014000030001,1,1,1436,-50,1654780579799337,1654780579799337,
300833b2ddd9014000030008,1,1,3488,-41,1654780579830028,1654780579830028,
300833b2ddd9014000030009,1,1,2532,-41,1654780579831132,1654780579831132,
300833b2ddd9014000030001,1,1,1424,-50,1654780579832501,1654780579832501,
300833b2ddd9014000030002,1,1,700,-47,1654780579834006,1654780579834006,
300833b2ddd9014000030008,1,1,3488,-41,1654780579838837,1654780579838837,
300833b2ddd9014000030002,1,1,688,-47,1654780579840729,1654780579840729,
300833b2ddd9014000030009,1,1,2540,-41,1654780579841800,1654780579841800,
300833b2ddd9014000030001,1,1,1432,-50,1654780579843242,1654780579843242,
300833b2ddd9014000030009,1,1,2540,-41,1654780579873433,1654780579873433,
300833b2ddd9014000030001,1,1,1444,-50,1654780579874536,1654780579874536,
300833b2ddd9014000030008,1,1,3480,-41,1654780579876114,1654780579876114,
300833b2ddd9014000030002,1,1,688,-47,1654780579878046,1654780579878046,
300833b2ddd9014000030001,1,1,1432,-50,1654780579882181,1654780579882181,
300833b2ddd9014000030009,1,1,2536,-41,1654780579883764,1654780579883764,
300833b2ddd9014000030002,1,1,680,-47,1654780579884776,1654780579884776,
300833b2ddd9014000030008,1,1,3496,-41,1654780579886086,1654780579886086,
300833b2ddd9014000030001,1,1,1444,-50,1654780579918039,1654780579918039,
300833b2ddd9014000030008,1,1,3488,-41,1654780579919065,1654780579919065,
300833b2ddd9014000030009,1,1,2536,-41,1654780579920392,1654780579920392,
300833b2ddd9014000030002,1,1,668,-47,1654780579921518,1654780579921518,
300833b2ddd9014000030008,1,1,3480,-41,1654780579926220,1654780579926220,
300833b2ddd9014000030002,1,1,648,-47,1654780579927304,1654780579927304,
300833b2ddd9014000030009,1,1,2528,-41,1654780579929124,1654780579929124,
300833b2ddd9014000030001,1,1,1436,-50,1654780579930881,1654780579930881,
300833b2ddd9014000030002,1,1,680,-48,1654780579963184,1654780579963184,
300833b2ddd9014000030001,1,1,1412,-50,1654780579966021,1654780579966021,
300833b2ddd9014000030008,1,1,3488,-41,1654780579967074,1654780579967074,
300833b2ddd9014000030008,1,1,3472,-41,1654780579969850,1654780579969850,
300833b2ddd9014000030002,1,1,708,-47,1654780579972026,1654780579972026,
300833b2ddd9014000030009,1,1,2528,-41,1654780579973097,1654780579973097,
300833b2ddd9014000030001,1,1,1424,-50,1654780579974156,1654780579974156,
300833b2ddd9014000030002,1,1,664,-47,1654780580004416,1654780580004416,
300833b2ddd9014000030009,1,1,2536,-40,1654780580006382,1654780580006382,
300833b2ddd9014000030008,1,1,3476,-41,1654780580008031,1654780580008031,
300833b2ddd9014000030001,1,1,1488,-50,1654780580009489,1654780580009489,
300833b2ddd9014000030008,1,1,3496,-41,1654780580012445,1654780580012445,
300833b2ddd9014000030009,1,1,2528,-41,1654780580013503,1654780580013503,
300833b2ddd9014000030002,1,1,676,-48,1654780580015336,1654780580015336,
300833b2ddd9014000030001,1,1,1448,-50,1654780580016480,1654780580016480,
300833b2ddd9014000030002,1,1,700,-47,1654780580047876,1654780580047876,
300833b2ddd9014000030008,1,1,3476,-41,1654780580049215,1654780580049215,
300833b2ddd9014000030009,1,1,2536,-41,1654780580050526,1654780580050526,
300833b2ddd9014000030001,1,1,1420,-50,1654780580051627,1654780580051627,
300833b2ddd9014000030001,1,1,1420,-50,1654780580056281,1654780580056281,
300833b2ddd9014000030002,1,1,688,-47,1654780580057591,1654780580057591,
300833b2ddd9014000030008,1,1,3480,-41,1654780580058957,1654780580058957,
300833b2ddd9014000030009,1,1,2540,-40,1654780580060524,1654780580060524,
300833b2ddd9014000030008,1,1,3484,-41,1654780580091686,1654780580091686,
300833b2ddd9014000030009,1,1,2524,-41,1654780580092971,1654780580092971,
300833b2ddd9014000030002,1,1,696,-48,1654780580094760,1654780580094760,
300833b2ddd9014000030001,1,1,1416,-50,1654780580095864,1654780580095864,
300833b2ddd9014000030009,1,1,2540,-41,1654780580100292,1654780580100292,
300833b2ddd9014000030008,1,1,3480,-41,1654780580102285,1654780580102285,
300833b2ddd9014000030002,1,1,692,-47,1654780580103624,1654780580103624,
300833b2ddd9014000030001,1,1,1420,-50,1654780580104882,1654780580104882,
300833b2ddd9014000030001,1,1,1436,-50,1654780580135564,1654780580135564,
300833b2ddd9014000030002,1,1,680,-48,1654780580137947,1654780580137947,
300833b2ddd9014000030008,1,1,3492,-41,1654780580139159,1654780580139159,
300833b2ddd9014000030009,1,1,2528,-40,1654780580140724,1654780580140724,
300833b2ddd9014000030008,1,1,3488,-41,1654780580144114,1654780580144114,
300833b2ddd9014000030002,1,1,708,-47,1654780580145452,1654780580145452,
300833b2ddd9014000030009,1,1,2532,-41,1654780580146536,1654780580146536,
300833b2ddd9014000030001,1,1,1440,-50,1654780580148916,1654780580148916,
300833b2ddd9014000030002,1,1,688,-48,1654780580180846,1654780580180846,
300833b2ddd9014000030008,1,1,3488,-41,1654780580181927,1654780580181927,
300833b2ddd9014000030009,1,1,2540,-41,1654780580183227,1654780580183227,
300833b2ddd9014000030001,1,1,1432,-50,1654780580184501,1654780580184501,
300833b2ddd9014000030008,1,1,3492,-41,1654780580187495,1654780580187495,
300833b2ddd9014000030001,1,1,1448,-50,1654780580188569,1654780580188569,
300833b2ddd9014000030009,1,1,2536,-41,1654780580189654,1654780580189654,
300833b2ddd9014000030002,1,1,680,-47,1654780580190737,1654780580190737,
300833b2ddd9014000030002,1,1,692,-47,1654780580223345,1654780580223345,
300833b2ddd9014000030001,1,1,1408,-50,1654780580224419,1654780580224419,
300833b2ddd9014000030009,1,1,2528,-41,1654780580225775,1654780580225775,
300833b2ddd9014000030008,1,1,3492,-41,1654780580226854,1654780580226854,
300833b2ddd9014000030009,1,1,2528,-41,1654780580232894,1654780580232894,
300833b2ddd9014000030008,1,1,3488,-41,1654780580234034,1654780580234034,
300833b2ddd9014000030002,1,1,700,-47,1654780580235287,1654780580235287,
300833b2ddd9014000030001,1,1,1432,-50,1654780580236403,1654780580236403,
300833b2ddd9014000030002,1,1,688,-47,1654780580266254,1654780580266254,
300833b2ddd9014000030008,1,1,3484,-41,1654780580267820,1654780580267820,
300833b2ddd9014000030009,1,1,2544,-41,1654780580268877,1654780580268877,
300833b2ddd9014000030001,1,1,1452,-50,1654780580271283,1654780580271283,
300833b2ddd9014000030009,1,1,2532,-41,1654780580275632,1654780580275632,
300833b2ddd9014000030002,1,1,684,-47,1654780580276815,1654780580276815,
300833b2ddd9014000030008,1,1,3492,-41,1654780580278368,1654780580278368,
300833b2ddd9014000030001,1,1,1440,-50,1654780580279852,1654780580279852,
300833b2ddd9014000030008,1,1,3488,-41,1654780580310263,1654780580310263,
300833b2ddd9014000030009,1,1,2528,-41,1654780580311491,1654780580311491,
300833b2ddd9014000030002,1,1,692,-47,1654780580312572,1654780580312572,
300833b2ddd9014000030001,1,1,1424,-50,1654780580314541,1654780580314541,
300833b2ddd9014000030002,1,1,688,-47,1654780580317453,1654780580317453,
300833b2ddd9014000030009,1,1,2536,-41,1654780580318553,1654780580318553,
300833b2ddd9014000030008,1,1,3484,-41,1654780580320060,1654780580320060,
300833b2ddd9014000030001,1,1,1468,-50,1654780580321389,1654780580321389,
300833b2ddd9014000030008,1,1,3492,-41,1654780580352873,1654780580352873,
300833b2ddd9014000030001,1,1,1432,-50,1654780580353989,1654780580353989,
300833b2ddd9014000030002,1,1,684,-47,1654780580355270,1654780580355270,
300833b2ddd9014000030009,1,1,2544,-41,1654780580356624,1654780580356624,
300833b2ddd9014000030002,1,1,676,-47,1654780580361056,1654780580361056,
300833b2ddd9014000030008,1,1,3488,-41,1654780580363004,1654780580363004,
300833b2ddd9014000030009,1,1,2528,-41,1654780580364573,1654780580364573,
300833b2ddd9014000030001,1,1,1404,-50,1654780580365775,1654780580365775,
300833b2ddd9014000030001,1,1,1420,-50,1654780580395797,1654780580395797,
300833b2ddd9014000030009,1,1,2540,-41,1654780580397094,1654780580397094,
300833b2ddd9014000030008,1,1,3484,-41,1654780580398178,1654780580398178,
300833b2ddd9014000030002,1,1,688,-47,1654780580399542,1654780580399542,
300833b2ddd9014000030002,1,1,676,-47,1654780580405887,1654780580405887,
300833b2ddd9014000030001,1,1,1404,-50,1654780580406988,1654780580406988,
300833b2ddd9014000030008,1,1,3500,-41,1654780580408200,1654780580408200,
300833b2ddd9014000030009,1,1,2532,-41,1654780580409285,1654780580409285,
300833b2ddd9014000030002,1,1,676,-47,1654780580439029,1654780580439029,
300833b2ddd9014000030001,1,1,1444,-50,1654780580440673,1654780580440673,
300833b2ddd9014000030009,1,1,2544,-41,1654780580441942,1654780580441942,
300833b2ddd9014000030008,1,1,3480,-41,1654780580443024,1654780580443024,
300833b2ddd9014000030009,1,1,2548,-41,1654780580447695,1654780580447695,
300833b2ddd9014000030001,1,1,1420,-50,1654780580449409,1654780580449409,
300833b2ddd9014000030008,1,1,3500,-41,1654780580450448,1654780580450448,
300833b2ddd9014000030002,1,1,672,-47,1654780580452411,1654780580452411,
300833b2ddd9014000030009,1,1,2540,-41,1654780580483893,1654780580483893,
300833b2ddd9014000030008,1,1,3492,-41,1654780580486054,1654780580486054,
300833b2ddd9014000030002,1,1,688,-47,1654780580487801,1654780580487801,
300833b2ddd9014000030001,1,1,1420,-50,1654780580489003,1654780580489003,
300833b2ddd9014000030002,1,1,696,-47,1654780580492479,1654780580492479,
300833b2ddd9014000030008,1,1,3480,-41,1654780580493709,1654780580493709,
300833b2ddd9014000030009,1,1,2536,-41,1654780580495021,1654780580495021,
300833b2ddd9014000030001,1,1,1436,-50,1654780580496121,1654780580496121,
300833b2ddd9014000030008,1,1,3472,-41,1654780580526550,1654780580526550,
300833b2ddd9014000030001,1,1,1432,-50,1654780580527620,1654780580527620,
300833b2ddd9014000030009,1,1,2540,-41,1654780580529175,1654780580529175,
300833b2ddd9014000030002,1,1,688,-47,1654780580530751,1654780580530751,
300833b2ddd9014000030001,1,1,1408,-50,1654780580534994,1654780580534994,
300833b2ddd9014000030008,1,1,3492,-41,1654780580536957,1654780580536957,
300833b2ddd9014000030009,1,1,2552,-41,1654780580538241,1654780580538241,
300833b2ddd9014000030002,1,1,676,-47,1654780580539709,1654780580539709,
300833b2ddd9014000030008,1,1,3496,-41,1654780580569918,1654780580569918,
300833b2ddd9014000030002,1,1,696,-47,1654780580571043,1654780580571043,
300833b2ddd9014000030009,1,1,2540,-41,1654780580572355,1654780580572355,
300833b2ddd9014000030001,1,1,1368,-50,1654780580574769,1654780580574769,
300833b2ddd9014000030008,1,1,3484,-41,1654780580578380,1654780580578380,
300833b2ddd9014000030009,1,1,2548,-41,1654780580579463,1654780580579463,
300833b2ddd9014000030001,1,1,1416,-50,1654780580581516,1654780580581516,
300833b2ddd9014000030002,1,1,684,-47,1654780580583225,1654780580583225,
300833b2ddd9014000030009,1,1,2536,-41,1654780580614342,1654780580614342,
300833b2ddd9014000030002,1,1,692,-47,1654780580616036,1654780580616036,
300833b2ddd9014000030008,1,1,3480,-41,1654780580617319,1654780580617319,
300833b2ddd9014000030001,1,1,1428,-50,1654780580618777,1654780580618777,
300833b2ddd9014000030001,1,1,1428,-50,1654780580622271,1654780580622271,
300833b2ddd9014000030008,1,1,3492,-41,1654780580623382,1654780580623382,
300833b2ddd9014000030009,1,1,2528,-41,1654780580624441,1654780580624441,
300833b2ddd9014000030002,1,1,688,-47,1654780580625535,1654780580625535,
300833b2ddd9014000030001,1,1,1408,-50,1654780580657754,1654780580657754,
300833b2ddd9014000030009,1,1,2548,-41,1654780580658881,1654780580658881,
300833b2ddd9014000030008,1,1,3500,-41,1654780580660264,1654780580660264,
300833b2ddd9014000030002,1,1,672,-47,1654780580661319,1654780580661319,
300833b2ddd9014000030008,1,1,3484,-41,1654780580666286,1654780580666286,
300833b2ddd9014000030009,1,1,2528,-41,1654780580668238,1654780580668238,
300833b2ddd9014000030002,1,1,684,-47,1654780580669292,1654780580669292,
300833b2ddd9014000030001,1,1,1412,-50,1654780580670523,1654780580670523,
300833b2ddd9014000030001,1,1,1408,-50,1654780580700543,1654780580700543,
300833b2ddd9014000030008,1,1,3504,-41,1654780580701526,1654780580701526,
300833b2ddd9014000030009,1,1,2540,-41,1654780580702881,1654780580702881,
300833b2ddd9014000030002,1,1,692,-47,1654780580704713,1654780580704713,
300833b2ddd9014000030008,1,1,3492,-41,1654780580709409,1654780580709409,
300833b2ddd9014000030009,1,1,2544,-41,1654780580710864,1654780580710864,
300833b2ddd9014000030002,1,1,696,-47,1654780580711958,1654780580711958,
300833b2ddd9014000030001,1,1,1424,-50,1654780580713857,1654780580713857,
300833b2ddd9014000030001,1,1,1412,-50,1654780580743574,1654780580743574,
300833b2ddd9014000030002,1,1,688,-47,1654780580744701,1654780580744701,
300833b2ddd9014000030009,1,1,2556,-41,1654780580746492,1654780580746492,
300833b2ddd9014000030008,1,1,3496,-41,1654780580747871,1654780580747871,
300833b2ddd9014000030001,1,1,1412,-50,1654780580752620,1654780580752620,
300833b2ddd9014000030009,1,1,2544,-41,1654780580754090,1654780580754090,
300833b2ddd9014000030008,1,1,3496,-41,1654780580755174,1654780580755174,
300833b2ddd9014000030002,1,1,700,-47,1654780580756882,1654780580756882,
300833b2ddd9014000030001,1,1,1392,-50,1654780580786802,1654780580786802,
300833b2ddd9014000030002,1,1,688,-47,1654780580787871,1654780580787871,
300833b2ddd9014000030009,1,1,2548,-41,1654780580790782,1654780580790782,
300833b2ddd9014000030008,1,1,3492,-41,1654780580791895,1654780580791895,
300833b2ddd9014000030008,1,1,3484,-41,1654780580795550,1654780580795550,
300833b2ddd9014000030001,1,1,1376,-50,1654780580796666,1654780580796666,
300833b2ddd9014000030009,1,1,2532,-41,1654780580797750,1654780580797750,
300833b2ddd9014000030002,1,1,676,-47,1654780580799555,1654780580799555,
300833b2ddd9014000030008,1,1,3500,-41,1654780580831758,1654780580831758,
300833b2ddd9014000030001,1,1,1404,-50,1654780580832931,1654780580832931,
300833b2ddd9014000030002,1,1,684,-47,1654780580834014,1654780580834014,
300833b2ddd9014000030009,1,1,2516,-41,1654780580835100,1654780580835100,
300833b2ddd9014000030001,1,1,1408,-50,1654780580838739,1654780580838739,
300833b2ddd9014000030009,1,1,2532,-41,1654780580840024,1654780580840024,
300833b2ddd9014000030008,1,1,3500,-41,1654780580841831,1654780580841831,
300833b2ddd9014000030002,1,1,708,-47,1654780580842914,1654780580842914,