epc,atenda,atendanum,phase,RSS,timestamp,timestamp2,
300833b2ddd9014000030002,1,1,116,-56,1654780279328746,1654780279328746,
300833b2ddd9014000030001,1,1,1924,-50,1654780279330273,1654780279330273,
300833b2ddd9014000030009,1,1,2572,-41,1654780279332053,1654780279332053,
300833b2ddd9014000030002,1,1,88,-55,1654780279336205,1654780279336205,
300833b2ddd9014000030009,1,1,2572,-41,1654780279338143,1654780279338143,
300833b2ddd9014000030008,1,1,3368,-47,1654780279339510,1654780279339510,
300833b2ddd9014000030001,1,1,1928,-50,1654780279341195,1654780279341195,
300833b2ddd9014000030009,1,1,2584,-41,1654780279370849,1654780279370849,
300833b2ddd9014000030002,1,1,72,-56,1654780279372162,1654780279372162,
300833b2ddd9014000030008,1,1,3344,-47,1654780279373255,1654780279373255,
300833b2ddd9014000030001,1,1,1944,-50,1654780279375877,1654780279375877,
300833b2ddd9014000030001,1,1,1944,-50,1654780279379943,1654780279379943,
300833b2ddd9014000030008,1,1,3348,-47,1654780279381637,1654780279381637,
300833b2ddd9014000030009,1,1,2572,-41,1654780279382921,1654780279382921,
300833b2ddd9014000030002,1,1,124,-56,1654780279384346,1654780279384346,
300833b2ddd9014000030001,1,1,1928,-50,1654780279414744,1654780279414744,
300833b2ddd9014000030009,1,1,2564,-41,1654780279416199,1654780279416199,
300833b2ddd9014000030008,1,1,3352,-47,1654780279417536,1654780279417536,
300833b2ddd9014000030002,1,1,92,-56,1654780279418963,1654780279418963,
300833b2ddd9014000030001,1,1,2004,-50,1654780279422009,1654780279422009,
300833b2ddd9014000030009,1,1,2580,-41,1654780279423959,1654780279423959,
300833b2ddd9014000030008,1,1,3348,-47,1654780279425280,1654780279425280,
300833b2ddd9014000030002,1,1,136,-57,1654780279426497,1654780279426497,
300833b2ddd9014000030001,1,1,1996,-50,1654780279456667,1654780279456667,
300833b2ddd9014000030002,1,1,124,-56,1654780279457749,1654780279457749,
300833b2ddd9014000030008,1,1,3352,-47,1654780279459086,1654780279459086,
300833b2ddd9014000030009,1,1,2572,-41,1654780279460440,1654780279460440,
300833b2ddd9014000030002,1,1,132,-56,1654780279464905,1654780279464905,
300833b2ddd9014000030001,1,1,1944,-50,1654780279465964,1654780279465964,
300833b2ddd9014000030009,1,1,2576,-41,1654780279467033,1654780279467033,
300833b2ddd9014000030008,1,1,3356,-47,1654780279470258,1654780279470258,
300833b2ddd9014000030001,1,1,1936,-49,1654780279500436,1654780279500436,
300833b2ddd9014000030008,1,1,3372,-47,1654780279502369,1654780279502369,
300833b2ddd9014000030002,1,1,116,-55,1654780279503497,1654780279503497,
300833b2ddd9014000030009,1,1,2580,-41,1654780279504643,1654780279504643,
300833b2ddd9014000030009,1,1,2572,-41,1654780279508245,1654780279508245,
300833b2ddd9014000030001,1,1,1944,-49,1654780279509361,1654780279509361,
300833b2ddd9014000030002,1,1,124,-56,1654780279510910,1654780279510910,
300833b2ddd9014000030008,1,1,3352,-47,1654780279512238,1654780279512238,
300833b2ddd9014000030008,1,1,3360,-47,1654780279543972,1654780279543972,
300833b2ddd9014000030002,1,1,120,-56,1654780279544985,1654780279544985,
300833b2ddd9014000030009,1,1,2572,-41,1654780279546297,1654780279546297,
300833b2ddd9014000030001,1,1,1940,-49,1654780279547568,1654780279547568,
300833b2ddd9014000030009,1,1,2576,-41,1654780279551868,1654780279551868,
300833b2ddd9014000030008,1,1,3368,-47,1654780279552921,1654780279552921,
300833b2ddd9014000030001,1,1,1944,-50,1654780279554038,1654780279554038,
300833b2ddd9014000030002,1,1,104,-56,1654780279555576,1654780279555576,
300833b2ddd9014000030009,1,1,2572,-41,1654780279587664,1654780279587664,
300833b2ddd9014000030002,1,1,104,-56,1654780279588733,1654780279588733,
300833b2ddd9014000030001,1,1,1936,-49,1654780279589821,1654780279589821,
300833b2ddd9014000030008,1,1,3356,-47,1654780279590929,1654780279590929,
300833b2ddd9014000030009,1,1,2572,-41,1654780279597201,1654780279597201,
300833b2ddd9014000030001,1,1,1932,-49,1654780279599367,1654780279599367,
300833b2ddd9014000030008,1,1,3336,-47,1654780279600466,1654780279600466,
300833b2ddd9014000030002,1,1,148,-56,1654780279602174,1654780279602174,
300833b2ddd9014000030009,1,1,2580,-41,1654780279633600,1654780279633600,
300833b2ddd9014000030002,1,1,148,-56,1654780279634656,1654780279634656,
300833b2ddd9014000030008,1,1,3368,-47,1654780279635797,1654780279635797,
300833b2ddd9014000030001,1,1,1912,-49,1654780279637141,1654780279637141,
300833b2ddd9014000030002,1,1,132,-56,1654780279646337,1654780279646337,
300833b2ddd9014000030001,1,1,1920,-49,1654780279647424,1654780279647424,
300833b2ddd9014000030009,1,1,2564,-41,1654780279648538,1654780279648538,
300833b2ddd9014000030008,1,1,3356,-47,1654780279650402,1654780279650402,
300833b2ddd9014000030008,1,1,3364,-47,1654780279682153,1654780279682153,
300833b2ddd9014000030009,1,1,2580,-41,1654780279683250,1654780279683250,
300833b2ddd9014000030001,1,1,1908,-49,1654780279684341,1654780279684341,
300833b2ddd9014000030002,1,1,152,-56,1654780279686248,1654780279686248,
300833b2ddd9014000030009,1,1,2576,-41,1654780279691054,1654780279691054,
300833b2ddd9014000030001,1,1,1948,-49,1654780279692766,1654780279692766,
300833b2ddd9014000030008,1,1,3360,-48,1654780279693850,1654780279693850,
300833b2ddd9014000030002,1,1,188,-56,1654780279695077,1654780279695077,
300833b2ddd9014000030002,1,1,108,-56,1654780279727046,1654780279727046,
300833b2ddd9014000030001,1,1,1916,-49,1654780279728611,1654780279728611,
300833b2ddd9014000030008,1,1,3352,-47,1654780279729950,1654780279729950,
300833b2ddd9014000030009,1,1,2588,-41,1654780279731064,1654780279731064,
300833b2ddd9014000030009,1,1,2584,-41,1654780279734998,1654780279734998,
300833b2ddd9014000030002,1,1,180,-56,1654780279736669,1654780279736669,
300833b2ddd9014000030001,1,1,1932,-49,1654780279737755,1654780279737755,
300833b2ddd9014000030008,1,1,3368,-47,1654780279738840,1654780279738840,
300833b2ddd9014000030009,1,1,2564,-41,1654780279769310,1654780279769310,
300833b2ddd9014000030002,1,1,92,-56,1654780279771473,1654780279771473,
300833b2ddd9014000030001,1,1,1924,-49,1654780279772603,1654780279772603,
300833b2ddd9014000030008,1,1,3364,-47,1654780279773700,1654780279773700,
300833b2ddd9014000030001,1,1,1916,-50,1654780279777517,1654780279777517,
300833b2ddd9014000030008,1,1,3364,-47,1654780279778998,1654780279778998,
300833b2ddd9014000030002,1,1,144,-56,1654780279780323,1654780279780323,
300833b2ddd9014000030009,1,1,2576,-41,1654780279781407,1654780279781407,
300833b2ddd9014000030008,1,1,3360,-47,1654780279811759,1654780279811759,
300833b2ddd9014000030001,1,1,1920,-49,1654780279813771,1654780279813771,
300833b2ddd9014000030009,1,1,2572,-41,1654780279815082,1654780279815082,
300833b2ddd9014000030002,1,1,148,-56,1654780279816565,1654780279816565,
300833b2ddd9014000030009,1,1,2580,-41,1654780279821363,1654780279821363,
300833b2ddd9014000030008,1,1,3364,-47,1654780279823058,1654780279823058,
300833b2ddd9014000030002,1,1,120,-56,1654780279824610,1654780279824610,
300833b2ddd9014000030001,1,1,1920,-49,1654780279826067,1654780279826067,
300833b2ddd9014000030009,1,1,2564,-41,1654780279856877,1654780279856877,
300833b2ddd9014000030001,1,1,1920,-49,1654780279857992,1654780279857992,
300833b2ddd9014000030002,1,1,176,-56,1654780279859090,1654780279859090,
300833b2ddd9014000030008,1,1,3388,-47,1654780279860173,1654780279860173,
300833b2ddd9014000030001,1,1,1948,-49,1654780279863788,1654780279863788,
300833b2ddd9014000030009,1,1,2572,-41,1654780279865471,1654780279865471,
300833b2ddd9014000030002,1,1,140,-56,1654780279866810,1654780279866810,
300833b2ddd9014000030008,1,1,3376,-47,1654780279868475,1654780279868475,
300833b2ddd9014000030009,1,1,2568,-41,1654780279898742,1654780279898742,
300833b2ddd9014000030008,1,1,3380,-47,1654780279900181,1654780279900181,
300833b2ddd9014000030002,1,1,156,-56,1654780279901492,1654780279901492,
300833b2ddd9014000030001,1,1,1940,-49,1654780279902578,1654780279902578,
300833b2ddd9014000030008,1,1,3372,-47,1654780279906461,1654780279906461,
300833b2ddd9014000030001,1,1,1920,-49,1654780279907548,1654780279907548,
300833b2ddd9014000030009,1,1,2580,-41,1654780279909355,1654780279909355,
300833b2ddd9014000030002,1,1,212,-56,1654780279910824,1654780279910824,
300833b2ddd9014000030001,1,1,1940,-49,1654780279942106,1654780279942106,
300833b2ddd9014000030009,1,1,2576,-41,1654780279943431,1654780279943431,
300833b2ddd9014000030008,1,1,3356,-47,1654780279944528,1654780279944528,
300833b2ddd9014000030002,1,1,92,-56,1654780279946065,1654780279946065,
300833b2ddd9014000030001,1,1,1948,-49,1654780279950389,1654780279950389,
300833b2ddd9014000030002,1,1,152,-56,1654780279951688,1654780279951688,
300833b2ddd9014000030009,1,1,2572,-41,1654780279953240,1654780279953240,
300833b2ddd9014000030008,1,1,3376,-47,1654780279954949,1654780279954949,
300833b2ddd9014000030008,1,1,3368,-47,1654780279986264,1654780279986264,
300833b2ddd9014000030009,1,1,2572,-41,1654780279987320,1654780279987320,
300833b2ddd9014000030001,1,1,1956,-49,1654780279989117,1654780279989117,
300833b2ddd9014000030002,1,1,112,-56,1654780279991393,1654780279991393,
300833b2ddd9014000030008,1,1,3348,-48,1654780279994602,1654780279994602,
300833b2ddd9014000030009,1,1,2576,-41,1654780279996313,1654780279996313,
300833b2ddd9014000030002,1,1,108,-57,1654780279997425,1654780279997425,
300833b2ddd9014000030001,1,1,1964,-49,1654780279999347,1654780279999347,
300833b2ddd9014000030002,1,1,116,-57,1654780280029377,1654780280029377,
300833b2ddd9014000030008,1,1,3364,-47,1654780280031568,1654780280031568,
300833b2ddd9014000030009,1,1,2564,-41,1654780280032697,1654780280032697,
300833b2ddd9014000030001,1,1,1948,-49,1654780280033885,1654780280033885,
300833b2ddd9014000030008,1,1,3368,-47,1654780280037010,1654780280037010,
300833b2ddd9014000030009,1,1,2572,-41,1654780280038350,1654780280038350,
300833b2ddd9014000030001,1,1,1960,-50,1654780280039722,1654780280039722,
300833b2ddd9014000030002,1,1,120,-57,1654780280040821,1654780280040821,
300833b2ddd9014000030002,1,1,124,-56,1654780280073217,1654780280073217,
300833b2ddd9014000030001,1,1,1960,-49,1654780280074332,1654780280074332,
300833b2ddd9014000030008,1,1,3372,-48,1654780280075685,1654780280075685,
300833b2ddd9014000030009,1,1,2564,-41,1654780280077010,1654780280077010,
300833b2ddd9014000030001,1,1,1956,-49,1654780280083400,1654780280083400,
300833b2ddd9014000030009,1,1,2576,-41,1654780280084882,1654780280084882,
300833b2ddd9014000030002,1,1,128,-56,1654780280086180,1654780280086180,
300833b2ddd9014000030008,1,1,3368,-48,1654780280087392,1654780280087392,
300833b2ddd9014000030008,1,1,3352,-48,1654780280117865,1654780280117865,
300833b2ddd9014000030009,1,1,2564,-41,1654780280120028,1654780280120028,
300833b2ddd9014000030001,1,1,1948,-49,1654780280121342,1654780280121342,
300833b2ddd9014000030002,1,1,124,-57,1654780280122781,1654780280122781,
300833b2ddd9014000030009,1,1,2556,-41,1654780280125629,1654780280125629,
300833b2ddd9014000030002,1,1,148,-56,1654780280127816,1654780280127816,
300833b2ddd9014000030001,1,1,1948,-49,1654780280128893,1654780280128893,
300833b2ddd9014000030008,1,1,3380,-47,1654780280129892,1654780280129892,
300833b2ddd9014000030001,1,1,1932,-49,1654780280161033,1654780280161033,
300833b2ddd9014000030009,1,1,2576,-41,1654780280162743,1654780280162743,
300833b2ddd9014000030008,1,1,3368,-47,1654780280163811,1654780280163811,
300833b2ddd9014000030002,1,1,116,-56,1654780280165132,1654780280165132,
300833b2ddd9014000030009,1,1,2564,-41,1654780280168786,1654780280168786,
300833b2ddd9014000030002,1,1,100,-56,1654780280170352,1654780280170352,
300833b2ddd9014000030001,1,1,1932,-49,1654780280171665,1654780280171665,
300833b2ddd9014000030008,1,1,3340,-47,1654780280173288,1654780280173288,
300833b2ddd9014000030002,1,1,128,-56,1654780280206129,1654780280206129,
300833b2ddd9014000030009,1,1,2580,-41,1654780280207255,1654780280207255,
300833b2ddd9014000030008,1,1,3356,-47,1654780280209261,1654780280209261,
300833b2ddd9014000030001,1,1,1932,-49,1654780280211857,1654780280211857,
300833b2ddd9014000030008,1,1,3364,-47,1654780280215024,1654780280215024,
300833b2ddd9014000030009,1,1,2580,-41,1654780280216693,1654780280216693,
300833b2ddd9014000030001,1,1,1932,-49,1654780280217737,1654780280217737,
300833b2ddd9014000030002,1,1,108,-56,1654780280219048,1654780280219048,
300833b2ddd9014000030001,1,1,1944,-49,1654780280249429,1654780280249429,
300833b2ddd9014000030002,1,1,116,-56,1654780280250769,1654780280250769,
300833b2ddd9014000030008,1,1,3344,-47,1654780280251909,1654780280251909,
300833b2ddd9014000030009,1,1,2588,-41,1654780280252966,1654780280252966,
300833b2ddd9014000030009,1,1,2572,-41,1654780280258164,1654780280258164,
300833b2ddd9014000030001,1,1,1908,-49,1654780280259848,1654780280259848,
300833b2ddd9014000030008,1,1,3344,-47,1654780280261154,1654780280261154,
300833b2ddd9014000030002,1,1,108,-56,1654780280262269,1654780280262269,
300833b2ddd9014000030008,1,1,3336,-47,1654780280293038,1654780280293038,
300833b2ddd9014000030002,1,1,120,-55,1654780280294762,1654780280294762,
300833b2ddd9014000030009,1,1,2592,-41,1654780280296116,1654780280296116,
300833b2ddd9014000030001,1,1,1888,-49,1654780280297346,1654780280297346,
300833b2ddd9014000030009,1,1,2600,-41,1654780280300320,1654780280300320,
300833b2ddd9014000030008,1,1,3336,-47,1654780280301632,1654780280301632,
300833b2ddd9014000030002,1,1,104,-55,1654780280303708,1654780280303708,
300833b2ddd9014000030001,1,1,1900,-50,1654780280305818,1654780280305818,
300833b2ddd9014000030009,1,1,2596,-41,1654780280335822,1654780280335822,
300833b2ddd9014000030008,1,1,3312,-47,1654780280337160,1654780280337160,
300833b2ddd9014000030002,1,1,132,-54,1654780280338469,1654780280338469,
300833b2ddd9014000030002,1,1,128,-55,1654780280343644,1654780280343644,
300833b2ddd9014000030009,1,1,2596,-41,1654780280345638,1654780280345638,
300833b2ddd9014000030008,1,1,3316,-47,1654780280347301,1654780280347301,
300833b2ddd9014000030001,1,1,1868,-50,1654780280348349,1654780280348349,
300833b2ddd9014000030009,1,1,2620,-42,1654780280378670,1654780280378670,
300833b2ddd9014000030008,1,1,3300,-47,1654780280379739,1654780280379739,
300833b2ddd9014000030001,1,1,1832,-50,1654780280381577,1654780280381577,
300833b2ddd9014000030002,1,1,140,-54,1654780280383313,1654780280383313,
300833b2ddd9014000030009,1,1,2632,-42,1654780280387021,1654780280387021,
300833b2ddd9014000030001,1,1,1816,-50,1654780280389226,1654780280389226,
300833b2ddd9014000030008,1,1,3296,-47,1654780280390323,1654780280390323,
300833b2ddd9014000030002,1,1,164,-54,1654780280391350,1654780280391350,
300833b2ddd9014000030008,1,1,3288,-47,1654780280421663,1654780280421663,
300833b2ddd9014000030009,1,1,2628,-42,1654780280422974,1654780280422974,
300833b2ddd9014000030001,1,1,1740,-50,1654780280424486,1654780280424486,
300833b2ddd9014000030002,1,1,136,-54,1654780280425811,1654780280425811,
300833b2ddd9014000030008,1,1,3268,-47,1654780280430263,1654780280430263,
300833b2ddd9014000030002,1,1,124,-53,1654780280432199,1654780280432199,
300833b2ddd9014000030009,1,1,2648,-42,1654780280433342,1654780280433342,
300833b2ddd9014000030001,1,1,1732,-50,1654780280434785,1654780280434785,
300833b2ddd9014000030008,1,1,3244,-46,1654780280466133,1654780280466133,
300833b2ddd9014000030001,1,1,1688,-50,1654780280467219,1654780280467219,
300833b2ddd9014000030009,1,1,2636,-43,1654780280468363,1654780280468363,
300833b2ddd9014000030002,1,1,148,-52,1654780280469813,1654780280469813,
300833b2ddd9014000030009,1,1,2632,-43,1654780280473090,1654780280473090,
300833b2ddd9014000030001,1,1,1656,-50,1654780280475030,1654780280475030,
300833b2ddd9014000030008,1,1,3236,-46,1654780280476072,1654780280476072,
300833b2ddd9014000030002,1,1,156,-52,1654780280477256,1654780280477256,
300833b2ddd9014000030009,1,1,2656,-44,1654780280513465,1654780280513465,
300833b2ddd9014000030002,1,1,148,-51,1654780280515176,1654780280515176,
300833b2ddd9014000030001,1,1,1596,-51,1654780280516533,1654780280516533,
300833b2ddd9014000030008,1,1,3200,-46,1654780280517646,1654780280517646,
300833b2ddd9014000030009,1,1,2644,-44,1654780280521766,1654780280521766,
300833b2ddd9014000030008,1,1,3212,-46,1654780280523216,1654780280523216,
300833b2ddd9014000030002,1,1,112,-51,1654780280524245,1654780280524245,
300833b2ddd9014000030001,1,1,1572,-50,1654780280525714,1654780280525714,
300833b2ddd9014000030009,1,1,2636,-45,1654780280555770,1654780280555770,
300833b2ddd9014000030008,1,1,3180,-46,1654780280557322,1654780280557322,
300833b2ddd9014000030001,1,1,1488,-51,1654780280558394,1654780280558394,
300833b2ddd9014000030002,1,1,104,-51,1654780280561213,1654780280561213,
300833b2ddd9014000030009,1,1,2640,-45,1654780280565310,1654780280565310,
300833b2ddd9014000030008,1,1,3172,-46,1654780280566380,1654780280566380,
300833b2ddd9014000030001,1,1,1448,-51,1654780280567410,1654780280567410,
300833b2ddd9014000030002,1,1,144,-51,1654780280568837,1654780280568837,
300833b2ddd9014000030009,1,1,2608,-46,1654780280600154,1654780280600154,
300833b2ddd9014000030008,1,1,3152,-45,1654780280601475,1654780280601475,
300833b2ddd9014000030002,1,1,104,-50,1654780280602689,1654780280602689,
300833b2ddd9014000030001,1,1,1388,-50,1654780280603748,1654780280603748,
300833b2ddd9014000030008,1,1,3144,-45,1654780280606769,1654780280606769,
300833b2ddd9014000030009,1,1,2604,-46,1654780280607824,1654780280607824,
300833b2ddd9014000030002,1,1,124,-50,1654780280609659,1654780280609659,
300833b2ddd9014000030001,1,1,1360,-50,1654780280611089,1654780280611089,
300833b2ddd9014000030008,1,1,3124,-45,1654780280643858,1654780280643858,
300833b2ddd9014000030001,1,1,1244,-51,1654780280645064,1654780280645064,
300833b2ddd9014000030002,1,1,92,-50,1654780280646388,1654780280646388,
300833b2ddd9014000030009,1,1,2560,-48,1654780280647474,1654780280647474,
300833b2ddd9014000030009,1,1,2556,-48,1654780280653967,1654780280653967,
300833b2ddd9014000030008,1,1,3124,-45,1654780280655403,1654780280655403,
300833b2ddd9014000030002,1,1,120,-50,1654780280656718,1654780280656718,
300833b2ddd9014000030001,1,1,1252,-51,1654780280657820,1654780280657820,
300833b2ddd9014000030001,1,1,1168,-51,1654780280689227,1654780280689227,
300833b2ddd9014000030009,1,1,2484,-48,1654780280690538,1654780280690538,
300833b2ddd9014000030008,1,1,3116,-44,1654780280692596,1654780280692596,
300833b2ddd9014000030002,1,1,84,-49,1654780280694292,1654780280694292,
300833b2ddd9014000030008,1,1,3120,-44,1654780280697987,1654780280697987,
300833b2ddd9014000030009,1,1,2496,-48,1654780280699920,1654780280699920,
300833b2ddd9014000030001,1,1,1156,-51,1654780280701855,1654780280701855,
300833b2ddd9014000030002,1,1,92,-49,1654780280702937,1654780280702937,
300833b2ddd9014000030009,1,1,2440,-48,1654780280735787,1654780280735787,
300833b2ddd9014000030008,1,1,3116,-44,1654780280737112,1654780280737112,
300833b2ddd9014000030001,1,1,1084,-51,1654780280738924,1654780280738924,
300833b2ddd9014000030002,1,1,104,-49,1654780280739992,1654780280739992,
300833b2ddd9014000030008,1,1,3128,-44,1654780280745643,1654780280745643,
300833b2ddd9014000030009,1,1,2364,-48,1654780280747015,1654780280747015,
300833b2ddd9014000030001,1,1,1060,-51,1654780280749093,1654780280749093,
300833b2ddd9014000030002,1,1,124,-49,1654780280750278,1654780280750278,
300833b2ddd9014000030008,1,1,3128,-44,1654780280783405,1654780280783405,
300833b2ddd9014000030009,1,1,2392,-47,1654780280784475,1654780280784475,
300833b2ddd9014000030002,1,1,136,-49,1654780280785674,1654780280785674,
300833b2ddd9014000030001,1,1,1080,-52,1654780280786861,1654780280786861,
300833b2ddd9014000030002,1,1,84,-49,1654780280790957,1654780280790957,
300833b2ddd9014000030001,1,1,1148,-51,1654780280792271,1654780280792271,
300833b2ddd9014000030008,1,1,3136,-44,1654780280793467,1654780280793467,
300833b2ddd9014000030009,1,1,2396,-47,1654780280794566,1654780280794566,
300833b2ddd9014000030002,1,1,204,-49,1654780280825389,1654780280825389,
300833b2ddd9014000030001,1,1,1156,-52,1654780280826726,1654780280826726,
300833b2ddd9014000030008,1,1,3164,-44,1654780280828166,1654780280828166,
300833b2ddd9014000030009,1,1,2424,-47,1654780280829622,1654780280829622,
300833b2ddd9014000030008,1,1,3148,-44,1654780280833115,1654780280833115,
300833b2ddd9014000030009,1,1,2412,-47,1654780280834557,1654780280834557,
300833b2ddd9014000030002,1,1,180,-49,1654780280835629,1654780280835629,
300833b2ddd9014000030001,1,1,1204,-52,1654780280836758,1654780280836758,
300833b2ddd9014000030002,1,1,228,-49,1654780280867648,1654780280867648,
300833b2ddd9014000030009,1,1,2512,-47,1654780280868747,1654780280868747,
300833b2ddd9014000030008,1,1,3164,-44,1654780280869859,1654780280869859,
300833b2ddd9014000030001,1,1,1284,-53,1654780280871812,1654780280871812,
300833b2ddd9014000030001,1,1,1336,-53,1654780280876115,1654780280876115,
300833b2ddd9014000030008,1,1,3216,-44,1654780280879009,1654780280879009,
300833b2ddd9014000030009,1,1,2508,-47,1654780280881055,1654780280881055,
300833b2ddd9014000030002,1,1,252,-49,1654780280882154,1654780280882154,
300833b2ddd9014000030009,1,1,2604,-47,1654780280911904,1654780280911904,
300833b2ddd9014000030001,1,1,1564,-54,1654780280913905,1654780280913905,
300833b2ddd9014000030002,1,1,312,-50,1654780280915184,1654780280915184,
300833b2ddd9014000030008,1,1,3208,-44,1654780280916296,1654780280916296,
300833b2ddd9014000030009,1,1,2664,-47,1654780280920134,1654780280920134,
300833b2ddd9014000030008,1,1,3216,-44,1654780280921249,1654780280921249,
300833b2ddd9014000030002,1,1,340,-50,1654780280922557,1654780280922557,
300833b2ddd9014000030001,1,1,1596,-54,1654780280924510,1654780280924510,
300833b2ddd9014000030002,1,1,396,-51,1654780280955528,1654780280955528,
300833b2ddd9014000030009,1,1,2708,-47,1654780280957013,1654780280957013,
300833b2ddd9014000030008,1,1,3280,-44,1654780280958110,1654780280958110,
300833b2ddd9014000030001,1,1,1764,-54,1654780280959184,1654780280959184,
300833b2ddd9014000030009,1,1,2728,-47,1654780280964146,1654780280964146,
300833b2ddd9014000030002,1,1,428,-51,1654780280965215,1654780280965215,
300833b2ddd9014000030001,1,1,1788,-54,1654780280966529,1654780280966529,
300833b2ddd9014000030008,1,1,3276,-44,1654780280967856,1654780280967856,
300833b2ddd9014000030001,1,1,1956,-53,1654780280999809,1654780280999809,
300833b2ddd9014000030002,1,1,512,-51,1654780281000892,1654780281000892,
300833b2ddd9014000030009,1,1,2812,-47,1654780281002232,1654780281002232,
300833b2ddd9014000030008,1,1,3356,-45,1654780281003357,1654780281003357,
300833b2ddd9014000030009,1,1,2832,-47,1654780281007805,1654780281007805,
300833b2ddd9014000030002,1,1,556,-51,1654780281009117,1654780281009117,
300833b2ddd9014000030001,1,1,2024,-53,1654780281010940,1654780281010940,
300833b2ddd9014000030008,1,1,3368,-45,1654780281012025,1654780281012025,
300833b2ddd9014000030009,1,1,2840,-45,1654780281043918,1654780281043918,
300833b2ddd9014000030008,1,1,3408,-45,1654780281045598,1654780281045598,
300833b2ddd9014000030001,1,1,2016,-51,1654780281046657,1654780281046657,
300833b2ddd9014000030002,1,1,600,-52,1654780281048154,1654780281048154,
300833b2ddd9014000030001,1,1,2068,-51,1654780281051192,1654780281051192,
300833b2ddd9014000030008,1,1,3420,-44,1654780281052318,1654780281052318,
300833b2ddd9014000030009,1,1,2840,-45,1654780281054139,1654780281054139,
300833b2ddd9014000030002,1,1,628,-52,1654780281055793,1654780281055793,
300833b2ddd9014000030002,1,1,668,-52,1654780281086979,1654780281086979,
300833b2ddd9014000030009,1,1,2824,-44,1654780281088035,1654780281088035,
300833b2ddd9014000030008,1,1,3440,-44,1654780281089091,1654780281089091,
300833b2ddd9014000030001,1,1,2032,-49,1654780281090686,1654780281090686,
300833b2ddd9014000030002,1,1,680,-52,1654780281095682,1654780281095682,
300833b2ddd9014000030008,1,1,3444,-44,1654780281097349,1654780281097349,
300833b2ddd9014000030001,1,1,1996,-49,1654780281098436,1654780281098436,
300833b2ddd9014000030009,1,1,2824,-43,1654780281099505,1654780281099505,
300833b2ddd9014000030002,1,1,736,-52,1654780281130867,1654780281130867,
300833b2ddd9014000030001,1,1,1936,-47,1654780281132221,1654780281132221,
300833b2ddd9014000030009,1,1,2780,-42,1654780281133711,1654780281133711,
300833b2ddd9014000030008,1,1,3452,-44,1654780281134811,1654780281134811,
300833b2ddd9014000030002,1,1,764,-52,1654780281137787,1654780281137787,
300833b2ddd9014000030001,1,1,1916,-47,1654780281138903,1654780281138903,
300833b2ddd9014000030008,1,1,3456,-44,1654780281139997,1654780281139997,
300833b2ddd9014000030009,1,1,2760,-42,1654780281141283,1654780281141283,
300833b2ddd9014000030009,1,1,2712,-41,1654780281173438,1654780281173438,
300833b2ddd9014000030002,1,1,792,-52,1654780281174908,1654780281174908,
300833b2ddd9014000030001,1,1,1832,-47,1654780281175994,1654780281175994,
300833b2ddd9014000030008,1,1,3460,-43,1654780281177089,1654780281177089,
300833b2ddd9014000030002,1,1,808,-52,1654780281181227,1654780281181227,
300833b2ddd9014000030008,1,1,3452,-44,1654780281183161,1654780281183161,
300833b2ddd9014000030009,1,1,2716,-41,1654780281184246,1654780281184246,
300833b2ddd9014000030001,1,1,1804,-46,1654780281185702,1654780281185702,
300833b2ddd9014000030001,1,1,1720,-46,1654780281215890,1654780281215890,
300833b2ddd9014000030008,1,1,3456,-43,1654780281216949,1654780281216949,
300833b2ddd9014000030002,1,1,836,-52,1654780281218033,1654780281218033,
300833b2ddd9014000030009,1,1,2628,-41,1654780281219628,1654780281219628,
300833b2ddd9014000030002,1,1,872,-52,1654780281224080,1654780281224080,
300833b2ddd9014000030009,1,1,2620,-41,1654780281225180,1654780281225180,
300833b2ddd9014000030008,1,1,3464,-43,1654780281226489,1654780281226489,
300833b2ddd9014000030001,1,1,1708,-47,1654780281228952,1654780281228952,
300833b2ddd9014000030009,1,1,2576,-41,1654780281260485,1654780281260485,
300833b2ddd9014000030008,1,1,3460,-43,1654780281261697,1654780281261697,
300833b2ddd9014000030001,1,1,1632,-46,1654780281262827,1654780281262827,
300833b2ddd9014000030002,1,1,872,-51,1654780281264736,1654780281264736,
300833b2ddd9014000030001,1,1,1636,-47,1654780281269220,1654780281269220,
300833b2ddd9014000030008,1,1,3456,-43,1654780281270262,1654780281270262,
300833b2ddd9014000030009,1,1,2548,-40,1654780281271389,1654780281271389,
300833b2ddd9014000030002,1,1,860,-51,1654780281272445,1654780281272445,
300833b2ddd9014000030008,1,1,3468,-43,1654780281305147,1654780281305147,
300833b2ddd9014000030002,1,1,880,-51,1654780281306344,1654780281306344,
300833b2ddd9014000030009,1,1,2492,-40,1654780281307956,1654780281307956,
300833b2ddd9014000030001,1,1,1592,-47,1654780281309157,1654780281309157,
300833b2ddd9014000030001,1,1,1592,-47,1654780281312109,1654780281312109,
300833b2ddd9014000030008,1,1,3464,-43,1654780281314030,1654780281314030,
300833b2ddd9014000030002,1,1,892,-51,1654780281315101,1654780281315101,
300833b2ddd9014000030009,1,1,2508,-40,1654780281316200,1654780281316200,
300833b2ddd9014000030002,1,1,856,-50,1654780281346929,1654780281346929,
300833b2ddd9014000030008,1,1,3472,-43,1654780281348210,1654780281348210,
300833b2ddd9014000030009,1,1,2460,-40,1654780281349267,1654780281349267,
300833b2ddd9014000030001,1,1,1556,-47,1654780281351432,1654780281351432,
300833b2ddd9014000030001,1,1,1552,-47,1654780281355280,1654780281355280,
300833b2ddd9014000030002,1,1,904,-51,1654780281357485,1654780281357485,
300833b2ddd9014000030009,1,1,2476,-40,1654780281358852,1654780281358852,
300833b2ddd9014000030008,1,1,3488,-43,1654780281360064,1654780281360064,
300833b2ddd9014000030002,1,1,872,-50,1654780281396071,1654780281396071,
300833b2ddd9014000030008,1,1,3492,-43,1654780281397183,1654780281397183,
300833b2ddd9014000030001,1,1,1504,-47,1654780281398498,1654780281398498,
300833b2ddd9014000030009,1,1,2436,-40,1654780281400136,1654780281400136,
300833b2ddd9014000030009,1,1,2424,-40,1654780281405738,1654780281405738,
300833b2ddd9014000030001,1,1,1532,-48,1654780281406853,1654780281406853,
300833b2ddd9014000030008,1,1,3492,-43,1654780281407935,1654780281407935,
300833b2ddd9014000030002,1,1,856,-50,1654780281409400,1654780281409400,
300833b2ddd9014000030009,1,1,2420,-40,1654780281439218,1654780281439218,
300833b2ddd9014000030002,1,1,808,-50,1654780281441155,1654780281441155,
300833b2ddd9014000030001,1,1,1472,-48,1654780281442269,1654780281442269,
300833b2ddd9014000030008,1,1,3472,-43,1654780281443606,1654780281443606,
300833b2ddd9014000030009,1,1,2440,-40,1654780281447437,1654780281447437,
300833b2ddd9014000030002,1,1,844,-50,1654780281448919,1654780281448919,
300833b2ddd9014000030008,1,1,3488,-43,1654780281449988,1654780281449988,
300833b2ddd9014000030001,1,1,1508,-48,1654780281451288,1654780281451288,
300833b2ddd9014000030001,1,1,1504,-48,1654780281481782,1654780281481782,
300833b2ddd9014000030009,1,1,2432,-40,1654780281482867,1654780281482867,
300833b2ddd9014000030008,1,1,3496,-43,1654780281483992,1654780281483992,
300833b2ddd9014000030002,1,1,820,-50,1654780281485800,1654780281485800,
300833b2ddd9014000030002,1,1,832,-50,1654780281490258,1654780281490258,
300833b2ddd9014000030009,1,1,2412,-40,1654780281492238,1654780281492238,
300833b2ddd9014000030008,1,1,3496,-42,1654780281493277,1654780281493277,
300833b2ddd9014000030001,1,1,1492,-48,1654780281494734,1654780281494734,
300833b2ddd9014000030002,1,1,800,-50,1654780281525399,1654780281525399,
300833b2ddd9014000030001,1,1,1476,-48,1654780281526600,1654780281526600,
300833b2ddd9014000030009,1,1,2404,-40,1654780281527698,1654780281527698,
300833b2ddd9014000030008,1,1,3488,-43,1654780281528991,1654780281528991,
300833b2ddd9014000030008,1,1,3472,-43,1654780281532392,1654780281532392,
300833b2ddd9014000030009,1,1,2404,-40,1654780281534432,1654780281534432,
300833b2ddd9014000030001,1,1,1452,-48,1654780281535759,1654780281535759,
300833b2ddd9014000030002,1,1,832,-50,1654780281538321,1654780281538321,
300833b2ddd9014000030001,1,1,1468,-49,1654780281768379,1654780281768379,
300833b2ddd9014000030009,1,1,2388,-41,1654780281773453,1654780281773453,
300833b2ddd9014000030008,1,1,3468,-42,1654780281775175,1654780281775175,
300833b2ddd9014000030002,1,1,772,-49,1654780281776527,1654780281776527,
300833b2ddd9014000030001,1,1,1488,-49,1654780281777600,1654780281777600,
300833b2ddd9014000030008,1,1,3484,-42,1654780281807908,1654780281807908,
300833b2ddd9014000030001,1,1,1488,-49,1654780281808982,1654780281808982,
300833b2ddd9014000030002,1,1,792,-49,1654780281811254,1654780281811254,
300833b2ddd9014000030001,1,1,1476,-49,1654780281815947,1654780281815947,
300833b2ddd9014000030009,1,1,2388,-41,1654780281817063,1654780281817063,
300833b2ddd9014000030008,1,1,3484,-42,1654780281818114,1654780281818114,
300833b2ddd9014000030002,1,1,776,-49,1654780281819484,1654780281819484,
300833b2ddd9014000030002,1,1,772,-49,1654780281850878,1654780281850878,
300833b2ddd9014000030009,1,1,2396,-41,1654780281852459,1654780281852459,
300833b2ddd9014000030001,1,1,1476,-49,1654780281853545,1654780281853545,
300833b2ddd9014000030008,1,1,3464,-42,1654780281854614,1654780281854614,
300833b2ddd9014000030008,1,1,3464,-42,1654780281859392,1654780281859392,
300833b2ddd9014000030002,1,1,776,-50,1654780281861624,1654780281861624,
300833b2ddd9014000030009,1,1,2400,-41,1654780281862695,1654780281862695,
300833b2ddd9014000030001,1,1,1452,-49,1654780281863768,1654780281863768,
300833b2ddd9014000030009,1,1,2388,-41,1654780281894294,1654780281894294,
300833b2ddd9014000030002,1,1,756,-49,1654780281895335,1654780281895335,
300833b2ddd9014000030001,1,1,1456,-49,1654780281896918,1654780281896918,
300833b2ddd9014000030008,1,1,3464,-42,1654780281899186,1654780281899186,
300833b2ddd9014000030002,1,1,768,-49,1654780281903495,1654780281903495,
300833b2ddd9014000030009,1,1,2380,-41,1654780281904652,1654780281904652,
300833b2ddd9014000030001,1,1,1456,-49,1654780281905767,1654780281905767,
300833b2ddd9014000030008,1,1,3464,-42,1654780281907702,1654780281907702,
300833b2ddd9014000030001,1,1,1468,-49,1654780281937514,1654780281937514,
300833b2ddd9014000030008,1,1,3480,-42,1654780281939435,1654780281939435,
300833b2ddd9014000030009,1,1,2392,-41,1654780281940995,1654780281940995,
300833b2ddd9014000030002,1,1,776,-49,1654780281942447,1654780281942447,
300833b2ddd9014000030001,1,1,1476,-49,1654780281945165,1654780281945165,
300833b2ddd9014000030009,1,1,2392,-41,1654780281946706,1654780281946706,
300833b2ddd9014000030008,1,1,3472,-42,1654780281947787,1654780281947787,
300833b2ddd9014000030002,1,1,756,-49,1654780281949966,1654780281949966,
300833b2ddd9014000030009,1,1,2412,-41,1654780281980880,1654780281980880,
300833b2ddd9014000030002,1,1,748,-49,1654780281983376,1654780281983376,
300833b2ddd9014000030001,1,1,1452,-49,1654780281984505,1654780281984505,
300833b2ddd9014000030008,1,1,3472,-42,1654780281986663,1654780281986663,
300833b2ddd9014000030001,1,1,1468,-49,1654780281990801,1654780281990801,
300833b2ddd9014000030008,1,1,3464,-42,1654780281992029,1654780281992029,
300833b2ddd9014000030002,1,1,764,-49,1654780281993324,1654780281993324,
300833b2ddd9014000030009,1,1,2400,-41,1654780281994396,1654780281994396,
300833b2ddd9014000030009,1,1,2412,-41,1654780282024827,1654780282024827,
300833b2ddd9014000030002,1,1,740,-49,1654780282025884,1654780282025884,
300833b2ddd9014000030008,1,1,3484,-42,1654780282027207,1654780282027207,
300833b2ddd9014000030001,1,1,1444,-49,1654780282028294,1654780282028294,
300833b2ddd9014000030002,1,1,760,-49,1654780282033231,1654780282033231,
300833b2ddd9014000030009,1,1,2396,-41,1654780282034260,1654780282034260,
300833b2ddd9014000030001,1,1,1468,-49,1654780282035303,1654780282035303,
300833b2ddd9014000030008,1,1,3480,-42,1654780282036867,1654780282036867,
300833b2ddd9014000030008,1,1,3492,-42,1654780282068727,1654780282068727,
300833b2ddd9014000030009,1,1,2392,-41,1654780282070906,1654780282070906,
300833b2ddd9014000030001,1,1,1500,-49,1654780282072643,1654780282072643,
300833b2ddd9014000030002,1,1,752,-49,1654780282073755,1654780282073755,
300833b2ddd9014000030009,1,1,2400,-41,1654780282076748,1654780282076748,
300833b2ddd9014000030001,1,1,1492,-49,1654780282078061,1654780282078061,
300833b2ddd9014000030008,1,1,3488,-42,1654780282079116,1654780282079116,
300833b2ddd9014000030002,1,1,756,-49,1654780282082180,1654780282082180,
300833b2ddd9014000030001,1,1,1476,-49,1654780282111900,1654780282111900,
300833b2ddd9014000030009,1,1,2392,-41,1654780282113200,1654780282113200,
300833b2ddd9014000030002,1,1,756,-49,1654780282114310,1654780282114310,
300833b2ddd9014000030008,1,1,3480,-42,1654780282115365,1654780282115365,
300833b2ddd9014000030009,1,1,2396,-41,1654780282120316,1654780282120316,
300833b2ddd9014000030001,1,1,1464,-49,1654780282121417,1654780282121417,
300833b2ddd9014000030002,1,1,740,-49,1654780282122501,1654780282122501,
300833b2ddd9014000030008,1,1,3484,-42,1654780282124078,1654780282124078,
300833b2ddd9014000030001,1,1,1468,-49,1654780282155811,1654780282155811,
300833b2ddd9014000030008,1,1,3484,-42,1654780282157349,1654780282157349,
300833b2ddd9014000030009,1,1,2396,-41,1654780282158435,1654780282158435,
300833b2ddd9014000030002,1,1,736,-49,1654780282161193,1654780282161193,
300833b2ddd9014000030008,1,1,3476,-42,1654780282164123,1654780282164123,
300833b2ddd9014000030009,1,1,2392,-41,1654780282165224,1654780282165224,
300833b2ddd9014000030001,1,1,1468,-49,1654780282166537,1654780282166537,
300833b2ddd9014000030002,1,1,776,-49,1654780282168103,1654780282168103,
300833b2ddd9014000030009,1,1,2396,-41,1654780282199814,1654780282199814,
300833b2ddd9014000030008,1,1,3476,-42,1654780282200899,1654780282200899,
300833b2ddd9014000030002,1,1,736,-49,1654780282201996,1654780282201996,
300833b2ddd9014000030001,1,1,1480,-49,1654780282203309,1654780282203309,
300833b2ddd9014000030001,1,1,1464,-49,1654780282208126,1654780282208126,
300833b2ddd9014000030009,1,1,2388,-41,1654780282210046,1654780282210046,
300833b2ddd9014000030008,1,1,3464,-42,1654780282211127,1654780282211127,
300833b2ddd9014000030002,1,1,732,-49,1654780282212224,1654780282212224,
300833b2ddd9014000030008,1,1,3484,-42,1654780282242826,1654780282242826,
300833b2ddd9014000030009,1,1,2384,-41,1654780282244153,1654780282244153,
300833b2ddd9014000030001,1,1,1476,-49,1654780282245749,1654780282245749,
300833b2ddd9014000030002,1,1,744,-49,1654780282247429,1654780282247429,
300833b2ddd9014000030001,1,1,1456,-49,1654780282263488,1654780282263488,
300833b2ddd9014000030002,1,1,744,-49,1654780282264642,1654780282264642,
300833b2ddd9014000030009,1,1,2396,-41,1654780282265743,1654780282265743,
300833b2ddd9014000030008,1,1,3464,-42,1654780282267038,1654780282267038,
300833b2ddd9014000030009,1,1,2396,-41,1654780282310337,1654780282310337,
300833b2ddd9014000030001,1,1,1480,-49,1654780282311809,1654780282311809,
300833b2ddd9014000030008,1,1,3476,-42,1654780282313116,1654780282313116,
300833b2ddd9014000030002,1,1,740,-49,1654780282314583,1654780282314583,
300833b2ddd9014000030009,1,1,2388,-41,1654780282318296,1654780282318296,
300833b2ddd9014000030008,1,1,3484,-42,1654780282319490,1654780282319490,
300833b2ddd9014000030001,1,1,1488,-49,1654780282322628,1654780282322628,
300833b2ddd9014000030002,1,1,736,-49,1654780282323697,1654780282323697,
300833b2ddd9014000030009,1,1,2388,-41,1654780282353418,1654780282353418,
300833b2ddd9014000030001,1,1,1512,-49,1654780282355031,1654780282355031,
300833b2ddd9014000030008,1,1,3468,-42,1654780282356297,1654780282356297,
300833b2ddd9014000030002,1,1,748,-49,1654780282357381,1654780282357381,
300833b2ddd9014000030008,1,1,3480,-42,1654780282362535,1654780282362535,
300833b2ddd9014000030001,1,1,1460,-49,1654780282363723,1654780282363723,
300833b2ddd9014000030009,1,1,2408,-41,1654780282364808,1654780282364808,
300833b2ddd9014000030002,1,1,760,-49,1654780282366074,1654780282366074,
300833b2ddd9014000030008,1,1,3500,-42,1654780282396737,1654780282396737,
300833b2ddd9014000030009,1,1,2380,-41,1654780282398048,1654780282398048,
300833b2ddd9014000030002,1,1,760,-49,1654780282399130,1654780282399130,
300833b2ddd9014000030001,1,1,1564,-49,1654780282400658,1654780282400658,
300833b2ddd9014000030008,1,1,3468,-42,1654780282406779,1654780282406779,
300833b2ddd9014000030002,1,1,748,-49,1654780282409107,1654780282409107,
300833b2ddd9014000030009,1,1,2388,-41,1654780282410192,1654780282410192,
300833b2ddd9014000030001,1,1,1452,-49,1654780282411646,1654780282411646,
300833b2ddd9014000030001,1,1,1464,-49,1654780282441913,1654780282441913,
300833b2ddd9014000030009,1,1,2388,-41,1654780282443212,1654780282443212,
300833b2ddd9014000030008,1,1,3476,-42,1654780282444549,1654780282444549,
300833b2ddd9014000030002,1,1,760,-49,1654780282446813,1654780282446813,
300833b2ddd9014000030008,1,1,3460,-42,1654780282450442,1654780282450442,
300833b2ddd9014000030009,1,1,2384,-41,1654780282451542,1654780282451542,
300833b2ddd9014000030002,1,1,756,-49,1654780282453331,1654780282453331,
300833b2ddd9014000030001,1,1,1456,-49,1654780282455868,1654780282455868,
300833b2ddd9014000030008,1,1,3460,-42,1654780282486173,1654780282486173,
300833b2ddd9014000030002,1,1,748,-49,1654780282487242,1654780282487242,
300833b2ddd9014000030009,1,1,2388,-41,1654780282488301,1654780282488301,
300833b2ddd9014000030001,1,1,1464,-49,1654780282489629,1654780282489629,
300833b2ddd9014000030002,1,1,744,-49,1654780282494330,1654780282494330,
300833b2ddd9014000030009,1,1,2376,-41,1654780282495445,1654780282495445,
300833b2ddd9014000030008,1,1,3472,-42,1654780282496511,1654780282496511,
300833b2ddd9014000030001,1,1,1460,-49,1654780282498506,1654780282498506,
300833b2ddd9014000030001,1,1,1452,-49,1654780282530932,1654780282530932,
300833b2ddd9014000030009,1,1,2392,-41,1654780282532271,1654780282532271,
300833b2ddd9014000030008,1,1,3468,-42,1654780282533382,1654780282533382,
300833b2ddd9014000030002,1,1,744,-49,1654780282534608,1654780282534608,
300833b2ddd9014000030001,1,1,1492,-49,1654780282540263,1654780282540263,
300833b2ddd9014000030008,1,1,3472,-42,1654780282542396,1654780282542396,
300833b2ddd9014000030009,1,1,2388,-41,1654780282543496,1654780282543496,
300833b2ddd9014000030002,1,1,740,-49,1654780282544964,1654780282544964,
300833b2ddd9014000030001,1,1,1480,-49,1654780282574776,1654780282574776,
300833b2ddd9014000030009,1,1,2392,-41,1654780282576063,1654780282576063,
300833b2ddd9014000030002,1,1,732,-49,1654780282577131,1654780282577131,
300833b2ddd9014000030008,1,1,3476,-42,1654780282578368,1654780282578368,
300833b2ddd9014000030001,1,1,1448,-49,1654780282584561,1654780282584561,
300833b2ddd9014000030009,1,1,2396,-41,1654780282585831,1654780282585831,
300833b2ddd9014000030008,1,1,3464,-42,1654780282587408,1654780282587408,
300833b2ddd9014000030002,1,1,736,-49,1654780282588491,1654780282588491,
300833b2ddd9014000030002,1,1,740,-49,1654780282620482,1654780282620482,
300833b2ddd9014000030001,1,1,1476,-50,1654780282621611,1654780282621611,
300833b2ddd9014000030008,1,1,3464,-42,1654780282623789,1654780282623789,
300833b2ddd9014000030009,1,1,2388,-41,1654780282625073,1654780282625073,
300833b2ddd9014000030009,1,1,2396,-41,1654780282629611,1654780282629611,
300833b2ddd9014000030008,1,1,3460,-42,1654780282631531,1654780282631531,
300833b2ddd9014000030002,1,1,748,-49,1654780282632586,1654780282632586,
300833b2ddd9014000030001,1,1,1440,-49,1654780282633645,1654780282633645,
300833b2ddd9014000030008,1,1,3468,-42,1654780282666436,1654780282666436,
300833b2ddd9014000030009,1,1,2388,-41,1654780282667833,1654780282667833,
300833b2ddd9014000030002,1,1,724,-48,1654780282669157,1654780282669157,
300833b2ddd9014000030001,1,1,1468,-49,1654780282670625,1654780282670625,
300833b2ddd9014000030001,1,1,1444,-49,1654780282673737,1654780282673737,
300833b2ddd9014000030002,1,1,760,-49,1654780282674820,1654780282674820,
300833b2ddd9014000030008,1,1,3472,-42,1654780282675903,1654780282675903,
300833b2ddd9014000030009,1,1,2384,-41,1654780282677018,1654780282677018,
300833b2ddd9014000030009,1,1,2388,-41,1654780282711184,1654780282711184,
300833b2ddd9014000030002,1,1,764,-48,1654780282712368,1654780282712368,
300833b2ddd9014000030001,1,1,1416,-49,1654780282713469,1654780282713469,
300833b2ddd9014000030008,1,1,3468,-42,1654780282714819,1654780282714819,
300833b2ddd9014000030009,1,1,2388,-41,1654780282719710,1654780282719710,
300833b2ddd9014000030002,1,1,780,-49,1654780282721134,1654780282721134,
300833b2ddd9014000030001,1,1,1476,-49,1654780282722462,1654780282722462,
300833b2ddd9014000030008,1,1,3472,-42,1654780282723543,1654780282723543,
300833b2ddd9014000030009,1,1,2384,-41,1654780282764816,1654780282764816,
300833b2ddd9014000030008,1,1,3464,-42,1654780282766338,1654780282766338,
300833b2ddd9014000030001,1,1,1460,-49,1654780282767482,1654780282767482,
300833b2ddd9014000030008,1,1,3476,-42,1654780282770435,1654780282770435,
300833b2ddd9014000030002,1,1,776,-49,1654780282771535,1654780282771535,
300833b2ddd9014000030009,1,1,2384,-41,1654780282773103,1654780282773103,
300833b2ddd9014000030001,1,1,1444,-49,1654780282774459,1654780282774459,
300833b2ddd9014000030009,1,1,2392,-41,1654780282807207,1654780282807207,
300833b2ddd9014000030001,1,1,1468,-49,1654780282808308,1654780282808308,
300833b2ddd9014000030008,1,1,3472,-42,1654780282809406,1654780282809406,
300833b2ddd9014000030002,1,1,756,-49,1654780282810858,1654780282810858,
300833b2ddd9014000030001,1,1,1440,-49,1654780282813678,1654780282813678,
300833b2ddd9014000030002,1,1,780,-49,1654780282814987,1654780282814987,
300833b2ddd9014000030009,1,1,2380,-41,1654780282816143,1654780282816143,
300833b2ddd9014000030008,1,1,3456,-42,1654780282817650,1654780282817650,
300833b2ddd9014000030009,1,1,2396,-41,1654780282849060,1654780282849060,
300833b2ddd9014000030002,1,1,780,-49,1654780282850172,1654780282850172,
300833b2ddd9014000030001,1,1,1464,-49,1654780282852252,1654780282852252,
300833b2ddd9014000030001,1,1,1436,-49,1654780282856741,1654780282856741,
300833b2ddd9014000030008,1,1,3464,-42,1654780282857837,1654780282857837,
300833b2ddd9014000030002,1,1,780,-49,1654780282859645,1654780282859645,
300833b2ddd9014000030009,1,1,2396,-41,1654780282860786,1654780282860786,
300833b2ddd9014000030002,1,1,752,-49,1654780282893762,1654780282893762,
300833b2ddd9014000030009,1,1,2396,-41,1654780282895060,1654780282895060,
300833b2ddd9014000030008,1,1,3460,-42,1654780282896326,1654780282896326,
300833b2ddd9014000030001,1,1,1440,-49,1654780282897611,1654780282897611,
300833b2ddd9014000030009,1,1,2384,-41,1654780282902085,1654780282902085,
300833b2ddd9014000030008,1,1,3464,-42,1654780282903406,1654780282903406,
300833b2ddd9014000030002,1,1,752,-49,1654780282904517,1654780282904517,
300833b2ddd9014000030001,1,1,1448,-49,1654780282905633,1654780282905633,
300833b2ddd9014000030002,1,1,752,-49,1654780282938035,1654780282938035,
300833b2ddd9014000030009,1,1,2384,-41,1654780282939954,1654780282939954,
300833b2ddd9014000030008,1,1,3472,-42,1654780282941008,1654780282941008,
300833b2ddd9014000030001,1,1,1460,-49,1654780282942223,1654780282942223,
300833b2ddd9014000030001,1,1,1428,-49,1654780282945226,1654780282945226,
300833b2ddd9014000030002,1,1,764,-49,1654780282947445,1654780282947445,
300833b2ddd9014000030009,1,1,2396,-41,1654780282948587,1654780282948587,
300833b2ddd9014000030008,1,1,3468,-42,1654780282949627,1654780282949627,
300833b2ddd9014000030009,1,1,2384,-41,1654780282980294,1654780282980294,
300833b2ddd9014000030001,1,1,1468,-50,1654780282981978,1654780282981978,
300833b2ddd9014000030008,1,1,3468,-42,1654780282983061,1654780282983061,
300833b2ddd9014000030002,1,1,724,-48,1654780282984428,1654780282984428,
300833b2ddd9014000030009,1,1,2388,-41,1654780282988841,1654780282988841,
300833b2ddd9014000030001,1,1,1452,-50,1654780282989969,1654780282989969,
300833b2ddd9014000030008,1,1,3476,-42,1654780282991127,1654780282991127,
300833b2ddd9014000030002,1,1,744,-49,1654780282992196,1654780282992196,
300833b2ddd9014000030009,1,1,2408,-41,1654780283022787,1654780283022787,
300833b2ddd9014000030008,1,1,3456,-42,1654780283025737,1654780283025737,
300833b2ddd9014000030002,1,1,732,-49,1654780283027189,1654780283027189,
300833b2ddd9014000030001,1,1,1460,-50,1654780283028319,1654780283028319,
300833b2ddd9014000030009,1,1,2388,-41,1654780283032183,1654780283032183,
300833b2ddd9014000030002,1,1,732,-49,1654780283034692,1654780283034692,
300833b2ddd9014000030001,1,1,1488,-50,1654780283035795,1654780283035795,
300833b2ddd9014000030008,1,1,3460,-42,1654780283036878,1654780283036878,
300833b2ddd9014000030002,1,1,740,-49,1654780283068527,1654780283068527,
300833b2ddd9014000030009,1,1,2384,-41,1654780283070494,1654780283070494,
300833b2ddd9014000030008,1,1,3468,-42,1654780283071574,1654780283071574,
300833b2ddd9014000030001,1,1,1456,-49,1654780283072818,1654780283072818,
300833b2ddd9014000030001,1,1,1448,-50,1654780283076063,1654780283076063,
300833b2ddd9014000030008,1,1,3472,-42,1654780283077136,1654780283077136,
300833b2ddd9014000030009,1,1,2384,-41,1654780283078238,1654780283078238,
300833b2ddd9014000030002,1,1,744,-49,1654780283082369,1654780283082369,
300833b2ddd9014000030008,1,1,3464,-42,1654780283112453,1654780283112453,
300833b2ddd9014000030009,1,1,2384,-41,1654780283114716,1654780283114716,
300833b2ddd9014000030002,1,1,732,-49,1654780283116197,1654780283116197,
300833b2ddd9014000030001,1,1,1460,-50,1654780283117655,1654780283117655,
300833b2ddd9014000030008,1,1,3464,-42,1654780283120653,1654780283120653,
300833b2ddd9014000030009,1,1,2384,-41,1654780283122336,1654780283122336,
300833b2ddd9014000030002,1,1,736,-49,1654780283123699,1654780283123699,
300833b2ddd9014000030001,1,1,1448,-50,1654780283124789,1654780283124789,
300833b2ddd9014000030002,1,1,736,-48,1654780283155390,1654780283155390,
300833b2ddd9014000030001,1,1,1408,-50,1654780283156450,1654780283156450,
300833b2ddd9014000030009,1,1,2392,-41,1654780283159132,1654780283159132,
300833b2ddd9014000030008,1,1,3476,-42,1654780283160201,1654780283160201,
300833b2ddd9014000030008,1,1,3472,-42,1654780283164488,1654780283164488,
300833b2ddd9014000030002,1,1,744,-48,1654780283166011,1654780283166011,
300833b2ddd9014000030001,1,1,1432,-50,1654780283167296,1654780283167296,
300833b2ddd9014000030009,1,1,2396,-41,1654780283168666,1654780283168666,
300833b2ddd9014000030001,1,1,1432,-50,1654780283201573,1654780283201573,
300833b2ddd9014000030009,1,1,2388,-41,1654780283203089,1654780283203089,
300833b2ddd9014000030008,1,1,3476,-42,1654780283204609,1654780283204609,
300833b2ddd9014000030002,1,1,736,-49,1654780283205821,1654780283205821,
300833b2ddd9014000030009,1,1,2388,-41,1654780283214829,1654780283214829,
300833b2ddd9014000030008,1,1,3460,-42,1654780283215926,1654780283215926,
300833b2ddd9014000030001,1,1,1424,-50,1654780283217450,1654780283217450,
300833b2ddd9014000030002,1,1,716,-49,1654780283218579,1654780283218579,
300833b2ddd9014000030008,1,1,3464,-42,1654780283252091,1654780283252091,
300833b2ddd9014000030001,1,1,1412,-49,1654780283253194,1654780283253194,
300833b2ddd9014000030009,1,1,2396,-41,1654780283257370,1654780283257370,
300833b2ddd9014000030002,1,1,732,-49,1654780283258469,1654780283258469,
300833b2ddd9014000030001,1,1,1444,-50,1654780283259768,1654780283259768,
300833b2ddd9014000030008,1,1,3456,-42,1654780283260850,1654780283260850,
300833b2ddd9014000030008,1,1,3460,-42,1654780283292282,1654780283292282,
300833b2ddd9014000030009,1,1,2392,-41,1654780283293891,1654780283293891,
300833b2ddd9014000030002,1,1,740,-49,1654780283295440,1654780283295440,
300833b2ddd9014000030001,1,1,1428,-49,1654780283296556,1654780283296556,
300833b2ddd9014000030001,1,1,1448,-49,1654780283300824,1654780283300824,
300833b2ddd9014000030009,1,1,2392,-41,1654780283301880,1654780283301880,
300833b2ddd9014000030008,1,1,3468,-42,1654780283302976,1654780283302976,