epc,atenda,atendanum,phase,RSS,timestamp,timestamp2,
300833b2ddd9014000030001,1,1,308,-64,1654695299066294,1654695299066294,
300833b2ddd9014000030008,1,1,12,-65,1654695299067747,1654695299067747,
300833b2ddd9014000030009,1,1,3320,-58,1654695299068817,1654695299068817,
300833b2ddd9014000030002,1,1,3576,-72,1654695299071735,1654695299071735,
300833b2ddd9014000030009,1,1,3340,-57,1654695299101426,1654695299101426,
300833b2ddd9014000030008,1,1,8,-65,1654695299107011,1654695299107011,
300833b2ddd9014000030001,1,1,324,-64,1654695299108114,1654695299108114,
300833b2ddd9014000030002,1,1,3360,-71,1654695299111588,1654695299111588,
300833b2ddd9014000030009,1,1,3348,-57,1654695299115011,1654695299115011,
300833b2ddd9014000030001,1,1,568,-64,1654695299117063,1654695299117063,
300833b2ddd9014000030008,1,1,56,-65,1654695299118387,1654695299118387,
300833b2ddd9014000030002,1,1,3436,-70,1654695299120428,1654695299120428,
300833b2ddd9014000030001,1,1,508,-64,1654695299152494,1654695299152494,
300833b2ddd9014000030009,1,1,3308,-58,1654695299153520,1654695299153520,
300833b2ddd9014000030008,1,1,124,-64,1654695299155805,1654695299155805,
300833b2ddd9014000030009,1,1,3324,-58,1654695299159114,1654695299159114,
300833b2ddd9014000030001,1,1,348,-64,1654695299160232,1654695299160232,
300833b2ddd9014000030008,1,1,88,-64,1654695299161784,1654695299161784,
300833b2ddd9014000030009,1,1,3368,-57,1654695299193224,1654695299193224,
300833b2ddd9014000030008,1,1,60,-64,1654695299196046,1654695299196046,
300833b2ddd9014000030001,1,1,384,-64,1654695299197151,1654695299197151,
300833b2ddd9014000030002,1,1,3532,-70,1654695299200929,1654695299200929,
300833b2ddd9014000030009,1,1,3268,-58,1654695299203970,1654695299203970,
300833b2ddd9014000030002,1,1,3356,-69,1654695299205072,1654695299205072,
300833b2ddd9014000030008,1,1,4092,-64,1654695299206622,1654695299206622,
300833b2ddd9014000030001,1,1,420,-64,1654695299208831,1654695299208831,
300833b2ddd9014000030001,1,1,300,-63,1654695299239628,1654695299239628,
300833b2ddd9014000030009,1,1,3340,-58,1654695299240699,1654695299240699,
300833b2ddd9014000030008,1,1,60,-65,1654695299242492,1654695299242492,
300833b2ddd9014000030002,1,1,3396,-71,1654695299248016,1654695299248016,
300833b2ddd9014000030009,1,1,3348,-57,1654695299250829,1654695299250829,
300833b2ddd9014000030008,1,1,80,-64,1654695299252158,1654695299252158,
300833b2ddd9014000030001,1,1,368,-64,1654695299255111,1654695299255111,
300833b2ddd9014000030002,1,1,3316,-73,1654695299257105,1654695299257105,
300833b2ddd9014000030001,1,1,296,-64,1654695299286800,1654695299286800,
300833b2ddd9014000030009,1,1,3384,-58,1654695299287874,1654695299287874,
300833b2ddd9014000030008,1,1,104,-64,1654695299289224,1654695299289224,
300833b2ddd9014000030001,1,1,348,-64,1654695299295575,1654695299295575,
300833b2ddd9014000030009,1,1,3328,-57,1654695299296942,1654695299296942,
300833b2ddd9014000030008,1,1,40,-65,1654695299298307,1654695299298307,
300833b2ddd9014000030009,1,1,3332,-58,1654695299330342,1654695299330342,
300833b2ddd9014000030008,1,1,4080,-64,1654695299334769,1654695299334769,
300833b2ddd9014000030001,1,1,336,-64,1654695299335885,1654695299335885,
300833b2ddd9014000030008,1,1,8,-64,1654695299340882,1654695299340882,
300833b2ddd9014000030001,1,1,312,-64,1654695299341969,1654695299341969,
300833b2ddd9014000030009,1,1,3336,-58,1654695299343522,1654695299343522,
300833b2ddd9014000030008,1,1,12,-65,1654695299375025,1654695299375025,
300833b2ddd9014000030009,1,1,3364,-58,1654695299376126,1654695299376126,
300833b2ddd9014000030001,1,1,332,-64,1654695299377442,1654695299377442,
300833b2ddd9014000030002,1,1,3576,-70,1654695299381118,1654695299381118,
300833b2ddd9014000030009,1,1,3384,-58,1654695299384158,1654695299384158,
300833b2ddd9014000030001,1,1,368,-65,1654695299385501,1654695299385501,
300833b2ddd9014000030008,1,1,4084,-64,1654695299387012,1654695299387012,
300833b2ddd9014000030002,1,1,3424,-71,1654695299389985,1654695299389985,
300833b2ddd9014000030008,1,1,0,-64,1654695299419746,1654695299419746,
300833b2ddd9014000030009,1,1,3348,-58,1654695299421312,1654695299421312,
300833b2ddd9014000030001,1,1,344,-64,1654695299422613,1654695299422613,
300833b2ddd9014000030002,1,1,3248,-69,1654695299428271,1654695299428271,
300833b2ddd9014000030001,1,1,284,-64,1654695299431575,1654695299431575,
300833b2ddd9014000030009,1,1,3320,-57,1654695299433014,1654695299433014,
300833b2ddd9014000030008,1,1,92,-65,1654695299437578,1654695299437578,
300833b2ddd9014000030002,1,1,3476,-72,1654695299439231,1654695299439231,
300833b2ddd9014000030001,1,1,340,-64,1654695299469956,1654695299469956,
300833b2ddd9014000030009,1,1,3328,-58,1654695299471283,1654695299471283,
300833b2ddd9014000030008,1,1,20,-64,1654695299472383,1654695299472383,
300833b2ddd9014000030008,1,1,84,-64,1654695299478739,1654695299478739,
300833b2ddd9014000030001,1,1,464,-64,1654695299479814,1654695299479814,
300833b2ddd9014000030009,1,1,3340,-58,1654695299480884,1654695299480884,
300833b2ddd9014000030008,1,1,72,-65,1654695299511488,1654695299511488,
300833b2ddd9014000030009,1,1,3292,-57,1654695299512557,1654695299512557,
300833b2ddd9014000030001,1,1,284,-64,1654695299516445,1654695299516445,
300833b2ddd9014000030008,1,1,140,-64,1654695299519888,1654695299519888,
300833b2ddd9014000030009,1,1,3312,-58,1654695299521369,1654695299521369,
300833b2ddd9014000030001,1,1,276,-64,1654695299522730,1654695299522730,
300833b2ddd9014000030008,1,1,32,-65,1654695299553528,1654695299553528,
300833b2ddd9014000030001,1,1,376,-64,1654695299554659,1654695299554659,
300833b2ddd9014000030009,1,1,3348,-58,1654695299556439,1654695299556439,
300833b2ddd9014000030001,1,1,320,-64,1654695299563671,1654695299563671,
300833b2ddd9014000030008,1,1,24,-64,1654695299564726,1654695299564726,
300833b2ddd9014000030009,1,1,3348,-58,1654695299567432,1654695299567432,
300833b2ddd9014000030002,1,1,3524,-71,1654695299569114,1654695299569114,
300833b2ddd9014000030001,1,1,392,-64,1654695299603179,1654695299603179,
300833b2ddd9014000030009,1,1,3364,-58,1654695299604236,1654695299604236,
300833b2ddd9014000030008,1,1,68,-64,1654695299605533,1654695299605533,
300833b2ddd9014000030002,1,1,3448,-72,1654695299607357,1654695299607357,
300833b2ddd9014000030001,1,1,332,-64,1654695299612664,1654695299612664,
300833b2ddd9014000030009,1,1,3316,-58,1654695299613719,1654695299613719,
300833b2ddd9014000030008,1,1,44,-64,1654695299614934,1654695299614934,
300833b2ddd9014000030002,1,1,3360,-72,1654695299619211,1654695299619211,
300833b2ddd9014000030009,1,1,3328,-58,1654695299649843,1654695299649843,
300833b2ddd9014000030008,1,1,12,-64,1654695299651031,1654695299651031,
300833b2ddd9014000030001,1,1,436,-64,1654695299652104,1654695299652104,
300833b2ddd9014000030001,1,1,336,-64,1654695299656951,1654695299656951,
300833b2ddd9014000030009,1,1,3308,-58,1654695299658888,1654695299658888,
300833b2ddd9014000030008,1,1,36,-65,1654695299659917,1654695299659917,
300833b2ddd9014000030008,1,1,4072,-64,1654695299690909,1654695299690909,
300833b2ddd9014000030001,1,1,324,-64,1654695299692238,1654695299692238,
300833b2ddd9014000030009,1,1,3348,-58,1654695299694050,1654695299694050,
300833b2ddd9014000030009,1,1,3392,-58,1654695299698456,1654695299698456,
300833b2ddd9014000030008,1,1,120,-63,1654695299699525,1654695299699525,
300833b2ddd9014000030001,1,1,400,-65,1654695299703080,1654695299703080,
300833b2ddd9014000030009,1,1,3376,-57,1654695299734494,1654695299734494,
300833b2ddd9014000030001,1,1,252,-64,1654695299736065,1654695299736065,
300833b2ddd9014000030002,1,1,3592,-70,1654695299738544,1654695299738544,
300833b2ddd9014000030008,1,1,56,-64,1654695299739654,1654695299739654,
300833b2ddd9014000030002,1,1,3368,-70,1654695299744547,1654695299744547,
300833b2ddd9014000030009,1,1,3396,-58,1654695299745973,1654695299745973,
300833b2ddd9014000030001,1,1,400,-65,1654695299747059,1654695299747059,
300833b2ddd9014000030008,1,1,4088,-65,1654695299749012,1654695299749012,
300833b2ddd9014000030001,1,1,376,-65,1654695299782271,1654695299782271,
300833b2ddd9014000030008,1,1,80,-64,1654695299783385,1654695299783385,
300833b2ddd9014000030009,1,1,3324,-58,1654695299784482,1654695299784482,
300833b2ddd9014000030002,1,1,3616,-72,1654695299789480,1654695299789480,
300833b2ddd9014000030008,1,1,24,-64,1654695299792263,1654695299792263,
300833b2ddd9014000030001,1,1,312,-64,1654695299793353,1654695299793353,
300833b2ddd9014000030009,1,1,3348,-58,1654695299795445,1654695299795445,
300833b2ddd9014000030002,1,1,3624,-70,1654695299798173,1654695299798173,
300833b2ddd9014000030008,1,1,132,-64,1654695299828619,1654695299828619,
300833b2ddd9014000030009,1,1,3292,-57,1654695299830730,1654695299830730,
300833b2ddd9014000030001,1,1,384,-63,1654695299831818,1654695299831818,
300833b2ddd9014000030009,1,1,3300,-57,1654695299834527,1654695299834527,
300833b2ddd9014000030008,1,1,128,-63,1654695299835828,1654695299835828,
300833b2ddd9014000030001,1,1,380,-63,1654695299837143,1654695299837143,
300833b2ddd9014000030009,1,1,3372,-58,1654695299870569,1654695299870569,
300833b2ddd9014000030008,1,1,204,-63,1654695299872024,1654695299872024,
300833b2ddd9014000030001,1,1,476,-64,1654695299873098,1654695299873098,
300833b2ddd9014000030008,1,1,3988,-62,1654695299875762,1654695299875762,
300833b2ddd9014000030009,1,1,3352,-58,1654695299878847,1654695299878847,
300833b2ddd9014000030001,1,1,340,-64,1654695299880094,1654695299880094,
300833b2ddd9014000030009,1,1,3344,-58,1654695299910248,1654695299910248,
300833b2ddd9014000030001,1,1,488,-64,1654695299911995,1654695299911995,
300833b2ddd9014000030008,1,1,8,-63,1654695299913063,1654695299913063,
300833b2ddd9014000030001,1,1,340,-64,1654695299916610,1654695299916610,
300833b2ddd9014000030009,1,1,3388,-58,1654695299919031,1654695299919031,
300833b2ddd9014000030008,1,1,4052,-63,1654695299920457,1654695299920457,
300833b2ddd9014000030009,1,1,3400,-58,1654695299951176,1654695299951176,
300833b2ddd9014000030009,1,1,3448,-56,1654695299955652,1654695299955652,
300833b2ddd9014000030009,1,1,3400,-56,1654695299987747,1654695299987747,
300833b2ddd9014000030009,1,1,3336,-56,1654695299994378,1654695299994378,
300833b2ddd9014000030009,1,1,3304,-58,1654695300026798,1654695300026798,
300833b2ddd9014000030008,1,1,36,-64,1654695300030704,1654695300030704,
300833b2ddd9014000030001,1,1,404,-64,1654695300033106,1654695300033106,
300833b2ddd9014000030009,1,1,3356,-58,1654695300036476,1654695300036476,
300833b2ddd9014000030001,1,1,328,-65,1654695300038671,1654695300038671,
300833b2ddd9014000030008,1,1,296,-64,1654695300039785,1654695300039785,
300833b2ddd9014000030009,1,1,3364,-58,1654695300071923,1654695300071923,
300833b2ddd9014000030001,1,1,504,-64,1654695300073027,1654695300073027,
300833b2ddd9014000030008,1,1,48,-64,1654695300074066,1654695300074066,
300833b2ddd9014000030002,1,1,3468,-70,1654695300086760,1654695300086760,
300833b2ddd9014000030008,1,1,64,-64,1654695300089900,1654695300089900,
300833b2ddd9014000030009,1,1,3328,-58,1654695300091850,1654695300091850,
300833b2ddd9014000030001,1,1,360,-64,1654695300092900,1654695300092900,
300833b2ddd9014000030009,1,1,3280,-58,1654695300127135,1654695300127135,
300833b2ddd9014000030001,1,1,364,-64,1654695300129070,1654695300129070,
300833b2ddd9014000030008,1,1,104,-64,1654695300130126,1654695300130126,
300833b2ddd9014000030008,1,1,84,-64,1654695300133654,1654695300133654,
300833b2ddd9014000030009,1,1,3316,-58,1654695300134839,1654695300134839,
300833b2ddd9014000030001,1,1,360,-63,1654695300136420,1654695300136420,
300833b2ddd9014000030002,1,1,3832,-71,1654695300138490,1654695300138490,
300833b2ddd9014000030001,1,1,464,-65,1654695300169154,1654695300169154,
300833b2ddd9014000030009,1,1,3340,-58,1654695300171939,1654695300171939,
300833b2ddd9014000030008,1,1,80,-64,1654695300173156,1654695300173156,
300833b2ddd9014000030001,1,1,304,-64,1654695300175920,1654695300175920,
300833b2ddd9014000030008,1,1,112,-64,1654695300177271,1654695300177271,
300833b2ddd9014000030009,1,1,3332,-58,1654695300178584,1654695300178584,
300833b2ddd9014000030001,1,1,300,-65,1654695300212378,1654695300212378,
300833b2ddd9014000030009,1,1,3356,-58,1654695300213803,1654695300213803,
300833b2ddd9014000030008,1,1,44,-64,1654695300214860,1654695300214860,
300833b2ddd9014000030002,1,1,3700,-71,1654695300218003,1654695300218003,
300833b2ddd9014000030008,1,1,4092,-64,1654695300223397,1654695300223397,
300833b2ddd9014000030001,1,1,384,-64,1654695300224738,1654695300224738,
300833b2ddd9014000030009,1,1,3340,-58,1654695300225812,1654695300225812,
300833b2ddd9014000030002,1,1,3464,-71,1654695300227677,1654695300227677,
300833b2ddd9014000030009,1,1,3412,-58,1654695300258480,1654695300258480,
300833b2ddd9014000030008,1,1,132,-65,1654695300259592,1654695300259592,
300833b2ddd9014000030001,1,1,316,-64,1654695300261571,1654695300261571,
300833b2ddd9014000030002,1,1,3584,-71,1654695300264019,1654695300264019,
300833b2ddd9014000030008,1,1,56,-64,1654695300267795,1654695300267795,
300833b2ddd9014000030009,1,1,3320,-58,1654695300269024,1654695300269024,
300833b2ddd9014000030001,1,1,288,-64,1654695300270606,1654695300270606,
300833b2ddd9014000030008,1,1,72,-65,1654695300304343,1654695300304343,
300833b2ddd9014000030009,1,1,3336,-58,1654695300305511,1654695300305511,
300833b2ddd9014000030001,1,1,384,-64,1654695300306811,1654695300306811,
300833b2ddd9014000030009,1,1,3344,-58,1654695300311228,1654695300311228,
300833b2ddd9014000030008,1,1,72,-64,1654695300313302,1654695300313302,
300833b2ddd9014000030001,1,1,524,-64,1654695300314422,1654695300314422,
300833b2ddd9014000030009,1,1,3312,-58,1654695300344412,1654695300344412,
300833b2ddd9014000030001,1,1,472,-64,1654695300345475,1654695300345475,
300833b2ddd9014000030008,1,1,168,-65,1654695300347070,1654695300347070,
300833b2ddd9014000030001,1,1,396,-65,1654695300352517,1654695300352517,
300833b2ddd9014000030009,1,1,3380,-58,1654695300353983,1654695300353983,
300833b2ddd9014000030008,1,1,24,-64,1654695300355308,1654695300355308,
300833b2ddd9014000030002,1,1,3724,-71,1654695300360019,1654695300360019,
300833b2ddd9014000030009,1,1,3372,-58,1654695300390232,1654695300390232,
300833b2ddd9014000030008,1,1,4,-64,1654695300392023,1654695300392023,
300833b2ddd9014000030001,1,1,380,-65,1654695300393140,1654695300393140,
300833b2ddd9014000030009,1,1,3324,-58,1654695300399011,1654695300399011,
300833b2ddd9014000030008,1,1,84,-64,1654695300402938,1654695300402938,
300833b2ddd9014000030001,1,1,572,-64,1654695300403928,1654695300403928,
300833b2ddd9014000030009,1,1,3284,-58,1654695300434329,1654695300434329,
300833b2ddd9014000030008,1,1,80,-64,1654695300437598,1654695300437598,
300833b2ddd9014000030001,1,1,316,-64,1654695300438689,1654695300438689,
300833b2ddd9014000030008,1,1,28,-64,1654695300441935,1654695300441935,
300833b2ddd9014000030009,1,1,3368,-58,1654695300443407,1654695300443407,
300833b2ddd9014000030001,1,1,460,-64,1654695300445006,1654695300445006,
300833b2ddd9014000030008,1,1,24,-65,1654695300475335,1654695300475335,
300833b2ddd9014000030009,1,1,3324,-58,1654695300476938,1654695300476938,
300833b2ddd9014000030001,1,1,368,-64,1654695300478003,1654695300478003,
300833b2ddd9014000030009,1,1,3360,-58,1654695300484299,1654695300484299,
300833b2ddd9014000030008,1,1,16,-64,1654695300486106,1654695300486106,
300833b2ddd9014000030001,1,1,392,-64,1654695300487194,1654695300487194,
300833b2ddd9014000030009,1,1,3348,-58,1654695300517118,1654695300517118,
300833b2ddd9014000030001,1,1,356,-65,1654695300518433,1654695300518433,
300833b2ddd9014000030008,1,1,72,-65,1654695300522023,1654695300522023,
300833b2ddd9014000030009,1,1,3332,-58,1654695300525045,1654695300525045,
300833b2ddd9014000030001,1,1,380,-63,1654695300527091,1654695300527091,
300833b2ddd9014000030008,1,1,52,-63,1654695300528666,1654695300528666,
300833b2ddd9014000030009,1,1,3324,-58,1654695300559357,1654695300559357,
300833b2ddd9014000030001,1,1,340,-63,1654695300561963,1654695300561963,
300833b2ddd9014000030008,1,1,128,-63,1654695300562992,1654695300562992,
300833b2ddd9014000030009,1,1,3300,-58,1654695300566825,1654695300566825,
300833b2ddd9014000030001,1,1,392,-64,1654695300568139,1654695300568139,
300833b2ddd9014000030008,1,1,4072,-64,1654695300569804,1654695300569804,
300833b2ddd9014000030009,1,1,3344,-58,1654695300599693,1654695300599693,
300833b2ddd9014000030008,1,1,4076,-64,1654695300600736,1654695300600736,
300833b2ddd9014000030001,1,1,392,-64,1654695300602275,1654695300602275,
300833b2ddd9014000030008,1,1,44,-64,1654695300607158,1654695300607158,
300833b2ddd9014000030009,1,1,3416,-57,1654695300608486,1654695300608486,
300833b2ddd9014000030001,1,1,352,-64,1654695300610041,1654695300610041,
300833b2ddd9014000030009,1,1,3340,-59,1654695300840260,1654695300840260,
300833b2ddd9014000030008,1,1,224,-63,1654695300842903,1654695300842903,
300833b2ddd9014000030001,1,1,436,-65,1654695300843991,1654695300843991,
300833b2ddd9014000030001,1,1,484,-65,1654695300846693,1654695300846693,
300833b2ddd9014000030009,1,1,3348,-59,1654695300848267,1654695300848267,
300833b2ddd9014000030008,1,1,284,-63,1654695300849608,1654695300849608,
300833b2ddd9014000030009,1,1,3312,-59,1654695300882224,1654695300882224,
300833b2ddd9014000030008,1,1,152,-63,1654695300883961,1654695300883961,
300833b2ddd9014000030001,1,1,452,-65,1654695300885119,1654695300885119,
300833b2ddd9014000030009,1,1,3348,-59,1654695300888721,1654695300888721,
300833b2ddd9014000030001,1,1,456,-65,1654695300893755,1654695300893755,
300833b2ddd9014000030008,1,1,228,-62,1654695300894866,1654695300894866,
300833b2ddd9014000030008,1,1,228,-63,1654695300924500,1654695300924500,
300833b2ddd9014000030001,1,1,416,-66,1654695300925602,1654695300925602,
300833b2ddd9014000030009,1,1,3320,-60,1654695300927931,1654695300927931,
300833b2ddd9014000030008,1,1,288,-63,1654695300933668,1654695300933668,
300833b2ddd9014000030001,1,1,332,-65,1654695300935012,1654695300935012,
300833b2ddd9014000030009,1,1,3320,-60,1654695300936098,1654695300936098,
300833b2ddd9014000030009,1,1,3272,-61,1654695300968378,1654695300968378,
300833b2ddd9014000030001,1,1,352,-66,1654695300969709,1654695300969709,
300833b2ddd9014000030008,1,1,396,-63,1654695300971539,1654695300971539,
300833b2ddd9014000030009,1,1,3312,-61,1654695300979068,1654695300979068,
300833b2ddd9014000030008,1,1,340,-63,1654695300981005,1654695300981005,
300833b2ddd9014000030001,1,1,524,-66,1654695300982387,1654695300982387,
300833b2ddd9014000030001,1,1,488,-67,1654695301014998,1654695301014998,
300833b2ddd9014000030008,1,1,356,-62,1654695301016352,1654695301016352,
300833b2ddd9014000030009,1,1,3188,-61,1654695301017408,1654695301017408,
300833b2ddd9014000030002,1,1,2728,-71,1654695301019924,1654695301019924,
300833b2ddd9014000030009,1,1,3248,-62,1654695301022935,1654695301022935,
300833b2ddd9014000030008,1,1,348,-62,1654695301024219,1654695301024219,
300833b2ddd9014000030001,1,1,356,-67,1654695301025832,1654695301025832,
300833b2ddd9014000030002,1,1,2116,-70,1654695301058607,1654695301058607,
300833b2ddd9014000030001,1,1,416,-67,1654695301060730,1654695301060730,
300833b2ddd9014000030009,1,1,3140,-62,1654695301064245,1654695301064245,
300833b2ddd9014000030008,1,1,492,-62,1654695301065345,1654695301065345,
300833b2ddd9014000030009,1,1,3104,-63,1654695301068400,1654695301068400,
300833b2ddd9014000030008,1,1,520,-62,1654695301069696,1654695301069696,
300833b2ddd9014000030001,1,1,648,-68,1654695301071016,1654695301071016,
300833b2ddd9014000030002,1,1,2212,-70,1654695301072143,1654695301072143,
300833b2ddd9014000030009,1,1,3056,-63,1654695301103643,1654695301103643,
300833b2ddd9014000030002,1,1,2520,-69,1654695301107101,1654695301107101,
300833b2ddd9014000030008,1,1,552,-62,1654695301108186,1654695301108186,
300833b2ddd9014000030001,1,1,380,-67,1654695301109673,1654695301109673,
300833b2ddd9014000030009,1,1,2976,-63,1654695301112413,1654695301112413,
300833b2ddd9014000030001,1,1,456,-68,1654695301113746,1654695301113746,
300833b2ddd9014000030008,1,1,604,-62,1654695301115580,1654695301115580,
300833b2ddd9014000030002,1,1,2404,-71,1654695301117262,1654695301117262,
300833b2ddd9014000030009,1,1,2836,-62,1654695301148304,1654695301148304,
300833b2ddd9014000030002,1,1,2276,-69,1654695301149419,1654695301149419,
300833b2ddd9014000030001,1,1,396,-69,1654695301150510,1654695301150510,
300833b2ddd9014000030008,1,1,640,-62,1654695301151851,1654695301151851,
300833b2ddd9014000030009,1,1,2776,-63,1654695301156565,1654695301156565,
300833b2ddd9014000030008,1,1,756,-62,1654695301157818,1654695301157818,
300833b2ddd9014000030001,1,1,656,-68,1654695301158924,1654695301158924,
300833b2ddd9014000030002,1,1,2316,-69,1654695301160008,1654695301160008,
300833b2ddd9014000030008,1,1,836,-62,1654695301192688,1654695301192688,
300833b2ddd9014000030009,1,1,2796,-62,1654695301193761,1654695301193761,
300833b2ddd9014000030002,1,1,2404,-68,1654695301194832,1654695301194832,
300833b2ddd9014000030001,1,1,348,-67,1654695301197596,1654695301197596,
300833b2ddd9014000030002,1,1,2356,-67,1654695301202299,1654695301202299,
300833b2ddd9014000030009,1,1,2664,-62,1654695301203728,1654695301203728,
300833b2ddd9014000030008,1,1,892,-62,1654695301204813,1654695301204813,
300833b2ddd9014000030001,1,1,404,-68,1654695301206046,1654695301206046,
300833b2ddd9014000030009,1,1,2664,-61,1654695301237630,1654695301237630,
300833b2ddd9014000030008,1,1,1028,-62,1654695301239073,1654695301239073,
300833b2ddd9014000030002,1,1,2432,-67,1654695301240565,1654695301240565,
300833b2ddd9014000030001,1,1,320,-67,1654695301242561,1654695301242561,
300833b2ddd9014000030008,1,1,1064,-61,1654695301246663,1654695301246663,
300833b2ddd9014000030009,1,1,2584,-60,1654695301248272,1654695301248272,
300833b2ddd9014000030002,1,1,2328,-68,1654695301249498,1654695301249498,
300833b2ddd9014000030001,1,1,580,-68,1654695301251861,1654695301251861,
300833b2ddd9014000030002,1,1,2496,-66,1654695301282561,1654695301282561,
300833b2ddd9014000030008,1,1,1212,-61,1654695301283990,1654695301283990,
300833b2ddd9014000030009,1,1,2600,-58,1654695301285062,1654695301285062,
300833b2ddd9014000030001,1,1,352,-68,1654695301286746,1654695301286746,
300833b2ddd9014000030008,1,1,1316,-62,1654695301290957,1654695301290957,
300833b2ddd9014000030009,1,1,2536,-58,1654695301292085,1654695301292085,
300833b2ddd9014000030001,1,1,92,-68,1654695301294842,1654695301294842,
300833b2ddd9014000030002,1,1,2448,-66,1654695301296024,1654695301296024,
300833b2ddd9014000030002,1,1,2544,-66,1654695301326498,1654695301326498,
300833b2ddd9014000030009,1,1,2536,-57,1654695301329413,1654695301329413,
300833b2ddd9014000030002,1,1,2704,-66,1654695301332425,1654695301332425,
300833b2ddd9014000030009,1,1,2496,-57,1654695301333964,1654695301333964,
300833b2ddd9014000030008,1,1,1556,-61,1654695301335590,1654695301335590,
300833b2ddd9014000030008,1,1,1692,-59,1654695301373573,1654695301373573,
300833b2ddd9014000030001,1,1,792,-70,1654695301374792,1654695301374792,
300833b2ddd9014000030009,1,1,2368,-55,1654695301375890,1654695301375890,
300833b2ddd9014000030002,1,1,2536,-66,1654695301377570,1654695301377570,
300833b2ddd9014000030002,1,1,2764,-67,1654695301381073,1654695301381073,
300833b2ddd9014000030008,1,1,1704,-59,1654695301382170,1654695301382170,
300833b2ddd9014000030009,1,1,2388,-55,1654695301383979,1654695301383979,
300833b2ddd9014000030001,1,1,640,-72,1654695301385424,1654695301385424,
300833b2ddd9014000030008,1,1,1728,-58,1654695301416519,1654695301416519,
300833b2ddd9014000030002,1,1,2492,-65,1654695301418426,1654695301418426,
300833b2ddd9014000030009,1,1,2324,-54,1654695301419750,1654695301419750,
300833b2ddd9014000030001,1,1,692,-72,1654695301422059,1654695301422059,
300833b2ddd9014000030002,1,1,2456,-66,1654695301424936,1654695301424936,
300833b2ddd9014000030008,1,1,1772,-58,1654695301426873,1654695301426873,
300833b2ddd9014000030009,1,1,2352,-55,1654695301428140,1654695301428140,
300833b2ddd9014000030008,1,1,1776,-57,1654695301458713,1654695301458713,
300833b2ddd9014000030009,1,1,2272,-54,1654695301459769,1654695301459769,
300833b2ddd9014000030002,1,1,2484,-65,1654695301462029,1654695301462029,
300833b2ddd9014000030008,1,1,1796,-58,1654695301466373,1654695301466373,
300833b2ddd9014000030002,1,1,2432,-65,1654695301467488,1654695301467488,
300833b2ddd9014000030009,1,1,2312,-54,1654695301469524,1654695301469524,
300833b2ddd9014000030002,1,1,2424,-65,1654695301506857,1654695301506857,
300833b2ddd9014000030008,1,1,1900,-58,1654695301508845,1654695301508845,
300833b2ddd9014000030009,1,1,2300,-54,1654695301509959,1654695301509959,
300833b2ddd9014000030009,1,1,2312,-54,1654695301513502,1654695301513502,
300833b2ddd9014000030008,1,1,1932,-58,1654695301514599,1654695301514599,
300833b2ddd9014000030002,1,1,2432,-66,1654695301515644,1654695301515644,
300833b2ddd9014000030009,1,1,2284,-54,1654695301549408,1654695301549408,
300833b2ddd9014000030008,1,1,1952,-59,1654695301550961,1654695301550961,
300833b2ddd9014000030002,1,1,2408,-64,1654695301553184,1654695301553184,
300833b2ddd9014000030002,1,1,2436,-65,1654695301557531,1654695301557531,
300833b2ddd9014000030008,1,1,2024,-59,1654695301559242,1654695301559242,
300833b2ddd9014000030009,1,1,2336,-54,1654695301560609,1654695301560609,
300833b2ddd9014000030009,1,1,2344,-54,1654695301591619,1654695301591619,
300833b2ddd9014000030008,1,1,2020,-59,1654695301593106,1654695301593106,
300833b2ddd9014000030002,1,1,2352,-65,1654695301594188,1654695301594188,
300833b2ddd9014000030009,1,1,2356,-54,1654695301599126,1654695301599126,
300833b2ddd9014000030008,1,1,2080,-60,1654695301600744,1654695301600744,
300833b2ddd9014000030002,1,1,2340,-65,1654695301601899,1654695301601899,
300833b2ddd9014000030009,1,1,2380,-54,1654695301631882,1654695301631882,
300833b2ddd9014000030002,1,1,2400,-65,1654695301633512,1654695301633512,
300833b2ddd9014000030008,1,1,2096,-59,1654695301635021,1654695301635021,
300833b2ddd9014000030009,1,1,2396,-54,1654695301640242,1654695301640242,
300833b2ddd9014000030008,1,1,2048,-59,1654695301641680,1654695301641680,
300833b2ddd9014000030002,1,1,2324,-65,1654695301642793,1654695301642793,
300833b2ddd9014000030008,1,1,2088,-59,1654695301673448,1654695301673448,
300833b2ddd9014000030002,1,1,2388,-65,1654695301674532,1654695301674532,
300833b2ddd9014000030009,1,1,2440,-55,1654695301676821,1654695301676821,
300833b2ddd9014000030008,1,1,2104,-59,1654695301681219,1654695301681219,
300833b2ddd9014000030009,1,1,2460,-54,1654695301683115,1654695301683115,
300833b2ddd9014000030002,1,1,2484,-65,1654695301684215,1654695301684215,
300833b2ddd9014000030002,1,1,2384,-65,1654695301716942,1654695301716942,
300833b2ddd9014000030009,1,1,2516,-55,1654695301718299,1654695301718299,
300833b2ddd9014000030008,1,1,2128,-59,1654695301719797,1654695301719797,
300833b2ddd9014000030008,1,1,2088,-59,1654695301722920,1654695301722920,
300833b2ddd9014000030002,1,1,2328,-65,1654695301724335,1654695301724335,
300833b2ddd9014000030009,1,1,2540,-55,1654695301725447,1654695301725447,
300833b2ddd9014000030002,1,1,2512,-66,1654695301756469,1654695301756469,
300833b2ddd9014000030009,1,1,2564,-55,1654695301757767,1654695301757767,
300833b2ddd9014000030008,1,1,2128,-59,1654695301759349,1654695301759349,
300833b2ddd9014000030009,1,1,2552,-55,1654695301764878,1654695301764878,
300833b2ddd9014000030008,1,1,2132,-58,1654695301765978,1654695301765978,
300833b2ddd9014000030002,1,1,2344,-66,1654695301767985,1654695301767985,
300833b2ddd9014000030009,1,1,2600,-55,1654695301798988,1654695301798988,
300833b2ddd9014000030008,1,1,2108,-58,1654695301800912,1654695301800912,
300833b2ddd9014000030002,1,1,2480,-67,1654695301802079,1654695301802079,
300833b2ddd9014000030009,1,1,2660,-55,1654695301804842,1654695301804842,
300833b2ddd9014000030008,1,1,2144,-58,1654695301806154,1654695301806154,
300833b2ddd9014000030002,1,1,2604,-67,1654695301810421,1654695301810421,
300833b2ddd9014000030009,1,1,2656,-54,1654695301843086,1654695301843086,
300833b2ddd9014000030008,1,1,2140,-58,1654695301844770,1654695301844770,
300833b2ddd9014000030002,1,1,2464,-68,1654695301846376,1654695301846376,
300833b2ddd9014000030001,1,1,320,-70,1654695301847576,1654695301847576,
300833b2ddd9014000030009,1,1,2652,-54,1654695301850563,1654695301850563,
300833b2ddd9014000030008,1,1,2096,-58,1654695301852754,1654695301852754,
300833b2ddd9014000030002,1,1,2636,-69,1654695301853852,1654695301853852,
300833b2ddd9014000030001,1,1,372,-70,1654695301855313,1654695301855313,
300833b2ddd9014000030009,1,1,2660,-54,1654695301885564,1654695301885564,
300833b2ddd9014000030001,1,1,280,-68,1654695301887250,1654695301887250,
300833b2ddd9014000030008,1,1,2100,-58,1654695301888334,1654695301888334,
300833b2ddd9014000030002,1,1,2768,-71,1654695301890286,1654695301890286,
300833b2ddd9014000030009,1,1,2700,-54,1654695301893015,1654695301893015,
300833b2ddd9014000030008,1,1,2068,-58,1654695301894162,1654695301894162,
300833b2ddd9014000030001,1,1,344,-68,1654695301896012,1654695301896012,
300833b2ddd9014000030002,1,1,3080,-70,1654695301899899,1654695301899899,
300833b2ddd9014000030008,1,1,2012,-60,1654695301930343,1654695301930343,
300833b2ddd9014000030001,1,1,284,-67,1654695301931532,1654695301931532,
300833b2ddd9014000030009,1,1,2688,-54,1654695301932841,1654695301932841,
300833b2ddd9014000030002,1,1,3280,-70,1654695301934359,1654695301934359,
300833b2ddd9014000030008,1,1,2008,-59,1654695301938113,1654695301938113,
300833b2ddd9014000030009,1,1,2692,-54,1654695301939576,1654695301939576,
300833b2ddd9014000030001,1,1,164,-66,1654695301940707,1654695301940707,
300833b2ddd9014000030002,1,1,3280,-70,1654695301942191,1654695301942191,
300833b2ddd9014000030002,1,1,3372,-69,1654695301972291,1654695301972291,
300833b2ddd9014000030008,1,1,1912,-59,1654695301974484,1654695301974484,
300833b2ddd9014000030009,1,1,2684,-54,1654695301975566,1654695301975566,
300833b2ddd9014000030001,1,1,64,-65,1654695301976997,1654695301976997,
300833b2ddd9014000030001,1,1,148,-65,1654695301980042,1654695301980042,
300833b2ddd9014000030009,1,1,2676,-54,1654695301981741,1654695301981741,
300833b2ddd9014000030008,1,1,1896,-60,1654695301982843,1654695301982843,
300833b2ddd9014000030002,1,1,3356,-67,1654695301984509,1654695301984509,
300833b2ddd9014000030008,1,1,1872,-61,1654695302014655,1654695302014655,
300833b2ddd9014000030002,1,1,3356,-67,1654695302015980,1654695302015980,
300833b2ddd9014000030009,1,1,2704,-54,1654695302017308,1654695302017308,
300833b2ddd9014000030001,1,1,28,-64,1654695302018410,1654695302018410,
300833b2ddd9014000030009,1,1,2700,-54,1654695302023612,1654695302023612,
300833b2ddd9014000030008,1,1,1844,-61,1654695302024812,1654695302024812,
300833b2ddd9014000030002,1,1,3480,-66,1654695302025897,1654695302025897,
300833b2ddd9014000030001,1,1,60,-64,1654695302026983,1654695302026983,
300833b2ddd9014000030002,1,1,3340,-65,1654695302058118,1654695302058118,
300833b2ddd9014000030009,1,1,2680,-54,1654695302059602,1654695302059602,
300833b2ddd9014000030001,1,1,4060,-63,1654695302061173,1654695302061173,
300833b2ddd9014000030008,1,1,1920,-63,1654695302062415,1654695302062415,
300833b2ddd9014000030001,1,1,132,-63,1654695302066599,1654695302066599,
300833b2ddd9014000030009,1,1,2684,-54,1654695302067715,1654695302067715,
300833b2ddd9014000030002,1,1,3300,-65,1654695302068983,1654695302068983,
300833b2ddd9014000030008,1,1,1848,-63,1654695302070209,1654695302070209,
300833b2ddd9014000030002,1,1,3228,-64,1654695302100756,1654695302100756,
300833b2ddd9014000030001,1,1,4032,-64,1654695302101913,1654695302101913,
300833b2ddd9014000030009,1,1,2656,-55,1654695302103466,1654695302103466,
300833b2ddd9014000030008,1,1,1920,-63,1654695302104668,1654695302104668,
300833b2ddd9014000030002,1,1,3296,-64,1654695302107884,1654695302107884,
300833b2ddd9014000030008,1,1,1824,-64,1654695302109195,1654695302109195,
300833b2ddd9014000030001,1,1,3968,-63,1654695302110539,1654695302110539,
300833b2ddd9014000030009,1,1,2704,-54,1654695302111896,1654695302111896,
300833b2ddd9014000030001,1,1,3976,-64,1654695302143508,1654695302143508,
300833b2ddd9014000030009,1,1,2664,-54,1654695302144594,1654695302144594,
300833b2ddd9014000030002,1,1,3232,-64,1654695302145662,1654695302145662,
300833b2ddd9014000030008,1,1,1836,-64,1654695302146978,1654695302146978,
300833b2ddd9014000030009,1,1,2656,-54,1654695302151380,1654695302151380,
300833b2ddd9014000030002,1,1,3332,-64,1654695302153829,1654695302153829,
300833b2ddd9014000030001,1,1,3920,-63,1654695302155288,1654695302155288,
300833b2ddd9014000030008,1,1,1952,-65,1654695302156330,1654695302156330,
300833b2ddd9014000030009,1,1,2644,-54,1654695302186605,1654695302186605,
300833b2ddd9014000030008,1,1,1952,-66,1654695302187765,1654695302187765,
300833b2ddd9014000030001,1,1,3976,-63,1654695302188851,1654695302188851,
300833b2ddd9014000030002,1,1,3236,-63,1654695302191282,1654695302191282,
300833b2ddd9014000030002,1,1,3244,-63,1654695302194896,1654695302194896,
300833b2ddd9014000030009,1,1,2676,-54,1654695302196225,1654695302196225,
300833b2ddd9014000030001,1,1,3940,-63,1654695302197492,1654695302197492,
300833b2ddd9014000030008,1,1,1904,-66,1654695302198568,1654695302198568,
300833b2ddd9014000030002,1,1,3212,-63,1654695302231018,1654695302231018,
300833b2ddd9014000030008,1,1,1924,-66,1654695302232487,1654695302232487,
300833b2ddd9014000030009,1,1,2664,-54,1654695302233571,1654695302233571,
300833b2ddd9014000030001,1,1,3940,-63,1654695302234645,1654695302234645,
300833b2ddd9014000030009,1,1,2660,-54,1654695302238641,1654695302238641,
300833b2ddd9014000030008,1,1,2024,-66,1654695302239856,1654695302239856,
300833b2ddd9014000030001,1,1,3936,-63,1654695302241184,1654695302241184,
300833b2ddd9014000030002,1,1,3140,-63,1654695302242298,1654695302242298,
300833b2ddd9014000030009,1,1,2644,-54,1654695302272674,1654695302272674,
300833b2ddd9014000030001,1,1,3920,-64,1654695302274267,1654695302274267,
300833b2ddd9014000030002,1,1,3124,-63,1654695302275585,1654695302275585,
300833b2ddd9014000030008,1,1,1916,-66,1654695302277382,1654695302277382,
300833b2ddd9014000030009,1,1,2684,-54,1654695302281816,1654695302281816,
300833b2ddd9014000030001,1,1,3892,-63,1654695302283571,1654695302283571,
300833b2ddd9014000030002,1,1,3132,-63,1654695302285151,1654695302285151,
300833b2ddd9014000030008,1,1,2240,-67,1654695302286325,1654695302286325,
300833b2ddd9014000030002,1,1,3124,-63,1654695302316766,1654695302316766,
300833b2ddd9014000030008,1,1,1952,-66,1654695302317807,1654695302317807,
300833b2ddd9014000030009,1,1,2628,-54,1654695302318925,1654695302318925,
300833b2ddd9014000030001,1,1,3820,-64,1654695302320468,1654695302320468,
300833b2ddd9014000030009,1,1,2652,-54,1654695302326260,1654695302326260,
300833b2ddd9014000030008,1,1,1976,-67,1654695302327385,1654695302327385,
300833b2ddd9014000030002,1,1,3124,-63,1654695302329263,1654695302329263,
300833b2ddd9014000030001,1,1,3888,-63,1654695302330479,1654695302330479,
300833b2ddd9014000030008,1,1,2016,-67,1654695302360272,1654695302360272,
300833b2ddd9014000030009,1,1,2640,-54,1654695302362479,1654695302362479,
300833b2ddd9014000030002,1,1,3148,-64,1654695302363507,1654695302363507,
300833b2ddd9014000030001,1,1,3952,-63,1654695302365264,1654695302365264,
300833b2ddd9014000030009,1,1,2596,-54,1654695302368513,1654695302368513,
300833b2ddd9014000030001,1,1,3840,-64,1654695302369618,1654695302369618,
300833b2ddd9014000030002,1,1,3088,-63,1654695302370673,1654695302370673,
300833b2ddd9014000030008,1,1,2100,-66,1654695302372254,1654695302372254,
300833b2ddd9014000030009,1,1,2632,-54,1654695302403462,1654695302403462,
300833b2ddd9014000030002,1,1,3112,-63,1654695302407064,1654695302407064,
300833b2ddd9014000030008,1,1,1964,-65,1654695302409828,1654695302409828,
300833b2ddd9014000030001,1,1,3888,-64,1654695302410887,1654695302410887,
300833b2ddd9014000030001,1,1,3792,-63,1654695302413958,1654695302413958,
300833b2ddd9014000030002,1,1,3080,-63,1654695302415044,1654695302415044,
300833b2ddd9014000030008,1,1,1936,-66,1654695302416369,1654695302416369,
300833b2ddd9014000030009,1,1,2620,-54,1654695302417906,1654695302417906,
300833b2ddd9014000030001,1,1,3884,-64,1654695302449106,1654695302449106,
300833b2ddd9014000030002,1,1,3140,-63,1654695302450418,1654695302450418,
300833b2ddd9014000030008,1,1,2016,-66,1654695302451515,1654695302451515,
300833b2ddd9014000030009,1,1,2632,-54,1654695302452601,1654695302452601,
300833b2ddd9014000030001,1,1,3836,-64,1654695302458035,1654695302458035,
300833b2ddd9014000030002,1,1,3140,-63,1654695302459047,1654695302459047,
300833b2ddd9014000030009,1,1,2624,-54,1654695302460624,1654695302460624,
300833b2ddd9014000030008,1,1,2056,-66,1654695302462094,1654695302462094,
300833b2ddd9014000030008,1,1,2040,-67,1654695302493019,1654695302493019,
300833b2ddd9014000030009,1,1,2608,-54,1654695302494047,1654695302494047,
300833b2ddd9014000030002,1,1,3088,-63,1654695302497161,1654695302497161,
300833b2ddd9014000030001,1,1,3936,-64,1654695302498261,1654695302498261,
300833b2ddd9014000030009,1,1,2608,-54,1654695302502108,1654695302502108,
300833b2ddd9014000030001,1,1,3812,-64,1654695302503836,1654695302503836,
300833b2ddd9014000030002,1,1,3136,-63,1654695302504889,1654695302504889,
300833b2ddd9014000030008,1,1,1988,-66,1654695302505946,1654695302505946,
300833b2ddd9014000030009,1,1,2632,-54,1654695302536606,1654695302536606,
300833b2ddd9014000030002,1,1,3120,-63,1654695302537691,1654695302537691,
300833b2ddd9014000030008,1,1,1940,-66,1654695302538988,1654695302538988,
300833b2ddd9014000030001,1,1,3860,-64,1654695302540120,1654695302540120,
300833b2ddd9014000030008,1,1,2040,-66,1654695302545089,1654695302545089,
300833b2ddd9014000030001,1,1,3836,-64,1654695302546417,1654695302546417,
300833b2ddd9014000030009,1,1,2636,-54,1654695302547715,1654695302547715,
300833b2ddd9014000030002,1,1,3120,-64,1654695302548784,1654695302548784,
300833b2ddd9014000030001,1,1,3852,-64,1654695302580100,1654695302580100,
300833b2ddd9014000030002,1,1,3160,-63,1654695302581651,1654695302581651,
300833b2ddd9014000030009,1,1,2612,-54,1654695302582780,1654695302582780,
300833b2ddd9014000030008,1,1,1984,-66,1654695302585612,1654695302585612,
300833b2ddd9014000030001,1,1,3908,-65,1654695302590085,1654695302590085,
300833b2ddd9014000030008,1,1,2140,-67,1654695302591627,1654695302591627,
300833b2ddd9014000030009,1,1,2660,-54,1654695302593237,1654695302593237,
300833b2ddd9014000030002,1,1,3100,-63,1654695302594321,1654695302594321,
300833b2ddd9014000030002,1,1,3116,-63,1654695302626091,1654695302626091,
300833b2ddd9014000030009,1,1,2588,-54,1654695302627559,1654695302627559,
300833b2ddd9014000030008,1,1,2040,-66,1654695302629126,1654695302629126,
300833b2ddd9014000030001,1,1,3812,-64,1654695302630387,1654695302630387,
300833b2ddd9014000030001,1,1,3920,-63,1654695302633344,1654695302633344,
300833b2ddd9014000030008,1,1,2020,-66,1654695302634414,1654695302634414,
300833b2ddd9014000030009,1,1,2632,-54,1654695302635726,1654695302635726,
300833b2ddd9014000030002,1,1,3216,-63,1654695302638415,1654695302638415,
300833b2ddd9014000030008,1,1,1960,-67,1654695302669275,1654695302669275,
300833b2ddd9014000030001,1,1,3888,-64,1654695302670321,1654695302670321,
300833b2ddd9014000030002,1,1,3112,-63,1654695302671915,1654695302671915,
300833b2ddd9014000030009,1,1,2680,-54,1654695302673198,1654695302673198,
300833b2ddd9014000030009,1,1,2640,-54,1654695302677700,1654695302677700,
300833b2ddd9014000030002,1,1,3112,-63,1654695302678770,1654695302678770,
300833b2ddd9014000030008,1,1,2020,-67,1654695302680804,1654695302680804,
300833b2ddd9014000030001,1,1,3844,-64,1654695302682218,1654695302682218,
300833b2ddd9014000030002,1,1,3144,-63,1654695302714255,1654695302714255,
300833b2ddd9014000030001,1,1,3820,-63,1654695302715343,1654695302715343,
300833b2ddd9014000030009,1,1,2616,-54,1654695302716398,1654695302716398,
300833b2ddd9014000030008,1,1,2080,-67,1654695302718099,1654695302718099,
300833b2ddd9014000030009,1,1,2600,-54,1654695302720825,1654695302720825,
300833b2ddd9014000030008,1,1,1984,-67,1654695302722391,1654695302722391,
300833b2ddd9014000030002,1,1,3224,-63,1654695302723449,1654695302723449,
300833b2ddd9014000030001,1,1,3860,-64,1654695302726424,1654695302726424,
300833b2ddd9014000030001,1,1,3860,-64,1654695302756596,1654695302756596,
300833b2ddd9014000030009,1,1,2596,-54,1654695302757667,1654695302757667,
300833b2ddd9014000030008,1,1,2040,-67,1654695302759022,1654695302759022,
300833b2ddd9014000030002,1,1,3208,-63,1654695302760109,1654695302760109,
300833b2ddd9014000030008,1,1,2052,-67,1654695302765135,1654695302765135,
300833b2ddd9014000030009,1,1,2592,-54,1654695302766176,1654695302766176,
300833b2ddd9014000030002,1,1,3064,-63,1654695302768438,1654695302768438,
300833b2ddd9014000030001,1,1,3868,-64,1654695302769949,1654695302769949,
300833b2ddd9014000030002,1,1,3264,-63,1654695302800620,1654695302800620,
300833b2ddd9014000030001,1,1,3900,-64,1654695302801975,1654695302801975,
300833b2ddd9014000030008,1,1,2052,-67,1654695302803061,1654695302803061,
300833b2ddd9014000030009,1,1,2628,-54,1654695302804160,1654695302804160,
300833b2ddd9014000030009,1,1,2616,-54,1654695302810483,1654695302810483,
300833b2ddd9014000030002,1,1,3112,-63,1654695302811923,1654695302811923,
300833b2ddd9014000030008,1,1,2012,-66,1654695302813846,1654695302813846,
300833b2ddd9014000030001,1,1,3944,-64,1654695302815402,1654695302815402,
300833b2ddd9014000030001,1,1,3716,-64,1654695302845984,1654695302845984,
300833b2ddd9014000030009,1,1,2628,-54,1654695302847067,1654695302847067,
300833b2ddd9014000030008,1,1,2004,-66,1654695302848847,1654695302848847,
300833b2ddd9014000030002,1,1,3144,-63,1654695302850542,1654695302850542,
300833b2ddd9014000030002,1,1,3128,-63,1654695302854687,1654695302854687,
300833b2ddd9014000030009,1,1,2648,-54,1654695302856438,1654695302856438,
300833b2ddd9014000030001,1,1,3860,-64,1654695302857512,1654695302857512,
300833b2ddd9014000030008,1,1,2048,-66,1654695302858822,1654695302858822,
300833b2ddd9014000030009,1,1,2624,-54,1654695302895951,1654695302895951,
300833b2ddd9014000030002,1,1,3188,-63,1654695302898168,1654695302898168,
300833b2ddd9014000030001,1,1,3912,-64,1654695302901429,1654695302901429,
300833b2ddd9014000030008,1,1,1984,-67,1654695302903771,1654695302903771,
300833b2ddd9014000030002,1,1,3136,-63,1654695302906567,1654695302906567,
300833b2ddd9014000030001,1,1,3836,-64,1654695302907912,1654695302907912,
300833b2ddd9014000030009,1,1,2636,-54,1654695302909194,1654695302909194,
300833b2ddd9014000030008,1,1,2112,-66,1654695302910295,1654695302910295,
300833b2ddd9014000030002,1,1,3100,-63,1654695302942479,1654695302942479,
300833b2ddd9014000030001,1,1,3824,-63,1654695302943597,1654695302943597,
300833b2ddd9014000030009,1,1,2600,-54,1654695302945135,1654695302945135,
300833b2ddd9014000030008,1,1,2004,-66,1654695302947715,1654695302947715,
300833b2ddd9014000030008,1,1,2048,-66,1654695302950633,1654695302950633,
300833b2ddd9014000030001,1,1,3892,-64,1654695302952203,1654695302952203,
300833b2ddd9014000030009,1,1,2612,-54,1654695302954019,1654695302954019,
300833b2ddd9014000030002,1,1,3072,-64,1654695302955718,1654695302955718,
300833b2ddd9014000030002,1,1,3100,-63,1654695302986272,1654695302986272,
300833b2ddd9014000030009,1,1,2632,-54,1654695302987354,1654695302987354,
300833b2ddd9014000030001,1,1,3872,-63,1654695302989183,1654695302989183,
300833b2ddd9014000030008,1,1,1980,-67,1654695302991360,1654695302991360,
300833b2ddd9014000030002,1,1,3132,-63,1654695302995228,1654695302995228,
300833b2ddd9014000030001,1,1,3820,-63,1654695302997184,1654695302997184,
300833b2ddd9014000030008,1,1,1988,-66,1654695302998342,1654695302998342,
300833b2ddd9014000030009,1,1,2624,-54,1654695302999439,1654695302999439,
300833b2ddd9014000030008,1,1,2036,-66,1654695303031766,1654695303031766,
300833b2ddd9014000030001,1,1,3816,-63,1654695303033211,1654695303033211,
300833b2ddd9014000030009,1,1,2600,-54,1654695303034352,1654695303034352,
300833b2ddd9014000030002,1,1,3180,-63,1654695303035662,1654695303035662,
300833b2ddd9014000030002,1,1,3156,-63,1654695303039424,1654695303039424,
300833b2ddd9014000030009,1,1,2628,-54,1654695303040922,1654695303040922,
300833b2ddd9014000030008,1,1,1936,-66,1654695303042248,1654695303042248,
300833b2ddd9014000030001,1,1,3888,-64,1654695303043334,1654695303043334,
300833b2ddd9014000030009,1,1,2624,-54,1654695303073595,1654695303073595,
300833b2ddd9014000030008,1,1,2036,-66,1654695303075221,1654695303075221,
300833b2ddd9014000030002,1,1,3068,-63,1654695303076277,1654695303076277,
300833b2ddd9014000030001,1,1,3912,-64,1654695303077363,1654695303077363,
300833b2ddd9014000030009,1,1,2624,-54,1654695303082815,1654695303082815,
300833b2ddd9014000030002,1,1,3092,-63,1654695303084060,1654695303084060,
300833b2ddd9014000030008,1,1,1976,-67,1654695303085144,1654695303085144,
300833b2ddd9014000030001,1,1,3856,-64,1654695303086202,1654695303086202,
300833b2ddd9014000030009,1,1,2644,-54,1654695303116945,1654695303116945,
300833b2ddd9014000030008,1,1,1952,-67,1654695303118003,1654695303118003,
300833b2ddd9014000030001,1,1,3900,-64,1654695303120700,1654695303120700,
300833b2ddd9014000030002,1,1,3140,-63,1654695303121971,1654695303121971,
300833b2ddd9014000030008,1,1,2024,-67,1654695303127006,1654695303127006,
300833b2ddd9014000030002,1,1,3140,-63,1654695303128077,1654695303128077,
300833b2ddd9014000030009,1,1,2636,-54,1654695303129148,1654695303129148,
300833b2ddd9014000030001,1,1,3852,-64,1654695303130278,1654695303130278,
300833b2ddd9014000030008,1,1,2040,-67,1654695303162717,1654695303162717,
300833b2ddd9014000030002,1,1,3016,-63,1654695303163803,1654695303163803,
300833b2ddd9014000030009,1,1,2640,-54,1654695303165127,1654695303165127,
300833b2ddd9014000030001,1,1,3816,-63,1654695303167083,1654695303167083,
300833b2ddd9014000030002,1,1,3076,-63,1654695303171918,1654695303171918,
300833b2ddd9014000030009,1,1,2600,-54,1654695303173159,1654695303173159,
300833b2ddd9014000030008,1,1,1996,-66,1654695303174199,1654695303174199,
300833b2ddd9014000030001,1,1,3872,-64,1654695303175559,1654695303175559,
300833b2ddd9014000030001,1,1,3832,-64,1654695303206061,1654695303206061,
300833b2ddd9014000030008,1,1,2052,-66,1654695303207133,1654695303207133,
300833b2ddd9014000030002,1,1,3084,-63,1654695303208245,1654695303208245,
300833b2ddd9014000030009,1,1,2652,-54,1654695303210294,1654695303210294,
300833b2ddd9014000030001,1,1,3844,-64,1654695303215705,1654695303215705,
300833b2ddd9014000030002,1,1,3140,-63,1654695303216800,1654695303216800,
300833b2ddd9014000030008,1,1,2064,-66,1654695303217913,1654695303217913,
300833b2ddd9014000030009,1,1,2624,-54,1654695303218970,1654695303218970,
300833b2ddd9014000030002,1,1,3124,-63,1654695303249559,1654695303249559,
300833b2ddd9014000030001,1,1,3844,-64,1654695303251248,1654695303251248,
300833b2ddd9014000030009,1,1,2608,-54,1654695303252362,1654695303252362,
300833b2ddd9014000030008,1,1,2064,-66,1654695303254063,1654695303254063,
300833b2ddd9014000030009,1,1,2648,-54,1654695303257063,1654695303257063,
300833b2ddd9014000030002,1,1,3100,-63,1654695303258616,1654695303258616,
300833b2ddd9014000030001,1,1,3784,-63,1654695303259677,1654695303259677,
300833b2ddd9014000030008,1,1,2060,-66,1654695303260775,1654695303260775,
300833b2ddd9014000030002,1,1,3092,-63,1654695303292441,1654695303292441,
300833b2ddd9014000030008,1,1,1920,-66,1654695303293526,1654695303293526,
300833b2ddd9014000030001,1,1,3872,-63,1654695303295317,1654695303295317,
300833b2ddd9014000030009,1,1,2640,-54,1654695303296422,1654695303296422,
300833b2ddd9014000030009,1,1,2608,-54,1654695303301340,1654695303301340,
300833b2ddd9014000030002,1,1,3080,-63,1654695303302797,1654695303302797,
300833b2ddd9014000030008,1,1,1984,-66,1654695303304376,1654695303304376,
300833b2ddd9014000030001,1,1,3824,-64,1654695303305608,1654695303305608,
300833b2ddd9014000030009,1,1,2632,-54,1654695303335916,1654695303335916,
300833b2ddd9014000030002,1,1,3060,-63,1654695303337045,1654695303337045,
300833b2ddd9014000030001,1,1,3808,-64,1654695303338403,1654695303338403,
300833b2ddd9014000030008,1,1,2040,-67,1654695303339967,1654695303339967,
300833b2ddd9014000030002,1,1,3048,-63,1654695303344639,1654695303344639,
300833b2ddd9014000030009,1,1,2620,-54,1654695303346062,1654695303346062,
300833b2ddd9014000030008,1,1,1964,-66,1654695303347151,1654695303347151,
300833b2ddd9014000030001,1,1,3848,-64,1654695303348944,1654695303348944,
300833b2ddd9014000030009,1,1,2628,-54,1654695303378831,1654695303378831,
300833b2ddd9014000030008,1,1,2120,-66,1654695303379906,1654695303379906,
300833b2ddd9014000030002,1,1,3080,-63,1654695303381485,1654695303381485,
300833b2ddd9014000030001,1,1,3844,-64,1654695303383098,1654695303383098,
300833b2ddd9014000030002,1,1,3140,-63,1654695303387593,1654695303387593,
300833b2ddd9014000030009,1,1,2624,-54,1654695303389544,1654695303389544,
300833b2ddd9014000030001,1,1,3876,-64,1654695303391309,1654695303391309,
300833b2ddd9014000030008,1,1,2044,-66,1654695303392379,1654695303392379,
300833b2ddd9014000030001,1,1,3828,-64,1654695303422339,1654695303422339,
300833b2ddd9014000030009,1,1,2608,-54,1654695303423664,1654695303423664,
300833b2ddd9014000030008,1,1,2012,-66,1654695303424794,1654695303424794,
300833b2ddd9014000030002,1,1,3016,-63,1654695303426134,1654695303426134,