epc,atenda,atendanum,phase,RSS,timestamp,timestamp2,
300833b2ddd9014000030002,1,1,160,-58,1654780289665796,1654780289665796,
300833b2ddd9014000030008,1,1,3444,-47,1654780289667362,1654780289667362,
300833b2ddd9014000030009,1,1,2500,-41,1654780289668901,1654780289668901,
300833b2ddd9014000030009,1,1,2496,-41,1654780289673790,1654780289673790,
300833b2ddd9014000030001,1,1,2004,-48,1654780289675756,1654780289675756,
300833b2ddd9014000030008,1,1,3460,-47,1654780289676869,1654780289676869,
300833b2ddd9014000030002,1,1,128,-58,1654780289678069,1654780289678069,
300833b2ddd9014000030002,1,1,248,-59,1654780289708011,1654780289708011,
300833b2ddd9014000030008,1,1,3444,-47,1654780289709094,1654780289709094,
300833b2ddd9014000030009,1,1,2500,-41,1654780289710349,1654780289710349,
300833b2ddd9014000030001,1,1,1980,-48,1654780289712174,1654780289712174,
300833b2ddd9014000030002,1,1,300,-59,1654780289716431,1654780289716431,
300833b2ddd9014000030001,1,1,2008,-49,1654780289717559,1654780289717559,
300833b2ddd9014000030008,1,1,3444,-47,1654780289719348,1654780289719348,
300833b2ddd9014000030009,1,1,2516,-41,1654780289720376,1654780289720376,
300833b2ddd9014000030008,1,1,3460,-47,1654780289751836,1654780289751836,
300833b2ddd9014000030009,1,1,2504,-41,1654780289752906,1654780289752906,
300833b2ddd9014000030001,1,1,1984,-48,1654780289754249,1654780289754249,
300833b2ddd9014000030002,1,1,172,-57,1654780289756013,1654780289756013,
300833b2ddd9014000030002,1,1,272,-59,1654780289760239,1654780289760239,
300833b2ddd9014000030008,1,1,3472,-47,1654780289761801,1654780289761801,
300833b2ddd9014000030009,1,1,2516,-41,1654780289763609,1654780289763609,
300833b2ddd9014000030001,1,1,1976,-48,1654780289765279,1654780289765279,
300833b2ddd9014000030001,1,1,1984,-48,1654780289796664,1654780289796664,
300833b2ddd9014000030009,1,1,2508,-41,1654780289798089,1654780289798089,
300833b2ddd9014000030002,1,1,184,-57,1654780289799169,1654780289799169,
300833b2ddd9014000030008,1,1,3460,-47,1654780289800611,1654780289800611,
300833b2ddd9014000030001,1,1,2008,-49,1654780289804093,1654780289804093,
300833b2ddd9014000030002,1,1,236,-57,1654780289805192,1654780289805192,
300833b2ddd9014000030009,1,1,2508,-41,1654780289806560,1654780289806560,
300833b2ddd9014000030008,1,1,3484,-47,1654780289807910,1654780289807910,
300833b2ddd9014000030009,1,1,2520,-41,1654780289839186,1654780289839186,
300833b2ddd9014000030001,1,1,2008,-49,1654780289840514,1654780289840514,
300833b2ddd9014000030008,1,1,3468,-47,1654780289842577,1654780289842577,
300833b2ddd9014000030002,1,1,236,-58,1654780289843804,1654780289843804,
300833b2ddd9014000030001,1,1,2008,-49,1654780289848091,1654780289848091,
300833b2ddd9014000030009,1,1,2504,-41,1654780289849491,1654780289849491,
300833b2ddd9014000030008,1,1,3468,-47,1654780289850502,1654780289850502,
300833b2ddd9014000030002,1,1,240,-58,1654780289852739,1654780289852739,
300833b2ddd9014000030009,1,1,2516,-41,1654780289883542,1654780289883542,
300833b2ddd9014000030001,1,1,2032,-49,1654780289884587,1654780289884587,
300833b2ddd9014000030002,1,1,184,-58,1654780289885702,1654780289885702,
300833b2ddd9014000030008,1,1,3456,-47,1654780289887533,1654780289887533,
300833b2ddd9014000030001,1,1,2016,-48,1654780289892242,1654780289892242,
300833b2ddd9014000030008,1,1,3468,-47,1654780289894204,1654780289894204,
300833b2ddd9014000030002,1,1,156,-57,1654780289895305,1654780289895305,
300833b2ddd9014000030009,1,1,2516,-41,1654780289896332,1654780289896332,
300833b2ddd9014000030009,1,1,2512,-41,1654780289927011,1654780289927011,
300833b2ddd9014000030002,1,1,220,-57,1654780289928662,1654780289928662,
300833b2ddd9014000030008,1,1,3460,-47,1654780289930001,1654780289930001,
300833b2ddd9014000030001,1,1,2004,-48,1654780289931443,1654780289931443,
300833b2ddd9014000030008,1,1,3464,-47,1654780289934861,1654780289934861,
300833b2ddd9014000030001,1,1,2004,-48,1654780289936588,1654780289936588,
300833b2ddd9014000030009,1,1,2516,-41,1654780289937673,1654780289937673,
300833b2ddd9014000030002,1,1,220,-58,1654780289938841,1654780289938841,
300833b2ddd9014000030008,1,1,3452,-47,1654780289970382,1654780289970382,
300833b2ddd9014000030009,1,1,2512,-41,1654780289971964,1654780289971964,
300833b2ddd9014000030001,1,1,1996,-48,1654780289973037,1654780289973037,
300833b2ddd9014000030009,1,1,2520,-41,1654780289978228,1654780289978228,
300833b2ddd9014000030008,1,1,3484,-47,1654780289979269,1654780289979269,
300833b2ddd9014000030001,1,1,1992,-49,1654780289981108,1654780289981108,
300833b2ddd9014000030002,1,1,188,-58,1654780289983030,1654780289983030,
300833b2ddd9014000030009,1,1,2504,-41,1654780290016133,1654780290016133,
300833b2ddd9014000030008,1,1,3472,-47,1654780290017484,1654780290017484,
300833b2ddd9014000030001,1,1,1976,-49,1654780290019254,1654780290019254,
300833b2ddd9014000030002,1,1,192,-57,1654780290024239,1654780290024239,
300833b2ddd9014000030009,1,1,2520,-41,1654780290025297,1654780290025297,
300833b2ddd9014000030008,1,1,3448,-47,1654780290026621,1654780290026621,
300833b2ddd9014000030001,1,1,1988,-48,1654780290027935,1654780290027935,
300833b2ddd9014000030008,1,1,3468,-47,1654780290060509,1654780290060509,
300833b2ddd9014000030002,1,1,188,-57,1654780290061608,1654780290061608,
300833b2ddd9014000030001,1,1,2024,-49,1654780290063405,1654780290063405,
300833b2ddd9014000030009,1,1,2512,-41,1654780290064504,1654780290064504,
300833b2ddd9014000030008,1,1,3452,-47,1654780290069371,1654780290069371,
300833b2ddd9014000030009,1,1,2512,-41,1654780290070457,1654780290070457,
300833b2ddd9014000030002,1,1,180,-58,1654780290071794,1654780290071794,
300833b2ddd9014000030001,1,1,1992,-49,1654780290073933,1654780290073933,
300833b2ddd9014000030009,1,1,2520,-41,1654780290104869,1654780290104869,
300833b2ddd9014000030008,1,1,3480,-47,1654780290106179,1654780290106179,
300833b2ddd9014000030001,1,1,1996,-49,1654780290107563,1654780290107563,
300833b2ddd9014000030002,1,1,196,-57,1654780290110041,1654780290110041,
300833b2ddd9014000030009,1,1,2528,-41,1654780290115967,1654780290115967,
300833b2ddd9014000030001,1,1,2004,-48,1654780290117883,1654780290117883,
300833b2ddd9014000030002,1,1,192,-57,1654780290119009,1654780290119009,
300833b2ddd9014000030008,1,1,3460,-47,1654780290121328,1654780290121328,
300833b2ddd9014000030002,1,1,188,-57,1654780290152364,1654780290152364,
300833b2ddd9014000030009,1,1,2516,-41,1654780290153434,1654780290153434,
300833b2ddd9014000030008,1,1,3464,-47,1654780290155043,1654780290155043,
300833b2ddd9014000030001,1,1,1996,-49,1654780290156159,1654780290156159,
300833b2ddd9014000030002,1,1,168,-57,1654780290164633,1654780290164633,
300833b2ddd9014000030008,1,1,3464,-47,1654780290166632,1654780290166632,
300833b2ddd9014000030009,1,1,2524,-41,1654780290167943,1654780290167943,
300833b2ddd9014000030001,1,1,1996,-49,1654780290169426,1654780290169426,
300833b2ddd9014000030001,1,1,2008,-49,1654780290199901,1654780290199901,
300833b2ddd9014000030009,1,1,2504,-41,1654780290200959,1654780290200959,
300833b2ddd9014000030008,1,1,3464,-47,1654780290202309,1654780290202309,
300833b2ddd9014000030002,1,1,196,-58,1654780290204008,1654780290204008,
300833b2ddd9014000030001,1,1,2008,-49,1654780290211444,1654780290211444,
300833b2ddd9014000030002,1,1,168,-58,1654780290213126,1654780290213126,
300833b2ddd9014000030009,1,1,2512,-41,1654780290214450,1654780290214450,
300833b2ddd9014000030008,1,1,3444,-47,1654780290216130,1654780290216130,
300833b2ddd9014000030001,1,1,1996,-49,1654780290245728,1654780290245728,
300833b2ddd9014000030009,1,1,2528,-41,1654780290247282,1654780290247282,
300833b2ddd9014000030008,1,1,3448,-47,1654780290249896,1654780290249896,
300833b2ddd9014000030002,1,1,184,-58,1654780290250940,1654780290250940,
300833b2ddd9014000030002,1,1,184,-58,1654780290256602,1654780290256602,
300833b2ddd9014000030008,1,1,3444,-47,1654780290257698,1654780290257698,
300833b2ddd9014000030009,1,1,2520,-41,1654780290258798,1654780290258798,
300833b2ddd9014000030001,1,1,2008,-49,1654780290260497,1654780290260497,
300833b2ddd9014000030009,1,1,2512,-41,1654780290290804,1654780290290804,
300833b2ddd9014000030001,1,1,2020,-48,1654780290292501,1654780290292501,
300833b2ddd9014000030008,1,1,3448,-47,1654780290293825,1654780290293825,
300833b2ddd9014000030002,1,1,224,-58,1654780290295236,1654780290295236,
300833b2ddd9014000030009,1,1,2508,-41,1654780290298271,1654780290298271,
300833b2ddd9014000030002,1,1,180,-58,1654780290299384,1654780290299384,
300833b2ddd9014000030001,1,1,2032,-48,1654780290300684,1654780290300684,
300833b2ddd9014000030008,1,1,3468,-47,1654780290302037,1654780290302037,
300833b2ddd9014000030009,1,1,2516,-41,1654780290334007,1654780290334007,
300833b2ddd9014000030002,1,1,204,-57,1654780290335062,1654780290335062,
300833b2ddd9014000030001,1,1,2000,-48,1654780290336376,1654780290336376,
300833b2ddd9014000030008,1,1,3464,-47,1654780290337444,1654780290337444,
300833b2ddd9014000030009,1,1,2504,-41,1654780290342474,1654780290342474,
300833b2ddd9014000030008,1,1,3468,-47,1654780290343912,1654780290343912,
300833b2ddd9014000030002,1,1,236,-58,1654780290344997,1654780290344997,
300833b2ddd9014000030001,1,1,2020,-49,1654780290346293,1654780290346293,
300833b2ddd9014000030009,1,1,2516,-41,1654780290378846,1654780290378846,
300833b2ddd9014000030001,1,1,2000,-48,1654780290380402,1654780290380402,
300833b2ddd9014000030008,1,1,3460,-47,1654780290381539,1654780290381539,
300833b2ddd9014000030002,1,1,196,-58,1654780290382851,1654780290382851,
300833b2ddd9014000030001,1,1,2012,-48,1654780290387540,1654780290387540,
300833b2ddd9014000030009,1,1,2520,-41,1654780290388838,1654780290388838,
300833b2ddd9014000030002,1,1,204,-57,1654780290389964,1654780290389964,
300833b2ddd9014000030008,1,1,3468,-47,1654780290391554,1654780290391554,
300833b2ddd9014000030009,1,1,2516,-41,1654780290423472,1654780290423472,
300833b2ddd9014000030002,1,1,200,-58,1654780290425686,1654780290425686,
300833b2ddd9014000030008,1,1,3468,-47,1654780290427802,1654780290427802,
300833b2ddd9014000030001,1,1,2016,-49,1654780290429020,1654780290429020,
300833b2ddd9014000030009,1,1,2520,-41,1654780290432629,1654780290432629,
300833b2ddd9014000030001,1,1,2024,-49,1654780290434099,1654780290434099,
300833b2ddd9014000030008,1,1,3448,-47,1654780290435182,1654780290435182,
300833b2ddd9014000030002,1,1,172,-57,1654780290436238,1654780290436238,
300833b2ddd9014000030001,1,1,2016,-48,1654780290467324,1654780290467324,
300833b2ddd9014000030009,1,1,2528,-41,1654780290469022,1654780290469022,
300833b2ddd9014000030008,1,1,3512,-47,1654780290470560,1654780290470560,
300833b2ddd9014000030002,1,1,200,-58,1654780290471743,1654780290471743,
300833b2ddd9014000030008,1,1,3504,-47,1654780290476905,1654780290476905,
300833b2ddd9014000030001,1,1,2036,-49,1654780290478392,1654780290478392,
300833b2ddd9014000030009,1,1,2532,-41,1654780290479725,1654780290479725,
300833b2ddd9014000030002,1,1,180,-58,1654780290481241,1654780290481241,
300833b2ddd9014000030009,1,1,2512,-41,1654780290511720,1654780290511720,
300833b2ddd9014000030008,1,1,3472,-47,1654780290513611,1654780290513611,
300833b2ddd9014000030001,1,1,2028,-48,1654780290514940,1654780290514940,
300833b2ddd9014000030002,1,1,208,-58,1654780290516649,1654780290516649,
300833b2ddd9014000030002,1,1,208,-58,1654780290521243,1654780290521243,
300833b2ddd9014000030009,1,1,2520,-41,1654780290522314,1654780290522314,
300833b2ddd9014000030001,1,1,2004,-49,1654780290523641,1654780290523641,
300833b2ddd9014000030008,1,1,3468,-47,1654780290524726,1654780290524726,
300833b2ddd9014000030001,1,1,1988,-49,1654780290557443,1654780290557443,
300833b2ddd9014000030002,1,1,204,-57,1654780290558881,1654780290558881,
300833b2ddd9014000030008,1,1,3468,-47,1654780290560207,1654780290560207,
300833b2ddd9014000030009,1,1,2508,-41,1654780290561278,1654780290561278,
300833b2ddd9014000030009,1,1,2504,-41,1654780290565006,1654780290565006,
300833b2ddd9014000030001,1,1,2020,-49,1654780290566915,1654780290566915,
300833b2ddd9014000030008,1,1,3504,-47,1654780290568014,1654780290568014,
300833b2ddd9014000030002,1,1,196,-57,1654780290569495,1654780290569495,
300833b2ddd9014000030009,1,1,2508,-41,1654780290600111,1654780290600111,
300833b2ddd9014000030002,1,1,180,-57,1654780290601421,1654780290601421,
300833b2ddd9014000030008,1,1,3480,-47,1654780290603223,1654780290603223,
300833b2ddd9014000030001,1,1,2004,-49,1654780290605458,1654780290605458,
300833b2ddd9014000030008,1,1,3476,-47,1654780290609612,1654780290609612,
300833b2ddd9014000030009,1,1,2524,-41,1654780290610953,1654780290610953,
300833b2ddd9014000030002,1,1,224,-58,1654780290612262,1654780290612262,
300833b2ddd9014000030001,1,1,2008,-48,1654780290614799,1654780290614799,
300833b2ddd9014000030002,1,1,260,-58,1654780290644831,1654780290644831,
300833b2ddd9014000030001,1,1,2016,-49,1654780290645905,1654780290645905,
300833b2ddd9014000030008,1,1,3472,-47,1654780290646988,1654780290646988,
300833b2ddd9014000030009,1,1,2512,-41,1654780290648726,1654780290648726,
300833b2ddd9014000030008,1,1,3460,-47,1654780290653438,1654780290653438,
300833b2ddd9014000030001,1,1,2012,-48,1654780290654763,1654780290654763,
300833b2ddd9014000030009,1,1,2528,-41,1654780290656530,1654780290656530,
300833b2ddd9014000030002,1,1,176,-58,1654780290658567,1654780290658567,
300833b2ddd9014000030001,1,1,1988,-48,1654780290691111,1654780290691111,
300833b2ddd9014000030009,1,1,2528,-41,1654780290692239,1654780290692239,
300833b2ddd9014000030002,1,1,188,-58,1654780290693906,1654780290693906,
300833b2ddd9014000030008,1,1,3468,-47,1654780290694989,1654780290694989,
300833b2ddd9014000030008,1,1,3480,-47,1654780290697778,1654780290697778,
300833b2ddd9014000030009,1,1,2524,-41,1654780290699660,1654780290699660,
300833b2ddd9014000030001,1,1,2016,-48,1654780290701045,1654780290701045,
300833b2ddd9014000030002,1,1,252,-58,1654780290702144,1654780290702144,
300833b2ddd9014000030002,1,1,404,-57,1654780290733024,1654780290733024,
300833b2ddd9014000030008,1,1,3460,-47,1654780290734077,1654780290734077,
300833b2ddd9014000030009,1,1,2528,-41,1654780290735148,1654780290735148,
300833b2ddd9014000030001,1,1,1996,-49,1654780290737584,1654780290737584,
300833b2ddd9014000030001,1,1,2004,-48,1654780290744827,1654780290744827,
300833b2ddd9014000030009,1,1,2508,-41,1654780290745931,1654780290745931,
300833b2ddd9014000030008,1,1,3468,-47,1654780290747495,1654780290747495,
300833b2ddd9014000030002,1,1,208,-58,1654780290748610,1654780290748610,
300833b2ddd9014000030009,1,1,2536,-41,1654780290781640,1654780290781640,
300833b2ddd9014000030002,1,1,188,-58,1654780290783404,1654780290783404,
300833b2ddd9014000030001,1,1,1988,-48,1654780290784520,1654780290784520,
300833b2ddd9014000030008,1,1,3476,-47,1654780290785632,1654780290785632,
300833b2ddd9014000030002,1,1,232,-58,1654780290794782,1654780290794782,
300833b2ddd9014000030009,1,1,2524,-41,1654780290795881,1654780290795881,
300833b2ddd9014000030008,1,1,3476,-47,1654780290797231,1654780290797231,
300833b2ddd9014000030001,1,1,1988,-49,1654780290798604,1654780290798604,
300833b2ddd9014000030008,1,1,3464,-47,1654780290830348,1654780290830348,
300833b2ddd9014000030002,1,1,192,-58,1654780290835658,1654780290835658,
300833b2ddd9014000030001,1,1,1972,-48,1654780290837314,1654780290837314,
300833b2ddd9014000030009,1,1,2516,-41,1654780290838397,1654780290838397,
300833b2ddd9014000030008,1,1,3476,-47,1654780290839847,1654780290839847,
300833b2ddd9014000030009,1,1,2528,-41,1654780290869698,1654780290869698,
300833b2ddd9014000030008,1,1,3464,-47,1654780290870780,1654780290870780,
300833b2ddd9014000030001,1,1,1984,-48,1654780290871839,1654780290871839,
300833b2ddd9014000030002,1,1,204,-58,1654780290873150,1654780290873150,
300833b2ddd9014000030008,1,1,3472,-47,1654780290878118,1654780290878118,
300833b2ddd9014000030002,1,1,232,-58,1654780290879712,1654780290879712,
300833b2ddd9014000030001,1,1,1988,-48,1654780290880814,1654780290880814,
300833b2ddd9014000030009,1,1,2524,-41,1654780290881899,1654780290881899,
300833b2ddd9014000030001,1,1,2036,-48,1654780290913968,1654780290913968,
300833b2ddd9014000030002,1,1,204,-58,1654780290915052,1654780290915052,
300833b2ddd9014000030009,1,1,2532,-41,1654780290916874,1654780290916874,
300833b2ddd9014000030008,1,1,3456,-47,1654780290917957,1654780290917957,
300833b2ddd9014000030001,1,1,2020,-48,1654780290922174,1654780290922174,
300833b2ddd9014000030008,1,1,3468,-47,1654780290923455,1654780290923455,
300833b2ddd9014000030002,1,1,236,-58,1654780290924826,1654780290924826,
300833b2ddd9014000030009,1,1,2532,-41,1654780290925840,1654780290925840,
300833b2ddd9014000030008,1,1,3488,-47,1654780290958285,1654780290958285,
300833b2ddd9014000030009,1,1,2528,-41,1654780290959754,1654780290959754,
300833b2ddd9014000030001,1,1,1968,-48,1654780290960856,1654780290960856,
300833b2ddd9014000030008,1,1,3480,-47,1654780290964442,1654780290964442,
300833b2ddd9014000030001,1,1,2028,-48,1654780290966382,1654780290966382,
300833b2ddd9014000030002,1,1,76,-57,1654780290967496,1654780290967496,
300833b2ddd9014000030009,1,1,2516,-41,1654780290968550,1654780290968550,
300833b2ddd9014000030009,1,1,2520,-41,1654780291001114,1654780291001114,
300833b2ddd9014000030001,1,1,2028,-48,1654780291002160,1654780291002160,
300833b2ddd9014000030002,1,1,232,-57,1654780291004007,1654780291004007,
300833b2ddd9014000030008,1,1,3472,-47,1654780291006528,1654780291006528,
300833b2ddd9014000030008,1,1,3464,-47,1654780291010293,1654780291010293,
300833b2ddd9014000030009,1,1,2528,-41,1654780291011506,1654780291011506,
300833b2ddd9014000030001,1,1,1996,-48,1654780291012578,1654780291012578,
300833b2ddd9014000030002,1,1,208,-58,1654780291014545,1654780291014545,
300833b2ddd9014000030009,1,1,2520,-41,1654780291049141,1654780291049141,
300833b2ddd9014000030001,1,1,1976,-48,1654780291050683,1654780291050683,
300833b2ddd9014000030002,1,1,220,-57,1654780291052277,1654780291052277,
300833b2ddd9014000030008,1,1,3476,-47,1654780291053329,1654780291053329,
300833b2ddd9014000030001,1,1,2000,-48,1654780291059802,1654780291059802,
300833b2ddd9014000030009,1,1,2520,-41,1654780291060916,1654780291060916,
300833b2ddd9014000030008,1,1,3460,-47,1654780291062241,1654780291062241,
300833b2ddd9014000030002,1,1,332,-58,1654780291063454,1654780291063454,
300833b2ddd9014000030002,1,1,256,-56,1654780291094046,1654780291094046,
300833b2ddd9014000030008,1,1,3448,-47,1654780291095487,1654780291095487,
300833b2ddd9014000030009,1,1,2532,-41,1654780291096782,1654780291096782,
300833b2ddd9014000030001,1,1,1988,-48,1654780291097915,1654780291097915,
300833b2ddd9014000030008,1,1,3496,-47,1654780291102341,1654780291102341,
300833b2ddd9014000030009,1,1,2520,-41,1654780291103426,1654780291103426,
300833b2ddd9014000030001,1,1,1984,-49,1654780291105179,1654780291105179,
300833b2ddd9014000030002,1,1,164,-57,1654780291107117,1654780291107117,
300833b2ddd9014000030008,1,1,3476,-47,1654780291138061,1654780291138061,
300833b2ddd9014000030009,1,1,2532,-41,1654780291139671,1654780291139671,
300833b2ddd9014000030001,1,1,1984,-48,1654780291141453,1654780291141453,
300833b2ddd9014000030002,1,1,168,-57,1654780291142949,1654780291142949,
300833b2ddd9014000030001,1,1,1988,-49,1654780291148407,1654780291148407,
300833b2ddd9014000030009,1,1,2540,-41,1654780291150116,1654780291150116,
300833b2ddd9014000030008,1,1,3472,-47,1654780291151213,1654780291151213,
300833b2ddd9014000030002,1,1,176,-57,1654780291153755,1654780291153755,
300833b2ddd9014000030008,1,1,3448,-47,1654780291184258,1654780291184258,
300833b2ddd9014000030009,1,1,2524,-41,1654780291186514,1654780291186514,
300833b2ddd9014000030002,1,1,216,-57,1654780291187627,1654780291187627,
300833b2ddd9014000030001,1,1,1968,-49,1654780291188730,1654780291188730,
300833b2ddd9014000030001,1,1,1984,-49,1654780291192622,1654780291192622,
300833b2ddd9014000030009,1,1,2536,-41,1654780291194021,1654780291194021,
300833b2ddd9014000030008,1,1,3460,-47,1654780291195599,1654780291195599,
300833b2ddd9014000030002,1,1,216,-57,1654780291196837,1654780291196837,
300833b2ddd9014000030001,1,1,1988,-49,1654780291229613,1654780291229613,
300833b2ddd9014000030009,1,1,2544,-41,1654780291230685,1654780291230685,
300833b2ddd9014000030002,1,1,200,-56,1654780291232083,1654780291232083,
300833b2ddd9014000030008,1,1,3444,-47,1654780291233661,1654780291233661,
300833b2ddd9014000030002,1,1,220,-57,1654780291238071,1654780291238071,
300833b2ddd9014000030009,1,1,2556,-41,1654780291239397,1654780291239397,
300833b2ddd9014000030001,1,1,1976,-49,1654780291240469,1654780291240469,
300833b2ddd9014000030008,1,1,3428,-47,1654780291241524,1654780291241524,
300833b2ddd9014000030002,1,1,192,-56,1654780291273793,1654780291273793,
300833b2ddd9014000030009,1,1,2548,-41,1654780291275491,1654780291275491,
300833b2ddd9014000030008,1,1,3412,-47,1654780291277427,1654780291277427,
300833b2ddd9014000030001,1,1,1940,-49,1654780291278600,1654780291278600,
300833b2ddd9014000030001,1,1,1956,-49,1654780291281370,1654780291281370,
300833b2ddd9014000030002,1,1,200,-56,1654780291283780,1654780291283780,
300833b2ddd9014000030009,1,1,2560,-41,1654780291285378,1654780291285378,
300833b2ddd9014000030008,1,1,3440,-47,1654780291286445,1654780291286445,
300833b2ddd9014000030002,1,1,192,-55,1654780291320482,1654780291320482,
300833b2ddd9014000030009,1,1,2564,-41,1654780291321609,1654780291321609,
300833b2ddd9014000030001,1,1,1936,-50,1654780291322724,1654780291322724,
300833b2ddd9014000030008,1,1,3408,-47,1654780291324038,1654780291324038,
300833b2ddd9014000030008,1,1,3400,-47,1654780291328589,1654780291328589,
300833b2ddd9014000030009,1,1,2584,-41,1654780291329687,1654780291329687,
300833b2ddd9014000030002,1,1,196,-55,1654780291331238,1654780291331238,
300833b2ddd9014000030001,1,1,1904,-50,1654780291333420,1654780291333420,
300833b2ddd9014000030008,1,1,3396,-47,1654780291364626,1654780291364626,
300833b2ddd9014000030009,1,1,2576,-41,1654780291365754,1654780291365754,
300833b2ddd9014000030001,1,1,1864,-50,1654780291367578,1654780291367578,
300833b2ddd9014000030002,1,1,208,-54,1654780291369854,1654780291369854,
300833b2ddd9014000030009,1,1,2600,-41,1654780291373868,1654780291373868,
300833b2ddd9014000030002,1,1,176,-54,1654780291375827,1654780291375827,
300833b2ddd9014000030008,1,1,3368,-47,1654780291376925,1654780291376925,
300833b2ddd9014000030001,1,1,1844,-50,1654780291378012,1654780291378012,
300833b2ddd9014000030001,1,1,1816,-50,1654780291410397,1654780291410397,
300833b2ddd9014000030002,1,1,204,-54,1654780291413225,1654780291413225,
300833b2ddd9014000030009,1,1,2604,-42,1654780291414323,1654780291414323,
300833b2ddd9014000030008,1,1,3376,-47,1654780291415434,1654780291415434,
300833b2ddd9014000030001,1,1,1772,-51,1654780291419020,1654780291419020,
300833b2ddd9014000030009,1,1,2628,-42,1654780291449023,1654780291449023,
300833b2ddd9014000030001,1,1,1692,-51,1654780291450311,1654780291450311,
300833b2ddd9014000030008,1,1,3320,-47,1654780291451635,1654780291451635,
300833b2ddd9014000030002,1,1,160,-53,1654780291453883,1654780291453883,
300833b2ddd9014000030009,1,1,2620,-42,1654780291457485,1654780291457485,
300833b2ddd9014000030008,1,1,3348,-47,1654780291459492,1654780291459492,
300833b2ddd9014000030001,1,1,1680,-51,1654780291461061,1654780291461061,
300833b2ddd9014000030002,1,1,144,-53,1654780291462231,1654780291462231,
300833b2ddd9014000030008,1,1,3304,-46,1654780291492173,1654780291492173,
300833b2ddd9014000030009,1,1,2656,-43,1654780291494140,1654780291494140,
300833b2ddd9014000030001,1,1,1572,-51,1654780291495168,1654780291495168,
300833b2ddd9014000030002,1,1,152,-52,1654780291496507,1654780291496507,
300833b2ddd9014000030009,1,1,2648,-43,1654780291500136,1654780291500136,
300833b2ddd9014000030001,1,1,1536,-51,1654780291501182,1654780291501182,
300833b2ddd9014000030002,1,1,184,-52,1654780291502989,1654780291502989,
300833b2ddd9014000030008,1,1,3292,-46,1654780291504085,1654780291504085,
300833b2ddd9014000030009,1,1,2640,-44,1654780291537447,1654780291537447,
300833b2ddd9014000030008,1,1,3288,-46,1654780291538645,1654780291538645,
300833b2ddd9014000030001,1,1,1416,-51,1654780291539960,1654780291539960,
300833b2ddd9014000030002,1,1,136,-51,1654780291541415,1654780291541415,
300833b2ddd9014000030001,1,1,1416,-51,1654780291544482,1654780291544482,
300833b2ddd9014000030009,1,1,2652,-44,1654780291546032,1654780291546032,
300833b2ddd9014000030008,1,1,3264,-46,1654780291547328,1654780291547328,
300833b2ddd9014000030002,1,1,128,-51,1654780291549052,1654780291549052,
300833b2ddd9014000030001,1,1,1300,-50,1654780291580130,1654780291580130,
300833b2ddd9014000030008,1,1,3228,-45,1654780291581484,1654780291581484,
300833b2ddd9014000030009,1,1,2640,-45,1654780291582837,1654780291582837,
300833b2ddd9014000030002,1,1,168,-51,1654780291583924,1654780291583924,
300833b2ddd9014000030001,1,1,1292,-51,1654780291588742,1654780291588742,
300833b2ddd9014000030002,1,1,152,-50,1654780291589796,1654780291589796,
300833b2ddd9014000030008,1,1,3196,-45,1654780291592618,1654780291592618,
300833b2ddd9014000030009,1,1,2648,-45,1654780291593955,1654780291593955,
300833b2ddd9014000030001,1,1,1220,-51,1654780291625307,1654780291625307,
300833b2ddd9014000030002,1,1,124,-50,1654780291626605,1654780291626605,
300833b2ddd9014000030009,1,1,2632,-47,1654780291628170,1654780291628170,
300833b2ddd9014000030008,1,1,3168,-45,1654780291629479,1654780291629479,
300833b2ddd9014000030002,1,1,104,-50,1654780291633992,1654780291633992,
300833b2ddd9014000030008,1,1,3156,-45,1654780291635286,1654780291635286,
300833b2ddd9014000030009,1,1,2624,-46,1654780291636867,1654780291636867,
300833b2ddd9014000030001,1,1,1192,-51,1654780291638350,1654780291638350,
300833b2ddd9014000030001,1,1,1160,-51,1654780291669384,1654780291669384,
300833b2ddd9014000030002,1,1,112,-49,1654780291670679,1654780291670679,
300833b2ddd9014000030008,1,1,3148,-44,1654780291671747,1654780291671747,
300833b2ddd9014000030009,1,1,2612,-48,1654780291673542,1654780291673542,
300833b2ddd9014000030008,1,1,3152,-45,1654780291677779,1654780291677779,
300833b2ddd9014000030001,1,1,1120,-51,1654780291679107,1654780291679107,
300833b2ddd9014000030009,1,1,2576,-48,1654780291680714,1654780291680714,
300833b2ddd9014000030002,1,1,124,-49,1654780291682029,1654780291682029,
300833b2ddd9014000030008,1,1,3156,-44,1654780291713461,1654780291713461,
300833b2ddd9014000030002,1,1,260,-50,1654780291918038,1654780291918038,
300833b2ddd9014000030008,1,1,3200,-44,1654780291920182,1654780291920182,
300833b2ddd9014000030009,1,1,2528,-47,1654780291921666,1654780291921666,
300833b2ddd9014000030001,1,1,1356,-55,1654780291922868,1654780291922868,
300833b2ddd9014000030001,1,1,1500,-54,1654780291953354,1654780291953354,
300833b2ddd9014000030008,1,1,3228,-44,1654780291956569,1654780291956569,
300833b2ddd9014000030002,1,1,324,-51,1654780291957637,1654780291957637,
300833b2ddd9014000030009,1,1,2616,-47,1654780291958854,1654780291958854,
300833b2ddd9014000030002,1,1,320,-50,1654780291961759,1654780291961759,
300833b2ddd9014000030008,1,1,3248,-44,1654780291963309,1654780291963309,
300833b2ddd9014000030001,1,1,1560,-54,1654780291964639,1654780291964639,
300833b2ddd9014000030009,1,1,2644,-47,1654780291965719,1654780291965719,
300833b2ddd9014000030002,1,1,420,-51,1654780291997128,1654780291997128,
300833b2ddd9014000030001,1,1,1772,-53,1654780291998429,1654780291998429,
300833b2ddd9014000030009,1,1,2700,-47,1654780291999500,1654780291999500,
300833b2ddd9014000030008,1,1,3308,-44,1654780292001303,1654780292001303,
300833b2ddd9014000030001,1,1,1840,-53,1654780292005453,1654780292005453,
300833b2ddd9014000030008,1,1,3308,-45,1654780292006772,1654780292006772,
300833b2ddd9014000030009,1,1,2736,-47,1654780292008114,1654780292008114,
300833b2ddd9014000030002,1,1,448,-51,1654780292009165,1654780292009165,
300833b2ddd9014000030002,1,1,432,-52,1654780292041699,1654780292041699,
300833b2ddd9014000030001,1,1,1948,-52,1654780292042997,1654780292042997,
300833b2ddd9014000030009,1,1,2804,-46,1654780292044366,1654780292044366,
300833b2ddd9014000030001,1,1,1976,-52,1654780292048384,1654780292048384,
300833b2ddd9014000030008,1,1,3376,-44,1654780292049919,1654780292049919,
300833b2ddd9014000030002,1,1,532,-51,1654780292051291,1654780292051291,
300833b2ddd9014000030009,1,1,2808,-46,1654780292052440,1654780292052440,
300833b2ddd9014000030009,1,1,2864,-46,1654780292082818,1654780292082818,
300833b2ddd9014000030008,1,1,3392,-44,1654780292084170,1654780292084170,
300833b2ddd9014000030002,1,1,584,-52,1654780292085494,1654780292085494,
300833b2ddd9014000030001,1,1,2032,-50,1654780292087050,1654780292087050,
300833b2ddd9014000030009,1,1,2876,-45,1654780292091761,1654780292091761,
300833b2ddd9014000030002,1,1,580,-52,1654780292092890,1654780292092890,
300833b2ddd9014000030001,1,1,2068,-50,1654780292094473,1654780292094473,
300833b2ddd9014000030008,1,1,3384,-44,1654780292095555,1654780292095555,
300833b2ddd9014000030002,1,1,648,-52,1654780292126987,1654780292126987,
300833b2ddd9014000030001,1,1,2036,-49,1654780292128074,1654780292128074,
300833b2ddd9014000030008,1,1,3420,-44,1654780292129156,1654780292129156,
300833b2ddd9014000030009,1,1,2856,-44,1654780292130679,1654780292130679,
300833b2ddd9014000030008,1,1,3420,-44,1654780292135329,1654780292135329,
300833b2ddd9014000030002,1,1,688,-52,1654780292137321,1654780292137321,
300833b2ddd9014000030001,1,1,2036,-48,1654780292138423,1654780292138423,
300833b2ddd9014000030009,1,1,2872,-44,1654780292139463,1654780292139463,
300833b2ddd9014000030001,1,1,1968,-47,1654780292170123,1654780292170123,
300833b2ddd9014000030009,1,1,2848,-42,1654780292171664,1654780292171664,
300833b2ddd9014000030008,1,1,3424,-43,1654780292172733,1654780292172733,
300833b2ddd9014000030002,1,1,692,-52,1654780292174327,1654780292174327,
300833b2ddd9014000030009,1,1,2836,-42,1654780292179176,1654780292179176,
300833b2ddd9014000030008,1,1,3436,-43,1654780292180259,1654780292180259,
300833b2ddd9014000030001,1,1,1948,-47,1654780292182070,1654780292182070,
300833b2ddd9014000030002,1,1,704,-52,1654780292184331,1654780292184331,
300833b2ddd9014000030008,1,1,3424,-43,1654780292231004,1654780292231004,
300833b2ddd9014000030009,1,1,2720,-41,1654780292233228,1654780292233228,
300833b2ddd9014000030001,1,1,1780,-46,1654780292235443,1654780292235443,
300833b2ddd9014000030002,1,1,728,-51,1654780292236911,1654780292236911,
300833b2ddd9014000030009,1,1,2692,-41,1654780292239678,1654780292239678,
300833b2ddd9014000030001,1,1,1796,-46,1654780292240751,1654780292240751,
300833b2ddd9014000030008,1,1,3420,-43,1654780292242358,1654780292242358,
300833b2ddd9014000030002,1,1,740,-51,1654780292244317,1654780292244317,
300833b2ddd9014000030002,1,1,756,-51,1654780292275407,1654780292275407,
300833b2ddd9014000030001,1,1,1692,-46,1654780292276675,1654780292276675,
300833b2ddd9014000030009,1,1,2628,-40,1654780292278200,1654780292278200,
300833b2ddd9014000030008,1,1,3412,-42,1654780292279296,1654780292279296,
300833b2ddd9014000030002,1,1,776,-51,1654780292283741,1654780292283741,
300833b2ddd9014000030008,1,1,3408,-42,1654780292284812,1654780292284812,
300833b2ddd9014000030009,1,1,2588,-40,1654780292286365,1654780292286365,
300833b2ddd9014000030001,1,1,1668,-47,1654780292287378,1654780292287378,
300833b2ddd9014000030009,1,1,2520,-40,1654780292319347,1654780292319347,
300833b2ddd9014000030001,1,1,1624,-47,1654780292321313,1654780292321313,
300833b2ddd9014000030008,1,1,3408,-42,1654780292322355,1654780292322355,
300833b2ddd9014000030002,1,1,764,-50,1654780292323779,1654780292323779,
300833b2ddd9014000030009,1,1,2504,-40,1654780292328936,1654780292328936,
300833b2ddd9014000030001,1,1,1596,-47,1654780292330234,1654780292330234,
300833b2ddd9014000030002,1,1,764,-50,1654780292331531,1654780292331531,
300833b2ddd9014000030008,1,1,3416,-42,1654780292333111,1654780292333111,
300833b2ddd9014000030002,1,1,764,-50,1654780292400645,1654780292400645,
300833b2ddd9014000030001,1,1,1524,-48,1654780292402073,1654780292402073,
300833b2ddd9014000030008,1,1,3404,-42,1654780292403155,1654780292403155,
300833b2ddd9014000030009,1,1,2412,-40,1654780292404242,1654780292404242,
300833b2ddd9014000030009,1,1,2416,-40,1654780292407614,1654780292407614,
300833b2ddd9014000030001,1,1,1512,-48,1654780292409553,1654780292409553,
300833b2ddd9014000030008,1,1,3412,-42,1654780292411116,1654780292411116,
300833b2ddd9014000030002,1,1,736,-50,1654780292412586,1654780292412586,
300833b2ddd9014000030001,1,1,1504,-48,1654780292442325,1654780292442325,
300833b2ddd9014000030008,1,1,3408,-42,1654780292444515,1654780292444515,
300833b2ddd9014000030009,1,1,2376,-40,1654780292449383,1654780292449383,
300833b2ddd9014000030002,1,1,736,-49,1654780292450720,1654780292450720,
300833b2ddd9014000030008,1,1,3424,-42,1654780292452457,1654780292452457,
300833b2ddd9014000030001,1,1,1464,-49,1654780292453602,1654780292453602,
300833b2ddd9014000030008,1,1,3404,-42,1654780292483776,1654780292483776,
300833b2ddd9014000030002,1,1,724,-49,1654780292485707,1654780292485707,
300833b2ddd9014000030001,1,1,1464,-49,1654780292486791,1654780292486791,
300833b2ddd9014000030008,1,1,3404,-42,1654780292490393,1654780292490393,
300833b2ddd9014000030002,1,1,724,-49,1654780292492103,1654780292492103,
300833b2ddd9014000030009,1,1,2364,-40,1654780292493188,1654780292493188,
300833b2ddd9014000030001,1,1,1496,-49,1654780292494276,1654780292494276,
300833b2ddd9014000030009,1,1,2372,-40,1654780292525083,1654780292525083,
300833b2ddd9014000030001,1,1,1476,-49,1654780292526112,1654780292526112,
300833b2ddd9014000030008,1,1,3420,-42,1654780292527481,1654780292527481,
300833b2ddd9014000030002,1,1,724,-49,1654780292529020,1654780292529020,
300833b2ddd9014000030008,1,1,3400,-41,1654780292533225,1654780292533225,
300833b2ddd9014000030009,1,1,2364,-40,1654780292534326,1654780292534326,
300833b2ddd9014000030002,1,1,720,-49,1654780292536184,1654780292536184,
300833b2ddd9014000030001,1,1,1436,-49,1654780292538725,1654780292538725,
300833b2ddd9014000030001,1,1,1472,-49,1654780292569162,1654780292569162,
300833b2ddd9014000030008,1,1,3408,-42,1654780292570657,1654780292570657,
300833b2ddd9014000030009,1,1,2364,-40,1654780292572027,1654780292572027,
300833b2ddd9014000030008,1,1,3404,-41,1654780292575998,1654780292575998,
300833b2ddd9014000030009,1,1,2360,-40,1654780292577098,1654780292577098,
300833b2ddd9014000030002,1,1,712,-49,1654780292578478,1654780292578478,
300833b2ddd9014000030001,1,1,1464,-49,1654780292581030,1654780292581030,
300833b2ddd9014000030009,1,1,2368,-40,1654780292612119,1654780292612119,
300833b2ddd9014000030008,1,1,3400,-41,1654780292613486,1654780292613486,
300833b2ddd9014000030002,1,1,696,-49,1654780292614954,1654780292614954,
300833b2ddd9014000030001,1,1,1476,-49,1654780292616027,1654780292616027,
300833b2ddd9014000030002,1,1,716,-49,1654780292619317,1654780292619317,
300833b2ddd9014000030001,1,1,1452,-49,1654780292620391,1654780292620391,
300833b2ddd9014000030009,1,1,2376,-41,1654780292621476,1654780292621476,
300833b2ddd9014000030008,1,1,3400,-41,1654780292622545,1654780292622545,
300833b2ddd9014000030002,1,1,724,-49,1654780292654265,1654780292654265,
300833b2ddd9014000030008,1,1,3404,-41,1654780292655604,1654780292655604,
300833b2ddd9014000030009,1,1,2376,-41,1654780292658554,1654780292658554,
300833b2ddd9014000030001,1,1,1456,-49,1654780292660644,1654780292660644,
300833b2ddd9014000030001,1,1,1472,-49,1654780292664664,1654780292664664,
300833b2ddd9014000030002,1,1,684,-49,1654780292666088,1654780292666088,
300833b2ddd9014000030009,1,1,2372,-40,1654780292667427,1654780292667427,
300833b2ddd9014000030008,1,1,3408,-41,1654780292668540,1654780292668540,
300833b2ddd9014000030001,1,1,1444,-49,1654780292701330,1654780292701330,
300833b2ddd9014000030002,1,1,696,-49,1654780292702770,1654780292702770,
300833b2ddd9014000030009,1,1,2364,-40,1654780292703856,1654780292703856,
300833b2ddd9014000030008,1,1,3416,-41,1654780292705166,1654780292705166,
300833b2ddd9014000030001,1,1,1460,-49,1654780292708992,1654780292708992,
300833b2ddd9014000030002,1,1,632,-49,1654780292710033,1654780292710033,
300833b2ddd9014000030008,1,1,3384,-41,1654780292712688,1654780292712688,
300833b2ddd9014000030009,1,1,2384,-40,1654780292713828,1654780292713828,
300833b2ddd9014000030009,1,1,2352,-40,1654780292744473,1654780292744473,
300833b2ddd9014000030001,1,1,1436,-49,1654780292746441,1654780292746441,
300833b2ddd9014000030002,1,1,664,-49,1654780292747513,1654780292747513,
300833b2ddd9014000030008,1,1,3420,-41,1654780292748608,1654780292748608,
300833b2ddd9014000030001,1,1,1444,-49,1654780292752671,1654780292752671,
300833b2ddd9014000030008,1,1,3440,-41,1654780292754126,1654780292754126,
300833b2ddd9014000030009,1,1,2364,-40,1654780292755183,1654780292755183,
300833b2ddd9014000030002,1,1,704,-49,1654780292757132,1654780292757132,
300833b2ddd9014000030009,1,1,2372,-40,1654780292788180,1654780292788180,
300833b2ddd9014000030001,1,1,1432,-49,1654780292789294,1654780292789294,
300833b2ddd9014000030008,1,1,3420,-41,1654780292790437,1654780292790437,
300833b2ddd9014000030002,1,1,692,-49,1654780292791608,1654780292791608,
300833b2ddd9014000030008,1,1,3416,-41,1654780292795089,1654780292795089,
300833b2ddd9014000030002,1,1,724,-49,1654780292796558,1654780292796558,
300833b2ddd9014000030001,1,1,1440,-49,1654780292797685,1654780292797685,
300833b2ddd9014000030009,1,1,2364,-41,1654780292799073,1654780292799073,
300833b2ddd9014000030009,1,1,2368,-41,1654780292829964,1654780292829964,
300833b2ddd9014000030008,1,1,3416,-41,1654780292831047,1654780292831047,
300833b2ddd9014000030001,1,1,1436,-49,1654780292832900,1654780292832900,
300833b2ddd9014000030002,1,1,704,-49,1654780292834618,1654780292834618,
300833b2ddd9014000030009,1,1,2356,-40,1654780292838269,1654780292838269,
300833b2ddd9014000030001,1,1,1436,-49,1654780292839341,1654780292839341,
300833b2ddd9014000030002,1,1,708,-49,1654780292840465,1654780292840465,
300833b2ddd9014000030008,1,1,3412,-41,1654780292843410,1654780292843410,
300833b2ddd9014000030008,1,1,3412,-41,1654780292877842,1654780292877842,
300833b2ddd9014000030001,1,1,1440,-49,1654780292879271,1654780292879271,
300833b2ddd9014000030009,1,1,2368,-40,1654780292880330,1654780292880330,
300833b2ddd9014000030002,1,1,704,-49,1654780292881624,1654780292881624,
300833b2ddd9014000030001,1,1,1424,-49,1654780292885456,1654780292885456,
300833b2ddd9014000030008,1,1,3424,-41,1654780292886552,1654780292886552,
300833b2ddd9014000030009,1,1,2348,-40,1654780292888399,1654780292888399,
300833b2ddd9014000030002,1,1,688,-49,1654780292889836,1654780292889836,
300833b2ddd9014000030009,1,1,2352,-40,1654780292921653,1654780292921653,
300833b2ddd9014000030008,1,1,3412,-41,1654780292922961,1654780292922961,
300833b2ddd9014000030002,1,1,700,-49,1654780292924060,1654780292924060,
300833b2ddd9014000030001,1,1,1444,-49,1654780292925246,1654780292925246,
300833b2ddd9014000030009,1,1,2360,-40,1654780292928936,1654780292928936,
300833b2ddd9014000030002,1,1,720,-49,1654780292930342,1654780292930342,
300833b2ddd9014000030008,1,1,3412,-41,1654780292931670,1654780292931670,
300833b2ddd9014000030001,1,1,1464,-49,1654780292933155,1654780292933155,
300833b2ddd9014000030009,1,1,2368,-41,1654780292963261,1654780292963261,
300833b2ddd9014000030008,1,1,3412,-41,1654780292965964,1654780292965964,
300833b2ddd9014000030002,1,1,704,-49,1654780292967019,1654780292967019,
300833b2ddd9014000030001,1,1,1424,-49,1654780292968107,1654780292968107,
300833b2ddd9014000030009,1,1,2364,-40,1654780292973153,1654780292973153,
300833b2ddd9014000030008,1,1,3420,-41,1654780292974307,1654780292974307,
300833b2ddd9014000030001,1,1,1420,-49,1654780292975876,1654780292975876,
300833b2ddd9014000030002,1,1,692,-49,1654780292977506,1654780292977506,
300833b2ddd9014000030001,1,1,1444,-49,1654780293009330,1654780293009330,
300833b2ddd9014000030002,1,1,692,-49,1654780293010427,1654780293010427,
300833b2ddd9014000030008,1,1,3412,-41,1654780293011492,1654780293011492,
300833b2ddd9014000030009,1,1,2364,-40,1654780293013063,1654780293013063,
300833b2ddd9014000030008,1,1,3412,-41,1654780293018046,1654780293018046,
300833b2ddd9014000030002,1,1,688,-49,1654780293019471,1654780293019471,
300833b2ddd9014000030001,1,1,1444,-49,1654780293020530,1654780293020530,
300833b2ddd9014000030009,1,1,2364,-40,1654780293021616,1654780293021616,
300833b2ddd9014000030008,1,1,3424,-41,1654780293051954,1654780293051954,
300833b2ddd9014000030002,1,1,676,-49,1654780293053278,1654780293053278,
300833b2ddd9014000030009,1,1,2360,-40,1654780293054363,1654780293054363,
300833b2ddd9014000030001,1,1,1460,-49,1654780293056173,1654780293056173,
300833b2ddd9014000030002,1,1,700,-49,1654780293060623,1654780293060623,
300833b2ddd9014000030009,1,1,2360,-40,1654780293061639,1654780293061639,
300833b2ddd9014000030008,1,1,3432,-41,1654780293063682,1654780293063682,
300833b2ddd9014000030001,1,1,1424,-49,1654780293065767,1654780293065767,
300833b2ddd9014000030008,1,1,3404,-41,1654780293097893,1654780293097893,
300833b2ddd9014000030009,1,1,2364,-40,1654780293099350,1654780293099350,
300833b2ddd9014000030002,1,1,716,-49,1654780293100672,1654780293100672,
300833b2ddd9014000030001,1,1,1428,-49,1654780293101745,1654780293101745,
300833b2ddd9014000030009,1,1,2368,-40,1654780293107768,1654780293107768,
300833b2ddd9014000030008,1,1,3420,-41,1654780293108833,1654780293108833,
300833b2ddd9014000030002,1,1,704,-49,1654780293110061,1654780293110061,
300833b2ddd9014000030001,1,1,1456,-49,1654780293111150,1654780293111150,
300833b2ddd9014000030009,1,1,2360,-40,1654780293140864,1654780293140864,
300833b2ddd9014000030002,1,1,680,-49,1654780293143018,1654780293143018,
300833b2ddd9014000030008,1,1,3408,-41,1654780293144101,1654780293144101,
300833b2ddd9014000030001,1,1,1428,-49,1654780293146591,1654780293146591,
300833b2ddd9014000030001,1,1,1436,-49,1654780293167138,1654780293167138,
300833b2ddd9014000030009,1,1,2372,-41,1654780293168887,1654780293168887,
300833b2ddd9014000030008,1,1,3404,-41,1654780293170225,1654780293170225,
300833b2ddd9014000030002,1,1,680,-49,1654780293171679,1654780293171679,
300833b2ddd9014000030009,1,1,2364,-40,1654780293201306,1654780293201306,
300833b2ddd9014000030001,1,1,1444,-49,1654780293202661,1654780293202661,
300833b2ddd9014000030008,1,1,3424,-41,1654780293203756,1654780293203756,
300833b2ddd9014000030002,1,1,684,-49,1654780293205609,1654780293205609,
300833b2ddd9014000030009,1,1,2380,-40,1654780293209863,1654780293209863,
300833b2ddd9014000030002,1,1,676,-49,1654780293211173,1654780293211173,
300833b2ddd9014000030008,1,1,3412,-41,1654780293212227,1654780293212227,
300833b2ddd9014000030001,1,1,1436,-49,1654780293215464,1654780293215464,
300833b2ddd9014000030002,1,1,708,-49,1654780293248384,1654780293248384,
300833b2ddd9014000030001,1,1,1436,-49,1654780293250362,1654780293250362,
300833b2ddd9014000030009,1,1,2360,-41,1654780293252059,1654780293252059,
300833b2ddd9014000030008,1,1,3420,-41,1654780293253480,1654780293253480,
300833b2ddd9014000030008,1,1,3408,-41,1654780293256713,1654780293256713,
300833b2ddd9014000030002,1,1,716,-49,1654780293258126,1654780293258126,
300833b2ddd9014000030009,1,1,2364,-41,1654780293259468,1654780293259468,
300833b2ddd9014000030001,1,1,1396,-49,1654780293260868,1654780293260868,
300833b2ddd9014000030002,1,1,716,-49,1654780293291126,1654780293291126,
300833b2ddd9014000030008,1,1,3408,-41,1654780293292489,1654780293292489,
300833b2ddd9014000030009,1,1,2368,-40,1654780293293849,1654780293293849,
300833b2ddd9014000030001,1,1,1436,-49,1654780293295788,1654780293295788,
300833b2ddd9014000030001,1,1,1444,-49,1654780293300122,1654780293300122,
300833b2ddd9014000030002,1,1,696,-49,1654780293302067,1654780293302067,
300833b2ddd9014000030009,1,1,2368,-41,1654780293303153,1654780293303153,
300833b2ddd9014000030008,1,1,3408,-41,1654780293304349,1654780293304349,
300833b2ddd9014000030008,1,1,3408,-41,1654780293334546,1654780293334546,
300833b2ddd9014000030009,1,1,2384,-41,1654780293336223,1654780293336223,
300833b2ddd9014000030002,1,1,712,-49,1654780293337293,1654780293337293,
300833b2ddd9014000030001,1,1,1428,-49,1654780293338423,1654780293338423,
300833b2ddd9014000030009,1,1,2384,-41,1654780293342488,1654780293342488,
300833b2ddd9014000030001,1,1,1448,-49,1654780293343547,1654780293343547,
300833b2ddd9014000030002,1,1,692,-49,1654780293344870,1654780293344870,
300833b2ddd9014000030008,1,1,3412,-42,1654780293346564,1654780293346564,
300833b2ddd9014000030009,1,1,2360,-40,1654780293377659,1654780293377659,
300833b2ddd9014000030008,1,1,3416,-41,1654780293379222,1654780293379222,
300833b2ddd9014000030001,1,1,1452,-49,1654780293381033,1654780293381033,
300833b2ddd9014000030002,1,1,692,-49,1654780293383898,1654780293383898,
300833b2ddd9014000030001,1,1,1436,-49,1654780293389525,1654780293389525,
300833b2ddd9014000030008,1,1,3416,-41,1654780293391279,1654780293391279,
300833b2ddd9014000030009,1,1,2360,-41,1654780293392324,1654780293392324,
300833b2ddd9014000030002,1,1,692,-49,1654780293393988,1654780293393988,
300833b2ddd9014000030002,1,1,704,-49,1654780293423923,1654780293423923,
300833b2ddd9014000030001,1,1,1452,-49,1654780293424966,1654780293424966,
300833b2ddd9014000030009,1,1,2380,-40,1654780293426578,1654780293426578,
300833b2ddd9014000030008,1,1,3404,-41,1654780293427902,1654780293427902,
300833b2ddd9014000030009,1,1,2368,-41,1654780293433808,1654780293433808,
300833b2ddd9014000030008,1,1,3396,-41,1654780293435472,1654780293435472,
300833b2ddd9014000030002,1,1,692,-49,1654780293436583,1654780293436583,
300833b2ddd9014000030001,1,1,1452,-49,1654780293437757,1654780293437757,
300833b2ddd9014000030002,1,1,680,-49,1654780293468480,1654780293468480,
300833b2ddd9014000030009,1,1,2372,-41,1654780293469724,1654780293469724,
300833b2ddd9014000030008,1,1,3408,-41,1654780293471330,1654780293471330,
300833b2ddd9014000030001,1,1,1476,-49,1654780293479614,1654780293479614,
300833b2ddd9014000030002,1,1,692,-49,1654780293484524,1654780293484524,
300833b2ddd9014000030001,1,1,1456,-49,1654780293485584,1654780293485584,
300833b2ddd9014000030008,1,1,3408,-41,1654780293486908,1654780293486908,
300833b2ddd9014000030009,1,1,2384,-41,1654780293488039,1654780293488039,
300833b2ddd9014000030008,1,1,3404,-41,1654780293520476,1654780293520476,
300833b2ddd9014000030002,1,1,740,-49,1654780293524454,1654780293524454,
300833b2ddd9014000030009,1,1,2356,-40,1654780293526826,1654780293526826,
300833b2ddd9014000030008,1,1,3396,-41,1654780293527852,1654780293527852,
300833b2ddd9014000030001,1,1,1424,-49,1654780293529320,1654780293529320,
300833b2ddd9014000030008,1,1,3408,-41,1654780293560569,1654780293560569,
300833b2ddd9014000030002,1,1,728,-49,1654780293561906,1654780293561906,
300833b2ddd9014000030001,1,1,1436,-49,1654780293562965,1654780293562965,
300833b2ddd9014000030009,1,1,2368,-41,1654780293564348,1654780293564348,
300833b2ddd9014000030009,1,1,2372,-41,1654780293569038,1654780293569038,
300833b2ddd9014000030008,1,1,3412,-41,1654780293570146,1654780293570146,
300833b2ddd9014000030002,1,1,720,-49,1654780293571468,1654780293571468,
300833b2ddd9014000030001,1,1,1404,-49,1654780293573254,1654780293573254,
300833b2ddd9014000030002,1,1,692,-49,1654780293604650,1654780293604650,
300833b2ddd9014000030009,1,1,2360,-41,1654780293606018,1654780293606018,
300833b2ddd9014000030001,1,1,1472,-49,1654780293607372,1654780293607372,
300833b2ddd9014000030008,1,1,3408,-41,1654780293608637,1654780293608637,
300833b2ddd9014000030009,1,1,2368,-41,1654780293613408,1654780293613408,
300833b2ddd9014000030008,1,1,3404,-41,1654780293614931,1654780293614931,
300833b2ddd9014000030001,1,1,1420,-49,1654780293616004,1654780293616004,
300833b2ddd9014000030002,1,1,724,-49,1654780293617101,1654780293617101,
300833b2ddd9014000030001,1,1,1452,-49,1654780293648355,1654780293648355,
300833b2ddd9014000030008,1,1,3416,-41,1654780293649581,1654780293649581,
300833b2ddd9014000030009,1,1,2380,-41,1654780293650694,1654780293650694,
300833b2ddd9014000030009,1,1,2364,-41,1654780293654851,1654780293654851,
300833b2ddd9014000030002,1,1,708,-49,1654780293656572,1654780293656572,
300833b2ddd9014000030008,1,1,3412,-41,1654780293657654,1654780293657654,
300833b2ddd9014000030001,1,1,1456,-49,1654780293659037,1654780293659037,
300833b2ddd9014000030009,1,1,2360,-40,1654780293690174,1654780293690174,
300833b2ddd9014000030008,1,1,3412,-41,1654780293691415,1654780293691415,
300833b2ddd9014000030001,1,1,1436,-49,1654780293692984,1654780293692984,
300833b2ddd9014000030002,1,1,732,-49,1654780293694392,1654780293694392,
300833b2ddd9014000030009,1,1,2372,-41,1654780293697120,1654780293697120,
300833b2ddd9014000030002,1,1,720,-49,1654780293699317,1654780293699317,
300833b2ddd9014000030008,1,1,3404,-41,1654780293700624,1654780293700624,
300833b2ddd9014000030001,1,1,1428,-49,1654780293701854,1654780293701854,
300833b2ddd9014000030008,1,1,3400,-41,1654780293732159,1654780293732159,
300833b2ddd9014000030009,1,1,2360,-40,1654780293733259,1654780293733259,
300833b2ddd9014000030002,1,1,728,-49,1654780293734837,1654780293734837,
300833b2ddd9014000030001,1,1,1432,-49,1654780293736762,1654780293736762,
300833b2ddd9014000030008,1,1,3408,-41,1654780293740620,1654780293740620,
300833b2ddd9014000030002,1,1,712,-49,1654780293741732,1654780293741732,
300833b2ddd9014000030009,1,1,2364,-41,1654780293743798,1654780293743798,
300833b2ddd9014000030001,1,1,1452,-49,1654780293745267,1654780293745267,
300833b2ddd9014000030009,1,1,2372,-40,1654780293776627,1654780293776627,
300833b2ddd9014000030001,1,1,1444,-49,1654780293777955,1654780293777955,
300833b2ddd9014000030002,1,1,728,-49,1654780293779050,1654780293779050,
300833b2ddd9014000030008,1,1,3408,-41,1654780293780121,1654780293780121,
300833b2ddd9014000030002,1,1,688,-49,1654780293785915,1654780293785915,
300833b2ddd9014000030008,1,1,3408,-41,1654780293787861,1654780293787861,
300833b2ddd9014000030001,1,1,1456,-49,1654780293788933,1654780293788933,
300833b2ddd9014000030009,1,1,2360,-41,1654780293790163,1654780293790163,