epc,atenda,atendanum,phase,RSS,timestamp,timestamp2,
300833b2ddd9014000030009,1,1,2436,-40,1654780310257088,1654780310257088,
300833b2ddd9014000030008,1,1,3548,-46,1654780310258185,1654780310258185,
300833b2ddd9014000030002,1,1,204,-64,1654780310259641,1654780310259641,
300833b2ddd9014000030002,1,1,4076,-64,1654780310262572,1654780310262572,
300833b2ddd9014000030008,1,1,3536,-46,1654780310264105,1654780310264105,
300833b2ddd9014000030009,1,1,2436,-40,1654780310265207,1654780310265207,
300833b2ddd9014000030001,1,1,1952,-46,1654780310266546,1654780310266546,
300833b2ddd9014000030009,1,1,2432,-40,1654780310298105,1654780310298105,
300833b2ddd9014000030002,1,1,196,-65,1654780310300058,1654780310300058,
300833b2ddd9014000030008,1,1,3536,-47,1654780310301424,1654780310301424,
300833b2ddd9014000030001,1,1,1952,-46,1654780310302881,1654780310302881,
300833b2ddd9014000030008,1,1,3556,-47,1654780310305821,1654780310305821,
300833b2ddd9014000030009,1,1,2444,-40,1654780310307556,1654780310307556,
300833b2ddd9014000030001,1,1,1940,-46,1654780310308871,1654780310308871,
300833b2ddd9014000030002,1,1,4080,-65,1654780310310567,1654780310310567,
300833b2ddd9014000030009,1,1,2436,-40,1654780310340968,1654780310340968,
300833b2ddd9014000030002,1,1,44,-67,1654780310342436,1654780310342436,
300833b2ddd9014000030008,1,1,3548,-47,1654780310344803,1654780310344803,
300833b2ddd9014000030001,1,1,1956,-46,1654780310345990,1654780310345990,
300833b2ddd9014000030009,1,1,2428,-40,1654780310349930,1654780310349930,
300833b2ddd9014000030002,1,1,220,-66,1654780310351028,1654780310351028,
300833b2ddd9014000030001,1,1,1952,-46,1654780310352338,1654780310352338,
300833b2ddd9014000030008,1,1,3552,-47,1654780310353538,1654780310353538,
300833b2ddd9014000030008,1,1,3552,-47,1654780310383760,1654780310383760,
300833b2ddd9014000030002,1,1,28,-65,1654780310385074,1654780310385074,
300833b2ddd9014000030001,1,1,1936,-46,1654780310386147,1654780310386147,
300833b2ddd9014000030009,1,1,2440,-40,1654780310387727,1654780310387727,
300833b2ddd9014000030008,1,1,3540,-47,1654780310393076,1654780310393076,
300833b2ddd9014000030009,1,1,2436,-40,1654780310394135,1654780310394135,
300833b2ddd9014000030001,1,1,1960,-46,1654780310395205,1654780310395205,
300833b2ddd9014000030002,1,1,116,-65,1654780310396320,1654780310396320,
300833b2ddd9014000030002,1,1,200,-66,1654780310427112,1654780310427112,
300833b2ddd9014000030009,1,1,2436,-40,1654780310428169,1654780310428169,
300833b2ddd9014000030008,1,1,3556,-47,1654780310429548,1654780310429548,
300833b2ddd9014000030009,1,1,2428,-40,1654780310435022,1654780310435022,
300833b2ddd9014000030008,1,1,3532,-47,1654780310436716,1654780310436716,
300833b2ddd9014000030002,1,1,88,-65,1654780310437845,1654780310437845,
300833b2ddd9014000030001,1,1,1952,-46,1654780310438930,1654780310438930,
300833b2ddd9014000030001,1,1,1944,-46,1654780310469320,1654780310469320,
300833b2ddd9014000030009,1,1,2444,-40,1654780310471340,1654780310471340,
300833b2ddd9014000030008,1,1,3548,-47,1654780310473301,1654780310473301,
300833b2ddd9014000030002,1,1,136,-65,1654780310474780,1654780310474780,
300833b2ddd9014000030008,1,1,3556,-47,1654780310477501,1654780310477501,
300833b2ddd9014000030009,1,1,2440,-40,1654780310478799,1654780310478799,
300833b2ddd9014000030002,1,1,4068,-65,1654780310479856,1654780310479856,
300833b2ddd9014000030001,1,1,1956,-46,1654780310482262,1654780310482262,
300833b2ddd9014000030009,1,1,2444,-40,1654780310513120,1654780310513120,
300833b2ddd9014000030001,1,1,1940,-46,1654780310514193,1654780310514193,
300833b2ddd9014000030008,1,1,3544,-47,1654780310515246,1654780310515246,
300833b2ddd9014000030002,1,1,56,-66,1654780310517095,1654780310517095,
300833b2ddd9014000030009,1,1,2432,-40,1654780310521547,1654780310521547,
300833b2ddd9014000030008,1,1,3604,-47,1654780310522871,1654780310522871,
300833b2ddd9014000030002,1,1,80,-66,1654780310524280,1654780310524280,
300833b2ddd9014000030001,1,1,1952,-46,1654780310525578,1654780310525578,
300833b2ddd9014000030008,1,1,3556,-47,1654780310558238,1654780310558238,
300833b2ddd9014000030009,1,1,2432,-40,1654780310560146,1654780310560146,
300833b2ddd9014000030001,1,1,1952,-46,1654780310561432,1654780310561432,
300833b2ddd9014000030002,1,1,116,-65,1654780310563712,1654780310563712,
300833b2ddd9014000030008,1,1,3564,-46,1654780310566820,1654780310566820,
300833b2ddd9014000030001,1,1,1972,-46,1654780310568091,1654780310568091,
300833b2ddd9014000030009,1,1,2440,-40,1654780310569658,1654780310569658,
300833b2ddd9014000030002,1,1,196,-65,1654780310571793,1654780310571793,
300833b2ddd9014000030009,1,1,2444,-40,1654780310603364,1654780310603364,
300833b2ddd9014000030008,1,1,3556,-47,1654780310604547,1654780310604547,
300833b2ddd9014000030001,1,1,1972,-46,1654780310607033,1654780310607033,
300833b2ddd9014000030002,1,1,88,-64,1654780310608233,1654780310608233,
300833b2ddd9014000030008,1,1,3560,-47,1654780310611532,1654780310611532,
300833b2ddd9014000030002,1,1,164,-64,1654780310612856,1654780310612856,
300833b2ddd9014000030001,1,1,1964,-46,1654780310615023,1654780310615023,
300833b2ddd9014000030009,1,1,2448,-40,1654780310616393,1654780310616393,
300833b2ddd9014000030008,1,1,3552,-47,1654780310648591,1654780310648591,
300833b2ddd9014000030001,1,1,1980,-46,1654780310649681,1654780310649681,
300833b2ddd9014000030009,1,1,2448,-40,1654780310650767,1654780310650767,
300833b2ddd9014000030002,1,1,240,-64,1654780310653202,1654780310653202,
300833b2ddd9014000030008,1,1,3572,-47,1654780310657146,1654780310657146,
300833b2ddd9014000030009,1,1,2440,-40,1654780310658230,1654780310658230,
300833b2ddd9014000030001,1,1,1980,-46,1654780310659362,1654780310659362,
300833b2ddd9014000030002,1,1,200,-63,1654780310660915,1654780310660915,
300833b2ddd9014000030002,1,1,28,-64,1654780310692534,1654780310692534,
300833b2ddd9014000030009,1,1,2436,-40,1654780310693632,1654780310693632,
300833b2ddd9014000030001,1,1,1964,-46,1654780310694703,1654780310694703,
300833b2ddd9014000030008,1,1,3548,-47,1654780310697316,1654780310697316,
300833b2ddd9014000030002,1,1,176,-63,1654780310701253,1654780310701253,
300833b2ddd9014000030009,1,1,2432,-40,1654780310702566,1654780310702566,
300833b2ddd9014000030008,1,1,3552,-47,1654780310703876,1654780310703876,
300833b2ddd9014000030001,1,1,1968,-46,1654780310705604,1654780310705604,
300833b2ddd9014000030009,1,1,2440,-40,1654780310737134,1654780310737134,
300833b2ddd9014000030008,1,1,3556,-47,1654780310738630,1654780310738630,
300833b2ddd9014000030001,1,1,1960,-46,1654780310739944,1654780310739944,
300833b2ddd9014000030002,1,1,140,-64,1654780310741684,1654780310741684,
300833b2ddd9014000030002,1,1,36,-64,1654780310744671,1654780310744671,
300833b2ddd9014000030008,1,1,3552,-47,1654780310746358,1654780310746358,
300833b2ddd9014000030009,1,1,2452,-40,1654780310747459,1654780310747459,
300833b2ddd9014000030001,1,1,1976,-46,1654780310749383,1654780310749383,
300833b2ddd9014000030002,1,1,104,-63,1654780310779243,1654780310779243,
300833b2ddd9014000030009,1,1,2448,-40,1654780310780596,1654780310780596,
300833b2ddd9014000030001,1,1,1968,-46,1654780310781669,1654780310781669,
300833b2ddd9014000030008,1,1,3552,-47,1654780310783250,1654780310783250,
300833b2ddd9014000030001,1,1,1984,-46,1654780310788385,1654780310788385,
300833b2ddd9014000030008,1,1,3524,-47,1654780310789572,1654780310789572,
300833b2ddd9014000030009,1,1,2440,-40,1654780310790642,1654780310790642,
300833b2ddd9014000030002,1,1,188,-63,1654780310791768,1654780310791768,
300833b2ddd9014000030002,1,1,108,-63,1654780310822797,1654780310822797,
300833b2ddd9014000030001,1,1,1964,-47,1654780310825201,1654780310825201,
300833b2ddd9014000030008,1,1,3536,-47,1654780310826197,1654780310826197,
300833b2ddd9014000030002,1,1,120,-63,1654780310828939,1654780310828939,
300833b2ddd9014000030009,1,1,2452,-40,1654780310829983,1654780310829983,
300833b2ddd9014000030001,1,1,1980,-47,1654780310831325,1654780310831325,
300833b2ddd9014000030008,1,1,3524,-47,1654780310832665,1654780310832665,
300833b2ddd9014000030001,1,1,1972,-47,1654780310864410,1654780310864410,
300833b2ddd9014000030002,1,1,40,-63,1654780310866348,1654780310866348,
300833b2ddd9014000030009,1,1,2444,-40,1654780310867644,1654780310867644,
300833b2ddd9014000030008,1,1,3536,-47,1654780310869376,1654780310869376,
300833b2ddd9014000030008,1,1,3532,-47,1654780310876404,1654780310876404,
300833b2ddd9014000030009,1,1,2444,-40,1654780310877519,1654780310877519,
300833b2ddd9014000030002,1,1,136,-62,1654780310879113,1654780310879113,
300833b2ddd9014000030001,1,1,2004,-47,1654780310881011,1654780310881011,
300833b2ddd9014000030009,1,1,2456,-40,1654780310911913,1654780310911913,
300833b2ddd9014000030008,1,1,3532,-47,1654780310914449,1654780310914449,
300833b2ddd9014000030001,1,1,1984,-46,1654780310915762,1654780310915762,
300833b2ddd9014000030009,1,1,2460,-40,1654780310919722,1654780310919722,
300833b2ddd9014000030002,1,1,92,-63,1654780310921003,1654780310921003,
300833b2ddd9014000030008,1,1,3508,-47,1654780310922596,1654780310922596,
300833b2ddd9014000030001,1,1,1984,-47,1654780310924313,1654780310924313,
300833b2ddd9014000030009,1,1,2436,-40,1654780310956818,1654780310956818,
300833b2ddd9014000030001,1,1,1992,-47,1654780310958822,1654780310958822,
300833b2ddd9014000030008,1,1,3536,-47,1654780310959906,1654780310959906,
300833b2ddd9014000030002,1,1,4084,-63,1654780310961190,1654780310961190,
300833b2ddd9014000030009,1,1,2464,-40,1654780310969508,1654780310969508,
300833b2ddd9014000030001,1,1,1996,-47,1654780310971238,1654780310971238,
300833b2ddd9014000030008,1,1,3516,-47,1654780310972506,1654780310972506,
300833b2ddd9014000030002,1,1,132,-62,1654780310974228,1654780310974228,
300833b2ddd9014000030009,1,1,2444,-40,1654780311004008,1654780311004008,
300833b2ddd9014000030001,1,1,1988,-47,1654780311005622,1654780311005622,
300833b2ddd9014000030008,1,1,3524,-47,1654780311006648,1654780311006648,
300833b2ddd9014000030002,1,1,44,-63,1654780311007720,1654780311007720,
300833b2ddd9014000030002,1,1,80,-63,1654780311012689,1654780311012689,
300833b2ddd9014000030001,1,1,1972,-47,1654780311014400,1654780311014400,
300833b2ddd9014000030009,1,1,2452,-40,1654780311015967,1654780311015967,
300833b2ddd9014000030008,1,1,3496,-47,1654780311017448,1654780311017448,
300833b2ddd9014000030008,1,1,3508,-47,1654780311050202,1654780311050202,
300833b2ddd9014000030001,1,1,1972,-47,1654780311052127,1654780311052127,
300833b2ddd9014000030009,1,1,2452,-40,1654780311053710,1654780311053710,
300833b2ddd9014000030002,1,1,104,-64,1654780311055150,1654780311055150,
300833b2ddd9014000030008,1,1,3524,-47,1654780311059599,1654780311059599,
300833b2ddd9014000030002,1,1,96,-63,1654780311060699,1654780311060699,
300833b2ddd9014000030001,1,1,1972,-47,1654780311062222,1654780311062222,
300833b2ddd9014000030009,1,1,2460,-40,1654780311063552,1654780311063552,
300833b2ddd9014000030001,1,1,1972,-47,1654780311094994,1654780311094994,
300833b2ddd9014000030002,1,1,80,-62,1654780311096918,1654780311096918,
300833b2ddd9014000030009,1,1,2456,-40,1654780311097960,1654780311097960,
300833b2ddd9014000030008,1,1,3532,-47,1654780311099029,1654780311099029,
300833b2ddd9014000030001,1,1,1976,-47,1654780311103783,1654780311103783,
300833b2ddd9014000030008,1,1,3504,-47,1654780311104956,1654780311104956,
300833b2ddd9014000030009,1,1,2444,-40,1654780311106311,1654780311106311,
300833b2ddd9014000030002,1,1,128,-63,1654780311107408,1654780311107408,
300833b2ddd9014000030008,1,1,3528,-47,1654780311137736,1654780311137736,
300833b2ddd9014000030009,1,1,2468,-40,1654780311138808,1654780311138808,
300833b2ddd9014000030001,1,1,1980,-47,1654780311139936,1654780311139936,
300833b2ddd9014000030002,1,1,80,-62,1654780311142016,1654780311142016,
300833b2ddd9014000030002,1,1,4084,-63,1654780311146707,1654780311146707,
300833b2ddd9014000030008,1,1,3512,-46,1654780311147771,1654780311147771,
300833b2ddd9014000030009,1,1,2452,-40,1654780311148889,1654780311148889,
300833b2ddd9014000030001,1,1,1988,-47,1654780311151245,1654780311151245,
300833b2ddd9014000030009,1,1,2456,-40,1654780311183928,1654780311183928,
300833b2ddd9014000030002,1,1,3988,-59,1654780311185369,1654780311185369,
300833b2ddd9014000030008,1,1,3496,-47,1654780311186677,1654780311186677,
300833b2ddd9014000030002,1,1,312,-60,1654780311190368,1654780311190368,
300833b2ddd9014000030001,1,1,2000,-47,1654780311192067,1654780311192067,
300833b2ddd9014000030009,1,1,2472,-40,1654780311193394,1654780311193394,
300833b2ddd9014000030008,1,1,3500,-47,1654780311195102,1654780311195102,
300833b2ddd9014000030008,1,1,3484,-47,1654780311225718,1654780311225718,
300833b2ddd9014000030001,1,1,1980,-47,1654780311227700,1654780311227700,
300833b2ddd9014000030009,1,1,2460,-40,1654780311228786,1654780311228786,
300833b2ddd9014000030002,1,1,112,-58,1654780311230014,1654780311230014,
300833b2ddd9014000030008,1,1,3496,-47,1654780311233861,1654780311233861,
300833b2ddd9014000030001,1,1,1996,-47,1654780311235064,1654780311235064,
300833b2ddd9014000030009,1,1,2476,-40,1654780311236178,1654780311236178,
300833b2ddd9014000030002,1,1,24,-59,1654780311238119,1654780311238119,
300833b2ddd9014000030002,1,1,152,-58,1654780311268557,1654780311268557,
300833b2ddd9014000030009,1,1,2480,-40,1654780311269627,1654780311269627,
300833b2ddd9014000030008,1,1,3480,-47,1654780311270682,1654780311270682,
300833b2ddd9014000030001,1,1,2000,-47,1654780311272749,1654780311272749,
300833b2ddd9014000030009,1,1,2472,-40,1654780311277087,1654780311277087,
300833b2ddd9014000030008,1,1,3464,-47,1654780311278995,1654780311278995,
300833b2ddd9014000030001,1,1,2016,-47,1654780311280310,1654780311280310,
300833b2ddd9014000030002,1,1,28,-58,1654780311281424,1654780311281424,
300833b2ddd9014000030008,1,1,3408,-47,1654780311312216,1654780311312216,
300833b2ddd9014000030001,1,1,2004,-48,1654780311314609,1654780311314609,
300833b2ddd9014000030001,1,1,2008,-47,1654780311318497,1654780311318497,
300833b2ddd9014000030009,1,1,2500,-40,1654780311319552,1654780311319552,
300833b2ddd9014000030008,1,1,3448,-47,1654780311321104,1654780311321104,
300833b2ddd9014000030002,1,1,104,-60,1654780311323254,1654780311323254,
300833b2ddd9014000030008,1,1,3460,-47,1654780311355140,1654780311355140,
300833b2ddd9014000030001,1,1,2000,-48,1654780311356738,1654780311356738,
300833b2ddd9014000030009,1,1,2476,-40,1654780311357850,1654780311357850,
300833b2ddd9014000030008,1,1,3404,-47,1654780311362774,1654780311362774,
300833b2ddd9014000030009,1,1,2496,-41,1654780311363872,1654780311363872,
300833b2ddd9014000030001,1,1,1996,-48,1654780311365698,1654780311365698,
300833b2ddd9014000030002,1,1,4036,-58,1654780311367691,1654780311367691,
300833b2ddd9014000030002,1,1,104,-58,1654780311398976,1654780311398976,
300833b2ddd9014000030009,1,1,2532,-41,1654780311400473,1654780311400473,
300833b2ddd9014000030001,1,1,1980,-49,1654780311402385,1654780311402385,
300833b2ddd9014000030008,1,1,3416,-47,1654780311405649,1654780311405649,
300833b2ddd9014000030002,1,1,32,-58,1654780311406708,1654780311406708,
300833b2ddd9014000030001,1,1,1972,-49,1654780311408005,1654780311408005,
300833b2ddd9014000030009,1,1,2540,-41,1654780311409331,1654780311409331,
300833b2ddd9014000030001,1,1,1948,-49,1654780311440794,1654780311440794,
300833b2ddd9014000030008,1,1,3380,-47,1654780311442077,1654780311442077,
300833b2ddd9014000030002,1,1,36,-56,1654780311445364,1654780311445364,
300833b2ddd9014000030008,1,1,3360,-47,1654780311448542,1654780311448542,
300833b2ddd9014000030001,1,1,1944,-49,1654780311450256,1654780311450256,
300833b2ddd9014000030002,1,1,36,-56,1654780311451623,1654780311451623,
300833b2ddd9014000030009,1,1,2556,-41,1654780311452678,1654780311452678,
300833b2ddd9014000030008,1,1,3360,-47,1654780311483249,1654780311483249,
300833b2ddd9014000030001,1,1,1880,-50,1654780311484350,1654780311484350,
300833b2ddd9014000030009,1,1,2572,-41,1654780311485643,1654780311485643,
300833b2ddd9014000030002,1,1,68,-55,1654780311487198,1654780311487198,
300833b2ddd9014000030001,1,1,1868,-50,1654780311492170,1654780311492170,
300833b2ddd9014000030009,1,1,2568,-41,1654780311493893,1654780311493893,
300833b2ddd9014000030002,1,1,152,-55,1654780311494963,1654780311494963,
300833b2ddd9014000030008,1,1,3356,-47,1654780311496355,1654780311496355,
300833b2ddd9014000030009,1,1,2604,-41,1654780311526014,1654780311526014,
300833b2ddd9014000030002,1,1,136,-54,1654780311527355,1654780311527355,
300833b2ddd9014000030001,1,1,1792,-50,1654780311528940,1654780311528940,
300833b2ddd9014000030008,1,1,3292,-47,1654780311530038,1654780311530038,
300833b2ddd9014000030008,1,1,3304,-47,1654780311534525,1654780311534525,
300833b2ddd9014000030009,1,1,2608,-42,1654780311535595,1654780311535595,
300833b2ddd9014000030002,1,1,68,-54,1654780311537857,1654780311537857,
300833b2ddd9014000030001,1,1,1784,-51,1654780311539272,1654780311539272,
300833b2ddd9014000030009,1,1,2668,-42,1654780311570077,1654780311570077,
300833b2ddd9014000030008,1,1,3312,-47,1654780311571118,1654780311571118,
300833b2ddd9014000030002,1,1,56,-53,1654780311573777,1654780311573777,
300833b2ddd9014000030001,1,1,1708,-51,1654780311575304,1654780311575304,
300833b2ddd9014000030002,1,1,120,-53,1654780311579018,1654780311579018,
300833b2ddd9014000030009,1,1,2636,-42,1654780311580345,1654780311580345,
300833b2ddd9014000030008,1,1,3276,-46,1654780311581667,1654780311581667,
300833b2ddd9014000030001,1,1,1656,-51,1654780311582714,1654780311582714,
300833b2ddd9014000030009,1,1,2644,-43,1654780311614330,1654780311614330,
300833b2ddd9014000030008,1,1,3248,-46,1654780311615371,1654780311615371,
300833b2ddd9014000030001,1,1,1520,-51,1654780311618937,1654780311618937,
300833b2ddd9014000030002,1,1,120,-52,1654780311620337,1654780311620337,
300833b2ddd9014000030002,1,1,124,-52,1654780311623105,1654780311623105,
300833b2ddd9014000030001,1,1,1504,-51,1654780311624240,1654780311624240,
300833b2ddd9014000030009,1,1,2644,-43,1654780311625566,1654780311625566,
300833b2ddd9014000030008,1,1,3236,-46,1654780311626661,1654780311626661,
300833b2ddd9014000030009,1,1,2660,-44,1654780311660971,1654780311660971,
300833b2ddd9014000030002,1,1,108,-51,1654780311662296,1654780311662296,
300833b2ddd9014000030008,1,1,3208,-46,1654780311663380,1654780311663380,
300833b2ddd9014000030001,1,1,1364,-51,1654780311664880,1654780311664880,
300833b2ddd9014000030009,1,1,2656,-44,1654780311668315,1654780311668315,
300833b2ddd9014000030002,1,1,116,-51,1654780311669468,1654780311669468,
300833b2ddd9014000030008,1,1,3204,-46,1654780311670572,1654780311670572,
300833b2ddd9014000030001,1,1,1352,-51,1654780311671900,1654780311671900,
300833b2ddd9014000030001,1,1,1284,-50,1654780311702937,1654780311702937,
300833b2ddd9014000030008,1,1,3172,-45,1654780311704275,1654780311704275,
300833b2ddd9014000030009,1,1,2640,-45,1654780311706082,1654780311706082,
300833b2ddd9014000030002,1,1,108,-50,1654780311707167,1654780311707167,
300833b2ddd9014000030001,1,1,1228,-50,1654780311715486,1654780311715486,
300833b2ddd9014000030009,1,1,2640,-46,1654780311717422,1654780311717422,
300833b2ddd9014000030008,1,1,3152,-45,1654780311718532,1654780311718532,
300833b2ddd9014000030002,1,1,104,-50,1654780311720031,1654780311720031,
300833b2ddd9014000030002,1,1,76,-50,1654780311749760,1654780311749760,
300833b2ddd9014000030009,1,1,2624,-47,1654780311751340,1654780311751340,
300833b2ddd9014000030008,1,1,3120,-45,1654780311752694,1654780311752694,
300833b2ddd9014000030001,1,1,1160,-50,1654780311753996,1654780311753996,
300833b2ddd9014000030008,1,1,3148,-45,1654780311759851,1654780311759851,
300833b2ddd9014000030002,1,1,100,-50,1654780311761770,1654780311761770,
300833b2ddd9014000030009,1,1,2616,-47,1654780311763101,1654780311763101,
300833b2ddd9014000030001,1,1,1108,-50,1654780311764800,1654780311764800,
300833b2ddd9014000030008,1,1,3108,-44,1654780311798127,1654780311798127,
300833b2ddd9014000030002,1,1,72,-49,1654780311799424,1654780311799424,
300833b2ddd9014000030001,1,1,1040,-51,1654780311800798,1654780311800798,
300833b2ddd9014000030009,1,1,2556,-48,1654780311802376,1654780311802376,
300833b2ddd9014000030002,1,1,84,-49,1654780311806594,1654780311806594,
300833b2ddd9014000030001,1,1,1012,-51,1654780311808137,1654780311808137,
300833b2ddd9014000030009,1,1,2528,-48,1654780311810650,1654780311810650,
300833b2ddd9014000030008,1,1,3092,-45,1654780311811960,1654780311811960,
300833b2ddd9014000030009,1,1,2488,-48,1654780311843611,1654780311843611,
300833b2ddd9014000030001,1,1,972,-52,1654780311844757,1654780311844757,
300833b2ddd9014000030002,1,1,92,-49,1654780311848542,1654780311848542,
300833b2ddd9014000030009,1,1,2488,-48,1654780311849867,1654780311849867,
300833b2ddd9014000030008,1,1,3096,-44,1654780311851187,1654780311851187,
300833b2ddd9014000030001,1,1,944,-51,1654780311852294,1654780311852294,
300833b2ddd9014000030001,1,1,936,-52,1654780311883980,1654780311883980,
300833b2ddd9014000030002,1,1,48,-49,1654780311885034,1654780311885034,
300833b2ddd9014000030009,1,1,2384,-47,1654780311886799,1654780311886799,
300833b2ddd9014000030008,1,1,3092,-44,1654780311887895,1654780311887895,
300833b2ddd9014000030008,1,1,3100,-44,1654780311892149,1654780311892149,
300833b2ddd9014000030009,1,1,2400,-47,1654780311894139,1654780311894139,
300833b2ddd9014000030002,1,1,64,-49,1654780311896354,1654780311896354,
300833b2ddd9014000030001,1,1,968,-52,1654780311897571,1654780311897571,
300833b2ddd9014000030001,1,1,984,-53,1654780311929207,1654780311929207,
300833b2ddd9014000030002,1,1,116,-49,1654780311930501,1654780311930501,
300833b2ddd9014000030009,1,1,2356,-47,1654780311932011,1654780311932011,
300833b2ddd9014000030008,1,1,3112,-44,1654780311936441,1654780311936441,
300833b2ddd9014000030009,1,1,2328,-46,1654780311937483,1654780311937483,
300833b2ddd9014000030002,1,1,140,-49,1654780311939499,1654780311939499,
300833b2ddd9014000030001,1,1,992,-53,1654780311940576,1654780311940576,
300833b2ddd9014000030002,1,1,148,-49,1654780311978305,1654780311978305,
300833b2ddd9014000030008,1,1,3132,-44,1654780311979530,1654780311979530,
300833b2ddd9014000030001,1,1,1124,-53,1654780311981698,1654780311981698,
300833b2ddd9014000030001,1,1,1164,-53,1654780311984682,1654780311984682,
300833b2ddd9014000030008,1,1,3128,-44,1654780311985707,1654780311985707,
300833b2ddd9014000030002,1,1,172,-49,1654780311987021,1654780311987021,
300833b2ddd9014000030009,1,1,2400,-46,1654780311988091,1654780311988091,
300833b2ddd9014000030001,1,1,2032,-51,1654780312212193,1654780312212193,
300833b2ddd9014000030009,1,1,2848,-45,1654780312213249,1654780312213249,
300833b2ddd9014000030008,1,1,3392,-44,1654780312214272,1654780312214272,
300833b2ddd9014000030002,1,1,552,-51,1654780312215330,1654780312215330,
300833b2ddd9014000030002,1,1,552,-51,1654780312220759,1654780312220759,
300833b2ddd9014000030001,1,1,2036,-50,1654780312222275,1654780312222275,
300833b2ddd9014000030008,1,1,3396,-44,1654780312223372,1654780312223372,
300833b2ddd9014000030009,1,1,2900,-45,1654780312225295,1654780312225295,
300833b2ddd9014000030002,1,1,612,-51,1654780312255762,1654780312255762,
300833b2ddd9014000030008,1,1,3404,-43,1654780312257889,1654780312257889,
300833b2ddd9014000030001,1,1,2048,-49,1654780312259006,1654780312259006,
300833b2ddd9014000030009,1,1,2888,-44,1654780312260319,1654780312260319,
300833b2ddd9014000030009,1,1,2916,-44,1654780312265796,1654780312265796,
300833b2ddd9014000030002,1,1,632,-51,1654780312267107,1654780312267107,
300833b2ddd9014000030008,1,1,3416,-43,1654780312268219,1654780312268219,
300833b2ddd9014000030001,1,1,2016,-49,1654780312269814,1654780312269814,
300833b2ddd9014000030008,1,1,3424,-43,1654780312302170,1654780312302170,
300833b2ddd9014000030009,1,1,2884,-43,1654780312303269,1654780312303269,
300833b2ddd9014000030002,1,1,644,-51,1654780312305516,1654780312305516,
300833b2ddd9014000030001,1,1,1980,-48,1654780312307228,1654780312307228,
300833b2ddd9014000030009,1,1,2876,-43,1654780312311945,1654780312311945,
300833b2ddd9014000030008,1,1,3428,-43,1654780312313085,1654780312313085,
300833b2ddd9014000030002,1,1,660,-51,1654780312314213,1654780312314213,
300833b2ddd9014000030001,1,1,1952,-48,1654780312316567,1654780312316567,
300833b2ddd9014000030002,1,1,684,-51,1654780312349337,1654780312349337,
300833b2ddd9014000030008,1,1,3424,-43,1654780312350716,1654780312350716,
300833b2ddd9014000030009,1,1,2832,-42,1654780312352069,1654780312352069,
300833b2ddd9014000030001,1,1,1880,-47,1654780312353370,1654780312353370,
300833b2ddd9014000030008,1,1,3416,-42,1654780312358659,1654780312358659,
300833b2ddd9014000030009,1,1,2824,-41,1654780312359730,1654780312359730,
300833b2ddd9014000030001,1,1,1892,-47,1654780312361429,1654780312361429,
300833b2ddd9014000030002,1,1,692,-51,1654780312362485,1654780312362485,
300833b2ddd9014000030009,1,1,2760,-41,1654780312392650,1654780312392650,
300833b2ddd9014000030001,1,1,1816,-47,1654780312393709,1654780312393709,
300833b2ddd9014000030002,1,1,708,-51,1654780312395515,1654780312395515,
300833b2ddd9014000030008,1,1,3424,-42,1654780312396598,1654780312396598,
300833b2ddd9014000030008,1,1,3436,-42,1654780312401981,1654780312401981,
300833b2ddd9014000030009,1,1,2720,-41,1654780312403563,1654780312403563,
300833b2ddd9014000030002,1,1,752,-51,1654780312404819,1654780312404819,
300833b2ddd9014000030001,1,1,1812,-47,1654780312405878,1654780312405878,
300833b2ddd9014000030001,1,1,1744,-47,1654780312436135,1654780312436135,
300833b2ddd9014000030002,1,1,748,-51,1654780312437247,1654780312437247,
300833b2ddd9014000030009,1,1,2680,-40,1654780312438588,1654780312438588,
300833b2ddd9014000030008,1,1,3428,-42,1654780312441333,1654780312441333,
300833b2ddd9014000030008,1,1,3428,-42,1654780312444107,1654780312444107,
300833b2ddd9014000030009,1,1,2664,-40,1654780312445152,1654780312445152,
300833b2ddd9014000030001,1,1,1712,-47,1654780312446326,1654780312446326,
300833b2ddd9014000030002,1,1,732,-51,1654780312447382,1654780312447382,
300833b2ddd9014000030009,1,1,2600,-41,1654780312487339,1654780312487339,
300833b2ddd9014000030008,1,1,3428,-42,1654780312489273,1654780312489273,
300833b2ddd9014000030002,1,1,728,-51,1654780312490626,1654780312490626,
300833b2ddd9014000030001,1,1,1624,-47,1654780312492308,1654780312492308,
300833b2ddd9014000030001,1,1,1648,-47,1654780312495294,1654780312495294,
300833b2ddd9014000030008,1,1,3424,-42,1654780312496946,1654780312496946,
300833b2ddd9014000030009,1,1,2572,-40,1654780312498286,1654780312498286,
300833b2ddd9014000030002,1,1,748,-51,1654780312499356,1654780312499356,
300833b2ddd9014000030008,1,1,3424,-42,1654780312529879,1654780312529879,
300833b2ddd9014000030009,1,1,2520,-40,1654780312531832,1654780312531832,
300833b2ddd9014000030001,1,1,1564,-47,1654780312532935,1654780312532935,
300833b2ddd9014000030002,1,1,744,-51,1654780312534601,1654780312534601,
300833b2ddd9014000030008,1,1,3424,-42,1654780312539627,1654780312539627,
300833b2ddd9014000030002,1,1,740,-50,1654780312540682,1654780312540682,
300833b2ddd9014000030009,1,1,2524,-40,1654780312542503,1654780312542503,
300833b2ddd9014000030001,1,1,1556,-48,1654780312543577,1654780312543577,
300833b2ddd9014000030001,1,1,1520,-48,1654780312575716,1654780312575716,
300833b2ddd9014000030009,1,1,2456,-40,1654780312576903,1654780312576903,
300833b2ddd9014000030002,1,1,732,-50,1654780312577929,1654780312577929,
300833b2ddd9014000030008,1,1,3412,-42,1654780312579268,1654780312579268,
300833b2ddd9014000030008,1,1,3424,-42,1654780312583866,1654780312583866,
300833b2ddd9014000030001,1,1,1524,-48,1654780312585239,1654780312585239,
300833b2ddd9014000030002,1,1,764,-50,1654780312586279,1654780312586279,
300833b2ddd9014000030009,1,1,2468,-40,1654780312588119,1654780312588119,
300833b2ddd9014000030009,1,1,2440,-40,1654780312619369,1654780312619369,
300833b2ddd9014000030001,1,1,1532,-48,1654780312620469,1654780312620469,
300833b2ddd9014000030008,1,1,3412,-42,1654780312621525,1654780312621525,
300833b2ddd9014000030002,1,1,736,-50,1654780312623600,1654780312623600,
300833b2ddd9014000030001,1,1,1504,-48,1654780312628254,1654780312628254,
300833b2ddd9014000030008,1,1,3408,-42,1654780312629977,1654780312629977,
300833b2ddd9014000030002,1,1,728,-50,1654780312631091,1654780312631091,
300833b2ddd9014000030009,1,1,2416,-40,1654780312632150,1654780312632150,
300833b2ddd9014000030008,1,1,3412,-42,1654780312662587,1654780312662587,
300833b2ddd9014000030001,1,1,1480,-49,1654780312664172,1654780312664172,
300833b2ddd9014000030009,1,1,2416,-40,1654780312665258,1654780312665258,
300833b2ddd9014000030002,1,1,720,-50,1654780312666794,1654780312666794,
300833b2ddd9014000030009,1,1,2408,-40,1654780312671051,1654780312671051,
300833b2ddd9014000030008,1,1,3412,-41,1654780312673015,1654780312673015,
300833b2ddd9014000030002,1,1,716,-50,1654780312675199,1654780312675199,
300833b2ddd9014000030001,1,1,1468,-49,1654780312676301,1654780312676301,
300833b2ddd9014000030008,1,1,3424,-42,1654780312707382,1654780312707382,
300833b2ddd9014000030009,1,1,2392,-40,1654780312708584,1654780312708584,
300833b2ddd9014000030001,1,1,1456,-49,1654780312709684,1654780312709684,
300833b2ddd9014000030002,1,1,708,-49,1654780312711052,1654780312711052,
300833b2ddd9014000030001,1,1,1472,-49,1654780312719089,1654780312719089,
300833b2ddd9014000030009,1,1,2388,-40,1654780312720251,1654780312720251,
300833b2ddd9014000030002,1,1,724,-50,1654780312721290,1654780312721290,
300833b2ddd9014000030008,1,1,3408,-42,1654780312723213,1654780312723213,
300833b2ddd9014000030008,1,1,3424,-41,1654780312753266,1654780312753266,
300833b2ddd9014000030009,1,1,2384,-40,1654780312754350,1654780312754350,
300833b2ddd9014000030002,1,1,704,-49,1654780312755887,1654780312755887,
300833b2ddd9014000030001,1,1,1448,-49,1654780312757797,1654780312757797,
300833b2ddd9014000030009,1,1,2384,-40,1654780312761725,1654780312761725,
300833b2ddd9014000030001,1,1,1460,-49,1654780312762852,1654780312762852,
300833b2ddd9014000030008,1,1,3420,-42,1654780312764428,1654780312764428,
300833b2ddd9014000030002,1,1,708,-49,1654780312767452,1654780312767452,
300833b2ddd9014000030001,1,1,1452,-49,1654780312797406,1654780312797406,
300833b2ddd9014000030009,1,1,2368,-40,1654780312798436,1654780312798436,
300833b2ddd9014000030008,1,1,3412,-41,1654780312800573,1654780312800573,
300833b2ddd9014000030002,1,1,688,-49,1654780312802311,1654780312802311,
300833b2ddd9014000030009,1,1,2380,-40,1654780312807253,1654780312807253,
300833b2ddd9014000030002,1,1,720,-49,1654780312809174,1654780312809174,
300833b2ddd9014000030001,1,1,1436,-49,1654780312810247,1654780312810247,
300833b2ddd9014000030008,1,1,3420,-41,1654780312811541,1654780312811541,
300833b2ddd9014000030002,1,1,692,-49,1654780312842579,1654780312842579,
300833b2ddd9014000030008,1,1,3424,-41,1654780312843804,1654780312843804,
300833b2ddd9014000030001,1,1,1464,-49,1654780312844907,1654780312844907,
300833b2ddd9014000030009,1,1,2384,-40,1654780312845980,1654780312845980,
300833b2ddd9014000030009,1,1,2368,-40,1654780312850017,1654780312850017,
300833b2ddd9014000030008,1,1,3416,-41,1654780312851496,1654780312851496,
300833b2ddd9014000030001,1,1,1444,-49,1654780312853501,1654780312853501,
300833b2ddd9014000030002,1,1,692,-49,1654780312854598,1654780312854598,
300833b2ddd9014000030001,1,1,1448,-49,1654780312884452,1654780312884452,
300833b2ddd9014000030009,1,1,2368,-40,1654780312885779,1654780312885779,
300833b2ddd9014000030008,1,1,3412,-41,1654780312886832,1654780312886832,
300833b2ddd9014000030008,1,1,3408,-42,1654780312893041,1654780312893041,
300833b2ddd9014000030009,1,1,2364,-40,1654780312894113,1654780312894113,
300833b2ddd9014000030002,1,1,720,-49,1654780312895208,1654780312895208,
300833b2ddd9014000030001,1,1,1444,-49,1654780312896652,1654780312896652,
300833b2ddd9014000030001,1,1,1456,-49,1654780312926562,1654780312926562,
300833b2ddd9014000030008,1,1,3404,-41,1654780312927888,1654780312927888,
300833b2ddd9014000030009,1,1,2364,-40,1654780312928960,1654780312928960,
300833b2ddd9014000030002,1,1,692,-50,1654780312930736,1654780312930736,
300833b2ddd9014000030001,1,1,1448,-49,1654780312935498,1654780312935498,
300833b2ddd9014000030008,1,1,3400,-41,1654780312936982,1654780312936982,
300833b2ddd9014000030009,1,1,2364,-41,1654780312938323,1654780312938323,
300833b2ddd9014000030002,1,1,700,-49,1654780312939745,1654780312939745,
300833b2ddd9014000030009,1,1,2376,-40,1654780312970379,1654780312970379,
300833b2ddd9014000030008,1,1,3396,-41,1654780312973032,1654780312973032,
300833b2ddd9014000030001,1,1,1440,-49,1654780312974542,1654780312974542,
300833b2ddd9014000030002,1,1,716,-49,1654780312976151,1654780312976151,
300833b2ddd9014000030008,1,1,3404,-41,1654780312979792,1654780312979792,
300833b2ddd9014000030002,1,1,704,-49,1654780312980845,1654780312980845,
300833b2ddd9014000030009,1,1,2372,-40,1654780312982443,1654780312982443,
300833b2ddd9014000030001,1,1,1460,-49,1654780312983542,1654780312983542,
300833b2ddd9014000030001,1,1,1448,-49,1654780313015128,1654780313015128,
300833b2ddd9014000030009,1,1,2368,-40,1654780313016725,1654780313016725,
300833b2ddd9014000030008,1,1,3404,-41,1654780313017806,1654780313017806,
300833b2ddd9014000030002,1,1,704,-49,1654780313020221,1654780313020221,
300833b2ddd9014000030008,1,1,3404,-41,1654780313024467,1654780313024467,
300833b2ddd9014000030009,1,1,2376,-40,1654780313025483,1654780313025483,
300833b2ddd9014000030001,1,1,1472,-49,1654780313026570,1654780313026570,
300833b2ddd9014000030002,1,1,680,-49,1654780313028732,1654780313028732,
300833b2ddd9014000030002,1,1,728,-49,1654780313059517,1654780313059517,
300833b2ddd9014000030001,1,1,1436,-49,1654780313060862,1654780313060862,
300833b2ddd9014000030008,1,1,3412,-41,1654780313062441,1654780313062441,
300833b2ddd9014000030009,1,1,2364,-40,1654780313063501,1654780313063501,
300833b2ddd9014000030008,1,1,3408,-41,1654780313067982,1654780313067982,
300833b2ddd9014000030002,1,1,696,-49,1654780313069334,1654780313069334,
300833b2ddd9014000030009,1,1,2380,-40,1654780313070463,1654780313070463,
300833b2ddd9014000030001,1,1,1412,-49,1654780313072274,1654780313072274,
300833b2ddd9014000030002,1,1,676,-49,1654780313103844,1654780313103844,
300833b2ddd9014000030009,1,1,2360,-40,1654780313104944,1654780313104944,
300833b2ddd9014000030008,1,1,3408,-41,1654780313106465,1654780313106465,
300833b2ddd9014000030001,1,1,1460,-50,1654780313108178,1654780313108178,
300833b2ddd9014000030008,1,1,3408,-42,1654780313112561,1654780313112561,
300833b2ddd9014000030001,1,1,1448,-50,1654780313113861,1654780313113861,
300833b2ddd9014000030009,1,1,2364,-40,1654780313115415,1654780313115415,
300833b2ddd9014000030002,1,1,716,-49,1654780313117693,1654780313117693,
300833b2ddd9014000030001,1,1,1472,-50,1654780313147594,1654780313147594,
300833b2ddd9014000030008,1,1,3412,-41,1654780313148933,1654780313148933,
300833b2ddd9014000030009,1,1,2376,-40,1654780313149995,1654780313149995,
300833b2ddd9014000030002,1,1,716,-49,1654780313151078,1654780313151078,
300833b2ddd9014000030008,1,1,3412,-41,1654780313156293,1654780313156293,
300833b2ddd9014000030001,1,1,1444,-50,1654780313158035,1654780313158035,
300833b2ddd9014000030002,1,1,676,-49,1654780313159121,1654780313159121,
300833b2ddd9014000030009,1,1,2372,-40,1654780313160206,1654780313160206,
300833b2ddd9014000030009,1,1,2372,-41,1654780313191181,1654780313191181,
300833b2ddd9014000030008,1,1,3404,-41,1654780313192873,1654780313192873,
300833b2ddd9014000030001,1,1,1452,-50,1654780313193905,1654780313193905,
300833b2ddd9014000030002,1,1,668,-49,1654780313194961,1654780313194961,
300833b2ddd9014000030001,1,1,1448,-50,1654780313198514,1654780313198514,
300833b2ddd9014000030009,1,1,2368,-40,1654780313199600,1654780313199600,
300833b2ddd9014000030002,1,1,708,-49,1654780313200696,1654780313200696,
300833b2ddd9014000030008,1,1,3408,-41,1654780313203981,1654780313203981,
300833b2ddd9014000030008,1,1,3416,-41,1654780313233721,1654780313233721,
300833b2ddd9014000030009,1,1,2368,-40,1654780313234823,1654780313234823,
300833b2ddd9014000030001,1,1,1456,-50,1654780313237420,1654780313237420,
300833b2ddd9014000030002,1,1,704,-49,1654780313238985,1654780313238985,
300833b2ddd9014000030008,1,1,3416,-41,1654780313242818,1654780313242818,
300833b2ddd9014000030009,1,1,2372,-40,1654780313243889,1654780313243889,
300833b2ddd9014000030002,1,1,696,-49,1654780313245467,1654780313245467,
300833b2ddd9014000030001,1,1,1456,-50,1654780313247211,1654780313247211,
300833b2ddd9014000030002,1,1,680,-49,1654780313278224,1654780313278224,
300833b2ddd9014000030008,1,1,3416,-41,1654780313279350,1654780313279350,
300833b2ddd9014000030001,1,1,1452,-50,1654780313280661,1654780313280661,
300833b2ddd9014000030009,1,1,2380,-41,1654780313282021,1654780313282021,
300833b2ddd9014000030001,1,1,1460,-49,1654780313286637,1654780313286637,
300833b2ddd9014000030008,1,1,3412,-41,1654780313288859,1654780313288859,
300833b2ddd9014000030002,1,1,692,-49,1654780313289971,1654780313289971,
300833b2ddd9014000030009,1,1,2380,-41,1654780313290999,1654780313290999,
300833b2ddd9014000030008,1,1,3408,-41,1654780313321313,1654780313321313,
300833b2ddd9014000030009,1,1,2372,-40,1654780313322582,1654780313322582,
300833b2ddd9014000030002,1,1,696,-49,1654780313324119,1654780313324119,
300833b2ddd9014000030001,1,1,1448,-50,1654780313325803,1654780313325803,
300833b2ddd9014000030001,1,1,1460,-50,1654780313330121,1654780313330121,
300833b2ddd9014000030009,1,1,2368,-41,1654780313331491,1654780313331491,
300833b2ddd9014000030002,1,1,684,-49,1654780313332644,1654780313332644,
300833b2ddd9014000030008,1,1,3416,-41,1654780313334196,1654780313334196,
300833b2ddd9014000030008,1,1,3416,-42,1654780313365409,1654780313365409,
300833b2ddd9014000030001,1,1,1424,-50,1654780313367656,1654780313367656,
300833b2ddd9014000030002,1,1,700,-48,1654780313370925,1654780313370925,
300833b2ddd9014000030008,1,1,3412,-41,1654780313374850,1654780313374850,
300833b2ddd9014000030009,1,1,2392,-40,1654780313376176,1654780313376176,
300833b2ddd9014000030002,1,1,688,-49,1654780313377256,1654780313377256,
300833b2ddd9014000030001,1,1,1492,-50,1654780313379936,1654780313379936,
300833b2ddd9014000030001,1,1,1436,-50,1654780313411076,1654780313411076,
300833b2ddd9014000030008,1,1,3436,-41,1654780313412216,1654780313412216,
300833b2ddd9014000030009,1,1,2372,-40,1654780313413587,1654780313413587,
300833b2ddd9014000030002,1,1,676,-49,1654780313414714,1654780313414714,
300833b2ddd9014000030009,1,1,2388,-41,1654780313418329,1654780313418329,
300833b2ddd9014000030002,1,1,688,-49,1654780313420011,1654780313420011,
300833b2ddd9014000030008,1,1,3408,-41,1654780313421350,1654780313421350,
300833b2ddd9014000030001,1,1,1448,-49,1654780313423065,1654780313423065,
300833b2ddd9014000030008,1,1,3408,-41,1654780313453270,1654780313453270,
300833b2ddd9014000030009,1,1,2372,-41,1654780313454343,1654780313454343,
300833b2ddd9014000030002,1,1,688,-49,1654780313455411,1654780313455411,
300833b2ddd9014000030001,1,1,1456,-50,1654780313457010,1654780313457010,
300833b2ddd9014000030008,1,1,3416,-41,1654780313461230,1654780313461230,
300833b2ddd9014000030009,1,1,2372,-40,1654780313462513,1654780313462513,
300833b2ddd9014000030002,1,1,684,-49,1654780313463610,1654780313463610,
300833b2ddd9014000030001,1,1,1444,-50,1654780313464907,1654780313464907,
300833b2ddd9014000030002,1,1,688,-49,1654780313496992,1654780313496992,
300833b2ddd9014000030008,1,1,3404,-41,1654780313499008,1654780313499008,
300833b2ddd9014000030009,1,1,2376,-41,1654780313500165,1654780313500165,
300833b2ddd9014000030001,1,1,1456,-50,1654780313501650,1654780313501650,
300833b2ddd9014000030001,1,1,1420,-50,1654780313505200,1654780313505200,
300833b2ddd9014000030009,1,1,2372,-41,1654780313506399,1654780313506399,
300833b2ddd9014000030008,1,1,3436,-41,1654780313507440,1654780313507440,
300833b2ddd9014000030002,1,1,700,-49,1654780313509357,1654780313509357,
300833b2ddd9014000030002,1,1,708,-49,1654780313539281,1654780313539281,
300833b2ddd9014000030008,1,1,3408,-41,1654780313540991,1654780313540991,
300833b2ddd9014000030009,1,1,2368,-40,1654780313542092,1654780313542092,
300833b2ddd9014000030001,1,1,1460,-50,1654780313543220,1654780313543220,
300833b2ddd9014000030002,1,1,696,-49,1654780313547543,1654780313547543,
300833b2ddd9014000030009,1,1,2380,-40,1654780313548759,1654780313548759,
300833b2ddd9014000030001,1,1,1452,-50,1654780313549830,1654780313549830,
300833b2ddd9014000030008,1,1,3408,-41,1654780313550874,1654780313550874,
300833b2ddd9014000030001,1,1,1444,-50,1654780313581931,1654780313581931,
300833b2ddd9014000030008,1,1,3408,-41,1654780313582997,1654780313582997,
300833b2ddd9014000030009,1,1,2372,-41,1654780313584808,1654780313584808,
300833b2ddd9014000030002,1,1,688,-49,1654780313589219,1654780313589219,
300833b2ddd9014000030008,1,1,3412,-41,1654780313591516,1654780313591516,
300833b2ddd9014000030009,1,1,2368,-40,1654780313592605,1654780313592605,
300833b2ddd9014000030001,1,1,1428,-50,1654780313593821,1654780313593821,
300833b2ddd9014000030009,1,1,2364,-40,1654780313624196,1654780313624196,
300833b2ddd9014000030002,1,1,696,-49,1654780313625252,1654780313625252,
300833b2ddd9014000030001,1,1,1436,-50,1654780313627886,1654780313627886,
300833b2ddd9014000030008,1,1,3412,-41,1654780313628970,1654780313628970,
300833b2ddd9014000030009,1,1,2364,-40,1654780313632316,1654780313632316,
300833b2ddd9014000030008,1,1,3400,-42,1654780313633893,1654780313633893,
300833b2ddd9014000030002,1,1,700,-49,1654780313635457,1654780313635457,
300833b2ddd9014000030001,1,1,1460,-50,1654780313638037,1654780313638037,
300833b2ddd9014000030008,1,1,3412,-41,1654780313667988,1654780313667988,
300833b2ddd9014000030002,1,1,700,-49,1654780313669684,1654780313669684,
300833b2ddd9014000030001,1,1,1452,-50,1654780313670716,1654780313670716,
300833b2ddd9014000030009,1,1,2368,-40,1654780313672030,1654780313672030,
300833b2ddd9014000030008,1,1,3412,-41,1654780313675411,1654780313675411,
300833b2ddd9014000030001,1,1,1448,-50,1654780313677365,1654780313677365,
300833b2ddd9014000030009,1,1,2368,-40,1654780313678948,1654780313678948,
300833b2ddd9014000030002,1,1,700,-49,1654780313680482,1654780313680482,
300833b2ddd9014000030009,1,1,2364,-41,1654780313710742,1654780313710742,
300833b2ddd9014000030008,1,1,3416,-42,1654780313712223,1654780313712223,
300833b2ddd9014000030002,1,1,692,-49,1654780313713816,1654780313713816,
300833b2ddd9014000030001,1,1,1432,-50,1654780313715302,1654780313715302,
300833b2ddd9014000030002,1,1,688,-49,1654780313718793,1654780313718793,
300833b2ddd9014000030009,1,1,2376,-40,1654780313720037,1654780313720037,
300833b2ddd9014000030008,1,1,3412,-42,1654780313721319,1654780313721319,
300833b2ddd9014000030001,1,1,1440,-50,1654780313722392,1654780313722392,
300833b2ddd9014000030001,1,1,1448,-50,1654780313754123,1654780313754123,
300833b2ddd9014000030008,1,1,3432,-42,1654780313755208,1654780313755208,
300833b2ddd9014000030009,1,1,2360,-40,1654780313756282,1654780313756282,
300833b2ddd9014000030002,1,1,672,-49,1654780313759739,1654780313759739,
300833b2ddd9014000030009,1,1,2368,-40,1654780313761291,1654780313761291,
300833b2ddd9014000030001,1,1,1460,-50,1654780313762349,1654780313762349,
300833b2ddd9014000030008,1,1,3396,-41,1654780313763973,1654780313763973,
300833b2ddd9014000030001,1,1,1460,-50,1654780313795272,1654780313795272,
300833b2ddd9014000030008,1,1,3400,-41,1654780313796399,1654780313796399,
300833b2ddd9014000030002,1,1,700,-49,1654780313797496,1654780313797496,
300833b2ddd9014000030009,1,1,2384,-40,1654780313799346,1654780313799346,
300833b2ddd9014000030009,1,1,2372,-40,1654780313803809,1654780313803809,
300833b2ddd9014000030008,1,1,3392,-42,1654780313805743,1654780313805743,
300833b2ddd9014000030002,1,1,700,-49,1654780313806813,1654780313806813,
300833b2ddd9014000030001,1,1,1464,-50,1654780313808751,1654780313808751,
300833b2ddd9014000030009,1,1,2356,-40,1654780313839088,1654780313839088,
300833b2ddd9014000030008,1,1,3404,-41,1654780313840583,1654780313840583,
300833b2ddd9014000030001,1,1,1444,-50,1654780313844722,1654780313844722,
300833b2ddd9014000030002,1,1,704,-49,1654780313845746,1654780313845746,
300833b2ddd9014000030002,1,1,692,-49,1654780313849124,1654780313849124,
300833b2ddd9014000030009,1,1,2364,-40,1654780313850868,1654780313850868,
300833b2ddd9014000030008,1,1,3408,-41,1654780313851893,1654780313851893,
300833b2ddd9014000030001,1,1,1460,-50,1654780313853336,1654780313853336,
300833b2ddd9014000030001,1,1,1448,-49,1654780313883477,1654780313883477,
300833b2ddd9014000030002,1,1,712,-49,1654780313884755,1654780313884755,
300833b2ddd9014000030009,1,1,2360,-40,1654780313886903,1654780313886903,
300833b2ddd9014000030008,1,1,3392,-41,1654780313888027,1654780313888027,
300833b2ddd9014000030009,1,1,2368,-40,1654780313892170,1654780313892170,
300833b2ddd9014000030008,1,1,3392,-42,1654780313893224,1654780313893224,
300833b2ddd9014000030001,1,1,1452,-50,1654780313895895,1654780313895895,
300833b2ddd9014000030002,1,1,700,-49,1654780313897205,1654780313897205,
300833b2ddd9014000030001,1,1,1420,-50,1654780313928179,1654780313928179,
300833b2ddd9014000030008,1,1,3396,-42,1654780313929261,1654780313929261,
300833b2ddd9014000030009,1,1,2368,-41,1654780313930559,1654780313930559,
300833b2ddd9014000030002,1,1,676,-49,1654780313931900,1654780313931900,
300833b2ddd9014000030009,1,1,2372,-40,1654780313936841,1654780313936841,
300833b2ddd9014000030001,1,1,1464,-50,1654780313938056,1654780313938056,
300833b2ddd9014000030002,1,1,692,-50,1654780313939151,1654780313939151,
300833b2ddd9014000030008,1,1,3400,-41,1654780313940462,1654780313940462,
300833b2ddd9014000030001,1,1,1432,-50,1654780313971025,1654780313971025,
300833b2ddd9014000030008,1,1,3400,-41,1654780313972123,1654780313972123,
300833b2ddd9014000030002,1,1,668,-49,1654780313973703,1654780313973703,
300833b2ddd9014000030009,1,1,2360,-40,1654780313974986,1654780313974986,
300833b2ddd9014000030009,1,1,2376,-41,1654780313979465,1654780313979465,
300833b2ddd9014000030001,1,1,1464,-50,1654780313980523,1654780313980523,
300833b2ddd9014000030008,1,1,3412,-41,1654780313982554,1654780313982554,
300833b2ddd9014000030002,1,1,696,-49,1654780313984291,1654780313984291,
300833b2ddd9014000030008,1,1,3400,-41,1654780314015432,1654780314015432,
300833b2ddd9014000030001,1,1,1464,-50,1654780314017127,1654780314017127,
300833b2ddd9014000030009,1,1,2376,-40,1654780314018272,1654780314018272,
300833b2ddd9014000030002,1,1,680,-49,1654780314019340,1654780314019340,
300833b2ddd9014000030008,1,1,3388,-41,1654780314022844,1654780314022844,
300833b2ddd9014000030009,1,1,2376,-40,1654780314024769,1654780314024769,
300833b2ddd9014000030001,1,1,1444,-50,1654780314025843,1654780314025843,
300833b2ddd9014000030002,1,1,668,-49,1654780314026898,1654780314026898,
300833b2ddd9014000030001,1,1,1444,-50,1654780314057700,1654780314057700,
300833b2ddd9014000030002,1,1,668,-49,1654780314059382,1654780314059382,
300833b2ddd9014000030009,1,1,2360,-40,1654780314061332,1654780314061332,
300833b2ddd9014000030008,1,1,3396,-41,1654780314062427,1654780314062427,
300833b2ddd9014000030008,1,1,3388,-41,1654780314065206,1654780314065206,
300833b2ddd9014000030009,1,1,2372,-40,1654780314066563,1654780314066563,
300833b2ddd9014000030002,1,1,668,-49,1654780314068382,1654780314068382,
300833b2ddd9014000030001,1,1,1460,-50,1654780314069412,1654780314069412,
300833b2ddd9014000030009,1,1,2372,-40,1654780314102089,1654780314102089,
300833b2ddd9014000030002,1,1,672,-49,1654780314103666,1654780314103666,
300833b2ddd9014000030008,1,1,3396,-41,1654780314106055,1654780314106055,
300833b2ddd9014000030001,1,1,1440,-50,1654780314107369,1654780314107369,
300833b2ddd9014000030001,1,1,1444,-50,1654780314111864,1654780314111864,
300833b2ddd9014000030008,1,1,3400,-41,1654780314112964,1654780314112964,
300833b2ddd9014000030009,1,1,2368,-40,1654780314114291,1654780314114291,
300833b2ddd9014000030002,1,1,672,-49,1654780314115562,1654780314115562,
300833b2ddd9014000030001,1,1,1440,-50,1654780314145733,1654780314145733,
300833b2ddd9014000030009,1,1,2356,-40,1654780314146819,1654780314146819,
300833b2ddd9014000030002,1,1,684,-49,1654780314148609,1654780314148609,
300833b2ddd9014000030008,1,1,3396,-42,1654780314149721,1654780314149721,
300833b2ddd9014000030009,1,1,2356,-41,1654780314154410,1654780314154410,
300833b2ddd9014000030008,1,1,3400,-41,1654780314155477,1654780314155477,
300833b2ddd9014000030002,1,1,676,-49,1654780314156788,1654780314156788,
300833b2ddd9014000030001,1,1,1456,-50,1654780314157890,1654780314157890,
300833b2ddd9014000030008,1,1,3400,-41,1654780314189855,1654780314189855,
300833b2ddd9014000030002,1,1,656,-49,1654780314191225,1654780314191225,
300833b2ddd9014000030009,1,1,2368,-40,1654780314192793,1654780314192793,
300833b2ddd9014000030001,1,1,1424,-50,1654780314193853,1654780314193853,
300833b2ddd9014000030008,1,1,3396,-41,1654780314198059,1654780314198059,
300833b2ddd9014000030009,1,1,2356,-40,1654780314200025,1654780314200025,
300833b2ddd9014000030001,1,1,1444,-50,1654780314201098,1654780314201098,
300833b2ddd9014000030002,1,1,668,-49,1654780314202155,1654780314202155,
300833b2ddd9014000030002,1,1,676,-49,1654780314233472,1654780314233472,
300833b2ddd9014000030001,1,1,1448,-50,1654780314234943,1654780314234943,
300833b2ddd9014000030009,1,1,2356,-40,1654780314236639,1654780314236639,
300833b2ddd9014000030008,1,1,3392,-41,1654780314237722,1654780314237722,
300833b2ddd9014000030008,1,1,3396,-41,1654780314240686,1654780314240686,
300833b2ddd9014000030001,1,1,1424,-50,1654780314242015,1654780314242015,
300833b2ddd9014000030009,1,1,2364,-40,1654780314243157,1654780314243157,
300833b2ddd9014000030002,1,1,668,-49,1654780314245362,1654780314245362,