epc,atenda,atendanum,phase,RSS,timestamp,timestamp2,
300833b2ddd9014000030001,1,1,1996,-49,1654780448282300,1654780448282300,
300833b2ddd9014000030002,1,1,184,-57,1654780448283952,1654780448283952,
300833b2ddd9014000030009,1,1,2552,-41,1654780448285052,1654780448285052,
300833b2ddd9014000030008,1,1,3524,-48,1654780448286135,1654780448286135,
300833b2ddd9014000030009,1,1,2536,-41,1654780448317490,1654780448317490,
300833b2ddd9014000030008,1,1,3504,-47,1654780448318926,1654780448318926,
300833b2ddd9014000030001,1,1,2004,-49,1654780448319974,1654780448319974,
300833b2ddd9014000030008,1,1,3500,-48,1654780448323563,1654780448323563,
300833b2ddd9014000030009,1,1,2548,-41,1654780448325131,1654780448325131,
300833b2ddd9014000030001,1,1,2012,-49,1654780448326673,1654780448326673,
300833b2ddd9014000030002,1,1,196,-56,1654780448327756,1654780448327756,
300833b2ddd9014000030001,1,1,1992,-49,1654780448360024,1654780448360024,
300833b2ddd9014000030008,1,1,3496,-47,1654780448361574,1654780448361574,
300833b2ddd9014000030002,1,1,204,-57,1654780448363071,1654780448363071,
300833b2ddd9014000030008,1,1,3496,-47,1654780448365742,1654780448365742,
300833b2ddd9014000030009,1,1,2552,-41,1654780448367042,1654780448367042,
300833b2ddd9014000030002,1,1,216,-57,1654780448368155,1654780448368155,
300833b2ddd9014000030001,1,1,1996,-49,1654780448370322,1654780448370322,
300833b2ddd9014000030008,1,1,3488,-47,1654780448401423,1654780448401423,
300833b2ddd9014000030001,1,1,1992,-49,1654780448402722,1654780448402722,
300833b2ddd9014000030009,1,1,2544,-41,1654780448404321,1654780448404321,
300833b2ddd9014000030002,1,1,156,-56,1654780448407082,1654780448407082,
300833b2ddd9014000030009,1,1,2548,-41,1654780448424687,1654780448424687,
300833b2ddd9014000030001,1,1,2000,-49,1654780448426899,1654780448426899,
300833b2ddd9014000030008,1,1,3512,-47,1654780448428054,1654780448428054,
300833b2ddd9014000030002,1,1,216,-56,1654780448429534,1654780448429534,
300833b2ddd9014000030001,1,1,1996,-49,1654780448470353,1654780448470353,
300833b2ddd9014000030009,1,1,2556,-41,1654780448471667,1654780448471667,
300833b2ddd9014000030008,1,1,3504,-47,1654780448472736,1654780448472736,
300833b2ddd9014000030002,1,1,176,-56,1654780448474643,1654780448474643,
300833b2ddd9014000030002,1,1,240,-56,1654780448478839,1654780448478839,
300833b2ddd9014000030001,1,1,1976,-49,1654780448480752,1654780448480752,
300833b2ddd9014000030008,1,1,3500,-47,1654780448481792,1654780448481792,
300833b2ddd9014000030009,1,1,2556,-41,1654780448482822,1654780448482822,
300833b2ddd9014000030001,1,1,1988,-49,1654780448516995,1654780448516995,
300833b2ddd9014000030009,1,1,2564,-41,1654780448518479,1654780448518479,
300833b2ddd9014000030002,1,1,204,-56,1654780448519535,1654780448519535,
300833b2ddd9014000030008,1,1,3524,-47,1654780448521190,1654780448521190,
300833b2ddd9014000030008,1,1,3524,-47,1654780448524657,1654780448524657,
300833b2ddd9014000030001,1,1,2016,-49,1654780448525874,1654780448525874,
300833b2ddd9014000030002,1,1,236,-56,1654780448526972,1654780448526972,
300833b2ddd9014000030009,1,1,2556,-41,1654780448528328,1654780448528328,
300833b2ddd9014000030001,1,1,2008,-50,1654780448558735,1654780448558735,
300833b2ddd9014000030008,1,1,3524,-47,1654780448560087,1654780448560087,
300833b2ddd9014000030009,1,1,2560,-41,1654780448561459,1654780448561459,
300833b2ddd9014000030002,1,1,184,-55,1654780448562812,1654780448562812,
300833b2ddd9014000030001,1,1,2012,-50,1654780448567779,1654780448567779,
300833b2ddd9014000030002,1,1,228,-56,1654780448568991,1654780448568991,
300833b2ddd9014000030009,1,1,2560,-41,1654780448570092,1654780448570092,
300833b2ddd9014000030008,1,1,3512,-47,1654780448571773,1654780448571773,
300833b2ddd9014000030009,1,1,2560,-41,1654780448601702,1654780448601702,
300833b2ddd9014000030008,1,1,3504,-47,1654780448602772,1654780448602772,
300833b2ddd9014000030002,1,1,244,-55,1654780448606251,1654780448606251,
300833b2ddd9014000030001,1,1,1996,-50,1654780448607339,1654780448607339,
300833b2ddd9014000030001,1,1,2012,-50,1654780448610848,1654780448610848,
300833b2ddd9014000030009,1,1,2560,-41,1654780448612532,1654780448612532,
300833b2ddd9014000030002,1,1,168,-55,1654780448613660,1654780448613660,
300833b2ddd9014000030008,1,1,3528,-47,1654780448615098,1654780448615098,
300833b2ddd9014000030009,1,1,2568,-41,1654780448644816,1654780448644816,
300833b2ddd9014000030002,1,1,204,-55,1654780448646441,1654780448646441,
300833b2ddd9014000030008,1,1,3520,-47,1654780448647480,1654780448647480,
300833b2ddd9014000030001,1,1,2008,-50,1654780448649660,1654780448649660,
300833b2ddd9014000030001,1,1,2008,-50,1654780448653956,1654780448653956,
300833b2ddd9014000030009,1,1,2568,-41,1654780448655384,1654780448655384,
300833b2ddd9014000030008,1,1,3512,-47,1654780448656709,1654780448656709,
300833b2ddd9014000030002,1,1,200,-55,1654780448658406,1654780448658406,
300833b2ddd9014000030001,1,1,2008,-50,1654780448688096,1654780448688096,
300833b2ddd9014000030009,1,1,2568,-41,1654780448690277,1654780448690277,
300833b2ddd9014000030008,1,1,3512,-47,1654780448691360,1654780448691360,
300833b2ddd9014000030002,1,1,220,-55,1654780448693114,1654780448693114,
300833b2ddd9014000030001,1,1,2028,-50,1654780448696060,1654780448696060,
300833b2ddd9014000030008,1,1,3512,-47,1654780448697813,1654780448697813,
300833b2ddd9014000030002,1,1,216,-55,1654780448698883,1654780448698883,
300833b2ddd9014000030009,1,1,2564,-41,1654780448700224,1654780448700224,
300833b2ddd9014000030002,1,1,208,-55,1654780448731984,1654780448731984,
300833b2ddd9014000030009,1,1,2576,-41,1654780448733056,1654780448733056,
300833b2ddd9014000030008,1,1,3528,-47,1654780448734110,1654780448734110,
300833b2ddd9014000030001,1,1,1984,-50,1654780448737566,1654780448737566,
300833b2ddd9014000030002,1,1,216,-55,1654780448740892,1654780448740892,
300833b2ddd9014000030008,1,1,3520,-47,1654780448742631,1654780448742631,
300833b2ddd9014000030009,1,1,2560,-41,1654780448743745,1654780448743745,
300833b2ddd9014000030001,1,1,1988,-50,1654780448745485,1654780448745485,
300833b2ddd9014000030009,1,1,2580,-41,1654780448775306,1654780448775306,
300833b2ddd9014000030008,1,1,3516,-47,1654780448776884,1654780448776884,
300833b2ddd9014000030001,1,1,1988,-50,1654780448778229,1654780448778229,
300833b2ddd9014000030002,1,1,256,-55,1654780448779594,1654780448779594,
300833b2ddd9014000030009,1,1,2564,-41,1654780448785008,1654780448785008,
300833b2ddd9014000030002,1,1,192,-55,1654780448786080,1654780448786080,
300833b2ddd9014000030001,1,1,1988,-50,1654780448787365,1654780448787365,
300833b2ddd9014000030008,1,1,3504,-47,1654780448788832,1654780448788832,
300833b2ddd9014000030001,1,1,1956,-50,1654780448818791,1654780448818791,
300833b2ddd9014000030008,1,1,3524,-47,1654780448820115,1654780448820115,
300833b2ddd9014000030002,1,1,216,-55,1654780448821694,1654780448821694,
300833b2ddd9014000030009,1,1,2576,-41,1654780448822794,1654780448822794,
300833b2ddd9014000030002,1,1,224,-55,1654780448829205,1654780448829205,
300833b2ddd9014000030008,1,1,3500,-47,1654780448830316,1654780448830316,
300833b2ddd9014000030009,1,1,2572,-41,1654780448831459,1654780448831459,
300833b2ddd9014000030001,1,1,2000,-50,1654780448832999,1654780448832999,
300833b2ddd9014000030001,1,1,2004,-50,1654780448864491,1654780448864491,
300833b2ddd9014000030009,1,1,2576,-41,1654780448865950,1654780448865950,
300833b2ddd9014000030002,1,1,212,-55,1654780448867306,1654780448867306,
300833b2ddd9014000030008,1,1,3496,-47,1654780448869014,1654780448869014,
300833b2ddd9014000030001,1,1,2000,-50,1654780448872896,1654780448872896,
300833b2ddd9014000030009,1,1,2588,-41,1654780448874281,1654780448874281,
300833b2ddd9014000030008,1,1,3508,-47,1654780448875364,1654780448875364,
300833b2ddd9014000030002,1,1,216,-55,1654780448876549,1654780448876549,
300833b2ddd9014000030009,1,1,2576,-41,1654780448906538,1654780448906538,
300833b2ddd9014000030008,1,1,3516,-47,1654780448907819,1654780448907819,
300833b2ddd9014000030001,1,1,1996,-50,1654780448909115,1654780448909115,
300833b2ddd9014000030002,1,1,220,-54,1654780448911627,1654780448911627,
300833b2ddd9014000030008,1,1,3500,-47,1654780448917110,1654780448917110,
300833b2ddd9014000030002,1,1,224,-55,1654780448918508,1654780448918508,
300833b2ddd9014000030009,1,1,2564,-41,1654780448920046,1654780448920046,
300833b2ddd9014000030001,1,1,2004,-50,1654780448922241,1654780448922241,
300833b2ddd9014000030002,1,1,244,-54,1654780448953102,1654780448953102,
300833b2ddd9014000030001,1,1,2024,-50,1654780448954388,1654780448954388,
300833b2ddd9014000030009,1,1,2576,-41,1654780448955713,1654780448955713,
300833b2ddd9014000030008,1,1,3488,-47,1654780448957054,1654780448957054,
300833b2ddd9014000030008,1,1,3520,-47,1654780448961355,1654780448961355,
300833b2ddd9014000030009,1,1,2592,-41,1654780448962412,1654780448962412,
300833b2ddd9014000030002,1,1,200,-54,1654780448963484,1654780448963484,
300833b2ddd9014000030001,1,1,2004,-50,1654780448965009,1654780448965009,
300833b2ddd9014000030009,1,1,2604,-41,1654780448997819,1654780448997819,
300833b2ddd9014000030008,1,1,3504,-47,1654780448998949,1654780448998949,
300833b2ddd9014000030002,1,1,284,-54,1654780449000077,1654780449000077,
300833b2ddd9014000030001,1,1,2020,-50,1654780449001192,1654780449001192,
300833b2ddd9014000030002,1,1,256,-54,1654780449004604,1654780449004604,
300833b2ddd9014000030009,1,1,2588,-41,1654780449005969,1654780449005969,
300833b2ddd9014000030008,1,1,3504,-47,1654780449007084,1654780449007084,
300833b2ddd9014000030001,1,1,2016,-50,1654780449009479,1654780449009479,
300833b2ddd9014000030008,1,1,3524,-47,1654780449041378,1654780449041378,
300833b2ddd9014000030009,1,1,2596,-41,1654780449042691,1654780449042691,
300833b2ddd9014000030002,1,1,268,-54,1654780449043835,1654780449043835,
300833b2ddd9014000030001,1,1,2060,-50,1654780449045055,1654780449045055,
300833b2ddd9014000030009,1,1,2592,-41,1654780449048058,1654780449048058,
300833b2ddd9014000030002,1,1,204,-54,1654780449049161,1654780449049161,
300833b2ddd9014000030001,1,1,1980,-50,1654780449050473,1654780449050473,
300833b2ddd9014000030008,1,1,3520,-47,1654780449051558,1654780449051558,
300833b2ddd9014000030002,1,1,208,-54,1654780449083880,1654780449083880,
300833b2ddd9014000030008,1,1,3516,-47,1654780449085289,1654780449085289,
300833b2ddd9014000030009,1,1,2596,-41,1654780449086377,1654780449086377,
300833b2ddd9014000030001,1,1,1976,-50,1654780449088063,1654780449088063,
300833b2ddd9014000030009,1,1,2596,-41,1654780449091035,1654780449091035,
300833b2ddd9014000030008,1,1,3528,-47,1654780449092136,1654780449092136,
300833b2ddd9014000030002,1,1,220,-54,1654780449093704,1654780449093704,
300833b2ddd9014000030001,1,1,1972,-50,1654780449094747,1654780449094747,
300833b2ddd9014000030002,1,1,260,-54,1654780449127185,1654780449127185,
300833b2ddd9014000030001,1,1,1992,-50,1654780449129266,1654780449129266,
300833b2ddd9014000030009,1,1,2596,-41,1654780449130295,1654780449130295,
300833b2ddd9014000030008,1,1,3500,-47,1654780449131508,1654780449131508,
300833b2ddd9014000030001,1,1,2000,-51,1654780449134759,1654780449134759,
300833b2ddd9014000030009,1,1,2596,-41,1654780449135859,1654780449135859,
300833b2ddd9014000030008,1,1,3464,-47,1654780449137652,1654780449137652,
300833b2ddd9014000030002,1,1,260,-54,1654780449139388,1654780449139388,
300833b2ddd9014000030009,1,1,2588,-41,1654780449170485,1654780449170485,
300833b2ddd9014000030008,1,1,3524,-47,1654780449171539,1654780449171539,
300833b2ddd9014000030002,1,1,248,-54,1654780449172864,1654780449172864,
300833b2ddd9014000030001,1,1,1996,-51,1654780449173937,1654780449173937,
300833b2ddd9014000030001,1,1,1968,-51,1654780449179061,1654780449179061,
300833b2ddd9014000030009,1,1,2588,-41,1654780449180132,1654780449180132,
300833b2ddd9014000030008,1,1,3524,-47,1654780449181497,1654780449181497,
300833b2ddd9014000030002,1,1,236,-54,1654780449182596,1654780449182596,
300833b2ddd9014000030009,1,1,2592,-41,1654780449214166,1654780449214166,
300833b2ddd9014000030002,1,1,256,-54,1654780449215463,1654780449215463,
300833b2ddd9014000030001,1,1,1980,-51,1654780449217527,1654780449217527,
300833b2ddd9014000030008,1,1,3516,-47,1654780449219248,1654780449219248,
300833b2ddd9014000030001,1,1,1996,-51,1654780449222966,1654780449222966,
300833b2ddd9014000030002,1,1,256,-54,1654780449224078,1654780449224078,
300833b2ddd9014000030008,1,1,3492,-47,1654780449225178,1654780449225178,
300833b2ddd9014000030009,1,1,2588,-41,1654780449226958,1654780449226958,
300833b2ddd9014000030009,1,1,2584,-41,1654780449259868,1654780449259868,
300833b2ddd9014000030008,1,1,3476,-47,1654780449261012,1654780449261012,
300833b2ddd9014000030001,1,1,1968,-51,1654780449262469,1654780449262469,
300833b2ddd9014000030002,1,1,224,-54,1654780449263583,1654780449263583,
300833b2ddd9014000030002,1,1,236,-54,1654780449271549,1654780449271549,
300833b2ddd9014000030009,1,1,2588,-41,1654780449272990,1654780449272990,
300833b2ddd9014000030001,1,1,1972,-51,1654780449274035,1654780449274035,
300833b2ddd9014000030008,1,1,3528,-47,1654780449275373,1654780449275373,
300833b2ddd9014000030009,1,1,2592,-41,1654780449306255,1654780449306255,
300833b2ddd9014000030008,1,1,3504,-47,1654780449307350,1654780449307350,
300833b2ddd9014000030002,1,1,236,-54,1654780449308650,1654780449308650,
300833b2ddd9014000030001,1,1,1964,-51,1654780449309979,1654780449309979,
300833b2ddd9014000030001,1,1,1964,-51,1654780449315648,1654780449315648,
300833b2ddd9014000030009,1,1,2592,-41,1654780449316930,1654780449316930,
300833b2ddd9014000030008,1,1,3524,-47,1654780449318226,1654780449318226,
300833b2ddd9014000030002,1,1,224,-54,1654780449319522,1654780449319522,
300833b2ddd9014000030002,1,1,276,-54,1654780449351494,1654780449351494,
300833b2ddd9014000030009,1,1,2600,-41,1654780449353219,1654780449353219,
300833b2ddd9014000030008,1,1,3492,-47,1654780449354902,1654780449354902,
300833b2ddd9014000030001,1,1,1968,-51,1654780449356374,1654780449356374,
300833b2ddd9014000030002,1,1,256,-53,1654780449359236,1654780449359236,
300833b2ddd9014000030009,1,1,2592,-41,1654780449361655,1654780449361655,
300833b2ddd9014000030008,1,1,3528,-47,1654780449362768,1654780449362768,
300833b2ddd9014000030001,1,1,1988,-51,1654780449363973,1654780449363973,
300833b2ddd9014000030001,1,1,1960,-51,1654780449395070,1654780449395070,
300833b2ddd9014000030009,1,1,2584,-41,1654780449396173,1654780449396173,
300833b2ddd9014000030002,1,1,256,-54,1654780449397240,1654780449397240,
300833b2ddd9014000030008,1,1,3540,-47,1654780449398325,1654780449398325,
300833b2ddd9014000030009,1,1,2600,-41,1654780449402179,1654780449402179,
300833b2ddd9014000030001,1,1,1988,-51,1654780449403651,1654780449403651,
300833b2ddd9014000030008,1,1,3500,-47,1654780449404737,1654780449404737,
300833b2ddd9014000030002,1,1,232,-54,1654780449406657,1654780449406657,
300833b2ddd9014000030001,1,1,1928,-51,1654780449436270,1654780449436270,
300833b2ddd9014000030009,1,1,2592,-41,1654780449437412,1654780449437412,
300833b2ddd9014000030008,1,1,3516,-47,1654780449438481,1654780449438481,
300833b2ddd9014000030002,1,1,268,-53,1654780449441155,1654780449441155,
300833b2ddd9014000030009,1,1,2608,-41,1654780449444998,1654780449444998,
300833b2ddd9014000030002,1,1,216,-54,1654780449446084,1654780449446084,
300833b2ddd9014000030008,1,1,3528,-47,1654780449447904,1654780449447904,
300833b2ddd9014000030001,1,1,1952,-51,1654780449449261,1654780449449261,
300833b2ddd9014000030002,1,1,220,-54,1654780449480461,1654780449480461,
300833b2ddd9014000030001,1,1,1976,-51,1654780449481561,1654780449481561,
300833b2ddd9014000030009,1,1,2584,-41,1654780449482646,1654780449482646,
300833b2ddd9014000030008,1,1,3504,-47,1654780449484479,1654780449484479,
300833b2ddd9014000030001,1,1,1940,-51,1654780449489226,1654780449489226,
300833b2ddd9014000030008,1,1,3520,-47,1654780449490329,1654780449490329,
300833b2ddd9014000030002,1,1,216,-54,1654780449491867,1654780449491867,
300833b2ddd9014000030009,1,1,2584,-41,1654780449493208,1654780449493208,
300833b2ddd9014000030009,1,1,2588,-41,1654780449524363,1654780449524363,
300833b2ddd9014000030008,1,1,3508,-47,1654780449525716,1654780449525716,
300833b2ddd9014000030001,1,1,1984,-51,1654780449527796,1654780449527796,
300833b2ddd9014000030002,1,1,284,-53,1654780449529478,1654780449529478,
300833b2ddd9014000030001,1,1,1940,-51,1654780449533354,1654780449533354,
300833b2ddd9014000030002,1,1,304,-53,1654780449534653,1654780449534653,
300833b2ddd9014000030009,1,1,2592,-41,1654780449535766,1654780449535766,
300833b2ddd9014000030008,1,1,3524,-47,1654780449537331,1654780449537331,
300833b2ddd9014000030002,1,1,256,-54,1654780449569761,1654780449569761,
300833b2ddd9014000030009,1,1,2604,-41,1654780449570890,1654780449570890,
300833b2ddd9014000030008,1,1,3528,-47,1654780449572796,1654780449572796,
300833b2ddd9014000030001,1,1,1960,-51,1654780449574027,1654780449574027,
300833b2ddd9014000030008,1,1,3520,-47,1654780449576870,1654780449576870,
300833b2ddd9014000030009,1,1,2600,-41,1654780449578211,1654780449578211,
300833b2ddd9014000030002,1,1,284,-53,1654780449581576,1654780449581576,
300833b2ddd9014000030001,1,1,1940,-51,1654780449582694,1654780449582694,
300833b2ddd9014000030002,1,1,280,-54,1654780449612385,1654780449612385,
300833b2ddd9014000030008,1,1,3552,-47,1654780449613938,1654780449613938,
300833b2ddd9014000030001,1,1,1936,-51,1654780449615551,1654780449615551,
300833b2ddd9014000030009,1,1,2584,-41,1654780449616621,1654780449616621,
300833b2ddd9014000030009,1,1,2588,-41,1654780449620845,1654780449620845,
300833b2ddd9014000030001,1,1,1940,-51,1654780449622224,1654780449622224,
300833b2ddd9014000030008,1,1,3528,-47,1654780449623350,1654780449623350,
300833b2ddd9014000030002,1,1,240,-54,1654780449624888,1654780449624888,
300833b2ddd9014000030009,1,1,2588,-41,1654780449656346,1654780449656346,
300833b2ddd9014000030001,1,1,1936,-51,1654780449657420,1654780449657420,
300833b2ddd9014000030008,1,1,3504,-47,1654780449658475,1654780449658475,
300833b2ddd9014000030002,1,1,244,-53,1654780449661105,1654780449661105,
300833b2ddd9014000030009,1,1,2588,-41,1654780449664987,1654780449664987,
300833b2ddd9014000030008,1,1,3516,-47,1654780449667218,1654780449667218,
300833b2ddd9014000030002,1,1,280,-53,1654780449668956,1654780449668956,
300833b2ddd9014000030001,1,1,1964,-51,1654780449670002,1654780449670002,
300833b2ddd9014000030009,1,1,2580,-41,1654780449699686,1654780449699686,
300833b2ddd9014000030001,1,1,1920,-51,1654780449701284,1654780449701284,
300833b2ddd9014000030002,1,1,260,-54,1654780449702890,1654780449702890,
300833b2ddd9014000030008,1,1,3528,-47,1654780449704829,1654780449704829,
300833b2ddd9014000030008,1,1,3540,-47,1654780449708972,1654780449708972,
300833b2ddd9014000030001,1,1,1976,-51,1654780449710971,1654780449710971,
300833b2ddd9014000030009,1,1,2580,-41,1654780449712057,1654780449712057,
300833b2ddd9014000030002,1,1,224,-54,1654780449713481,1654780449713481,
300833b2ddd9014000030008,1,1,3524,-47,1654780449743468,1654780449743468,
300833b2ddd9014000030009,1,1,2580,-41,1654780449744598,1654780449744598,
300833b2ddd9014000030001,1,1,1936,-51,1654780449745870,1654780449745870,
300833b2ddd9014000030002,1,1,272,-53,1654780449747166,1654780449747166,
300833b2ddd9014000030009,1,1,2604,-41,1654780449751854,1654780449751854,
300833b2ddd9014000030001,1,1,1936,-51,1654780449752931,1654780449752931,
300833b2ddd9014000030008,1,1,3500,-47,1654780449754711,1654780449754711,
300833b2ddd9014000030002,1,1,296,-54,1654780449755795,1654780449755795,
300833b2ddd9014000030009,1,1,2580,-41,1654780449787448,1654780449787448,
300833b2ddd9014000030002,1,1,240,-54,1654780449788743,1654780449788743,
300833b2ddd9014000030008,1,1,3524,-47,1654780449789827,1654780449789827,
300833b2ddd9014000030001,1,1,1924,-51,1654780449792627,1654780449792627,
300833b2ddd9014000030008,1,1,3504,-46,1654780449795859,1654780449795859,
300833b2ddd9014000030009,1,1,2592,-41,1654780449797186,1654780449797186,
300833b2ddd9014000030002,1,1,260,-54,1654780449798764,1654780449798764,
300833b2ddd9014000030001,1,1,1948,-51,1654780449800151,1654780449800151,
300833b2ddd9014000030008,1,1,3520,-47,1654780449833152,1654780449833152,
300833b2ddd9014000030001,1,1,1948,-51,1654780449834868,1654780449834868,
300833b2ddd9014000030009,1,1,2600,-41,1654780449835943,1654780449835943,
300833b2ddd9014000030002,1,1,216,-53,1654780449836999,1654780449836999,
300833b2ddd9014000030008,1,1,3520,-47,1654780449840624,1654780449840624,
300833b2ddd9014000030002,1,1,216,-53,1654780449842337,1654780449842337,
300833b2ddd9014000030001,1,1,1956,-51,1654780449843395,1654780449843395,
300833b2ddd9014000030009,1,1,2580,-41,1654780449844454,1654780449844454,
300833b2ddd9014000030001,1,1,1948,-51,1654780449875023,1654780449875023,
300833b2ddd9014000030002,1,1,260,-53,1654780449876391,1654780449876391,
300833b2ddd9014000030009,1,1,2592,-41,1654780449877448,1654780449877448,
300833b2ddd9014000030008,1,1,3508,-46,1654780449879850,1654780449879850,
300833b2ddd9014000030001,1,1,1948,-51,1654780449884270,1654780449884270,
300833b2ddd9014000030009,1,1,2592,-41,1654780449885770,1654780449885770,
300833b2ddd9014000030002,1,1,236,-53,1654780449887066,1654780449887066,
300833b2ddd9014000030008,1,1,3512,-47,1654780449888517,1654780449888517,
300833b2ddd9014000030009,1,1,2600,-41,1654780449918496,1654780449918496,
300833b2ddd9014000030002,1,1,252,-53,1654780449920374,1654780449920374,
300833b2ddd9014000030001,1,1,1940,-51,1654780449921476,1654780449921476,
300833b2ddd9014000030008,1,1,3456,-47,1654780449922774,1654780449922774,
300833b2ddd9014000030001,1,1,1932,-51,1654780449926361,1654780449926361,
300833b2ddd9014000030008,1,1,3520,-47,1654780449928044,1654780449928044,
300833b2ddd9014000030009,1,1,2588,-41,1654780449929369,1654780449929369,
300833b2ddd9014000030002,1,1,244,-53,1654780449930820,1654780449930820,
300833b2ddd9014000030008,1,1,3488,-46,1654780449961004,1654780449961004,
300833b2ddd9014000030001,1,1,1912,-51,1654780449963209,1654780449963209,
300833b2ddd9014000030009,1,1,2604,-41,1654780449964337,1654780449964337,
300833b2ddd9014000030002,1,1,248,-53,1654780449965535,1654780449965535,
300833b2ddd9014000030009,1,1,2600,-41,1654780449969362,1654780449969362,
300833b2ddd9014000030008,1,1,3496,-46,1654780449970590,1654780449970590,
300833b2ddd9014000030001,1,1,1908,-51,1654780449971737,1654780449971737,
300833b2ddd9014000030002,1,1,248,-53,1654780449973075,1654780449973075,
300833b2ddd9014000030009,1,1,2600,-41,1654780450003638,1654780450003638,
300833b2ddd9014000030008,1,1,3496,-47,1654780450006069,1654780450006069,
300833b2ddd9014000030001,1,1,1936,-51,1654780450007172,1654780450007172,
300833b2ddd9014000030002,1,1,228,-53,1654780450008632,1654780450008632,
300833b2ddd9014000030009,1,1,2612,-41,1654780450011639,1654780450011639,
300833b2ddd9014000030008,1,1,3448,-45,1654780450012680,1654780450012680,
300833b2ddd9014000030002,1,1,232,-53,1654780450013721,1654780450013721,
300833b2ddd9014000030001,1,1,1908,-52,1654780450014795,1654780450014795,
300833b2ddd9014000030009,1,1,2596,-41,1654780450047015,1654780450047015,
300833b2ddd9014000030008,1,1,3508,-47,1654780450048069,1654780450048069,
300833b2ddd9014000030002,1,1,256,-53,1654780450049378,1654780450049378,
300833b2ddd9014000030001,1,1,1912,-52,1654780450050934,1654780450050934,
300833b2ddd9014000030009,1,1,2600,-41,1654780450055128,1654780450055128,
300833b2ddd9014000030001,1,1,1904,-52,1654780450056698,1654780450056698,
300833b2ddd9014000030002,1,1,260,-53,1654780450057825,1654780450057825,
300833b2ddd9014000030008,1,1,3476,-47,1654780450059150,1654780450059150,
300833b2ddd9014000030009,1,1,2616,-41,1654780450090730,1654780450090730,
300833b2ddd9014000030008,1,1,3500,-47,1654780450092730,1654780450092730,
300833b2ddd9014000030002,1,1,252,-53,1654780450094407,1654780450094407,
300833b2ddd9014000030002,1,1,236,-53,1654780450102533,1654780450102533,
300833b2ddd9014000030008,1,1,3472,-46,1654780450103588,1654780450103588,
300833b2ddd9014000030001,1,1,1912,-49,1654780450104721,1654780450104721,
300833b2ddd9014000030009,1,1,2632,-41,1654780450105789,1654780450105789,
300833b2ddd9014000030008,1,1,3464,-46,1654780450136594,1654780450136594,
300833b2ddd9014000030001,1,1,1760,-52,1654780450138307,1654780450138307,
300833b2ddd9014000030009,1,1,2640,-41,1654780450139417,1654780450139417,
300833b2ddd9014000030002,1,1,232,-52,1654780450140460,1654780450140460,
300833b2ddd9014000030001,1,1,1844,-52,1654780450143819,1654780450143819,
300833b2ddd9014000030002,1,1,248,-52,1654780450145158,1654780450145158,
300833b2ddd9014000030009,1,1,2628,-41,1654780450146953,1654780450146953,
300833b2ddd9014000030008,1,1,3472,-46,1654780450148036,1654780450148036,
300833b2ddd9014000030001,1,1,1780,-53,1654780450179363,1654780450179363,
300833b2ddd9014000030002,1,1,228,-52,1654780450180477,1654780450180477,
300833b2ddd9014000030008,1,1,3460,-46,1654780450181557,1654780450181557,
300833b2ddd9014000030009,1,1,2632,-42,1654780450183623,1654780450183623,
300833b2ddd9014000030002,1,1,224,-52,1654780450187888,1654780450187888,
300833b2ddd9014000030009,1,1,2628,-42,1654780450188988,1654780450188988,
300833b2ddd9014000030008,1,1,3456,-46,1654780450191294,1654780450191294,
300833b2ddd9014000030001,1,1,1776,-52,1654780450193603,1654780450193603,
300833b2ddd9014000030009,1,1,2640,-42,1654780450223924,1654780450223924,
300833b2ddd9014000030008,1,1,3428,-46,1654780450225660,1654780450225660,
300833b2ddd9014000030001,1,1,1724,-53,1654780450226716,1654780450226716,
300833b2ddd9014000030002,1,1,232,-52,1654780450228172,1654780450228172,
300833b2ddd9014000030009,1,1,2668,-42,1654780450231169,1654780450231169,
300833b2ddd9014000030002,1,1,208,-51,1654780450233321,1654780450233321,
300833b2ddd9014000030008,1,1,3424,-46,1654780450234617,1654780450234617,
300833b2ddd9014000030001,1,1,1672,-53,1654780450236045,1654780450236045,
300833b2ddd9014000030008,1,1,3404,-46,1654780450265854,1654780450265854,
300833b2ddd9014000030002,1,1,216,-51,1654780450267420,1654780450267420,
300833b2ddd9014000030009,1,1,2668,-42,1654780450269229,1654780450269229,
300833b2ddd9014000030001,1,1,1572,-53,1654780450270474,1654780450270474,
300833b2ddd9014000030001,1,1,1552,-53,1654780450275043,1654780450275043,
300833b2ddd9014000030009,1,1,2648,-42,1654780450276514,1654780450276514,
300833b2ddd9014000030002,1,1,208,-51,1654780450277582,1654780450277582,
300833b2ddd9014000030008,1,1,3416,-46,1654780450278862,1654780450278862,
300833b2ddd9014000030002,1,1,200,-50,1654780450309208,1654780450309208,
300833b2ddd9014000030008,1,1,3388,-45,1654780450310775,1654780450310775,
300833b2ddd9014000030001,1,1,1480,-54,1654780450312104,1654780450312104,
300833b2ddd9014000030009,1,1,2672,-42,1654780450313160,1654780450313160,
300833b2ddd9014000030009,1,1,2684,-42,1654780450317617,1654780450317617,
300833b2ddd9014000030001,1,1,1444,-54,1654780450319202,1654780450319202,
300833b2ddd9014000030002,1,1,224,-50,1654780450320282,1654780450320282,
300833b2ddd9014000030008,1,1,3388,-45,1654780450321413,1654780450321413,
300833b2ddd9014000030009,1,1,2680,-43,1654780450355223,1654780450355223,
300833b2ddd9014000030008,1,1,3372,-45,1654780450357444,1654780450357444,
300833b2ddd9014000030002,1,1,200,-50,1654780450358501,1654780450358501,
300833b2ddd9014000030001,1,1,1392,-53,1654780450359647,1654780450359647,
300833b2ddd9014000030002,1,1,200,-50,1654780450363242,1654780450363242,
300833b2ddd9014000030008,1,1,3352,-45,1654780450364924,1654780450364924,
300833b2ddd9014000030001,1,1,1324,-53,1654780450365983,1654780450365983,
300833b2ddd9014000030009,1,1,2688,-43,1654780450367039,1654780450367039,
300833b2ddd9014000030001,1,1,1288,-52,1654780450397839,1654780450397839,
300833b2ddd9014000030008,1,1,3336,-45,1654780450398908,1654780450398908,
300833b2ddd9014000030002,1,1,188,-50,1654780450400263,1654780450400263,
300833b2ddd9014000030009,1,1,2700,-43,1654780450401347,1654780450401347,
300833b2ddd9014000030009,1,1,2688,-43,1654780450406142,1654780450406142,
300833b2ddd9014000030001,1,1,1332,-52,1654780450408127,1654780450408127,
300833b2ddd9014000030008,1,1,3332,-45,1654780450409207,1654780450409207,
300833b2ddd9014000030002,1,1,204,-49,1654780450411189,1654780450411189,
300833b2ddd9014000030001,1,1,1172,-52,1654780450441067,1654780450441067,
300833b2ddd9014000030002,1,1,180,-49,1654780450442121,1654780450442121,
300833b2ddd9014000030009,1,1,2684,-44,1654780450443433,1654780450443433,
300833b2ddd9014000030008,1,1,3288,-44,1654780450444516,1654780450444516,
300833b2ddd9014000030008,1,1,3288,-44,1654780450449794,1654780450449794,
300833b2ddd9014000030009,1,1,2696,-45,1654780450451105,1654780450451105,
300833b2ddd9014000030001,1,1,1180,-52,1654780450452151,1654780450452151,
300833b2ddd9014000030002,1,1,180,-49,1654780450454555,1654780450454555,
300833b2ddd9014000030008,1,1,3272,-44,1654780450485195,1654780450485195,
300833b2ddd9014000030002,1,1,168,-48,1654780450486822,1654780450486822,
300833b2ddd9014000030009,1,1,2704,-45,1654780450488615,1654780450488615,
300833b2ddd9014000030001,1,1,1156,-52,1654780450490300,1654780450490300,
300833b2ddd9014000030009,1,1,2692,-45,1654780450493958,1654780450493958,
300833b2ddd9014000030008,1,1,3260,-44,1654780450495271,1654780450495271,
300833b2ddd9014000030002,1,1,176,-49,1654780450497929,1654780450497929,
300833b2ddd9014000030001,1,1,1088,-52,1654780450499866,1654780450499866,
300833b2ddd9014000030001,1,1,1044,-52,1654780450529979,1654780450529979,
300833b2ddd9014000030008,1,1,3224,-43,1654780450531916,1654780450531916,
300833b2ddd9014000030009,1,1,2684,-46,1654780450533229,1654780450533229,
300833b2ddd9014000030002,1,1,156,-48,1654780450534670,1654780450534670,
300833b2ddd9014000030009,1,1,2688,-46,1654780450537938,1654780450537938,
300833b2ddd9014000030002,1,1,156,-48,1654780450539009,1654780450539009,
300833b2ddd9014000030001,1,1,1040,-52,1654780450540338,1654780450540338,
300833b2ddd9014000030008,1,1,3244,-44,1654780450541436,1654780450541436,
300833b2ddd9014000030001,1,1,968,-53,1654780450573149,1654780450573149,
300833b2ddd9014000030002,1,1,124,-48,1654780450574846,1654780450574846,
300833b2ddd9014000030009,1,1,2616,-47,1654780450576200,1654780450576200,
300833b2ddd9014000030008,1,1,3220,-43,1654780450577268,1654780450577268,
300833b2ddd9014000030009,1,1,2632,-47,1654780450580613,1654780450580613,
300833b2ddd9014000030002,1,1,148,-48,1654780450581949,1654780450581949,
300833b2ddd9014000030001,1,1,960,-53,1654780450583550,1654780450583550,
300833b2ddd9014000030008,1,1,3176,-43,1654780450584977,1654780450584977,
300833b2ddd9014000030009,1,1,2564,-48,1654780450616482,1654780450616482,
300833b2ddd9014000030002,1,1,148,-48,1654780450617550,1654780450617550,
300833b2ddd9014000030008,1,1,3188,-43,1654780450619385,1654780450619385,
300833b2ddd9014000030001,1,1,896,-53,1654780450621325,1654780450621325,
300833b2ddd9014000030001,1,1,880,-54,1654780450625108,1654780450625108,
300833b2ddd9014000030002,1,1,136,-48,1654780450626177,1654780450626177,
300833b2ddd9014000030009,1,1,2556,-47,1654780450627262,1654780450627262,
300833b2ddd9014000030008,1,1,3204,-43,1654780450628288,1654780450628288,
300833b2ddd9014000030008,1,1,3200,-43,1654780450660711,1654780450660711,
300833b2ddd9014000030002,1,1,120,-48,1654780450662066,1654780450662066,
300833b2ddd9014000030009,1,1,2472,-47,1654780450663633,1654780450663633,
300833b2ddd9014000030001,1,1,916,-54,1654780450665121,1654780450665121,
300833b2ddd9014000030002,1,1,156,-48,1654780450669953,1654780450669953,
300833b2ddd9014000030001,1,1,948,-54,1654780450671651,1654780450671651,
300833b2ddd9014000030008,1,1,3196,-43,1654780450672720,1654780450672720,
300833b2ddd9014000030009,1,1,2480,-47,1654780450674173,1654780450674173,
300833b2ddd9014000030001,1,1,968,-54,1654780450704275,1654780450704275,
300833b2ddd9014000030008,1,1,3204,-43,1654780450705372,1654780450705372,
300833b2ddd9014000030009,1,1,2436,-47,1654780450707178,1654780450707178,
300833b2ddd9014000030002,1,1,172,-48,1654780450708647,1654780450708647,
300833b2ddd9014000030008,1,1,3212,-43,1654780450713278,1654780450713278,
300833b2ddd9014000030001,1,1,1040,-54,1654780450714368,1654780450714368,
300833b2ddd9014000030009,1,1,2392,-47,1654780450715469,1654780450715469,
300833b2ddd9014000030002,1,1,172,-48,1654780450717032,1654780450717032,
300833b2ddd9014000030009,1,1,2392,-46,1654780450748696,1654780450748696,
300833b2ddd9014000030008,1,1,3236,-43,1654780450749821,1654780450749821,
300833b2ddd9014000030002,1,1,204,-49,1654780450751431,1654780450751431,
300833b2ddd9014000030001,1,1,1128,-55,1654780450753145,1654780450753145,
300833b2ddd9014000030008,1,1,3428,-43,1654780450984491,1654780450984491,
300833b2ddd9014000030009,1,1,2876,-44,1654780450986892,1654780450986892,
300833b2ddd9014000030001,1,1,2040,-50,1654780450988164,1654780450988164,
300833b2ddd9014000030002,1,1,568,-51,1654780450989236,1654780450989236,
300833b2ddd9014000030002,1,1,620,-51,1654780451026037,1654780451026037,
300833b2ddd9014000030008,1,1,3476,-43,1654780451027160,1654780451027160,
300833b2ddd9014000030009,1,1,2896,-43,1654780451028515,1654780451028515,
300833b2ddd9014000030001,1,1,1988,-48,1654780451029830,1654780451029830,
300833b2ddd9014000030001,1,1,1952,-47,1654780451061596,1654780451061596,
300833b2ddd9014000030008,1,1,3468,-43,1654780451062679,1654780451062679,
300833b2ddd9014000030009,1,1,2856,-42,1654780451063762,1654780451063762,
300833b2ddd9014000030002,1,1,680,-51,1654780451066222,1654780451066222,
300833b2ddd9014000030001,1,1,1908,-47,1654780451070551,1654780451070551,
300833b2ddd9014000030009,1,1,2840,-42,1654780451071653,1654780451071653,
300833b2ddd9014000030008,1,1,3448,-43,1654780451072735,1654780451072735,
300833b2ddd9014000030002,1,1,692,-51,1654780451074924,1654780451074924,
300833b2ddd9014000030008,1,1,3468,-43,1654780451106478,1654780451106478,
300833b2ddd9014000030009,1,1,2764,-40,1654780451109166,1654780451109166,
300833b2ddd9014000030001,1,1,1812,-47,1654780451110412,1654780451110412,
300833b2ddd9014000030008,1,1,3460,-43,1654780451116295,1654780451116295,
300833b2ddd9014000030009,1,1,2764,-41,1654780451117395,1654780451117395,
300833b2ddd9014000030001,1,1,1816,-47,1654780451118567,1654780451118567,
300833b2ddd9014000030009,1,1,2672,-40,1654780451149947,1654780451149947,
300833b2ddd9014000030001,1,1,1716,-47,1654780451151604,1654780451151604,
300833b2ddd9014000030009,1,1,2672,-40,1654780451155573,1654780451155573,
300833b2ddd9014000030001,1,1,1724,-47,1654780451157512,1654780451157512,
300833b2ddd9014000030008,1,1,3468,-43,1654780451158822,1654780451158822,
300833b2ddd9014000030008,1,1,3484,-42,1654780451190243,1654780451190243,
300833b2ddd9014000030002,1,1,768,-50,1654780451191428,1654780451191428,
300833b2ddd9014000030009,1,1,2600,-40,1654780451192511,1654780451192511,
300833b2ddd9014000030001,1,1,1644,-47,1654780451193796,1654780451193796,
300833b2ddd9014000030009,1,1,2588,-40,1654780451198025,1654780451198025,
300833b2ddd9014000030002,1,1,760,-50,1654780451199522,1654780451199522,
300833b2ddd9014000030008,1,1,3484,-43,1654780451200620,1654780451200620,
300833b2ddd9014000030001,1,1,1596,-47,1654780451201708,1654780451201708,
300833b2ddd9014000030008,1,1,3488,-42,1654780451232617,1654780451232617,
300833b2ddd9014000030001,1,1,1568,-48,1654780451233973,1654780451233973,
300833b2ddd9014000030002,1,1,748,-50,1654780451236094,1654780451236094,
300833b2ddd9014000030009,1,1,2516,-40,1654780451237292,1654780451237292,
300833b2ddd9014000030008,1,1,3468,-42,1654780451241476,1654780451241476,
300833b2ddd9014000030002,1,1,768,-50,1654780451242500,1654780451242500,
300833b2ddd9014000030009,1,1,2528,-40,1654780451244798,1654780451244798,
300833b2ddd9014000030001,1,1,1568,-48,1654780451245988,1654780451245988,
300833b2ddd9014000030001,1,1,1524,-48,1654780451278311,1654780451278311,
300833b2ddd9014000030009,1,1,2488,-40,1654780451279511,1654780451279511,
300833b2ddd9014000030008,1,1,3472,-42,1654780451280864,1654780451280864,
300833b2ddd9014000030002,1,1,764,-50,1654780451282619,1654780451282619,
300833b2ddd9014000030002,1,1,748,-49,1654780451286590,1654780451286590,
300833b2ddd9014000030009,1,1,2472,-40,1654780451287875,1654780451287875,
300833b2ddd9014000030008,1,1,3476,-42,1654780451289015,1654780451289015,
300833b2ddd9014000030001,1,1,1528,-48,1654780451290203,1654780451290203,
300833b2ddd9014000030009,1,1,2440,-40,1654780451320866,1654780451320866,
300833b2ddd9014000030001,1,1,1504,-49,1654780451322180,1654780451322180,
300833b2ddd9014000030008,1,1,3484,-42,1654780451323760,1654780451323760,
300833b2ddd9014000030002,1,1,724,-49,1654780451325483,1654780451325483,
300833b2ddd9014000030002,1,1,708,-49,1654780451329432,1654780451329432,
300833b2ddd9014000030009,1,1,2444,-40,1654780451330519,1654780451330519,
300833b2ddd9014000030008,1,1,3480,-42,1654780451331571,1654780451331571,
300833b2ddd9014000030001,1,1,1484,-49,1654780451332900,1654780451332900,
300833b2ddd9014000030002,1,1,712,-49,1654780451365780,1654780451365780,
300833b2ddd9014000030009,1,1,2404,-39,1654780451366881,1654780451366881,
300833b2ddd9014000030008,1,1,3536,-40,1654780451368022,1654780451368022,
300833b2ddd9014000030009,1,1,2556,-39,1654780451375934,1654780451375934,
300833b2ddd9014000030008,1,1,3536,-40,1654780451377356,1654780451377356,
300833b2ddd9014000030008,1,1,3372,-40,1654780451410491,1654780451410491,
300833b2ddd9014000030009,1,1,2472,-39,1654780451412403,1654780451412403,
300833b2ddd9014000030009,1,1,2396,-39,1654780451422364,1654780451422364,
300833b2ddd9014000030008,1,1,3528,-40,1654780451423534,1654780451423534,
300833b2ddd9014000030002,1,1,704,-44,1654780451431487,1654780451431487,
300833b2ddd9014000030008,1,1,3468,-40,1654780451463027,1654780451463027,
300833b2ddd9014000030009,1,1,2508,-39,1654780451464540,1654780451464540,
300833b2ddd9014000030001,1,1,1568,-44,1654780451466324,1654780451466324,
300833b2ddd9014000030009,1,1,2604,-39,1654780451469786,1654780451469786,
300833b2ddd9014000030008,1,1,3592,-40,1654780451471266,1654780451471266,
300833b2ddd9014000030008,1,1,3520,-40,1654780451502076,1654780451502076,
300833b2ddd9014000030009,1,1,2348,-39,1654780451504298,1654780451504298,
300833b2ddd9014000030009,1,1,2412,-39,1654780451508558,1654780451508558,
300833b2ddd9014000030008,1,1,3624,-40,1654780451512551,1654780451512551,
300833b2ddd9014000030008,1,1,3480,-42,1654780451777065,1654780451777065,
300833b2ddd9014000030002,1,1,688,-49,1654780451778802,1654780451778802,
300833b2ddd9014000030001,1,1,1492,-49,1654780451779962,1654780451779962,
300833b2ddd9014000030008,1,1,3464,-42,1654780451784694,1654780451784694,
300833b2ddd9014000030009,1,1,2388,-40,1654780451785795,1654780451785795,
300833b2ddd9014000030001,1,1,1472,-49,1654780451787591,1654780451787591,
300833b2ddd9014000030002,1,1,692,-49,1654780451788644,1654780451788644,
300833b2ddd9014000030008,1,1,3464,-42,1654780451821274,1654780451821274,
300833b2ddd9014000030009,1,1,2392,-40,1654780451823920,1654780451823920,
300833b2ddd9014000030001,1,1,1480,-49,1654780451825246,1654780451825246,
300833b2ddd9014000030002,1,1,680,-49,1654780451826742,1654780451826742,
300833b2ddd9014000030001,1,1,1468,-49,1654780451829728,1654780451829728,
300833b2ddd9014000030009,1,1,2388,-40,1654780451830772,1654780451830772,
300833b2ddd9014000030008,1,1,3456,-42,1654780451833030,1654780451833030,
300833b2ddd9014000030002,1,1,672,-49,1654780451834696,1654780451834696,
300833b2ddd9014000030009,1,1,2396,-40,1654780451865302,1654780451865302,
300833b2ddd9014000030008,1,1,3456,-42,1654780451866596,1654780451866596,
300833b2ddd9014000030002,1,1,684,-49,1654780451867905,1654780451867905,
300833b2ddd9014000030001,1,1,1460,-49,1654780451869446,1654780451869446,
300833b2ddd9014000030002,1,1,664,-49,1654780451874433,1654780451874433,
300833b2ddd9014000030001,1,1,1460,-49,1654780451875563,1654780451875563,
300833b2ddd9014000030009,1,1,2384,-40,1654780451876862,1654780451876862,
300833b2ddd9014000030008,1,1,3472,-42,1654780451878411,1654780451878411,
300833b2ddd9014000030001,1,1,1468,-49,1654780451909976,1654780451909976,
300833b2ddd9014000030009,1,1,2388,-40,1654780451912291,1654780451912291,
300833b2ddd9014000030002,1,1,672,-49,1654780451914113,1654780451914113,
300833b2ddd9014000030008,1,1,3472,-42,1654780451915548,1654780451915548,
300833b2ddd9014000030001,1,1,1464,-49,1654780451919410,1654780451919410,
300833b2ddd9014000030009,1,1,2384,-40,1654780451920769,1654780451920769,
300833b2ddd9014000030008,1,1,3468,-42,1654780451921895,1654780451921895,
300833b2ddd9014000030002,1,1,684,-49,1654780451922965,1654780451922965,
300833b2ddd9014000030009,1,1,2388,-40,1654780451954886,1654780451954886,
300833b2ddd9014000030002,1,1,680,-49,1654780451955927,1654780451955927,
300833b2ddd9014000030008,1,1,3456,-42,1654780451957038,1654780451957038,
300833b2ddd9014000030001,1,1,1472,-49,1654780451960275,1654780451960275,
300833b2ddd9014000030001,1,1,1444,-49,1654780451965404,1654780451965404,
300833b2ddd9014000030008,1,1,3460,-42,1654780451966831,1654780451966831,
300833b2ddd9014000030009,1,1,2392,-40,1654780451967946,1654780451967946,
300833b2ddd9014000030002,1,1,704,-49,1654780451969284,1654780451969284,
300833b2ddd9014000030008,1,1,3460,-42,1654780451999613,1654780451999613,
300833b2ddd9014000030001,1,1,1468,-49,1654780452001198,1654780452001198,
300833b2ddd9014000030009,1,1,2388,-40,1654780452002755,1654780452002755,
300833b2ddd9014000030002,1,1,692,-49,1654780452004418,1654780452004418,
300833b2ddd9014000030001,1,1,1484,-49,1654780452009467,1654780452009467,
300833b2ddd9014000030002,1,1,672,-49,1654780452010522,1654780452010522,
300833b2ddd9014000030009,1,1,2388,-40,1654780452011807,1654780452011807,
300833b2ddd9014000030008,1,1,3452,-42,1654780452012845,1654780452012845,
300833b2ddd9014000030001,1,1,1480,-49,1654780452045663,1654780452045663,
300833b2ddd9014000030008,1,1,3456,-42,1654780452047614,1654780452047614,
300833b2ddd9014000030009,1,1,2388,-40,1654780452048712,1654780452048712,
300833b2ddd9014000030002,1,1,688,-49,1654780452050195,1654780452050195,
300833b2ddd9014000030009,1,1,2384,-40,1654780452053468,1654780452053468,
300833b2ddd9014000030008,1,1,3456,-42,1654780452055643,1654780452055643,
300833b2ddd9014000030001,1,1,1456,-49,1654780452056730,1654780452056730,
300833b2ddd9014000030002,1,1,704,-49,1654780452057912,1654780452057912,
300833b2ddd9014000030002,1,1,708,-49,1654780452088942,1654780452088942,
300833b2ddd9014000030008,1,1,3460,-42,1654780452090492,1654780452090492,
300833b2ddd9014000030001,1,1,1440,-49,1654780452091652,1654780452091652,
300833b2ddd9014000030002,1,1,744,-49,1654780452094950,1654780452094950,
300833b2ddd9014000030001,1,1,1468,-49,1654780452097583,1654780452097583,
300833b2ddd9014000030008,1,1,3452,-42,1654780452098656,1654780452098656,
300833b2ddd9014000030009,1,1,2376,-40,1654780452099771,1654780452099771,
300833b2ddd9014000030008,1,1,3456,-42,1654780452130081,1654780452130081,
300833b2ddd9014000030009,1,1,2392,-40,1654780452131651,1654780452131651,
300833b2ddd9014000030002,1,1,700,-49,1654780452134026,1654780452134026,
300833b2ddd9014000030001,1,1,1484,-49,1654780452135116,1654780452135116,
300833b2ddd9014000030009,1,1,2380,-41,1654780452139341,1654780452139341,
300833b2ddd9014000030001,1,1,1468,-49,1654780452140769,1654780452140769,
300833b2ddd9014000030008,1,1,3460,-42,1654780452142278,1654780452142278,
300833b2ddd9014000030002,1,1,684,-49,1654780452143743,1654780452143743,
300833b2ddd9014000030008,1,1,3452,-42,1654780452201368,1654780452201368,
300833b2ddd9014000030002,1,1,688,-49,1654780452203076,1654780452203076,
300833b2ddd9014000030009,1,1,2380,-40,1654780452206934,1654780452206934,
300833b2ddd9014000030001,1,1,1464,-49,1654780452208459,1654780452208459,
300833b2ddd9014000030008,1,1,3452,-42,1654780452209526,1654780452209526,
300833b2ddd9014000030002,1,1,696,-49,1654780452211677,1654780452211677,
300833b2ddd9014000030001,1,1,1468,-49,1654780452243189,1654780452243189,
300833b2ddd9014000030002,1,1,700,-49,1654780452244428,1654780452244428,
300833b2ddd9014000030009,1,1,2388,-40,1654780452245501,1654780452245501,
300833b2ddd9014000030008,1,1,3452,-42,1654780452246583,1654780452246583,
300833b2ddd9014000030001,1,1,1476,-49,1654780452250467,1654780452250467,
300833b2ddd9014000030009,1,1,2388,-40,1654780452251555,1654780452251555,
300833b2ddd9014000030008,1,1,3448,-42,1654780452253345,1654780452253345,
300833b2ddd9014000030002,1,1,708,-49,1654780452255849,1654780452255849,
300833b2ddd9014000030002,1,1,692,-49,1654780452285669,1654780452285669,
300833b2ddd9014000030001,1,1,1480,-49,1654780452286728,1654780452286728,
300833b2ddd9014000030009,1,1,2392,-40,1654780452287801,1654780452287801,
300833b2ddd9014000030008,1,1,3460,-42,1654780452288884,1654780452288884,
300833b2ddd9014000030009,1,1,2376,-40,1654780452294075,1654780452294075,
300833b2ddd9014000030008,1,1,3452,-42,1654780452297105,1654780452297105,
300833b2ddd9014000030002,1,1,688,-49,1654780452300212,1654780452300212,
300833b2ddd9014000030001,1,1,1456,-49,1654780452301326,1654780452301326,
300833b2ddd9014000030009,1,1,2372,-40,1654780452331067,1654780452331067,
300833b2ddd9014000030002,1,1,676,-49,1654780452332575,1654780452332575,
300833b2ddd9014000030001,1,1,1476,-49,1654780452333706,1654780452333706,
300833b2ddd9014000030008,1,1,3448,-42,1654780452335013,1654780452335013,
300833b2ddd9014000030008,1,1,3452,-42,1654780452339475,1654780452339475,
300833b2ddd9014000030002,1,1,684,-49,1654780452340841,1654780452340841,
300833b2ddd9014000030009,1,1,2384,-40,1654780452341957,1654780452341957,
300833b2ddd9014000030001,1,1,1468,-49,1654780452344623,1654780452344623,
300833b2ddd9014000030001,1,1,1464,-49,1654780452375700,1654780452375700,
300833b2ddd9014000030008,1,1,3448,-42,1654780452376786,1654780452376786,
300833b2ddd9014000030009,1,1,2392,-40,1654780452378112,1654780452378112,
300833b2ddd9014000030002,1,1,684,-49,1654780452379791,1654780452379791,
300833b2ddd9014000030009,1,1,2372,-40,1654780452384301,1654780452384301,
300833b2ddd9014000030008,1,1,3456,-42,1654780452385595,1654780452385595,
300833b2ddd9014000030002,1,1,680,-49,1654780452386906,1654780452386906,
300833b2ddd9014000030001,1,1,1440,-49,1654780452388607,1654780452388607,
300833b2ddd9014000030009,1,1,2376,-40,1654780452419769,1654780452419769,
300833b2ddd9014000030008,1,1,3440,-42,1654780452421063,1654780452421063,
300833b2ddd9014000030002,1,1,676,-49,1654780452422613,1654780452422613,
300833b2ddd9014000030001,1,1,1488,-49,1654780452424540,1654780452424540,
300833b2ddd9014000030002,1,1,680,-49,1654780452430558,1654780452430558,
300833b2ddd9014000030009,1,1,2376,-40,1654780452431601,1654780452431601,
300833b2ddd9014000030008,1,1,3432,-42,1654780452432800,1654780452432800,
300833b2ddd9014000030001,1,1,1444,-49,1654780452433989,1654780452433989,
300833b2ddd9014000030001,1,1,1500,-49,1654780452464252,1654780452464252,
300833b2ddd9014000030009,1,1,2372,-40,1654780452465339,1654780452465339,
300833b2ddd9014000030008,1,1,3464,-42,1654780452466421,1654780452466421,
300833b2ddd9014000030002,1,1,664,-49,1654780452467776,1654780452467776,
300833b2ddd9014000030002,1,1,680,-49,1654780452473627,1654780452473627,
300833b2ddd9014000030009,1,1,2376,-40,1654780452474844,1654780452474844,
300833b2ddd9014000030001,1,1,1476,-49,1654780452475930,1654780452475930,
300833b2ddd9014000030008,1,1,3452,-42,1654780452477027,1654780452477027,
300833b2ddd9014000030009,1,1,2372,-40,1654780452515016,1654780452515016,
300833b2ddd9014000030002,1,1,684,-49,1654780452519419,1654780452519419,
300833b2ddd9014000030008,1,1,3448,-42,1654780452520517,1654780452520517,
300833b2ddd9014000030001,1,1,1472,-49,1654780452521604,1654780452521604,
300833b2ddd9014000030009,1,1,2368,-40,1654780452526995,1654780452526995,
300833b2ddd9014000030008,1,1,3440,-42,1654780452528488,1654780452528488,
300833b2ddd9014000030001,1,1,1496,-49,1654780452529594,1654780452529594,
300833b2ddd9014000030002,1,1,676,-49,1654780452530958,1654780452530958,
300833b2ddd9014000030009,1,1,2380,-40,1654780452561282,1654780452561282,
300833b2ddd9014000030008,1,1,3440,-42,1654780452563232,1654780452563232,
300833b2ddd9014000030002,1,1,664,-49,1654780452564556,1654780452564556,
300833b2ddd9014000030001,1,1,1484,-49,1654780452566056,1654780452566056,
300833b2ddd9014000030002,1,1,672,-49,1654780452570200,1654780452570200,
300833b2ddd9014000030008,1,1,3440,-42,1654780452571255,1654780452571255,
300833b2ddd9014000030001,1,1,1480,-49,1654780452572369,1654780452572369,
300833b2ddd9014000030009,1,1,2372,-40,1654780452573401,1654780452573401,
300833b2ddd9014000030002,1,1,676,-49,1654780452603718,1654780452603718,
300833b2ddd9014000030008,1,1,3428,-42,1654780452605069,1654780452605069,
300833b2ddd9014000030009,1,1,2368,-40,1654780452606156,1654780452606156,
300833b2ddd9014000030001,1,1,1496,-49,1654780452609463,1654780452609463,
300833b2ddd9014000030002,1,1,664,-49,1654780452616464,1654780452616464,
300833b2ddd9014000030008,1,1,3424,-42,1654780452618655,1654780452618655,
300833b2ddd9014000030009,1,1,2364,-40,1654780452619770,1654780452619770,
300833b2ddd9014000030001,1,1,1488,-49,1654780452621453,1654780452621453,
300833b2ddd9014000030008,1,1,3436,-42,1654780452651160,1654780452651160,
300833b2ddd9014000030001,1,1,1476,-49,1654780452652219,1654780452652219,
300833b2ddd9014000030002,1,1,680,-49,1654780452653771,1654780452653771,
300833b2ddd9014000030008,1,1,3428,-42,1654780452661979,1654780452661979,
300833b2ddd9014000030009,1,1,2364,-40,1654780452663093,1654780452663093,
300833b2ddd9014000030001,1,1,1476,-49,1654780452664889,1654780452664889,
300833b2ddd9014000030002,1,1,672,-49,1654780452667449,1654780452667449,
300833b2ddd9014000030008,1,1,3436,-42,1654780452699144,1654780452699144,
300833b2ddd9014000030001,1,1,1512,-49,1654780452700261,1654780452700261,
300833b2ddd9014000030002,1,1,676,-49,1654780452701331,1654780452701331,
300833b2ddd9014000030009,1,1,2368,-40,1654780452707088,1654780452707088,
300833b2ddd9014000030002,1,1,688,-50,1654780452708525,1654780452708525,
300833b2ddd9014000030008,1,1,3428,-42,1654780452710091,1654780452710091,
300833b2ddd9014000030001,1,1,1480,-49,1654780452711533,1654780452711533,
300833b2ddd9014000030009,1,1,2368,-40,1654780452741373,1654780452741373,
300833b2ddd9014000030002,1,1,668,-49,1654780452742469,1654780452742469,
300833b2ddd9014000030008,1,1,3428,-42,1654780452743568,1654780452743568,
300833b2ddd9014000030001,1,1,1500,-49,1654780452745393,1654780452745393,
300833b2ddd9014000030009,1,1,2360,-40,1654780452751685,1654780452751685,