epc,atenda,atendanum,phase,RSS,timestamp,timestamp2,
300833b2ddd9014000030008,1,1,60,-63,1654695359561414,1654695359561414,
300833b2ddd9014000030009,1,1,3340,-58,1654695359563024,1654695359563024,
300833b2ddd9014000030001,1,1,372,-65,1654695359565551,1654695359565551,
300833b2ddd9014000030002,1,1,2964,-72,1654695359566653,1654695359566653,
300833b2ddd9014000030001,1,1,420,-64,1654695359570321,1654695359570321,
300833b2ddd9014000030009,1,1,3324,-58,1654695359572258,1654695359572258,
300833b2ddd9014000030008,1,1,48,-64,1654695359575727,1654695359575727,
300833b2ddd9014000030002,1,1,3300,-70,1654695359578030,1654695359578030,
300833b2ddd9014000030008,1,1,40,-63,1654695359608261,1654695359608261,
300833b2ddd9014000030009,1,1,3296,-58,1654695359609343,1654695359609343,
300833b2ddd9014000030001,1,1,360,-64,1654695359610975,1654695359610975,
300833b2ddd9014000030008,1,1,84,-63,1654695359616549,1654695359616549,
300833b2ddd9014000030001,1,1,364,-65,1654695359617635,1654695359617635,
300833b2ddd9014000030009,1,1,3340,-58,1654695359618948,1654695359618948,
300833b2ddd9014000030008,1,1,60,-63,1654695359649371,1654695359649371,
300833b2ddd9014000030009,1,1,3312,-58,1654695359651598,1654695359651598,
300833b2ddd9014000030001,1,1,484,-65,1654695359652717,1654695359652717,
300833b2ddd9014000030002,1,1,3420,-71,1654695359657155,1654695359657155,
300833b2ddd9014000030001,1,1,468,-65,1654695359661068,1654695359661068,
300833b2ddd9014000030009,1,1,3336,-58,1654695359662137,1654695359662137,
300833b2ddd9014000030002,1,1,3288,-72,1654695359663168,1654695359663168,
300833b2ddd9014000030008,1,1,128,-63,1654695359664622,1654695359664622,
300833b2ddd9014000030002,1,1,3048,-71,1654695359694568,1654695359694568,
300833b2ddd9014000030001,1,1,360,-64,1654695359696123,1654695359696123,
300833b2ddd9014000030008,1,1,68,-63,1654695359698638,1654695359698638,
300833b2ddd9014000030009,1,1,3276,-58,1654695359699752,1654695359699752,
300833b2ddd9014000030002,1,1,3180,-73,1654695359703393,1654695359703393,
300833b2ddd9014000030001,1,1,344,-64,1654695359704736,1654695359704736,
300833b2ddd9014000030008,1,1,132,-63,1654695359705990,1654695359705990,
300833b2ddd9014000030009,1,1,3316,-58,1654695359707061,1654695359707061,
300833b2ddd9014000030009,1,1,3296,-58,1654695359739364,1654695359739364,
300833b2ddd9014000030008,1,1,92,-64,1654695359740437,1654695359740437,
300833b2ddd9014000030002,1,1,3116,-70,1654695359742702,1654695359742702,
300833b2ddd9014000030001,1,1,456,-65,1654695359743781,1654695359743781,
300833b2ddd9014000030008,1,1,88,-63,1654695359748158,1654695359748158,
300833b2ddd9014000030001,1,1,396,-66,1654695359749276,1654695359749276,
300833b2ddd9014000030009,1,1,3376,-58,1654695359750364,1654695359750364,
300833b2ddd9014000030002,1,1,2876,-73,1654695359752769,1654695359752769,
300833b2ddd9014000030008,1,1,68,-63,1654695359783361,1654695359783361,
300833b2ddd9014000030002,1,1,3336,-72,1654695359784418,1654695359784418,
300833b2ddd9014000030001,1,1,432,-65,1654695359785928,1654695359785928,
300833b2ddd9014000030009,1,1,3304,-58,1654695359787269,1654695359787269,
300833b2ddd9014000030009,1,1,3296,-58,1654695359792837,1654695359792837,
300833b2ddd9014000030001,1,1,444,-64,1654695359793983,1654695359793983,
300833b2ddd9014000030008,1,1,44,-63,1654695359795296,1654695359795296,
300833b2ddd9014000030002,1,1,2916,-70,1654695359797582,1654695359797582,
300833b2ddd9014000030008,1,1,112,-63,1654695359827328,1654695359827328,
300833b2ddd9014000030002,1,1,3268,-72,1654695359828668,1654695359828668,
300833b2ddd9014000030009,1,1,3308,-58,1654695359830502,1654695359830502,
300833b2ddd9014000030001,1,1,352,-65,1654695359831578,1654695359831578,
300833b2ddd9014000030008,1,1,124,-64,1654695359836064,1654695359836064,
300833b2ddd9014000030001,1,1,364,-65,1654695359837394,1654695359837394,
300833b2ddd9014000030009,1,1,3312,-58,1654695359838719,1654695359838719,
300833b2ddd9014000030002,1,1,3076,-72,1654695359840077,1654695359840077,
300833b2ddd9014000030008,1,1,128,-63,1654695359871213,1654695359871213,
300833b2ddd9014000030002,1,1,3172,-72,1654695359872270,1654695359872270,
300833b2ddd9014000030009,1,1,3264,-57,1654695359873571,1654695359873571,
300833b2ddd9014000030001,1,1,480,-66,1654695359875115,1654695359875115,
300833b2ddd9014000030001,1,1,296,-65,1654695359880378,1654695359880378,
300833b2ddd9014000030009,1,1,3312,-58,1654695359881604,1654695359881604,
300833b2ddd9014000030008,1,1,124,-63,1654695359882715,1654695359882715,
300833b2ddd9014000030002,1,1,3180,-72,1654695359883988,1654695359883988,
300833b2ddd9014000030009,1,1,3288,-58,1654695359915002,1654695359915002,
300833b2ddd9014000030001,1,1,416,-64,1654695359916472,1654695359916472,
300833b2ddd9014000030008,1,1,152,-64,1654695359917586,1654695359917586,
300833b2ddd9014000030002,1,1,3404,-71,1654695359918616,1654695359918616,
300833b2ddd9014000030008,1,1,120,-63,1654695359922312,1654695359922312,
300833b2ddd9014000030009,1,1,3300,-58,1654695359924053,1654695359924053,
300833b2ddd9014000030001,1,1,332,-65,1654695359925185,1654695359925185,
300833b2ddd9014000030002,1,1,3036,-71,1654695359927190,1654695359927190,
300833b2ddd9014000030001,1,1,456,-65,1654695359957626,1654695359957626,
300833b2ddd9014000030009,1,1,3368,-58,1654695359959067,1654695359959067,
300833b2ddd9014000030008,1,1,120,-63,1654695359961012,1654695359961012,
300833b2ddd9014000030002,1,1,3196,-72,1654695359963720,1654695359963720,
300833b2ddd9014000030009,1,1,3356,-58,1654695359966769,1654695359966769,
300833b2ddd9014000030008,1,1,164,-64,1654695359968492,1654695359968492,
300833b2ddd9014000030001,1,1,364,-65,1654695359969881,1654695359969881,
300833b2ddd9014000030002,1,1,3336,-71,1654695359972363,1654695359972363,
300833b2ddd9014000030001,1,1,384,-65,1654695360002116,1654695360002116,
300833b2ddd9014000030009,1,1,3296,-58,1654695360003428,1654695360003428,
300833b2ddd9014000030008,1,1,148,-62,1654695360005516,1654695360005516,
300833b2ddd9014000030002,1,1,3220,-72,1654695360008329,1654695360008329,
300833b2ddd9014000030009,1,1,3316,-58,1654695360012690,1654695360012690,
300833b2ddd9014000030002,1,1,3000,-70,1654695360014018,1654695360014018,
300833b2ddd9014000030008,1,1,144,-63,1654695360015598,1654695360015598,
300833b2ddd9014000030001,1,1,244,-65,1654695360018124,1654695360018124,
300833b2ddd9014000030008,1,1,180,-63,1654695360048099,1654695360048099,
300833b2ddd9014000030009,1,1,3308,-58,1654695360049397,1654695360049397,
300833b2ddd9014000030001,1,1,428,-64,1654695360051881,1654695360051881,
300833b2ddd9014000030002,1,1,3168,-70,1654695360053859,1654695360053859,
300833b2ddd9014000030001,1,1,500,-65,1654695360057348,1654695360057348,
300833b2ddd9014000030008,1,1,100,-63,1654695360058431,1654695360058431,
300833b2ddd9014000030009,1,1,3224,-58,1654695360059817,1654695360059817,
300833b2ddd9014000030002,1,1,3152,-71,1654695360060845,1654695360060845,
300833b2ddd9014000030009,1,1,3292,-58,1654695360093820,1654695360093820,
300833b2ddd9014000030002,1,1,2936,-71,1654695360095191,1654695360095191,
300833b2ddd9014000030001,1,1,328,-65,1654695360096762,1654695360096762,
300833b2ddd9014000030008,1,1,104,-63,1654695360098129,1654695360098129,
300833b2ddd9014000030008,1,1,80,-63,1654695360103051,1654695360103051,
300833b2ddd9014000030009,1,1,3276,-58,1654695360104278,1654695360104278,
300833b2ddd9014000030001,1,1,560,-65,1654695360105398,1654695360105398,
300833b2ddd9014000030002,1,1,3024,-71,1654695360107335,1654695360107335,
300833b2ddd9014000030001,1,1,376,-65,1654695360137409,1654695360137409,
300833b2ddd9014000030008,1,1,136,-63,1654695360138750,1654695360138750,
300833b2ddd9014000030009,1,1,3272,-58,1654695360139764,1654695360139764,
300833b2ddd9014000030002,1,1,2848,-70,1654695360141959,1654695360141959,
300833b2ddd9014000030009,1,1,3296,-58,1654695360146257,1654695360146257,
300833b2ddd9014000030001,1,1,300,-65,1654695360147304,1654695360147304,
300833b2ddd9014000030008,1,1,76,-63,1654695360148403,1654695360148403,
300833b2ddd9014000030002,1,1,3004,-71,1654695360150929,1654695360150929,
300833b2ddd9014000030008,1,1,112,-63,1654695360182746,1654695360182746,
300833b2ddd9014000030009,1,1,3308,-58,1654695360183830,1654695360183830,
300833b2ddd9014000030002,1,1,3108,-71,1654695360185187,1654695360185187,
300833b2ddd9014000030001,1,1,388,-66,1654695360187380,1654695360187380,
300833b2ddd9014000030008,1,1,164,-63,1654695360191237,1654695360191237,
300833b2ddd9014000030009,1,1,3268,-58,1654695360192779,1654695360192779,
300833b2ddd9014000030001,1,1,388,-64,1654695360194955,1654695360194955,
300833b2ddd9014000030002,1,1,2380,-70,1654695360196922,1654695360196922,
300833b2ddd9014000030008,1,1,104,-63,1654695360227574,1654695360227574,
300833b2ddd9014000030001,1,1,388,-65,1654695360228821,1654695360228821,
300833b2ddd9014000030009,1,1,3336,-58,1654695360230145,1654695360230145,
300833b2ddd9014000030002,1,1,2928,-71,1654695360231175,1654695360231175,
300833b2ddd9014000030009,1,1,3268,-58,1654695360234527,1654695360234527,
300833b2ddd9014000030008,1,1,88,-63,1654695360237363,1654695360237363,
300833b2ddd9014000030001,1,1,380,-65,1654695360238423,1654695360238423,
300833b2ddd9014000030002,1,1,2872,-70,1654695360239636,1654695360239636,
300833b2ddd9014000030008,1,1,124,-63,1654695360269939,1654695360269939,
300833b2ddd9014000030001,1,1,472,-66,1654695360271041,1654695360271041,
300833b2ddd9014000030009,1,1,3304,-58,1654695360272637,1654695360272637,
300833b2ddd9014000030002,1,1,3028,-71,1654695360274546,1654695360274546,
300833b2ddd9014000030008,1,1,68,-62,1654695360279553,1654695360279553,
300833b2ddd9014000030009,1,1,3344,-58,1654695360280894,1654695360280894,
300833b2ddd9014000030001,1,1,376,-65,1654695360281968,1654695360281968,
300833b2ddd9014000030002,1,1,2900,-69,1654695360283051,1654695360283051,
300833b2ddd9014000030002,1,1,3068,-72,1654695360315284,1654695360315284,
300833b2ddd9014000030001,1,1,300,-65,1654695360316418,1654695360316418,
300833b2ddd9014000030008,1,1,116,-63,1654695360317471,1654695360317471,
300833b2ddd9014000030009,1,1,3388,-58,1654695360319057,1654695360319057,
300833b2ddd9014000030008,1,1,88,-63,1654695360323512,1654695360323512,
300833b2ddd9014000030001,1,1,324,-65,1654695360324876,1654695360324876,
300833b2ddd9014000030009,1,1,3340,-58,1654695360326427,1654695360326427,
300833b2ddd9014000030002,1,1,2976,-72,1654695360329011,1654695360329011,
300833b2ddd9014000030009,1,1,3300,-58,1654695360360387,1654695360360387,
300833b2ddd9014000030001,1,1,516,-65,1654695360361476,1654695360361476,
300833b2ddd9014000030002,1,1,3384,-72,1654695360362676,1654695360362676,
300833b2ddd9014000030008,1,1,120,-63,1654695360363815,1654695360363815,
300833b2ddd9014000030009,1,1,3320,-58,1654695360366568,1654695360366568,
300833b2ddd9014000030001,1,1,348,-66,1654695360367617,1654695360367617,
300833b2ddd9014000030008,1,1,68,-63,1654695360370278,1654695360370278,
300833b2ddd9014000030002,1,1,3064,-72,1654695360372468,1654695360372468,
300833b2ddd9014000030001,1,1,472,-65,1654695360402497,1654695360402497,
300833b2ddd9014000030008,1,1,80,-63,1654695360403836,1654695360403836,
300833b2ddd9014000030009,1,1,3352,-58,1654695360405245,1654695360405245,
300833b2ddd9014000030002,1,1,3108,-73,1654695360408048,1654695360408048,
300833b2ddd9014000030001,1,1,360,-65,1654695360410811,1654695360410811,
300833b2ddd9014000030008,1,1,56,-63,1654695360411896,1654695360411896,
300833b2ddd9014000030009,1,1,3312,-58,1654695360413705,1654695360413705,
300833b2ddd9014000030002,1,1,3088,-72,1654695360416872,1654695360416872,
300833b2ddd9014000030002,1,1,2752,-72,1654695360446542,1654695360446542,
300833b2ddd9014000030001,1,1,440,-66,1654695360447916,1654695360447916,
300833b2ddd9014000030008,1,1,148,-63,1654695360448984,1654695360448984,
300833b2ddd9014000030009,1,1,3308,-58,1654695360450070,1654695360450070,
300833b2ddd9014000030002,1,1,3148,-70,1654695360455857,1654695360455857,
300833b2ddd9014000030008,1,1,180,-62,1654695360457948,1654695360457948,
300833b2ddd9014000030009,1,1,3332,-58,1654695360459049,1654695360459049,
300833b2ddd9014000030001,1,1,276,-65,1654695360460282,1654695360460282,
300833b2ddd9014000030002,1,1,2928,-72,1654695360490257,1654695360490257,
300833b2ddd9014000030008,1,1,64,-62,1654695360491539,1654695360491539,
300833b2ddd9014000030009,1,1,3336,-58,1654695360492893,1654695360492893,
300833b2ddd9014000030001,1,1,348,-65,1654695360493938,1654695360493938,
300833b2ddd9014000030002,1,1,3056,-70,1654695360499223,1654695360499223,
300833b2ddd9014000030009,1,1,3388,-58,1654695360500696,1654695360500696,
300833b2ddd9014000030001,1,1,256,-65,1654695360501799,1654695360501799,
300833b2ddd9014000030008,1,1,96,-62,1654695360502882,1654695360502882,
300833b2ddd9014000030002,1,1,2960,-71,1654695360533163,1654695360533163,
300833b2ddd9014000030009,1,1,3284,-58,1654695360534530,1654695360534530,
300833b2ddd9014000030001,1,1,424,-65,1654695360535846,1654695360535846,
300833b2ddd9014000030008,1,1,112,-62,1654695360536902,1654695360536902,
300833b2ddd9014000030008,1,1,132,-63,1654695360541811,1654695360541811,
300833b2ddd9014000030009,1,1,3296,-58,1654695360544471,1654695360544471,
300833b2ddd9014000030001,1,1,504,-65,1654695360545534,1654695360545534,
300833b2ddd9014000030002,1,1,2840,-72,1654695360546748,1654695360546748,
300833b2ddd9014000030001,1,1,372,-65,1654695360576537,1654695360576537,
300833b2ddd9014000030009,1,1,3252,-58,1654695360578702,1654695360578702,
300833b2ddd9014000030002,1,1,3300,-72,1654695360580057,1654695360580057,
300833b2ddd9014000030008,1,1,52,-62,1654695360581211,1654695360581211,
300833b2ddd9014000030001,1,1,268,-65,1654695360584731,1654695360584731,
300833b2ddd9014000030009,1,1,3320,-58,1654695360585758,1654695360585758,
300833b2ddd9014000030008,1,1,116,-63,1654695360586870,1654695360586870,
300833b2ddd9014000030002,1,1,3000,-68,1654695360591027,1654695360591027,
300833b2ddd9014000030009,1,1,3268,-58,1654695360622995,1654695360622995,
300833b2ddd9014000030008,1,1,60,-62,1654695360624321,1654695360624321,
300833b2ddd9014000030001,1,1,396,-65,1654695360625694,1654695360625694,
300833b2ddd9014000030002,1,1,3132,-71,1654695360629821,1654695360629821,
300833b2ddd9014000030009,1,1,3324,-58,1654695360632520,1654695360632520,
300833b2ddd9014000030002,1,1,2936,-71,1654695360635591,1654695360635591,
300833b2ddd9014000030001,1,1,340,-65,1654695360636766,1654695360636766,
300833b2ddd9014000030008,1,1,84,-62,1654695360638317,1654695360638317,
300833b2ddd9014000030008,1,1,104,-63,1654695360669226,1654695360669226,
300833b2ddd9014000030001,1,1,388,-65,1654695360670331,1654695360670331,
300833b2ddd9014000030002,1,1,3324,-71,1654695360671432,1654695360671432,
300833b2ddd9014000030009,1,1,3300,-57,1654695360672541,1654695360672541,
300833b2ddd9014000030009,1,1,3320,-58,1654695360678700,1654695360678700,
300833b2ddd9014000030008,1,1,120,-62,1654695360679769,1654695360679769,
300833b2ddd9014000030001,1,1,516,-64,1654695360680874,1654695360680874,
300833b2ddd9014000030002,1,1,3036,-71,1654695360682680,1654695360682680,
300833b2ddd9014000030008,1,1,20,-60,1654695360712556,1654695360712556,
300833b2ddd9014000030009,1,1,3268,-57,1654695360714238,1654695360714238,
300833b2ddd9014000030001,1,1,516,-61,1654695360716818,1654695360716818,
300833b2ddd9014000030001,1,1,312,-61,1654695360719756,1654695360719756,
300833b2ddd9014000030009,1,1,3300,-57,1654695360722571,1654695360722571,
300833b2ddd9014000030008,1,1,36,-60,1654695360723761,1654695360723761,
300833b2ddd9014000030009,1,1,3216,-57,1654695360753649,1654695360753649,
300833b2ddd9014000030008,1,1,76,-61,1654695360754704,1654695360754704,
300833b2ddd9014000030001,1,1,348,-61,1654695360756743,1654695360756743,
300833b2ddd9014000030001,1,1,316,-62,1654695360761587,1654695360761587,
300833b2ddd9014000030009,1,1,3288,-57,1654695360762701,1654695360762701,
300833b2ddd9014000030008,1,1,112,-61,1654695360763984,1654695360763984,
300833b2ddd9014000030009,1,1,3348,-57,1654695360796468,1654695360796468,
300833b2ddd9014000030008,1,1,200,-60,1654695360801836,1654695360801836,
300833b2ddd9014000030009,1,1,3320,-58,1654695360806055,1654695360806055,
300833b2ddd9014000030008,1,1,212,-60,1654695360807121,1654695360807121,
300833b2ddd9014000030001,1,1,292,-61,1654695360841109,1654695360841109,
300833b2ddd9014000030009,1,1,3240,-57,1654695360842209,1654695360842209,
300833b2ddd9014000030008,1,1,28,-60,1654695360843296,1654695360843296,
300833b2ddd9014000030009,1,1,3296,-58,1654695360846583,1654695360846583,
300833b2ddd9014000030009,1,1,3348,-57,1654695360879691,1654695360879691,
300833b2ddd9014000030009,1,1,3208,-57,1654695360883731,1654695360883731,
300833b2ddd9014000030008,1,1,212,-61,1654695360885665,1654695360885665,
300833b2ddd9014000030001,1,1,24,-62,1654695360886744,1654695360886744,
300833b2ddd9014000030008,1,1,48,-63,1654695360917517,1654695360917517,
300833b2ddd9014000030009,1,1,3296,-58,1654695360919722,1654695360919722,
300833b2ddd9014000030001,1,1,316,-65,1654695360921038,1654695360921038,
300833b2ddd9014000030002,1,1,2852,-70,1654695360923283,1654695360923283,
300833b2ddd9014000030009,1,1,3252,-58,1654695360926055,1654695360926055,
300833b2ddd9014000030001,1,1,476,-65,1654695360927388,1654695360927388,
300833b2ddd9014000030002,1,1,3156,-71,1654695360929211,1654695360929211,
300833b2ddd9014000030008,1,1,84,-62,1654695360931062,1654695360931062,
300833b2ddd9014000030008,1,1,176,-63,1654695360961954,1654695360961954,
300833b2ddd9014000030009,1,1,3304,-58,1654695360963943,1654695360963943,
300833b2ddd9014000030002,1,1,2820,-72,1654695360965045,1654695360965045,
300833b2ddd9014000030001,1,1,408,-65,1654695360966516,1654695360966516,
300833b2ddd9014000030001,1,1,324,-65,1654695360969660,1654695360969660,
300833b2ddd9014000030009,1,1,3236,-58,1654695360971225,1654695360971225,
300833b2ddd9014000030008,1,1,108,-63,1654695360972977,1654695360972977,
300833b2ddd9014000030002,1,1,3220,-71,1654695360974730,1654695360974730,
300833b2ddd9014000030001,1,1,368,-64,1654695361005705,1654695361005705,
300833b2ddd9014000030008,1,1,140,-63,1654695361007439,1654695361007439,
300833b2ddd9014000030009,1,1,3296,-58,1654695361008796,1654695361008796,
300833b2ddd9014000030002,1,1,2928,-72,1654695361009812,1654695361009812,
300833b2ddd9014000030009,1,1,3316,-58,1654695361013679,1654695361013679,
300833b2ddd9014000030001,1,1,528,-65,1654695361014785,1654695361014785,
300833b2ddd9014000030002,1,1,3244,-72,1654695361016126,1654695361016126,
300833b2ddd9014000030008,1,1,92,-63,1654695361018075,1654695361018075,
300833b2ddd9014000030009,1,1,3388,-58,1654695361050310,1654695361050310,
300833b2ddd9014000030002,1,1,3104,-71,1654695361052048,1654695361052048,
300833b2ddd9014000030008,1,1,84,-62,1654695361054434,1654695361054434,
300833b2ddd9014000030001,1,1,316,-65,1654695361055509,1654695361055509,
300833b2ddd9014000030009,1,1,3308,-58,1654695361058900,1654695361058900,
300833b2ddd9014000030001,1,1,484,-65,1654695361061249,1654695361061249,
300833b2ddd9014000030008,1,1,56,-63,1654695361062377,1654695361062377,
300833b2ddd9014000030002,1,1,2848,-70,1654695361065608,1654695361065608,
300833b2ddd9014000030009,1,1,3256,-58,1654695361095987,1654695361095987,
300833b2ddd9014000030002,1,1,3144,-71,1654695361097509,1654695361097509,
300833b2ddd9014000030001,1,1,360,-65,1654695361098610,1654695361098610,
300833b2ddd9014000030008,1,1,148,-62,1654695361099722,1654695361099722,
300833b2ddd9014000030008,1,1,120,-63,1654695361105922,1654695361105922,
300833b2ddd9014000030001,1,1,320,-64,1654695361106997,1654695361106997,
300833b2ddd9014000030009,1,1,3272,-58,1654695361108039,1654695361108039,
300833b2ddd9014000030002,1,1,3176,-71,1654695361109779,1654695361109779,
300833b2ddd9014000030002,1,1,3096,-70,1654695361139547,1654695361139547,
300833b2ddd9014000030001,1,1,292,-65,1654695361140864,1654695361140864,
300833b2ddd9014000030009,1,1,3284,-58,1654695361141919,1654695361141919,
300833b2ddd9014000030008,1,1,72,-62,1654695361143501,1654695361143501,
300833b2ddd9014000030001,1,1,428,-65,1654695361148755,1654695361148755,
300833b2ddd9014000030002,1,1,3064,-71,1654695361149996,1654695361149996,
300833b2ddd9014000030009,1,1,3348,-58,1654695361151296,1654695361151296,
300833b2ddd9014000030008,1,1,84,-63,1654695361152993,1654695361152993,
300833b2ddd9014000030008,1,1,232,-63,1654695361182768,1654695361182768,
300833b2ddd9014000030001,1,1,512,-65,1654695361184083,1654695361184083,
300833b2ddd9014000030009,1,1,3288,-59,1654695361185635,1654695361185635,
300833b2ddd9014000030002,1,1,2896,-71,1654695361187574,1654695361187574,
300833b2ddd9014000030009,1,1,3304,-58,1654695361192055,1654695361192055,
300833b2ddd9014000030008,1,1,76,-62,1654695361194272,1654695361194272,
300833b2ddd9014000030001,1,1,248,-65,1654695361197456,1654695361197456,
300833b2ddd9014000030002,1,1,3012,-71,1654695361203129,1654695361203129,
300833b2ddd9014000030009,1,1,3292,-58,1654695361233671,1654695361233671,
300833b2ddd9014000030008,1,1,152,-63,1654695361234941,1654695361234941,
300833b2ddd9014000030001,1,1,444,-65,1654695361236087,1654695361236087,
300833b2ddd9014000030002,1,1,2784,-71,1654695361238459,1654695361238459,
300833b2ddd9014000030001,1,1,512,-66,1654695361241487,1654695361241487,
300833b2ddd9014000030008,1,1,4,-62,1654695361242542,1654695361242542,
300833b2ddd9014000030009,1,1,3284,-59,1654695361243669,1654695361243669,
300833b2ddd9014000030002,1,1,2928,-72,1654695361246338,1654695361246338,
300833b2ddd9014000030008,1,1,172,-62,1654695361277496,1654695361277496,
300833b2ddd9014000030009,1,1,3284,-58,1654695361278566,1654695361278566,
300833b2ddd9014000030001,1,1,448,-66,1654695361280140,1654695361280140,
300833b2ddd9014000030002,1,1,2796,-71,1654695361282142,1654695361282142,
300833b2ddd9014000030001,1,1,348,-66,1654695361286274,1654695361286274,
300833b2ddd9014000030008,1,1,164,-63,1654695361287786,1654695361287786,
300833b2ddd9014000030002,1,1,2896,-71,1654695361289668,1654695361289668,
300833b2ddd9014000030009,1,1,3324,-59,1654695361290807,1654695361290807,
300833b2ddd9014000030008,1,1,160,-61,1654695361322202,1654695361322202,
300833b2ddd9014000030009,1,1,3232,-58,1654695361323432,1654695361323432,
300833b2ddd9014000030008,1,1,176,-62,1654695361330388,1654695361330388,
300833b2ddd9014000030009,1,1,3272,-58,1654695361332313,1654695361332313,
300833b2ddd9014000030001,1,1,632,-64,1654695361363818,1654695361363818,
300833b2ddd9014000030009,1,1,3232,-59,1654695361364889,1654695361364889,
300833b2ddd9014000030008,1,1,312,-60,1654695361366893,1654695361366893,
300833b2ddd9014000030009,1,1,3244,-59,1654695361370826,1654695361370826,
300833b2ddd9014000030008,1,1,284,-60,1654695361373067,1654695361373067,
300833b2ddd9014000030001,1,1,316,-63,1654695361374764,1654695361374764,
300833b2ddd9014000030009,1,1,3180,-59,1654695361405636,1654695361405636,
300833b2ddd9014000030008,1,1,192,-61,1654695361407316,1654695361407316,
300833b2ddd9014000030008,1,1,308,-61,1654695361416284,1654695361416284,
300833b2ddd9014000030009,1,1,3056,-59,1654695361417742,1654695361417742,
300833b2ddd9014000030009,1,1,3264,-60,1654695361449975,1654695361449975,
300833b2ddd9014000030008,1,1,316,-61,1654695361451541,1654695361451541,
300833b2ddd9014000030001,1,1,692,-66,1654695361452645,1654695361452645,
300833b2ddd9014000030009,1,1,3104,-60,1654695361462587,1654695361462587,
300833b2ddd9014000030008,1,1,408,-61,1654695361465346,1654695361465346,
300833b2ddd9014000030009,1,1,3192,-60,1654695361496553,1654695361496553,
300833b2ddd9014000030002,1,1,2344,-65,1654695361497682,1654695361497682,
300833b2ddd9014000030008,1,1,524,-60,1654695361498781,1654695361498781,
300833b2ddd9014000030009,1,1,3084,-60,1654695361502788,1654695361502788,
300833b2ddd9014000030008,1,1,608,-60,1654695361504001,1654695361504001,
300833b2ddd9014000030001,1,1,396,-67,1654695361505941,1654695361505941,
300833b2ddd9014000030009,1,1,2468,-55,1654695361736026,1654695361736026,
300833b2ddd9014000030008,1,1,1648,-60,1654695361737705,1654695361737705,
300833b2ddd9014000030001,1,1,444,-72,1654695361739713,1654695361739713,
300833b2ddd9014000030009,1,1,2468,-55,1654695361743747,1654695361743747,
300833b2ddd9014000030008,1,1,1740,-60,1654695361745086,1654695361745086,
300833b2ddd9014000030002,1,1,2460,-65,1654695361746783,1654695361746783,
300833b2ddd9014000030001,1,1,684,-73,1654695361747957,1654695361747957,
300833b2ddd9014000030008,1,1,1816,-59,1654695361778720,1654695361778720,
300833b2ddd9014000030009,1,1,2388,-54,1654695361780049,1654695361780049,
300833b2ddd9014000030002,1,1,2452,-64,1654695361781133,1654695361781133,
300833b2ddd9014000030002,1,1,2344,-64,1654695361785255,1654695361785255,
300833b2ddd9014000030008,1,1,1824,-58,1654695361786524,1654695361786524,
300833b2ddd9014000030009,1,1,2404,-54,1654695361788093,1654695361788093,
300833b2ddd9014000030008,1,1,1852,-58,1654695361818608,1654695361818608,
300833b2ddd9014000030009,1,1,2376,-53,1654695361821421,1654695361821421,
300833b2ddd9014000030002,1,1,2316,-65,1654695361822524,1654695361822524,
300833b2ddd9014000030008,1,1,1784,-58,1654695361825965,1654695361825965,
300833b2ddd9014000030002,1,1,2228,-64,1654695361827194,1654695361827194,
300833b2ddd9014000030009,1,1,2360,-53,1654695361828704,1654695361828704,
300833b2ddd9014000030008,1,1,1984,-58,1654695361865261,1654695361865261,
300833b2ddd9014000030009,1,1,2380,-53,1654695361866305,1654695361866305,
300833b2ddd9014000030002,1,1,2320,-63,1654695361869077,1654695361869077,
300833b2ddd9014000030008,1,1,1968,-59,1654695361872738,1654695361872738,
300833b2ddd9014000030009,1,1,2392,-53,1654695361874094,1654695361874094,
300833b2ddd9014000030002,1,1,2412,-64,1654695361875861,1654695361875861,
300833b2ddd9014000030009,1,1,2372,-53,1654695361909024,1654695361909024,
300833b2ddd9014000030008,1,1,2036,-58,1654695361910099,1654695361910099,
300833b2ddd9014000030002,1,1,2260,-63,1654695361911540,1654695361911540,
300833b2ddd9014000030009,1,1,2360,-53,1654695361914701,1654695361914701,
300833b2ddd9014000030002,1,1,2364,-63,1654695361915732,1654695361915732,
300833b2ddd9014000030008,1,1,2076,-58,1654695361916830,1654695361916830,
300833b2ddd9014000030002,1,1,2352,-62,1654695361948680,1654695361948680,
300833b2ddd9014000030008,1,1,2088,-58,1654695361950036,1654695361950036,
300833b2ddd9014000030009,1,1,2392,-53,1654695361951389,1654695361951389,
300833b2ddd9014000030002,1,1,2268,-64,1654695361956793,1654695361956793,
300833b2ddd9014000030009,1,1,2356,-53,1654695361958746,1654695361958746,
300833b2ddd9014000030008,1,1,2144,-58,1654695361959818,1654695361959818,
300833b2ddd9014000030002,1,1,2348,-63,1654695361990050,1654695361990050,
300833b2ddd9014000030001,1,1,2344,-72,1654695361992020,1654695361992020,
300833b2ddd9014000030009,1,1,2396,-53,1654695361993105,1654695361993105,
300833b2ddd9014000030008,1,1,2160,-58,1654695361994218,1654695361994218,
300833b2ddd9014000030009,1,1,2368,-53,1654695361999138,1654695361999138,
300833b2ddd9014000030008,1,1,2252,-58,1654695362000166,1654695362000166,
300833b2ddd9014000030002,1,1,2484,-63,1654695362001223,1654695362001223,
300833b2ddd9014000030009,1,1,2448,-53,1654695362031696,1654695362031696,
300833b2ddd9014000030002,1,1,2360,-63,1654695362033038,1654695362033038,
300833b2ddd9014000030008,1,1,2192,-58,1654695362036577,1654695362036577,
300833b2ddd9014000030008,1,1,2152,-59,1654695362039266,1654695362039266,
300833b2ddd9014000030009,1,1,2520,-53,1654695362040392,1654695362040392,
300833b2ddd9014000030002,1,1,2396,-63,1654695362042455,1654695362042455,
300833b2ddd9014000030002,1,1,2376,-63,1654695362074124,1654695362074124,
300833b2ddd9014000030008,1,1,2164,-58,1654695362076035,1654695362076035,
300833b2ddd9014000030009,1,1,2544,-54,1654695362077177,1654695362077177,
300833b2ddd9014000030002,1,1,2208,-63,1654695362080708,1654695362080708,
300833b2ddd9014000030008,1,1,2176,-59,1654695362082615,1654695362082615,
300833b2ddd9014000030009,1,1,2540,-54,1654695362084181,1654695362084181,
300833b2ddd9014000030002,1,1,2576,-64,1654695362114776,1654695362114776,
300833b2ddd9014000030009,1,1,2564,-54,1654695362117130,1654695362117130,
300833b2ddd9014000030008,1,1,2220,-58,1654695362118586,1654695362118586,
300833b2ddd9014000030002,1,1,2368,-64,1654695362122373,1654695362122373,
300833b2ddd9014000030009,1,1,2572,-53,1654695362123428,1654695362123428,
300833b2ddd9014000030008,1,1,2188,-58,1654695362124558,1654695362124558,
300833b2ddd9014000030002,1,1,2488,-65,1654695362155150,1654695362155150,
300833b2ddd9014000030009,1,1,2604,-53,1654695362156435,1654695362156435,
300833b2ddd9014000030008,1,1,2172,-58,1654695362158484,1654695362158484,
300833b2ddd9014000030002,1,1,2464,-65,1654695362162634,1654695362162634,
300833b2ddd9014000030008,1,1,2192,-58,1654695362163732,1654695362163732,
300833b2ddd9014000030009,1,1,2640,-53,1654695362166013,1654695362166013,
300833b2ddd9014000030008,1,1,2200,-58,1654695362198210,1654695362198210,
300833b2ddd9014000030009,1,1,2660,-53,1654695362199410,1654695362199410,
300833b2ddd9014000030002,1,1,2508,-66,1654695362200765,1654695362200765,
300833b2ddd9014000030009,1,1,2676,-53,1654695362204416,1654695362204416,
300833b2ddd9014000030008,1,1,2200,-58,1654695362206398,1654695362206398,
300833b2ddd9014000030002,1,1,2612,-66,1654695362208002,1654695362208002,
300833b2ddd9014000030001,1,1,84,-70,1654695362209512,1654695362209512,
300833b2ddd9014000030001,1,1,104,-68,1654695362240075,1654695362240075,
300833b2ddd9014000030002,1,1,2708,-67,1654695362241115,1654695362241115,
300833b2ddd9014000030008,1,1,2148,-58,1654695362242116,1654695362242116,
300833b2ddd9014000030009,1,1,2680,-53,1654695362243229,1654695362243229,
300833b2ddd9014000030002,1,1,2736,-67,1654695362248900,1654695362248900,
300833b2ddd9014000030009,1,1,2688,-53,1654695362250370,1654695362250370,
300833b2ddd9014000030008,1,1,2212,-58,1654695362251512,1654695362251512,
300833b2ddd9014000030001,1,1,120,-69,1654695362253876,1654695362253876,
300833b2ddd9014000030008,1,1,2112,-59,1654695362284198,1654695362284198,
300833b2ddd9014000030002,1,1,2892,-67,1654695362285256,1654695362285256,
300833b2ddd9014000030009,1,1,2720,-53,1654695362286299,1654695362286299,
300833b2ddd9014000030001,1,1,20,-67,1654695362287643,1654695362287643,
300833b2ddd9014000030008,1,1,2092,-59,1654695362292961,1654695362292961,
300833b2ddd9014000030001,1,1,4092,-67,1654695362294033,1654695362294033,
300833b2ddd9014000030009,1,1,2688,-53,1654695362296054,1654695362296054,
300833b2ddd9014000030002,1,1,3040,-67,1654695362297554,1654695362297554,
300833b2ddd9014000030008,1,1,2048,-60,1654695362329933,1654695362329933,
300833b2ddd9014000030009,1,1,2708,-53,1654695362331134,1654695362331134,
300833b2ddd9014000030001,1,1,3996,-66,1654695362333047,1654695362333047,
300833b2ddd9014000030002,1,1,3068,-66,1654695362334118,1654695362334118,
300833b2ddd9014000030009,1,1,2708,-53,1654695362339704,1654695362339704,
300833b2ddd9014000030001,1,1,4048,-66,1654695362340778,1654695362340778,
300833b2ddd9014000030002,1,1,3148,-67,1654695362341877,1654695362341877,
300833b2ddd9014000030008,1,1,2080,-61,1654695362343345,1654695362343345,
300833b2ddd9014000030009,1,1,2704,-53,1654695362376050,1654695362376050,
300833b2ddd9014000030008,1,1,2008,-62,1654695362377551,1654695362377551,
300833b2ddd9014000030001,1,1,4004,-65,1654695362378922,1654695362378922,
300833b2ddd9014000030002,1,1,3320,-65,1654695362380635,1654695362380635,
300833b2ddd9014000030001,1,1,3944,-66,1654695362383728,1654695362383728,
300833b2ddd9014000030009,1,1,2712,-54,1654695362386527,1654695362386527,
300833b2ddd9014000030008,1,1,2012,-63,1654695362387742,1654695362387742,
300833b2ddd9014000030002,1,1,3092,-65,1654695362388953,1654695362388953,
300833b2ddd9014000030008,1,1,2128,-64,1654695362418741,1654695362418741,
300833b2ddd9014000030001,1,1,3924,-64,1654695362420281,1654695362420281,
300833b2ddd9014000030002,1,1,3144,-64,1654695362421323,1654695362421323,
300833b2ddd9014000030009,1,1,2700,-54,1654695362422422,1654695362422422,
300833b2ddd9014000030002,1,1,3204,-64,1654695362427146,1654695362427146,
300833b2ddd9014000030009,1,1,2708,-54,1654695362428259,1654695362428259,
300833b2ddd9014000030008,1,1,2048,-64,1654695362429785,1654695362429785,
300833b2ddd9014000030001,1,1,3844,-64,1654695362430902,1654695362430902,
300833b2ddd9014000030009,1,1,2688,-53,1654695362462611,1654695362462611,
300833b2ddd9014000030008,1,1,2108,-65,1654695362463968,1654695362463968,
300833b2ddd9014000030002,1,1,3252,-64,1654695362465037,1654695362465037,
300833b2ddd9014000030001,1,1,3836,-64,1654695362466153,1654695362466153,
300833b2ddd9014000030008,1,1,1932,-65,1654695362471149,1654695362471149,
300833b2ddd9014000030009,1,1,2684,-53,1654695362472246,1654695362472246,
300833b2ddd9014000030002,1,1,3164,-64,1654695362474268,1654695362474268,
300833b2ddd9014000030001,1,1,3892,-65,1654695362475967,1654695362475967,
300833b2ddd9014000030001,1,1,3784,-64,1654695362507005,1654695362507005,
300833b2ddd9014000030009,1,1,2696,-54,1654695362508060,1654695362508060,
300833b2ddd9014000030002,1,1,3104,-63,1654695362509626,1654695362509626,
300833b2ddd9014000030008,1,1,2184,-66,1654695362511858,1654695362511858,
300833b2ddd9014000030001,1,1,3844,-64,1654695362515947,1654695362515947,
300833b2ddd9014000030009,1,1,2676,-53,1654695362517018,1654695362517018,
300833b2ddd9014000030008,1,1,2004,-65,1654695362518572,1654695362518572,
300833b2ddd9014000030002,1,1,3096,-63,1654695362520239,1654695362520239,
300833b2ddd9014000030002,1,1,3164,-63,1654695362551493,1654695362551493,
300833b2ddd9014000030008,1,1,2232,-66,1654695362554005,1654695362554005,
300833b2ddd9014000030001,1,1,3816,-64,1654695362555915,1654695362555915,
300833b2ddd9014000030009,1,1,2676,-53,1654695362557100,1654695362557100,
300833b2ddd9014000030008,1,1,2412,-66,1654695362562357,1654695362562357,
300833b2ddd9014000030002,1,1,3140,-63,1654695362563456,1654695362563456,
300833b2ddd9014000030009,1,1,2688,-53,1654695362564521,1654695362564521,
300833b2ddd9014000030001,1,1,3864,-64,1654695362565638,1654695362565638,
300833b2ddd9014000030009,1,1,2696,-53,1654695362597020,1654695362597020,
300833b2ddd9014000030001,1,1,3824,-64,1654695362598321,1654695362598321,
300833b2ddd9014000030008,1,1,2216,-68,1654695362599379,1654695362599379,
300833b2ddd9014000030002,1,1,3016,-63,1654695362600804,1654695362600804,
300833b2ddd9014000030009,1,1,2672,-53,1654695362603570,1654695362603570,
300833b2ddd9014000030008,1,1,2364,-68,1654695362604699,1654695362604699,
300833b2ddd9014000030001,1,1,3760,-64,1654695362606736,1654695362606736,
300833b2ddd9014000030002,1,1,3064,-63,1654695362608386,1654695362608386,
300833b2ddd9014000030002,1,1,3064,-63,1654695362639204,1654695362639204,
300833b2ddd9014000030008,1,1,2240,-66,1654695362640304,1654695362640304,
300833b2ddd9014000030001,1,1,3792,-65,1654695362641364,1654695362641364,
300833b2ddd9014000030009,1,1,2692,-53,1654695362642959,1654695362642959,
300833b2ddd9014000030002,1,1,3120,-63,1654695362647662,1654695362647662,
300833b2ddd9014000030001,1,1,3796,-64,1654695362648977,1654695362648977,
300833b2ddd9014000030009,1,1,2688,-53,1654695362650047,1654695362650047,
300833b2ddd9014000030008,1,1,2320,-67,1654695362652525,1654695362652525,
300833b2ddd9014000030002,1,1,3068,-62,1654695362683696,1654695362683696,
300833b2ddd9014000030001,1,1,3840,-64,1654695362684756,1654695362684756,
300833b2ddd9014000030009,1,1,2680,-53,1654695362686037,1654695362686037,
300833b2ddd9014000030008,1,1,2260,-66,1654695362687339,1654695362687339,
300833b2ddd9014000030009,1,1,2672,-53,1654695362692036,1654695362692036,
300833b2ddd9014000030001,1,1,3744,-63,1654695362693336,1654695362693336,
300833b2ddd9014000030002,1,1,3084,-63,1654695362695101,1654695362695101,
300833b2ddd9014000030008,1,1,2284,-66,1654695362696825,1654695362696825,
300833b2ddd9014000030009,1,1,2680,-53,1654695362727406,1654695362727406,
300833b2ddd9014000030008,1,1,2288,-66,1654695362728764,1654695362728764,
300833b2ddd9014000030001,1,1,3688,-63,1654695362730107,1654695362730107,
300833b2ddd9014000030002,1,1,3072,-63,1654695362731205,1654695362731205,
300833b2ddd9014000030002,1,1,3068,-62,1654695362736498,1654695362736498,
300833b2ddd9014000030009,1,1,2664,-53,1654695362737584,1654695362737584,
300833b2ddd9014000030001,1,1,3884,-64,1654695362739398,1654695362739398,
300833b2ddd9014000030008,1,1,2128,-66,1654695362740824,1654695362740824,
300833b2ddd9014000030009,1,1,2684,-53,1654695362771893,1654695362771893,
300833b2ddd9014000030002,1,1,3080,-62,1654695362775157,1654695362775157,
300833b2ddd9014000030001,1,1,3744,-63,1654695362776854,1654695362776854,
300833b2ddd9014000030008,1,1,2408,-66,1654695362778350,1654695362778350,
300833b2ddd9014000030002,1,1,3172,-63,1654695362781403,1654695362781403,
300833b2ddd9014000030008,1,1,2248,-66,1654695362782560,1654695362782560,
300833b2ddd9014000030001,1,1,3720,-63,1654695362783661,1654695362783661,
300833b2ddd9014000030009,1,1,2700,-53,1654695362784974,1654695362784974,
300833b2ddd9014000030001,1,1,3656,-64,1654695362816662,1654695362816662,
300833b2ddd9014000030008,1,1,2388,-66,1654695362818229,1654695362818229,
300833b2ddd9014000030002,1,1,3060,-63,1654695362819525,1654695362819525,
300833b2ddd9014000030009,1,1,2680,-53,1654695362820862,1654695362820862,
300833b2ddd9014000030002,1,1,3144,-62,1654695362825100,1654695362825100,
300833b2ddd9014000030009,1,1,2700,-53,1654695362828307,1654695362828307,
300833b2ddd9014000030008,1,1,2036,-66,1654695362831138,1654695362831138,
300833b2ddd9014000030001,1,1,3952,-63,1654695362832225,1654695362832225,
300833b2ddd9014000030008,1,1,2088,-67,1654695362862542,1654695362862542,
300833b2ddd9014000030001,1,1,3704,-65,1654695362863982,1654695362863982,
300833b2ddd9014000030009,1,1,2712,-53,1654695362865340,1654695362865340,
300833b2ddd9014000030002,1,1,3004,-63,1654695362866765,1654695362866765,
300833b2ddd9014000030009,1,1,2696,-53,1654695362870370,1654695362870370,
300833b2ddd9014000030002,1,1,3164,-62,1654695362871428,1654695362871428,
300833b2ddd9014000030001,1,1,3832,-64,1654695362872949,1654695362872949,
300833b2ddd9014000030008,1,1,2292,-66,1654695362874675,1654695362874675,
300833b2ddd9014000030002,1,1,3088,-63,1654695362906282,1654695362906282,
300833b2ddd9014000030001,1,1,3876,-64,1654695362907740,1654695362907740,
300833b2ddd9014000030009,1,1,2668,-53,1654695362909034,1654695362909034,
300833b2ddd9014000030008,1,1,2144,-66,1654695362910477,1654695362910477,
300833b2ddd9014000030008,1,1,2376,-66,1654695362913402,1654695362913402,
300833b2ddd9014000030009,1,1,2684,-53,1654695362914684,1654695362914684,
300833b2ddd9014000030001,1,1,3788,-64,1654695362916297,1654695362916297,
300833b2ddd9014000030002,1,1,3064,-63,1654695362918829,1654695362918829,
300833b2ddd9014000030008,1,1,2264,-67,1654695362949279,1654695362949279,
300833b2ddd9014000030002,1,1,3116,-63,1654695362950735,1654695362950735,
300833b2ddd9014000030001,1,1,3728,-64,1654695362952106,1654695362952106,
300833b2ddd9014000030009,1,1,2676,-53,1654695362953234,1654695362953234,
300833b2ddd9014000030002,1,1,3044,-62,1654695362957782,1654695362957782,
300833b2ddd9014000030009,1,1,2668,-53,1654695362958878,1654695362958878,
300833b2ddd9014000030008,1,1,2384,-67,1654695362960565,1654695362960565,
300833b2ddd9014000030001,1,1,3708,-64,1654695362961681,1654695362961681,
300833b2ddd9014000030001,1,1,3804,-64,1654695362991387,1654695362991387,
300833b2ddd9014000030002,1,1,3052,-62,1654695362992454,1654695362992454,
300833b2ddd9014000030009,1,1,2648,-53,1654695362994801,1654695362994801,
300833b2ddd9014000030008,1,1,2152,-67,1654695362996034,1654695362996034,
300833b2ddd9014000030009,1,1,2688,-53,1654695363001806,1654695363001806,
300833b2ddd9014000030002,1,1,3060,-62,1654695363002904,1654695363002904,
300833b2ddd9014000030001,1,1,3804,-64,1654695363004363,1654695363004363,
300833b2ddd9014000030008,1,1,2380,-67,1654695363005564,1654695363005564,
300833b2ddd9014000030002,1,1,3096,-63,1654695363035415,1654695363035415,
300833b2ddd9014000030009,1,1,2648,-53,1654695363036951,1654695363036951,
300833b2ddd9014000030001,1,1,3744,-64,1654695363038239,1654695363038239,
300833b2ddd9014000030008,1,1,2292,-68,1654695363039579,1654695363039579,
300833b2ddd9014000030002,1,1,3152,-63,1654695363043739,1654695363043739,
300833b2ddd9014000030001,1,1,3760,-64,1654695363045664,1654695363045664,
300833b2ddd9014000030009,1,1,2684,-53,1654695363047005,1654695363047005,
300833b2ddd9014000030008,1,1,2256,-67,1654695363048448,1654695363048448,
300833b2ddd9014000030009,1,1,2680,-53,1654695363078620,1654695363078620,
300833b2ddd9014000030002,1,1,3056,-62,1654695363079719,1654695363079719,
300833b2ddd9014000030008,1,1,2260,-66,1654695363081001,1654695363081001,
300833b2ddd9014000030001,1,1,3764,-64,1654695363083440,1654695363083440,
300833b2ddd9014000030002,1,1,3084,-62,1654695363087778,1654695363087778,
300833b2ddd9014000030001,1,1,3780,-64,1654695363089747,1654695363089747,
300833b2ddd9014000030009,1,1,2684,-53,1654695363090819,1654695363090819,
300833b2ddd9014000030008,1,1,2084,-67,1654695363091992,1654695363091992,
300833b2ddd9014000030008,1,1,2292,-66,1654695363123016,1654695363123016,
300833b2ddd9014000030001,1,1,3712,-64,1654695363124121,1654695363124121,
300833b2ddd9014000030009,1,1,2668,-53,1654695363125532,1654695363125532,
300833b2ddd9014000030002,1,1,3056,-62,1654695363126984,1654695363126984,
300833b2ddd9014000030002,1,1,3108,-63,1654695363129979,1654695363129979,
300833b2ddd9014000030009,1,1,2684,-53,1654695363131662,1654695363131662,
300833b2ddd9014000030008,1,1,2272,-66,1654695363132735,1654695363132735,
300833b2ddd9014000030001,1,1,3796,-64,1654695363134092,1654695363134092,
300833b2ddd9014000030001,1,1,3720,-64,1654695363164910,1654695363164910,
300833b2ddd9014000030009,1,1,2692,-53,1654695363166380,1654695363166380,
300833b2ddd9014000030002,1,1,3024,-63,1654695363167691,1654695363167691,
300833b2ddd9014000030008,1,1,2348,-67,1654695363168762,1654695363168762,
300833b2ddd9014000030001,1,1,3820,-64,1654695363172359,1654695363172359,
300833b2ddd9014000030009,1,1,2708,-53,1654695363173434,1654695363173434,
300833b2ddd9014000030008,1,1,2228,-67,1654695363174503,1654695363174503,
300833b2ddd9014000030002,1,1,3092,-62,1654695363175576,1654695363175576,
300833b2ddd9014000030001,1,1,3816,-64,1654695363208245,1654695363208245,
300833b2ddd9014000030009,1,1,2664,-53,1654695363209702,1654695363209702,
300833b2ddd9014000030008,1,1,2196,-67,1654695363210787,1654695363210787,
300833b2ddd9014000030002,1,1,3040,-63,1654695363211899,1654695363211899,
300833b2ddd9014000030009,1,1,2684,-53,1654695363215740,1654695363215740,
300833b2ddd9014000030002,1,1,3040,-63,1654695363219413,1654695363219413,
300833b2ddd9014000030008,1,1,2280,-66,1654695363220543,1654695363220543,
300833b2ddd9014000030001,1,1,3804,-64,1654695363221742,1654695363221742,
300833b2ddd9014000030001,1,1,3784,-64,1654695363252271,1654695363252271,
300833b2ddd9014000030002,1,1,3040,-63,1654695363253528,1654695363253528,
300833b2ddd9014000030009,1,1,2636,-53,1654695363254900,1654695363254900,
300833b2ddd9014000030008,1,1,2292,-67,1654695363256343,1654695363256343,
300833b2ddd9014000030009,1,1,2664,-53,1654695363260075,1654695363260075,
300833b2ddd9014000030001,1,1,3740,-64,1654695363261505,1654695363261505,
300833b2ddd9014000030002,1,1,3048,-62,1654695363262617,1654695363262617,
300833b2ddd9014000030008,1,1,2272,-68,1654695363264327,1654695363264327,
300833b2ddd9014000030001,1,1,3808,-64,1654695363295258,1654695363295258,
300833b2ddd9014000030009,1,1,2660,-53,1654695363296597,1654695363296597,
300833b2ddd9014000030002,1,1,3020,-62,1654695363297655,1654695363297655,
300833b2ddd9014000030008,1,1,2320,-68,1654695363299125,1654695363299125,
300833b2ddd9014000030008,1,1,2336,-67,1654695363302310,1654695363302310,
300833b2ddd9014000030002,1,1,3032,-62,1654695363303322,1654695363303322,
300833b2ddd9014000030001,1,1,3784,-64,1654695363304679,1654695363304679,
300833b2ddd9014000030009,1,1,2660,-53,1654695363305736,1654695363305736,
300833b2ddd9014000030002,1,1,3052,-63,1654695363337638,1654695363337638,
300833b2ddd9014000030009,1,1,2672,-53,1654695363339135,1654695363339135,
300833b2ddd9014000030008,1,1,2236,-67,1654695363340220,1654695363340220,
300833b2ddd9014000030001,1,1,3660,-64,1654695363341523,1654695363341523,
300833b2ddd9014000030001,1,1,3784,-64,1654695363345186,1654695363345186,
300833b2ddd9014000030002,1,1,3108,-62,1654695363346285,1654695363346285,
300833b2ddd9014000030008,1,1,2128,-68,1654695363347357,1654695363347357,
300833b2ddd9014000030009,1,1,2692,-53,1654695363348695,1654695363348695,
300833b2ddd9014000030009,1,1,2684,-53,1654695363380545,1654695363380545,
300833b2ddd9014000030008,1,1,2144,-67,1654695363382156,1654695363382156,
300833b2ddd9014000030002,1,1,3092,-64,1654695363383280,1654695363383280,
300833b2ddd9014000030001,1,1,3840,-64,1654695363384610,1654695363384610,
300833b2ddd9014000030008,1,1,2312,-67,1654695363387983,1654695363387983,
300833b2ddd9014000030002,1,1,3004,-63,1654695363389095,1654695363389095,
300833b2ddd9014000030009,1,1,2668,-53,1654695363390647,1654695363390647,
300833b2ddd9014000030001,1,1,3728,-64,1654695363391993,1654695363391993,
300833b2ddd9014000030009,1,1,2672,-53,1654695363424106,1654695363424106,
300833b2ddd9014000030008,1,1,2232,-66,1654695363425810,1654695363425810,
300833b2ddd9014000030002,1,1,3048,-63,1654695363427941,1654695363427941,
300833b2ddd9014000030001,1,1,3844,-65,1654695363429174,1654695363429174,
300833b2ddd9014000030009,1,1,2660,-53,1654695363431937,1654695363431937,
300833b2ddd9014000030002,1,1,3044,-63,1654695363433860,1654695363433860,
300833b2ddd9014000030001,1,1,3684,-64,1654695363434979,1654695363434979,
300833b2ddd9014000030008,1,1,2316,-67,1654695363436290,1654695363436290,
300833b2ddd9014000030009,1,1,2656,-53,1654695363467160,1654695363467160,
300833b2ddd9014000030002,1,1,3032,-63,1654695363468573,1654695363468573,
300833b2ddd9014000030008,1,1,2276,-68,1654695363469617,1654695363469617,
300833b2ddd9014000030001,1,1,3756,-64,1654695363470719,1654695363470719,
300833b2ddd9014000030009,1,1,2668,-53,1654695363474556,1654695363474556,
300833b2ddd9014000030002,1,1,3036,-62,1654695363475899,1654695363475899,
300833b2ddd9014000030001,1,1,3692,-65,1654695363477188,1654695363477188,
300833b2ddd9014000030008,1,1,2272,-67,1654695363479394,1654695363479394,
300833b2ddd9014000030008,1,1,2132,-67,1654695363509956,1654695363509956,
300833b2ddd9014000030001,1,1,3724,-65,1654695363510985,1654695363510985,
300833b2ddd9014000030009,1,1,2684,-53,1654695363512271,1654695363512271,
300833b2ddd9014000030002,1,1,3060,-63,1654695363513881,1654695363513881,
300833b2ddd9014000030002,1,1,2940,-63,1654695363518451,1654695363518451,
300833b2ddd9014000030001,1,1,3852,-65,1654695363519609,1654695363519609,
300833b2ddd9014000030009,1,1,2692,-53,1654695363521474,1654695363521474,
300833b2ddd9014000030008,1,1,2184,-67,1654695363524264,1654695363524264,
300833b2ddd9014000030009,1,1,2676,-53,1654695363553931,1654695363553931,
300833b2ddd9014000030002,1,1,3116,-63,1654695363556038,1654695363556038,
300833b2ddd9014000030001,1,1,3820,-64,1654695363557802,1654695363557802,
300833b2ddd9014000030008,1,1,2316,-67,1654695363558875,1654695363558875,
300833b2ddd9014000030009,1,1,2660,-53,1654695363562172,1654695363562172,
300833b2ddd9014000030001,1,1,3776,-64,1654695363563605,1654695363563605,
300833b2ddd9014000030002,1,1,3036,-63,1654695363564887,1654695363564887,
300833b2ddd9014000030008,1,1,2228,-67,1654695363566357,1654695363566357,
300833b2ddd9014000030009,1,1,2656,-53,1654695363596252,1654695363596252,
300833b2ddd9014000030008,1,1,2420,-67,1654695363597310,1654695363597310,
300833b2ddd9014000030001,1,1,3872,-64,1654695363598423,1654695363598423,
300833b2ddd9014000030002,1,1,3012,-63,1654695363599722,1654695363599722,
300833b2ddd9014000030008,1,1,2312,-66,1654695363604900,1654695363604900,
300833b2ddd9014000030001,1,1,3684,-63,1654695363606015,1654695363606015,
300833b2ddd9014000030009,1,1,2660,-53,1654695363607836,1654695363607836,
300833b2ddd9014000030002,1,1,3020,-62,1654695363609292,1654695363609292,
300833b2ddd9014000030009,1,1,2660,-53,1654695363640242,1654695363640242,
300833b2ddd9014000030002,1,1,3064,-62,1654695363641539,1654695363641539,
300833b2ddd9014000030001,1,1,3784,-64,1654695363643138,1654695363643138,
300833b2ddd9014000030008,1,1,2316,-68,1654695363644807,1654695363644807,
300833b2ddd9014000030002,1,1,3044,-62,1654695363649658,1654695363649658,
300833b2ddd9014000030008,1,1,2284,-67,1654695363650842,1654695363650842,
300833b2ddd9014000030001,1,1,3796,-64,1654695363651860,1654695363651860,
300833b2ddd9014000030009,1,1,2648,-53,1654695363653183,1654695363653183,
300833b2ddd9014000030009,1,1,2656,-53,1654695363683683,1654695363683683,
300833b2ddd9014000030002,1,1,3060,-63,1654695363684993,1654695363684993,
300833b2ddd9014000030008,1,1,2224,-66,1654695363686305,1654695363686305,
300833b2ddd9014000030001,1,1,3752,-64,1654695363687678,1654695363687678,
300833b2ddd9014000030002,1,1,3128,-62,1654695363691959,1654695363691959,
300833b2ddd9014000030009,1,1,2668,-53,1654695363695083,1654695363695083,
300833b2ddd9014000030008,1,1,2284,-67,1654695363696762,1654695363696762,
300833b2ddd9014000030001,1,1,3700,-64,1654695363697866,1654695363697866,
300833b2ddd9014000030002,1,1,3036,-63,1654695363727754,1654695363727754,
300833b2ddd9014000030009,1,1,2608,-53,1654695363729123,1654695363729123,
300833b2ddd9014000030001,1,1,3768,-64,1654695363730990,1654695363730990,
300833b2ddd9014000030008,1,1,2276,-66,1654695363732048,1654695363732048,
300833b2ddd9014000030002,1,1,3100,-63,1654695363736573,1654695363736573,
300833b2ddd9014000030008,1,1,2208,-67,1654695363737629,1654695363737629,
300833b2ddd9014000030001,1,1,3752,-65,1654695363738719,1654695363738719,
300833b2ddd9014000030009,1,1,2628,-53,1654695363740545,1654695363740545,
300833b2ddd9014000030009,1,1,2648,-53,1654695363772245,1654695363772245,
300833b2ddd9014000030008,1,1,2196,-66,1654695363773346,1654695363773346,
300833b2ddd9014000030002,1,1,3036,-62,1654695363775691,1654695363775691,
300833b2ddd9014000030001,1,1,3756,-64,1654695363776724,1654695363776724,
300833b2ddd9014000030009,1,1,2652,-53,1654695363780640,1654695363780640,
300833b2ddd9014000030002,1,1,3008,-63,1654695363782382,1654695363782382,
300833b2ddd9014000030001,1,1,3824,-65,1654695363783441,1654695363783441,
300833b2ddd9014000030008,1,1,2312,-67,1654695363784528,1654695363784528,
300833b2ddd9014000030002,1,1,3072,-62,1654695363815435,1654695363815435,
300833b2ddd9014000030009,1,1,2692,-53,1654695363816497,1654695363816497,
300833b2ddd9014000030001,1,1,3748,-64,1654695363818068,1654695363818068,
300833b2ddd9014000030008,1,1,2340,-67,1654695363819139,1654695363819139,
300833b2ddd9014000030009,1,1,2672,-53,1654695363823624,1654695363823624,
300833b2ddd9014000030002,1,1,3056,-62,1654695363825192,1654695363825192,
300833b2ddd9014000030001,1,1,3756,-64,1654695363827016,1654695363827016,
300833b2ddd9014000030008,1,1,2296,-67,1654695363829109,1654695363829109,
300833b2ddd9014000030009,1,1,2644,-53,1654695363859597,1654695363859597,
300833b2ddd9014000030002,1,1,3124,-63,1654695363861081,1654695363861081,
300833b2ddd9014000030001,1,1,3836,-64,1654695363862197,1654695363862197,
300833b2ddd9014000030008,1,1,2308,-67,1654695363863253,1654695363863253,