epc,atenda,atendanum,phase,RSS,timestamp,timestamp2,
300833b2ddd9014000030001,1,1,1984,-51,1654780339169613,1654780339169613,
300833b2ddd9014000030002,1,1,100,-55,1654780339171236,1654780339171236,
300833b2ddd9014000030008,1,1,3376,-47,1654780339172788,1654780339172788,
300833b2ddd9014000030002,1,1,140,-55,1654780339177222,1654780339177222,
300833b2ddd9014000030001,1,1,1976,-51,1654780339179372,1654780339179372,
300833b2ddd9014000030008,1,1,3396,-47,1654780339180425,1654780339180425,
300833b2ddd9014000030009,1,1,2624,-41,1654780339181513,1654780339181513,
300833b2ddd9014000030001,1,1,1968,-50,1654780339411046,1654780339411046,
300833b2ddd9014000030008,1,1,3372,-47,1654780339412128,1654780339412128,
300833b2ddd9014000030008,1,1,3372,-47,1654780339417397,1654780339417397,
300833b2ddd9014000030001,1,1,1960,-50,1654780339418457,1654780339418457,
300833b2ddd9014000030002,1,1,76,-56,1654780339420037,1654780339420037,
300833b2ddd9014000030009,1,1,2584,-41,1654780339421390,1654780339421390,
300833b2ddd9014000030008,1,1,3368,-47,1654780339452839,1654780339452839,
300833b2ddd9014000030001,1,1,1952,-50,1654780339454409,1654780339454409,
300833b2ddd9014000030009,1,1,2568,-41,1654780339455748,1654780339455748,
300833b2ddd9014000030009,1,1,2576,-41,1654780339464606,1654780339464606,
300833b2ddd9014000030008,1,1,3368,-47,1654780339465720,1654780339465720,
300833b2ddd9014000030002,1,1,76,-56,1654780339467469,1654780339467469,
300833b2ddd9014000030001,1,1,1980,-50,1654780339469167,1654780339469167,
300833b2ddd9014000030008,1,1,3380,-47,1654780339502175,1654780339502175,
300833b2ddd9014000030002,1,1,4024,-56,1654780339503260,1654780339503260,
300833b2ddd9014000030009,1,1,2576,-41,1654780339504314,1654780339504314,
300833b2ddd9014000030001,1,1,1956,-50,1654780339506516,1654780339506516,
300833b2ddd9014000030009,1,1,2576,-41,1654780339515099,1654780339515099,
300833b2ddd9014000030002,1,1,76,-56,1654780339516172,1654780339516172,
300833b2ddd9014000030001,1,1,1944,-50,1654780339517233,1654780339517233,
300833b2ddd9014000030008,1,1,3364,-47,1654780339520553,1654780339520553,
300833b2ddd9014000030002,1,1,80,-56,1654780339555741,1654780339555741,
300833b2ddd9014000030001,1,1,1956,-50,1654780339556801,1654780339556801,
300833b2ddd9014000030009,1,1,2580,-41,1654780339557843,1654780339557843,
300833b2ddd9014000030009,1,1,2572,-41,1654780339563642,1654780339563642,
300833b2ddd9014000030008,1,1,3364,-47,1654780339565421,1654780339565421,
300833b2ddd9014000030001,1,1,1940,-50,1654780339566738,1654780339566738,
300833b2ddd9014000030002,1,1,68,-56,1654780339567985,1654780339567985,
300833b2ddd9014000030008,1,1,3368,-47,1654780339598352,1654780339598352,
300833b2ddd9014000030001,1,1,1940,-50,1654780339599782,1654780339599782,
300833b2ddd9014000030002,1,1,116,-57,1654780339601093,1654780339601093,
300833b2ddd9014000030009,1,1,2572,-41,1654780339602150,1654780339602150,
300833b2ddd9014000030002,1,1,96,-56,1654780339605789,1654780339605789,
300833b2ddd9014000030008,1,1,3360,-47,1654780339607112,1654780339607112,
300833b2ddd9014000030001,1,1,1972,-50,1654780339608666,1654780339608666,
300833b2ddd9014000030009,1,1,2596,-41,1654780339609724,1654780339609724,
300833b2ddd9014000030009,1,1,2576,-41,1654780339640930,1654780339640930,
300833b2ddd9014000030002,1,1,144,-56,1654780339642047,1654780339642047,
300833b2ddd9014000030008,1,1,3376,-47,1654780339643808,1654780339643808,
300833b2ddd9014000030001,1,1,1976,-50,1654780339645122,1654780339645122,
300833b2ddd9014000030001,1,1,1952,-50,1654780339649338,1654780339649338,
300833b2ddd9014000030009,1,1,2580,-41,1654780339650409,1654780339650409,
300833b2ddd9014000030002,1,1,100,-56,1654780339653068,1654780339653068,
300833b2ddd9014000030008,1,1,3372,-47,1654780339654151,1654780339654151,
300833b2ddd9014000030001,1,1,1960,-50,1654780339687989,1654780339687989,
300833b2ddd9014000030008,1,1,3384,-47,1654780339689299,1654780339689299,
300833b2ddd9014000030009,1,1,2580,-41,1654780339690369,1654780339690369,
300833b2ddd9014000030002,1,1,68,-56,1654780339693157,1654780339693157,
300833b2ddd9014000030002,1,1,88,-56,1654780339697084,1654780339697084,
300833b2ddd9014000030009,1,1,2580,-41,1654780339698793,1654780339698793,
300833b2ddd9014000030001,1,1,1948,-50,1654780339699881,1654780339699881,
300833b2ddd9014000030008,1,1,3400,-47,1654780339701787,1654780339701787,
300833b2ddd9014000030008,1,1,3380,-47,1654780339731548,1654780339731548,
300833b2ddd9014000030002,1,1,68,-56,1654780339733757,1654780339733757,
300833b2ddd9014000030001,1,1,1952,-50,1654780339734801,1654780339734801,
300833b2ddd9014000030009,1,1,2584,-41,1654780339735840,1654780339735840,
300833b2ddd9014000030002,1,1,96,-56,1654780339741687,1654780339741687,
300833b2ddd9014000030008,1,1,3356,-47,1654780339742772,1654780339742772,
300833b2ddd9014000030009,1,1,2584,-41,1654780339744040,1654780339744040,
300833b2ddd9014000030001,1,1,1952,-50,1654780339745341,1654780339745341,
300833b2ddd9014000030001,1,1,1960,-50,1654780339778064,1654780339778064,
300833b2ddd9014000030002,1,1,64,-56,1654780339780157,1654780339780157,
300833b2ddd9014000030009,1,1,2572,-41,1654780339781269,1654780339781269,
300833b2ddd9014000030008,1,1,3360,-47,1654780339782495,1654780339782495,
300833b2ddd9014000030009,1,1,2580,-41,1654780339785698,1654780339785698,
300833b2ddd9014000030008,1,1,3376,-47,1654780339787209,1654780339787209,
300833b2ddd9014000030001,1,1,1936,-50,1654780339788297,1654780339788297,
300833b2ddd9014000030002,1,1,124,-56,1654780339789964,1654780339789964,
300833b2ddd9014000030001,1,1,1944,-50,1654780340225037,1654780340225037,
300833b2ddd9014000030002,1,1,72,-57,1654780340226689,1654780340226689,
300833b2ddd9014000030008,1,1,3356,-47,1654780340228041,1654780340228041,
300833b2ddd9014000030009,1,1,2580,-41,1654780340229157,1654780340229157,
300833b2ddd9014000030002,1,1,52,-56,1654780340232505,1654780340232505,
300833b2ddd9014000030001,1,1,1956,-50,1654780340233662,1654780340233662,
300833b2ddd9014000030009,1,1,2572,-41,1654780340234734,1654780340234734,
300833b2ddd9014000030008,1,1,3364,-47,1654780340236749,1654780340236749,
300833b2ddd9014000030008,1,1,3356,-47,1654780340268081,1654780340268081,
300833b2ddd9014000030002,1,1,100,-56,1654780340269192,1654780340269192,
300833b2ddd9014000030009,1,1,2564,-41,1654780340271498,1654780340271498,
300833b2ddd9014000030001,1,1,1948,-50,1654780340272955,1654780340272955,
300833b2ddd9014000030009,1,1,2592,-41,1654780340277292,1654780340277292,
300833b2ddd9014000030001,1,1,1944,-50,1654780340278451,1654780340278451,
300833b2ddd9014000030002,1,1,76,-56,1654780340279534,1654780340279534,
300833b2ddd9014000030008,1,1,3368,-47,1654780340282041,1654780340282041,
300833b2ddd9014000030001,1,1,1936,-50,1654780340314415,1654780340314415,
300833b2ddd9014000030008,1,1,3364,-47,1654780340316192,1654780340316192,
300833b2ddd9014000030009,1,1,2572,-41,1654780340317760,1654780340317760,
300833b2ddd9014000030002,1,1,92,-56,1654780340319239,1654780340319239,
300833b2ddd9014000030001,1,1,1940,-50,1654780340322198,1654780340322198,
300833b2ddd9014000030008,1,1,3356,-47,1654780340323254,1654780340323254,
300833b2ddd9014000030009,1,1,2576,-41,1654780340324778,1654780340324778,
300833b2ddd9014000030002,1,1,72,-56,1654780340326489,1654780340326489,
300833b2ddd9014000030009,1,1,2576,-41,1654780340358612,1654780340358612,
300833b2ddd9014000030002,1,1,84,-56,1654780340359955,1654780340359955,
300833b2ddd9014000030008,1,1,3376,-47,1654780340361010,1654780340361010,
300833b2ddd9014000030001,1,1,1936,-50,1654780340362226,1654780340362226,
300833b2ddd9014000030008,1,1,3360,-47,1654780340365493,1654780340365493,
300833b2ddd9014000030001,1,1,1932,-50,1654780340367419,1654780340367419,
300833b2ddd9014000030009,1,1,2564,-41,1654780340368716,1654780340368716,
300833b2ddd9014000030002,1,1,108,-56,1654780340369929,1654780340369929,
300833b2ddd9014000030009,1,1,2568,-41,1654780340403715,1654780340403715,
300833b2ddd9014000030008,1,1,3364,-47,1654780340405396,1654780340405396,
300833b2ddd9014000030001,1,1,1916,-49,1654780340406483,1654780340406483,
300833b2ddd9014000030002,1,1,100,-56,1654780340408220,1654780340408220,
300833b2ddd9014000030001,1,1,1972,-50,1654780340411671,1654780340411671,
300833b2ddd9014000030002,1,1,72,-56,1654780340412869,1654780340412869,
300833b2ddd9014000030008,1,1,3376,-47,1654780340414222,1654780340414222,
300833b2ddd9014000030009,1,1,2560,-41,1654780340415364,1654780340415364,
300833b2ddd9014000030008,1,1,3352,-47,1654780340446099,1654780340446099,
300833b2ddd9014000030001,1,1,1984,-50,1654780340447813,1654780340447813,
300833b2ddd9014000030009,1,1,2572,-41,1654780340449307,1654780340449307,
300833b2ddd9014000030002,1,1,80,-56,1654780340450606,1654780340450606,
300833b2ddd9014000030009,1,1,2572,-41,1654780340454167,1654780340454167,
300833b2ddd9014000030001,1,1,1940,-50,1654780340455695,1654780340455695,
300833b2ddd9014000030008,1,1,3360,-47,1654780340456750,1654780340456750,
300833b2ddd9014000030002,1,1,72,-56,1654780340458046,1654780340458046,
300833b2ddd9014000030009,1,1,2572,-41,1654780340490396,1654780340490396,
300833b2ddd9014000030002,1,1,116,-57,1654780340491894,1654780340491894,
300833b2ddd9014000030008,1,1,3392,-47,1654780340492919,1654780340492919,
300833b2ddd9014000030001,1,1,1936,-50,1654780340494859,1654780340494859,
300833b2ddd9014000030008,1,1,3372,-47,1654780340500164,1654780340500164,
300833b2ddd9014000030009,1,1,2576,-41,1654780340501251,1654780340501251,
300833b2ddd9014000030002,1,1,3984,-56,1654780340504365,1654780340504365,
300833b2ddd9014000030001,1,1,1924,-50,1654780340505495,1654780340505495,
300833b2ddd9014000030009,1,1,2572,-41,1654780340535951,1654780340535951,
300833b2ddd9014000030008,1,1,3348,-47,1654780340537093,1654780340537093,
300833b2ddd9014000030001,1,1,1968,-50,1654780340538649,1654780340538649,
300833b2ddd9014000030002,1,1,64,-56,1654780340540242,1654780340540242,
300833b2ddd9014000030001,1,1,1964,-50,1654780340544468,1654780340544468,
300833b2ddd9014000030009,1,1,2572,-41,1654780340546393,1654780340546393,
300833b2ddd9014000030008,1,1,3368,-47,1654780340547913,1654780340547913,
300833b2ddd9014000030002,1,1,84,-56,1654780340549356,1654780340549356,
300833b2ddd9014000030008,1,1,3392,-47,1654780340579514,1654780340579514,
300833b2ddd9014000030009,1,1,2576,-41,1654780340581466,1654780340581466,
300833b2ddd9014000030001,1,1,1964,-49,1654780340582540,1654780340582540,
300833b2ddd9014000030002,1,1,52,-56,1654780340584207,1654780340584207,
300833b2ddd9014000030001,1,1,1936,-49,1654780340587218,1654780340587218,
300833b2ddd9014000030008,1,1,3364,-47,1654780340588258,1654780340588258,
300833b2ddd9014000030002,1,1,56,-56,1654780340589838,1654780340589838,
300833b2ddd9014000030009,1,1,2572,-41,1654780340590909,1654780340590909,
300833b2ddd9014000030009,1,1,2572,-41,1654780340622347,1654780340622347,
300833b2ddd9014000030001,1,1,1968,-50,1654780340623690,1654780340623690,
300833b2ddd9014000030002,1,1,84,-57,1654780340625226,1654780340625226,
300833b2ddd9014000030008,1,1,3372,-47,1654780340627104,1654780340627104,
300833b2ddd9014000030008,1,1,3368,-47,1654780340630943,1654780340630943,
300833b2ddd9014000030002,1,1,120,-56,1654780340632268,1654780340632268,
300833b2ddd9014000030009,1,1,2572,-41,1654780340634274,1654780340634274,
300833b2ddd9014000030001,1,1,1964,-50,1654780340635717,1654780340635717,
300833b2ddd9014000030008,1,1,3404,-47,1654780340666961,1654780340666961,
300833b2ddd9014000030009,1,1,2568,-41,1654780340669511,1654780340669511,
300833b2ddd9014000030001,1,1,1972,-50,1654780340670612,1654780340670612,
300833b2ddd9014000030002,1,1,100,-56,1654780340671839,1654780340671839,
300833b2ddd9014000030009,1,1,2576,-41,1654780340674593,1654780340674593,
300833b2ddd9014000030001,1,1,1960,-50,1654780340676549,1654780340676549,
300833b2ddd9014000030008,1,1,3372,-47,1654780340677632,1654780340677632,
300833b2ddd9014000030002,1,1,116,-56,1654780340679537,1654780340679537,
300833b2ddd9014000030008,1,1,3376,-47,1654780340709831,1654780340709831,
300833b2ddd9014000030002,1,1,76,-56,1654780340711316,1654780340711316,
300833b2ddd9014000030009,1,1,2572,-41,1654780340712428,1654780340712428,
300833b2ddd9014000030001,1,1,1976,-49,1654780340714353,1654780340714353,
300833b2ddd9014000030008,1,1,3372,-47,1654780340717492,1654780340717492,
300833b2ddd9014000030001,1,1,1944,-50,1654780340718623,1654780340718623,
300833b2ddd9014000030009,1,1,2588,-41,1654780340719961,1654780340719961,
300833b2ddd9014000030002,1,1,80,-56,1654780340721091,1654780340721091,
300833b2ddd9014000030001,1,1,1972,-50,1654780340753024,1654780340753024,
300833b2ddd9014000030009,1,1,2588,-41,1654780340754152,1654780340754152,
300833b2ddd9014000030008,1,1,3380,-47,1654780340755261,1654780340755261,
300833b2ddd9014000030002,1,1,112,-56,1654780340757681,1654780340757681,
300833b2ddd9014000030001,1,1,1956,-49,1654780340762278,1654780340762278,
300833b2ddd9014000030008,1,1,3392,-47,1654780340764298,1654780340764298,
300833b2ddd9014000030009,1,1,2576,-41,1654780340765340,1654780340765340,
300833b2ddd9014000030002,1,1,136,-56,1654780340766552,1654780340766552,
300833b2ddd9014000030008,1,1,3388,-47,1654780340796236,1654780340796236,
300833b2ddd9014000030001,1,1,1944,-50,1654780340798175,1654780340798175,
300833b2ddd9014000030002,1,1,60,-56,1654780340799275,1654780340799275,
300833b2ddd9014000030009,1,1,2580,-41,1654780340800610,1654780340800610,
300833b2ddd9014000030002,1,1,96,-57,1654780340803923,1654780340803923,
300833b2ddd9014000030001,1,1,1992,-50,1654780340805041,1654780340805041,
300833b2ddd9014000030009,1,1,2568,-41,1654780340807131,1654780340807131,
300833b2ddd9014000030008,1,1,3392,-47,1654780340809079,1654780340809079,
300833b2ddd9014000030001,1,1,1964,-50,1654780340839605,1654780340839605,
300833b2ddd9014000030009,1,1,2572,-41,1654780340840932,1654780340840932,
300833b2ddd9014000030002,1,1,100,-56,1654780340842285,1654780340842285,
300833b2ddd9014000030008,1,1,3372,-47,1654780340843608,1654780340843608,
300833b2ddd9014000030009,1,1,2588,-41,1654780340848272,1654780340848272,
300833b2ddd9014000030001,1,1,1944,-50,1654780340849629,1654780340849629,
300833b2ddd9014000030008,1,1,3392,-47,1654780340852046,1654780340852046,
300833b2ddd9014000030002,1,1,112,-56,1654780340853696,1654780340853696,
300833b2ddd9014000030002,1,1,120,-56,1654780340884261,1654780340884261,
300833b2ddd9014000030009,1,1,2572,-41,1654780340885389,1654780340885389,
300833b2ddd9014000030008,1,1,3380,-47,1654780340887154,1654780340887154,
300833b2ddd9014000030001,1,1,1956,-50,1654780340888781,1654780340888781,
300833b2ddd9014000030002,1,1,100,-56,1654780340892361,1654780340892361,
300833b2ddd9014000030001,1,1,1948,-50,1654780340893929,1654780340893929,
300833b2ddd9014000030009,1,1,2576,-41,1654780340895014,1654780340895014,
300833b2ddd9014000030008,1,1,3384,-47,1654780340896579,1654780340896579,
300833b2ddd9014000030001,1,1,1944,-49,1654780340927614,1654780340927614,
300833b2ddd9014000030002,1,1,128,-57,1654780340929122,1654780340929122,
300833b2ddd9014000030009,1,1,2568,-41,1654780340930432,1654780340930432,
300833b2ddd9014000030008,1,1,3396,-47,1654780340932624,1654780340932624,
300833b2ddd9014000030009,1,1,2588,-41,1654780340936255,1654780340936255,
300833b2ddd9014000030008,1,1,3380,-47,1654780340937580,1654780340937580,
300833b2ddd9014000030001,1,1,1936,-49,1654780340938922,1654780340938922,
300833b2ddd9014000030002,1,1,44,-56,1654780340940262,1654780340940262,
300833b2ddd9014000030009,1,1,2584,-41,1654780340971731,1654780340971731,
300833b2ddd9014000030001,1,1,1936,-49,1654780340973046,1654780340973046,
300833b2ddd9014000030002,1,1,76,-57,1654780340974383,1654780340974383,
300833b2ddd9014000030008,1,1,3372,-47,1654780340975493,1654780340975493,
300833b2ddd9014000030009,1,1,2584,-41,1654780340980453,1654780340980453,
300833b2ddd9014000030002,1,1,76,-56,1654780340981552,1654780340981552,
300833b2ddd9014000030001,1,1,1936,-50,1654780340982894,1654780340982894,
300833b2ddd9014000030008,1,1,3360,-47,1654780340984857,1654780340984857,
300833b2ddd9014000030002,1,1,128,-57,1654780341015937,1654780341015937,
300833b2ddd9014000030009,1,1,2588,-40,1654780341017489,1654780341017489,
300833b2ddd9014000030008,1,1,3396,-47,1654780341019069,1654780341019069,
300833b2ddd9014000030001,1,1,1956,-50,1654780341020541,1654780341020541,
300833b2ddd9014000030009,1,1,2584,-41,1654780341024762,1654780341024762,
300833b2ddd9014000030001,1,1,1928,-50,1654780341026376,1654780341026376,
300833b2ddd9014000030008,1,1,3392,-47,1654780341027715,1654780341027715,
300833b2ddd9014000030002,1,1,88,-56,1654780341028799,1654780341028799,
300833b2ddd9014000030008,1,1,3400,-47,1654780341060183,1654780341060183,
300833b2ddd9014000030009,1,1,2572,-41,1654780341061807,1654780341061807,
300833b2ddd9014000030002,1,1,92,-56,1654780341070320,1654780341070320,
300833b2ddd9014000030001,1,1,1944,-50,1654780341072913,1654780341072913,
300833b2ddd9014000030009,1,1,2580,-41,1654780341075799,1654780341075799,
300833b2ddd9014000030002,1,1,128,-56,1654780341077139,1654780341077139,
300833b2ddd9014000030008,1,1,3384,-47,1654780341079003,1654780341079003,
300833b2ddd9014000030001,1,1,1964,-49,1654780341080204,1654780341080204,
300833b2ddd9014000030002,1,1,136,-56,1654780341111642,1654780341111642,
300833b2ddd9014000030009,1,1,2592,-41,1654780341112967,1654780341112967,
300833b2ddd9014000030001,1,1,1960,-50,1654780341114009,1654780341114009,
300833b2ddd9014000030008,1,1,3388,-47,1654780341116484,1654780341116484,
300833b2ddd9014000030001,1,1,1948,-50,1654780341120821,1654780341120821,
300833b2ddd9014000030008,1,1,3368,-47,1654780341122018,1654780341122018,
300833b2ddd9014000030002,1,1,92,-56,1654780341123085,1654780341123085,
300833b2ddd9014000030009,1,1,2576,-41,1654780341124185,1654780341124185,
300833b2ddd9014000030008,1,1,3384,-47,1654780341154719,1654780341154719,
300833b2ddd9014000030001,1,1,1920,-50,1654780341156603,1654780341156603,
300833b2ddd9014000030002,1,1,80,-56,1654780341157998,1654780341157998,
300833b2ddd9014000030009,1,1,2580,-41,1654780341159083,1654780341159083,
300833b2ddd9014000030002,1,1,120,-56,1654780341162676,1654780341162676,
300833b2ddd9014000030009,1,1,2580,-40,1654780341163775,1654780341163775,
300833b2ddd9014000030008,1,1,3400,-47,1654780341164873,1654780341164873,
300833b2ddd9014000030001,1,1,1956,-50,1654780341167533,1654780341167533,
300833b2ddd9014000030001,1,1,1940,-50,1654780341198095,1654780341198095,
300833b2ddd9014000030009,1,1,2592,-41,1654780341199178,1654780341199178,
300833b2ddd9014000030008,1,1,3372,-47,1654780341201197,1654780341201197,
300833b2ddd9014000030002,1,1,152,-56,1654780341202309,1654780341202309,
300833b2ddd9014000030009,1,1,2572,-41,1654780341206841,1654780341206841,
300833b2ddd9014000030008,1,1,3388,-47,1654780341208179,1654780341208179,
300833b2ddd9014000030001,1,1,1960,-50,1654780341209747,1654780341209747,
300833b2ddd9014000030002,1,1,84,-56,1654780341210805,1654780341210805,
300833b2ddd9014000030002,1,1,84,-56,1654780341242174,1654780341242174,
300833b2ddd9014000030001,1,1,1936,-50,1654780341243305,1654780341243305,
300833b2ddd9014000030008,1,1,3380,-47,1654780341244884,1654780341244884,
300833b2ddd9014000030009,1,1,2584,-41,1654780341246180,1654780341246180,
300833b2ddd9014000030009,1,1,2588,-41,1654780341250694,1654780341250694,
300833b2ddd9014000030008,1,1,3396,-47,1654780341251796,1654780341251796,
300833b2ddd9014000030001,1,1,1952,-50,1654780341253576,1654780341253576,
300833b2ddd9014000030002,1,1,72,-55,1654780341254603,1654780341254603,
300833b2ddd9014000030008,1,1,3372,-47,1654780341285977,1654780341285977,
300833b2ddd9014000030001,1,1,1952,-50,1654780341287738,1654780341287738,
300833b2ddd9014000030009,1,1,2592,-41,1654780341288798,1654780341288798,
300833b2ddd9014000030002,1,1,120,-55,1654780341289895,1654780341289895,
300833b2ddd9014000030001,1,1,1904,-50,1654780341293663,1654780341293663,
300833b2ddd9014000030008,1,1,3364,-47,1654780341294730,1654780341294730,
300833b2ddd9014000030002,1,1,88,-55,1654780341296269,1654780341296269,
300833b2ddd9014000030009,1,1,2604,-41,1654780341297636,1654780341297636,
300833b2ddd9014000030002,1,1,44,-55,1654780341329413,1654780341329413,
300833b2ddd9014000030009,1,1,2608,-41,1654780341331147,1654780341331147,
300833b2ddd9014000030008,1,1,3352,-47,1654780341332192,1654780341332192,
300833b2ddd9014000030001,1,1,1916,-50,1654780341333281,1654780341333281,
300833b2ddd9014000030001,1,1,1924,-50,1654780341336935,1654780341336935,
300833b2ddd9014000030009,1,1,2600,-41,1654780341338844,1654780341338844,
300833b2ddd9014000030008,1,1,3392,-47,1654780341339957,1654780341339957,
300833b2ddd9014000030002,1,1,80,-55,1654780341341595,1654780341341595,
300833b2ddd9014000030009,1,1,2620,-41,1654780341371536,1654780341371536,
300833b2ddd9014000030008,1,1,3348,-47,1654780341372831,1654780341372831,
300833b2ddd9014000030002,1,1,96,-54,1654780341374383,1654780341374383,
300833b2ddd9014000030001,1,1,1896,-51,1654780341375726,1654780341375726,
300833b2ddd9014000030002,1,1,116,-54,1654780341380188,1654780341380188,
300833b2ddd9014000030008,1,1,3360,-47,1654780341381541,1654780341381541,
300833b2ddd9014000030001,1,1,1868,-51,1654780341382855,1654780341382855,
300833b2ddd9014000030009,1,1,2612,-41,1654780341383910,1654780341383910,
300833b2ddd9014000030009,1,1,2612,-41,1654780341415808,1654780341415808,
300833b2ddd9014000030008,1,1,3340,-47,1654780341417218,1654780341417218,
300833b2ddd9014000030002,1,1,112,-54,1654780341418542,1654780341418542,
300833b2ddd9014000030001,1,1,1828,-51,1654780341419631,1654780341419631,
300833b2ddd9014000030009,1,1,2620,-41,1654780341423210,1654780341423210,
300833b2ddd9014000030002,1,1,128,-54,1654780341424891,1654780341424891,
300833b2ddd9014000030001,1,1,1856,-51,1654780341426233,1654780341426233,
300833b2ddd9014000030008,1,1,3324,-47,1654780341427360,1654780341427360,
300833b2ddd9014000030008,1,1,3328,-47,1654780341457612,1654780341457612,
300833b2ddd9014000030001,1,1,1784,-51,1654780341458672,1654780341458672,
300833b2ddd9014000030009,1,1,2644,-42,1654780341460051,1654780341460051,
300833b2ddd9014000030002,1,1,120,-53,1654780341462669,1654780341462669,
300833b2ddd9014000030008,1,1,3296,-46,1654780341467018,1654780341467018,
300833b2ddd9014000030002,1,1,72,-53,1654780341468231,1654780341468231,
300833b2ddd9014000030001,1,1,1784,-51,1654780341469303,1654780341469303,
300833b2ddd9014000030009,1,1,2636,-41,1654780341470414,1654780341470414,
300833b2ddd9014000030008,1,1,3280,-46,1654780341501318,1654780341501318,
300833b2ddd9014000030001,1,1,1720,-51,1654780341502633,1654780341502633,
300833b2ddd9014000030002,1,1,60,-53,1654780341503730,1654780341503730,
300833b2ddd9014000030009,1,1,2644,-42,1654780341505309,1654780341505309,
300833b2ddd9014000030001,1,1,1784,-52,1654780341510304,1654780341510304,
300833b2ddd9014000030009,1,1,2644,-42,1654780341511487,1654780341511487,
300833b2ddd9014000030002,1,1,88,-53,1654780341512852,1654780341512852,
300833b2ddd9014000030008,1,1,3264,-47,1654780341513966,1654780341513966,
300833b2ddd9014000030008,1,1,3264,-46,1654780341544465,1654780341544465,
300833b2ddd9014000030009,1,1,2660,-42,1654780341546116,1654780341546116,
300833b2ddd9014000030002,1,1,112,-52,1654780341547173,1654780341547173,
300833b2ddd9014000030001,1,1,1624,-52,1654780341548530,1654780341548530,
300833b2ddd9014000030002,1,1,80,-52,1654780341552128,1654780341552128,
300833b2ddd9014000030009,1,1,2660,-43,1654780341553198,1654780341553198,
300833b2ddd9014000030008,1,1,3228,-46,1654780341554312,1654780341554312,
300833b2ddd9014000030001,1,1,1616,-52,1654780341557614,1654780341557614,
300833b2ddd9014000030008,1,1,3204,-46,1654780341587394,1654780341587394,
300833b2ddd9014000030002,1,1,72,-51,1654780341588463,1654780341588463,
300833b2ddd9014000030009,1,1,2648,-43,1654780341590283,1654780341590283,
300833b2ddd9014000030001,1,1,1496,-52,1654780341592296,1654780341592296,
300833b2ddd9014000030001,1,1,1516,-52,1654780341596207,1654780341596207,
300833b2ddd9014000030002,1,1,104,-51,1654780341597529,1654780341597529,
300833b2ddd9014000030009,1,1,2656,-44,1654780341598871,1654780341598871,
300833b2ddd9014000030008,1,1,3204,-46,1654780341600394,1654780341600394,
300833b2ddd9014000030001,1,1,1424,-51,1654780341631653,1654780341631653,
300833b2ddd9014000030008,1,1,3148,-45,1654780341633020,1654780341633020,
300833b2ddd9014000030002,1,1,100,-50,1654780341634130,1654780341634130,
300833b2ddd9014000030009,1,1,2648,-44,1654780341635938,1654780341635938,
300833b2ddd9014000030002,1,1,80,-51,1654780341640568,1654780341640568,
300833b2ddd9014000030008,1,1,3152,-45,1654780341642007,1654780341642007,
300833b2ddd9014000030009,1,1,2660,-44,1654780341643559,1654780341643559,
300833b2ddd9014000030001,1,1,1412,-51,1654780341645016,1654780341645016,
300833b2ddd9014000030009,1,1,2656,-45,1654780341677786,1654780341677786,
300833b2ddd9014000030001,1,1,1272,-51,1654780341678874,1654780341678874,
300833b2ddd9014000030002,1,1,92,-50,1654780341680086,1654780341680086,
300833b2ddd9014000030009,1,1,2692,-45,1654780341683097,1654780341683097,
300833b2ddd9014000030008,1,1,3148,-45,1654780341684832,1654780341684832,
300833b2ddd9014000030001,1,1,1356,-51,1654780341686219,1654780341686219,
300833b2ddd9014000030002,1,1,80,-50,1654780341687327,1654780341687327,
300833b2ddd9014000030009,1,1,2616,-46,1654780341717911,1654780341717911,
300833b2ddd9014000030002,1,1,4088,-49,1654780341719294,1654780341719294,
300833b2ddd9014000030001,1,1,1228,-51,1654780341720381,1654780341720381,
300833b2ddd9014000030008,1,1,3136,-45,1654780341721488,1654780341721488,
300833b2ddd9014000030002,1,1,100,-49,1654780341726436,1654780341726436,
300833b2ddd9014000030009,1,1,2624,-46,1654780341728987,1654780341728987,
300833b2ddd9014000030008,1,1,3100,-44,1654780341730042,1654780341730042,
300833b2ddd9014000030001,1,1,1188,-51,1654780341731230,1654780341731230,
300833b2ddd9014000030009,1,1,2576,-47,1654780341762255,1654780341762255,
300833b2ddd9014000030002,1,1,76,-49,1654780341763326,1654780341763326,
300833b2ddd9014000030008,1,1,3108,-44,1654780341764395,1654780341764395,
300833b2ddd9014000030001,1,1,1120,-51,1654780341765596,1654780341765596,
300833b2ddd9014000030001,1,1,1068,-52,1654780341769440,1654780341769440,
300833b2ddd9014000030008,1,1,3124,-44,1654780341770637,1654780341770637,
300833b2ddd9014000030002,1,1,44,-49,1654780341772201,1654780341772201,
300833b2ddd9014000030009,1,1,2560,-47,1654780341773444,1654780341773444,
300833b2ddd9014000030009,1,1,2564,-48,1654780341803563,1654780341803563,
300833b2ddd9014000030001,1,1,1048,-52,1654780341805517,1654780341805517,
300833b2ddd9014000030008,1,1,3108,-44,1654780341806629,1654780341806629,
300833b2ddd9014000030002,1,1,40,-49,1654780341807698,1654780341807698,
300833b2ddd9014000030009,1,1,2528,-48,1654780341811044,1654780341811044,
300833b2ddd9014000030008,1,1,3100,-44,1654780341812128,1654780341812128,
300833b2ddd9014000030001,1,1,1028,-52,1654780341814165,1654780341814165,
300833b2ddd9014000030002,1,1,40,-49,1654780341815860,1654780341815860,
300833b2ddd9014000030009,1,1,2436,-48,1654780341846959,1654780341846959,
300833b2ddd9014000030001,1,1,948,-53,1654780341848883,1654780341848883,
300833b2ddd9014000030008,1,1,3104,-44,1654780341850206,1654780341850206,
300833b2ddd9014000030002,1,1,64,-49,1654780341851659,1654780341851659,
300833b2ddd9014000030002,1,1,72,-49,1654780341854345,1654780341854345,
300833b2ddd9014000030008,1,1,3100,-44,1654780341857154,1654780341857154,
300833b2ddd9014000030009,1,1,2428,-47,1654780341858271,1654780341858271,
300833b2ddd9014000030001,1,1,948,-53,1654780341859501,1654780341859501,
300833b2ddd9014000030009,1,1,2392,-47,1654780341892014,1654780341892014,
300833b2ddd9014000030008,1,1,3120,-44,1654780341894002,1654780341894002,
300833b2ddd9014000030002,1,1,88,-49,1654780341895244,1654780341895244,
300833b2ddd9014000030001,1,1,980,-53,1654780341896474,1654780341896474,
300833b2ddd9014000030001,1,1,980,-54,1654780341900364,1654780341900364,
300833b2ddd9014000030009,1,1,2408,-47,1654780341901422,1654780341901422,
300833b2ddd9014000030008,1,1,3104,-44,1654780341902758,1654780341902758,
300833b2ddd9014000030002,1,1,88,-49,1654780341904228,1654780341904228,
300833b2ddd9014000030009,1,1,2412,-46,1654780341933998,1654780341933998,
300833b2ddd9014000030002,1,1,132,-49,1654780341935351,1654780341935351,
300833b2ddd9014000030008,1,1,3128,-44,1654780341936931,1654780341936931,
300833b2ddd9014000030001,1,1,1000,-54,1654780341938887,1654780341938887,
300833b2ddd9014000030008,1,1,3120,-44,1654780341942762,1654780341942762,
300833b2ddd9014000030009,1,1,2396,-46,1654780341944315,1654780341944315,
300833b2ddd9014000030002,1,1,116,-49,1654780341945666,1654780341945666,
300833b2ddd9014000030001,1,1,1044,-54,1654780341946769,1654780341946769,
300833b2ddd9014000030001,1,1,1148,-55,1654780341978462,1654780341978462,
300833b2ddd9014000030008,1,1,3168,-44,1654780341980128,1654780341980128,
300833b2ddd9014000030009,1,1,2468,-46,1654780341982786,1654780341982786,
300833b2ddd9014000030002,1,1,164,-49,1654780341984025,1654780341984025,
300833b2ddd9014000030001,1,1,1192,-55,1654780341986853,1654780341986853,
300833b2ddd9014000030008,1,1,3148,-44,1654780341988824,1654780341988824,
300833b2ddd9014000030009,1,1,2460,-46,1654780341989925,1654780341989925,
300833b2ddd9014000030002,1,1,168,-49,1654780341991277,1654780341991277,
300833b2ddd9014000030002,1,1,212,-50,1654780342021811,1654780342021811,
300833b2ddd9014000030009,1,1,2580,-47,1654780342023179,1654780342023179,
300833b2ddd9014000030008,1,1,3204,-44,1654780342025042,1654780342025042,
300833b2ddd9014000030001,1,1,1364,-56,1654780342026290,1654780342026290,
300833b2ddd9014000030001,1,1,1368,-56,1654780342030656,1654780342030656,
300833b2ddd9014000030009,1,1,2608,-47,1654780342032006,1654780342032006,
300833b2ddd9014000030002,1,1,248,-50,1654780342033078,1654780342033078,
300833b2ddd9014000030008,1,1,3212,-44,1654780342034417,1654780342034417,
300833b2ddd9014000030008,1,1,3228,-44,1654780342065773,1654780342065773,
300833b2ddd9014000030009,1,1,2688,-47,1654780342066872,1654780342066872,
300833b2ddd9014000030002,1,1,308,-50,1654780342068168,1654780342068168,
300833b2ddd9014000030001,1,1,1668,-55,1654780342070008,1654780342070008,
300833b2ddd9014000030002,1,1,332,-50,1654780342074966,1654780342074966,
300833b2ddd9014000030008,1,1,3248,-44,1654780342076462,1654780342076462,
300833b2ddd9014000030001,1,1,1724,-55,1654780342077805,1654780342077805,
300833b2ddd9014000030009,1,1,2716,-46,1654780342079286,1654780342079286,
300833b2ddd9014000030009,1,1,2808,-46,1654780342109193,1654780342109193,
300833b2ddd9014000030008,1,1,3316,-44,1654780342110290,1654780342110290,
300833b2ddd9014000030002,1,1,416,-51,1654780342112338,1654780342112338,
300833b2ddd9014000030001,1,1,1908,-53,1654780342113569,1654780342113569,
300833b2ddd9014000030008,1,1,3324,-44,1654780342119262,1654780342119262,
300833b2ddd9014000030009,1,1,2824,-46,1654780342120389,1654780342120389,
300833b2ddd9014000030002,1,1,444,-51,1654780342121544,1654780342121544,
300833b2ddd9014000030001,1,1,1916,-53,1654780342122975,1654780342122975,
300833b2ddd9014000030001,1,1,2036,-52,1654780342152755,1654780342152755,
300833b2ddd9014000030009,1,1,2852,-45,1654780342153844,1654780342153844,
300833b2ddd9014000030008,1,1,3372,-44,1654780342155680,1654780342155680,
300833b2ddd9014000030002,1,1,516,-51,1654780342157801,1654780342157801,
300833b2ddd9014000030008,1,1,3400,-44,1654780342161635,1654780342161635,
300833b2ddd9014000030001,1,1,2040,-51,1654780342163549,1654780342163549,
300833b2ddd9014000030009,1,1,2876,-45,1654780342164859,1654780342164859,
300833b2ddd9014000030002,1,1,556,-52,1654780342166342,1654780342166342,
300833b2ddd9014000030009,1,1,2892,-44,1654780342197106,1654780342197106,
300833b2ddd9014000030008,1,1,3412,-44,1654780342198446,1654780342198446,
300833b2ddd9014000030002,1,1,616,-52,1654780342200480,1654780342200480,
300833b2ddd9014000030001,1,1,2012,-49,1654780342202772,1654780342202772,
300833b2ddd9014000030001,1,1,2036,-49,1654780342205489,1654780342205489,
300833b2ddd9014000030002,1,1,628,-52,1654780342207426,1654780342207426,
300833b2ddd9014000030008,1,1,3448,-43,1654780342209427,1654780342209427,
300833b2ddd9014000030009,1,1,2900,-43,1654780342210512,1654780342210512,
300833b2ddd9014000030001,1,1,1960,-48,1654780342240212,1654780342240212,
300833b2ddd9014000030008,1,1,3444,-43,1654780342241281,1654780342241281,
300833b2ddd9014000030009,1,1,2852,-42,1654780342243344,1654780342243344,
300833b2ddd9014000030002,1,1,672,-51,1654780342244442,1654780342244442,
300833b2ddd9014000030008,1,1,3428,-43,1654780342248945,1654780342248945,
300833b2ddd9014000030001,1,1,1880,-48,1654780342250660,1654780342250660,
300833b2ddd9014000030009,1,1,2840,-42,1654780342251999,1654780342251999,
300833b2ddd9014000030002,1,1,676,-52,1654780342253667,1654780342253667,
300833b2ddd9014000030008,1,1,3464,-43,1654780342285104,1654780342285104,
300833b2ddd9014000030009,1,1,2776,-41,1654780342286456,1654780342286456,
300833b2ddd9014000030001,1,1,1796,-47,1654780342287633,1654780342287633,
300833b2ddd9014000030002,1,1,712,-51,1654780342288658,1654780342288658,
300833b2ddd9014000030001,1,1,1812,-47,1654780342291973,1654780342291973,
300833b2ddd9014000030002,1,1,716,-52,1654780342293043,1654780342293043,
300833b2ddd9014000030009,1,1,2772,-41,1654780342294609,1654780342294609,
300833b2ddd9014000030008,1,1,3452,-43,1654780342295748,1654780342295748,
300833b2ddd9014000030001,1,1,1692,-47,1654780342328188,1654780342328188,
300833b2ddd9014000030009,1,1,2668,-40,1654780342329401,1654780342329401,
300833b2ddd9014000030002,1,1,764,-51,1654780342330950,1654780342330950,
300833b2ddd9014000030008,1,1,3444,-43,1654780342332118,1654780342332118,
300833b2ddd9014000030002,1,1,732,-51,1654780342335707,1654780342335707,
300833b2ddd9014000030001,1,1,1688,-47,1654780342336778,1654780342336778,
300833b2ddd9014000030009,1,1,2664,-40,1654780342338316,1654780342338316,
300833b2ddd9014000030008,1,1,3440,-43,1654780342339400,1654780342339400,
300833b2ddd9014000030008,1,1,3452,-42,1654780342371870,1654780342371870,
300833b2ddd9014000030009,1,1,2588,-40,1654780342373126,1654780342373126,
300833b2ddd9014000030001,1,1,1624,-48,1654780342374414,1654780342374414,
300833b2ddd9014000030002,1,1,804,-50,1654780342375469,1654780342375469,
300833b2ddd9014000030009,1,1,2576,-40,1654780342379030,1654780342379030,
300833b2ddd9014000030008,1,1,3440,-42,1654780342380980,1654780342380980,
300833b2ddd9014000030002,1,1,748,-50,1654780342382918,1654780342382918,
300833b2ddd9014000030001,1,1,1596,-47,1654780342383990,1654780342383990,
300833b2ddd9014000030009,1,1,2524,-40,1654780342414288,1654780342414288,
300833b2ddd9014000030008,1,1,3432,-42,1654780342415599,1654780342415599,
300833b2ddd9014000030001,1,1,1536,-48,1654780342416928,1654780342416928,
300833b2ddd9014000030002,1,1,756,-50,1654780342418865,1654780342418865,
300833b2ddd9014000030001,1,1,1524,-48,1654780342423367,1654780342423367,
300833b2ddd9014000030009,1,1,2496,-40,1654780342424679,1654780342424679,
300833b2ddd9014000030002,1,1,776,-50,1654780342425747,1654780342425747,
300833b2ddd9014000030008,1,1,3448,-42,1654780342427712,1654780342427712,
300833b2ddd9014000030001,1,1,1416,-49,1654780342651323,1654780342651323,
300833b2ddd9014000030008,1,1,3392,-42,1654780342652661,1654780342652661,
300833b2ddd9014000030009,1,1,2352,-40,1654780342654242,1654780342654242,
300833b2ddd9014000030002,1,1,688,-49,1654780342655351,1654780342655351,
300833b2ddd9014000030001,1,1,1404,-49,1654780342660270,1654780342660270,
300833b2ddd9014000030008,1,1,3412,-42,1654780342662233,1654780342662233,
300833b2ddd9014000030009,1,1,2360,-40,1654780342663276,1654780342663276,
300833b2ddd9014000030002,1,1,684,-49,1654780342664743,1654780342664743,
300833b2ddd9014000030001,1,1,1408,-49,1654780342694628,1654780342694628,
300833b2ddd9014000030008,1,1,3412,-42,1654780342697252,1654780342697252,
300833b2ddd9014000030009,1,1,2372,-41,1654780342698310,1654780342698310,
300833b2ddd9014000030002,1,1,676,-49,1654780342699761,1654780342699761,
300833b2ddd9014000030001,1,1,1416,-49,1654780342704475,1654780342704475,
300833b2ddd9014000030009,1,1,2372,-40,1654780342705546,1654780342705546,
300833b2ddd9014000030008,1,1,3408,-42,1654780342706659,1654780342706659,
300833b2ddd9014000030002,1,1,656,-49,1654780342708238,1654780342708238,
300833b2ddd9014000030009,1,1,2352,-41,1654780342739602,1654780342739602,
300833b2ddd9014000030001,1,1,1404,-50,1654780342741526,1654780342741526,
300833b2ddd9014000030008,1,1,3404,-42,1654780342742594,1654780342742594,
300833b2ddd9014000030002,1,1,672,-49,1654780342743620,1654780342743620,
300833b2ddd9014000030009,1,1,2356,-41,1654780342747263,1654780342747263,
300833b2ddd9014000030002,1,1,652,-49,1654780342748346,1654780342748346,
300833b2ddd9014000030008,1,1,3412,-42,1654780342749402,1654780342749402,
300833b2ddd9014000030001,1,1,1416,-49,1654780342750956,1654780342750956,
300833b2ddd9014000030001,1,1,1412,-49,1654780342783560,1654780342783560,
300833b2ddd9014000030009,1,1,2364,-40,1654780342784646,1654780342784646,
300833b2ddd9014000030008,1,1,3412,-42,1654780342785926,1654780342785926,
300833b2ddd9014000030009,1,1,2348,-40,1654780342789487,1654780342789487,
300833b2ddd9014000030002,1,1,704,-50,1654780342790556,1654780342790556,
300833b2ddd9014000030001,1,1,1404,-49,1654780342792338,1654780342792338,
300833b2ddd9014000030008,1,1,3400,-42,1654780342794679,1654780342794679,
300833b2ddd9014000030009,1,1,2348,-41,1654780342824703,1654780342824703,
300833b2ddd9014000030002,1,1,684,-50,1654780342826011,1654780342826011,
300833b2ddd9014000030008,1,1,3420,-41,1654780342827065,1654780342827065,
300833b2ddd9014000030001,1,1,1424,-49,1654780342829759,1654780342829759,
300833b2ddd9014000030009,1,1,2352,-41,1654780342833859,1654780342833859,
300833b2ddd9014000030008,1,1,3400,-42,1654780342835324,1654780342835324,
300833b2ddd9014000030001,1,1,1416,-50,1654780342838586,1654780342838586,
300833b2ddd9014000030002,1,1,676,-50,1654780342839797,1654780342839797,
300833b2ddd9014000030001,1,1,1428,-49,1654780342869554,1654780342869554,
300833b2ddd9014000030009,1,1,2348,-41,1654780342870671,1654780342870671,
300833b2ddd9014000030008,1,1,3404,-42,1654780342872490,1654780342872490,
300833b2ddd9014000030002,1,1,672,-50,1654780342873543,1654780342873543,
300833b2ddd9014000030001,1,1,1416,-49,1654780342879118,1654780342879118,
300833b2ddd9014000030009,1,1,2352,-41,1654780342880232,1654780342880232,
300833b2ddd9014000030008,1,1,3392,-42,1654780342881326,1654780342881326,
300833b2ddd9014000030002,1,1,676,-49,1654780342883009,1654780342883009,
300833b2ddd9014000030008,1,1,3408,-42,1654780342912920,1654780342912920,
300833b2ddd9014000030009,1,1,2352,-41,1654780342913935,1654780342913935,
300833b2ddd9014000030001,1,1,1448,-49,1654780342915474,1654780342915474,
300833b2ddd9014000030002,1,1,684,-50,1654780342916571,1654780342916571,
300833b2ddd9014000030009,1,1,2348,-41,1654780342921723,1654780342921723,
300833b2ddd9014000030002,1,1,672,-50,1654780342923174,1654780342923174,
300833b2ddd9014000030001,1,1,1452,-50,1654780342924262,1654780342924262,
300833b2ddd9014000030008,1,1,3408,-41,1654780342925330,1654780342925330,
300833b2ddd9014000030008,1,1,3392,-42,1654780342956788,1654780342956788,
300833b2ddd9014000030009,1,1,2356,-41,1654780342957859,1654780342957859,
300833b2ddd9014000030002,1,1,680,-50,1654780342958955,1654780342958955,
300833b2ddd9014000030001,1,1,1388,-50,1654780342960671,1654780342960671,
300833b2ddd9014000030002,1,1,672,-50,1654780342970312,1654780342970312,
300833b2ddd9014000030008,1,1,3400,-42,1654780342971877,1654780342971877,
300833b2ddd9014000030009,1,1,2348,-41,1654780342973191,1654780342973191,
300833b2ddd9014000030001,1,1,1408,-50,1654780342974461,1654780342974461,
300833b2ddd9014000030002,1,1,652,-50,1654780343005680,1654780343005680,
300833b2ddd9014000030009,1,1,2364,-41,1654780343007062,1654780343007062,
300833b2ddd9014000030008,1,1,3388,-41,1654780343008172,1654780343008172,
300833b2ddd9014000030001,1,1,1412,-49,1654780343010554,1654780343010554,
300833b2ddd9014000030009,1,1,2372,-41,1654780343014665,1654780343014665,
300833b2ddd9014000030002,1,1,632,-49,1654780343016587,1654780343016587,
300833b2ddd9014000030008,1,1,3388,-41,1654780343017907,1654780343017907,
300833b2ddd9014000030001,1,1,1424,-50,1654780343019380,1654780343019380,
300833b2ddd9014000030008,1,1,3388,-41,1654780343049208,1654780343049208,
300833b2ddd9014000030009,1,1,2360,-41,1654780343050293,1654780343050293,
300833b2ddd9014000030002,1,1,660,-50,1654780343052324,1654780343052324,
300833b2ddd9014000030001,1,1,1420,-49,1654780343053384,1654780343053384,
300833b2ddd9014000030001,1,1,1424,-49,1654780343057799,1654780343057799,
300833b2ddd9014000030009,1,1,2368,-41,1654780343059709,1654780343059709,
300833b2ddd9014000030002,1,1,648,-49,1654780343060778,1654780343060778,
300833b2ddd9014000030008,1,1,3392,-41,1654780343061831,1654780343061831,
300833b2ddd9014000030008,1,1,3400,-41,1654780343092393,1654780343092393,
300833b2ddd9014000030001,1,1,1520,-49,1654780343093539,1654780343093539,
300833b2ddd9014000030002,1,1,640,-49,1654780343095088,1654780343095088,
300833b2ddd9014000030009,1,1,2360,-41,1654780343096144,1654780343096144,
300833b2ddd9014000030009,1,1,2344,-41,1654780343101328,1654780343101328,
300833b2ddd9014000030008,1,1,3384,-42,1654780343102568,1654780343102568,
300833b2ddd9014000030002,1,1,628,-49,1654780343104120,1654780343104120,
300833b2ddd9014000030001,1,1,1404,-49,1654780343105350,1654780343105350,
300833b2ddd9014000030002,1,1,636,-50,1654780343135554,1654780343135554,
300833b2ddd9014000030008,1,1,3388,-42,1654780343137233,1654780343137233,
300833b2ddd9014000030009,1,1,2336,-41,1654780343138788,1654780343138788,
300833b2ddd9014000030002,1,1,660,-50,1654780343143346,1654780343143346,
300833b2ddd9014000030008,1,1,3392,-41,1654780343144683,1654780343144683,
300833b2ddd9014000030009,1,1,2360,-41,1654780343145741,1654780343145741,
300833b2ddd9014000030001,1,1,1440,-49,1654780343147951,1654780343147951,
300833b2ddd9014000030009,1,1,2348,-41,1654780343179222,1654780343179222,
300833b2ddd9014000030008,1,1,3404,-42,1654780343180276,1654780343180276,
300833b2ddd9014000030001,1,1,1436,-49,1654780343182693,1654780343182693,
300833b2ddd9014000030002,1,1,640,-50,1654780343183748,1654780343183748,
300833b2ddd9014000030001,1,1,1416,-50,1654780343190461,1654780343190461,
300833b2ddd9014000030009,1,1,2352,-41,1654780343191547,1654780343191547,
300833b2ddd9014000030008,1,1,3384,-41,1654780343192841,1654780343192841,
300833b2ddd9014000030002,1,1,644,-49,1654780343194081,1654780343194081,
300833b2ddd9014000030002,1,1,636,-50,1654780343224221,1654780343224221,
300833b2ddd9014000030009,1,1,2356,-41,1654780343226130,1654780343226130,
300833b2ddd9014000030008,1,1,3380,-42,1654780343227241,1654780343227241,
300833b2ddd9014000030001,1,1,1452,-50,1654780343228740,1654780343228740,
300833b2ddd9014000030009,1,1,2352,-41,1654780343233110,1654780343233110,
300833b2ddd9014000030001,1,1,1424,-50,1654780343234169,1654780343234169,
300833b2ddd9014000030008,1,1,3380,-41,1654780343235609,1654780343235609,
300833b2ddd9014000030002,1,1,636,-49,1654780343237104,1654780343237104,
300833b2ddd9014000030002,1,1,632,-50,1654780343266815,1654780343266815,
300833b2ddd9014000030001,1,1,1424,-50,1654780343268117,1654780343268117,
300833b2ddd9014000030008,1,1,3380,-42,1654780343269467,1654780343269467,
300833b2ddd9014000030009,1,1,2348,-41,1654780343270554,1654780343270554,
300833b2ddd9014000030001,1,1,1424,-49,1654780343275525,1654780343275525,
300833b2ddd9014000030008,1,1,3376,-41,1654780343276591,1654780343276591,
300833b2ddd9014000030009,1,1,2352,-41,1654780343277692,1654780343277692,
300833b2ddd9014000030002,1,1,660,-50,1654780343279199,1654780343279199,
300833b2ddd9014000030001,1,1,1428,-49,1654780343311108,1654780343311108,
300833b2ddd9014000030002,1,1,672,-50,1654780343313056,1654780343313056,
300833b2ddd9014000030009,1,1,2348,-41,1654780343316753,1654780343316753,
300833b2ddd9014000030001,1,1,1428,-49,1654780343318465,1654780343318465,
300833b2ddd9014000030002,1,1,660,-50,1654780343319561,1654780343319561,
300833b2ddd9014000030008,1,1,3388,-42,1654780343320684,1654780343320684,
300833b2ddd9014000030002,1,1,648,-50,1654780343351500,1654780343351500,
300833b2ddd9014000030009,1,1,2360,-41,1654780343352586,1654780343352586,
300833b2ddd9014000030001,1,1,1428,-49,1654780343354183,1654780343354183,
300833b2ddd9014000030008,1,1,3372,-42,1654780343355222,1654780343355222,
300833b2ddd9014000030001,1,1,1428,-49,1654780343359886,1654780343359886,
300833b2ddd9014000030008,1,1,3376,-41,1654780343361253,1654780343361253,
300833b2ddd9014000030009,1,1,2352,-41,1654780343363005,1654780343363005,
300833b2ddd9014000030002,1,1,664,-50,1654780343364712,1654780343364712,
300833b2ddd9014000030009,1,1,2356,-41,1654780343396808,1654780343396808,
300833b2ddd9014000030008,1,1,3368,-41,1654780343397904,1654780343397904,
300833b2ddd9014000030001,1,1,1424,-49,1654780343400276,1654780343400276,
300833b2ddd9014000030002,1,1,636,-50,1654780343401331,1654780343401331,
300833b2ddd9014000030002,1,1,676,-50,1654780343404950,1654780343404950,
300833b2ddd9014000030008,1,1,3380,-42,1654780343406955,1654780343406955,
300833b2ddd9014000030009,1,1,2356,-41,1654780343408495,1654780343408495,
300833b2ddd9014000030001,1,1,1456,-49,1654780343409978,1654780343409978,
300833b2ddd9014000030001,1,1,1432,-49,1654780343439912,1654780343439912,
300833b2ddd9014000030009,1,1,2392,-41,1654780343441237,1654780343441237,
300833b2ddd9014000030008,1,1,3380,-41,1654780343442305,1654780343442305,
300833b2ddd9014000030002,1,1,664,-50,1654780343443372,1654780343443372,
300833b2ddd9014000030008,1,1,3376,-42,1654780343448829,1654780343448829,
300833b2ddd9014000030002,1,1,656,-50,1654780343450281,1654780343450281,
300833b2ddd9014000030001,1,1,1440,-49,1654780343451341,1654780343451341,
300833b2ddd9014000030009,1,1,2352,-41,1654780343452441,1654780343452441,
300833b2ddd9014000030009,1,1,2364,-41,1654780343485114,1654780343485114,
300833b2ddd9014000030008,1,1,3376,-41,1654780343486822,1654780343486822,
300833b2ddd9014000030001,1,1,1460,-50,1654780343489828,1654780343489828,
300833b2ddd9014000030002,1,1,664,-50,1654780343491068,1654780343491068,
300833b2ddd9014000030002,1,1,636,-50,1654780343493846,1654780343493846,
300833b2ddd9014000030001,1,1,1464,-50,1654780343494960,1654780343494960,
300833b2ddd9014000030008,1,1,3388,-41,1654780343497413,1654780343497413,
300833b2ddd9014000030009,1,1,2364,-41,1654780343498998,1654780343498998,
300833b2ddd9014000030001,1,1,1476,-50,1654780343530480,1654780343530480,
300833b2ddd9014000030009,1,1,2368,-41,1654780343531564,1654780343531564,
300833b2ddd9014000030008,1,1,3368,-41,1654780343532903,1654780343532903,
300833b2ddd9014000030002,1,1,640,-50,1654780343533984,1654780343533984,
300833b2ddd9014000030001,1,1,1480,-50,1654780343538987,1654780343538987,
300833b2ddd9014000030009,1,1,2360,-41,1654780343540329,1654780343540329,
300833b2ddd9014000030008,1,1,3376,-41,1654780343541426,1654780343541426,
300833b2ddd9014000030002,1,1,620,-50,1654780343543403,1654780343543403,
300833b2ddd9014000030001,1,1,1472,-49,1654780343574497,1654780343574497,
300833b2ddd9014000030009,1,1,2356,-41,1654780343575571,1654780343575571,
300833b2ddd9014000030008,1,1,3380,-41,1654780343578553,1654780343578553,
300833b2ddd9014000030002,1,1,632,-50,1654780343579807,1654780343579807,
300833b2ddd9014000030002,1,1,640,-50,1654780343583964,1654780343583964,
300833b2ddd9014000030001,1,1,1456,-49,1654780343585534,1654780343585534,
300833b2ddd9014000030008,1,1,3372,-42,1654780343586602,1654780343586602,
300833b2ddd9014000030009,1,1,2352,-41,1654780343588128,1654780343588128,
300833b2ddd9014000030001,1,1,1460,-50,1654780343620171,1654780343620171,
300833b2ddd9014000030002,1,1,632,-50,1654780343621225,1654780343621225,
300833b2ddd9014000030009,1,1,2368,-41,1654780343622836,1654780343622836,
300833b2ddd9014000030008,1,1,3384,-41,1654780343624739,1654780343624739,
300833b2ddd9014000030001,1,1,1464,-50,1654780343629262,1654780343629262,
300833b2ddd9014000030009,1,1,2368,-41,1654780343630319,1654780343630319,
300833b2ddd9014000030002,1,1,616,-50,1654780343632099,1654780343632099,
300833b2ddd9014000030008,1,1,3392,-42,1654780343633405,1654780343633405,
300833b2ddd9014000030001,1,1,1452,-50,1654780343664474,1654780343664474,
300833b2ddd9014000030002,1,1,632,-50,1654780343665821,1654780343665821,
300833b2ddd9014000030009,1,1,2348,-41,1654780343668455,1654780343668455,
300833b2ddd9014000030008,1,1,3376,-42,1654780343670372,1654780343670372,
300833b2ddd9014000030001,1,1,1452,-50,1654780343673374,1654780343673374,
300833b2ddd9014000030009,1,1,2360,-41,1654780343675014,1654780343675014,
300833b2ddd9014000030008,1,1,3372,-41,1654780343676069,1654780343676069,
300833b2ddd9014000030002,1,1,648,-50,1654780343678047,1654780343678047,
300833b2ddd9014000030009,1,1,2372,-41,1654780343707723,1654780343707723,
300833b2ddd9014000030001,1,1,1432,-50,1654780343708811,1654780343708811,
300833b2ddd9014000030008,1,1,3372,-41,1654780343709908,1654780343709908,
300833b2ddd9014000030002,1,1,616,-50,1654780343710991,1654780343710991,
300833b2ddd9014000030001,1,1,1460,-50,1654780343717360,1654780343717360,
300833b2ddd9014000030009,1,1,2356,-41,1654780343718715,1654780343718715,
300833b2ddd9014000030008,1,1,3376,-42,1654780343720563,1654780343720563,
300833b2ddd9014000030002,1,1,616,-50,1654780343722001,1654780343722001,
300833b2ddd9014000030008,1,1,3372,-42,1654780343753518,1654780343753518,
300833b2ddd9014000030009,1,1,2360,-41,1654780343754689,1654780343754689,
300833b2ddd9014000030001,1,1,1460,-50,1654780343756002,1654780343756002,
300833b2ddd9014000030002,1,1,624,-50,1654780343757099,1654780343757099,
300833b2ddd9014000030001,1,1,1448,-50,1654780343760957,1654780343760957,
300833b2ddd9014000030002,1,1,612,-50,1654780343762040,1654780343762040,
300833b2ddd9014000030009,1,1,2368,-41,1654780343763396,1654780343763396,
300833b2ddd9014000030008,1,1,3384,-41,1654780343764489,1654780343764489,
300833b2ddd9014000030008,1,1,3380,-42,1654780343800502,1654780343800502,
300833b2ddd9014000030001,1,1,1460,-50,1654780343802402,1654780343802402,
300833b2ddd9014000030009,1,1,2348,-41,1654780343803488,1654780343803488,
300833b2ddd9014000030002,1,1,644,-50,1654780343804796,1654780343804796,
300833b2ddd9014000030009,1,1,2388,-40,1654780343835508,1654780343835508,
300833b2ddd9014000030008,1,1,3384,-41,1654780343836846,1654780343836846,
300833b2ddd9014000030001,1,1,1436,-50,1654780343838443,1654780343838443,
300833b2ddd9014000030009,1,1,2356,-41,1654780343844166,1654780343844166,
300833b2ddd9014000030008,1,1,3364,-41,1654780343845474,1654780343845474,
300833b2ddd9014000030001,1,1,1452,-50,1654780343847268,1654780343847268,
300833b2ddd9014000030008,1,1,3376,-41,1654780343878508,1654780343878508,
300833b2ddd9014000030002,1,1,640,-50,1654780343880969,1654780343880969,
300833b2ddd9014000030009,1,1,2356,-41,1654780343882097,1654780343882097,
300833b2ddd9014000030001,1,1,1448,-50,1654780343883268,1654780343883268,
300833b2ddd9014000030008,1,1,3376,-41,1654780343886280,1654780343886280,
300833b2ddd9014000030002,1,1,660,-50,1654780343887364,1654780343887364,
300833b2ddd9014000030001,1,1,1452,-50,1654780343888717,1654780343888717,
300833b2ddd9014000030009,1,1,2352,-41,1654780343890003,1654780343890003,
300833b2ddd9014000030002,1,1,628,-50,1654780343922150,1654780343922150,
300833b2ddd9014000030001,1,1,1456,-49,1654780343923222,1654780343923222,
300833b2ddd9014000030008,1,1,3388,-41,1654780343924320,1654780343924320,
300833b2ddd9014000030001,1,1,1440,-50,1654780343929999,1654780343929999,
300833b2ddd9014000030009,1,1,2360,-41,1654780343931496,1654780343931496,
300833b2ddd9014000030002,1,1,612,-50,1654780343932580,1654780343932580,
300833b2ddd9014000030008,1,1,3392,-41,1654780343933716,1654780343933716,
300833b2ddd9014000030009,1,1,2364,-41,1654780343964012,1654780343964012,
300833b2ddd9014000030001,1,1,1428,-50,1654780343966194,1654780343966194,
300833b2ddd9014000030002,1,1,644,-50,1654780343967305,1654780343967305,
300833b2ddd9014000030008,1,1,3376,-42,1654780343971104,1654780343971104,
300833b2ddd9014000030009,1,1,2352,-41,1654780343973041,1654780343973041,
300833b2ddd9014000030001,1,1,1440,-50,1654780343974382,1654780343974382,
300833b2ddd9014000030002,1,1,652,-50,1654780343975561,1654780343975561,
300833b2ddd9014000030008,1,1,3396,-42,1654780344005807,1654780344005807,
300833b2ddd9014000030001,1,1,1440,-50,1654780344006923,1654780344006923,
300833b2ddd9014000030002,1,1,656,-50,1654780344009629,1654780344009629,
300833b2ddd9014000030009,1,1,2356,-41,1654780344010632,1654780344010632,
300833b2ddd9014000030001,1,1,1448,-50,1654780344015150,1654780344015150,
300833b2ddd9014000030009,1,1,2356,-41,1654780344016820,1654780344016820,
300833b2ddd9014000030002,1,1,624,-49,1654780344017904,1654780344017904,
300833b2ddd9014000030008,1,1,3376,-42,1654780344019212,1654780344019212,
300833b2ddd9014000030002,1,1,656,-50,1654780344050336,1654780344050336,
300833b2ddd9014000030008,1,1,3380,-42,1654780344051816,1654780344051816,
300833b2ddd9014000030001,1,1,1432,-50,1654780344052903,1654780344052903,
300833b2ddd9014000030009,1,1,2360,-41,1654780344053988,1654780344053988,