epc,atenda,atendanum,phase,RSS,timestamp,timestamp2,
300833b2ddd9014000030008,1,1,3604,-46,1654780558621842,1654780558621842,
300833b2ddd9014000030009,1,1,2620,-41,1654780558623184,1654780558623184,
300833b2ddd9014000030002,1,1,356,-53,1654780558624210,1654780558624210,
300833b2ddd9014000030001,1,1,2076,-52,1654780558626036,1654780558626036,
300833b2ddd9014000030002,1,1,380,-53,1654780558630536,1654780558630536,
300833b2ddd9014000030008,1,1,3612,-46,1654780558632232,1654780558632232,
300833b2ddd9014000030009,1,1,2620,-41,1654780558633332,1654780558633332,
300833b2ddd9014000030001,1,1,2060,-52,1654780558635270,1654780558635270,
300833b2ddd9014000030008,1,1,3608,-45,1654780558664916,1654780558664916,
300833b2ddd9014000030001,1,1,2044,-52,1654780558666230,1654780558666230,
300833b2ddd9014000030009,1,1,2620,-41,1654780558667301,1654780558667301,
300833b2ddd9014000030002,1,1,356,-53,1654780558669123,1654780558669123,
300833b2ddd9014000030008,1,1,3616,-46,1654780558673812,1654780558673812,
300833b2ddd9014000030002,1,1,368,-53,1654780558674870,1654780558674870,
300833b2ddd9014000030009,1,1,2628,-41,1654780558676722,1654780558676722,
300833b2ddd9014000030001,1,1,2064,-52,1654780558678121,1654780558678121,
300833b2ddd9014000030009,1,1,2620,-41,1654780558709109,1654780558709109,
300833b2ddd9014000030002,1,1,376,-53,1654780558711058,1654780558711058,
300833b2ddd9014000030001,1,1,2048,-52,1654780558712344,1654780558712344,
300833b2ddd9014000030008,1,1,3616,-46,1654780558713470,1654780558713470,
300833b2ddd9014000030002,1,1,400,-53,1654780558717063,1654780558717063,
300833b2ddd9014000030009,1,1,2616,-41,1654780558719655,1654780558719655,
300833b2ddd9014000030008,1,1,3624,-46,1654780558721124,1654780558721124,
300833b2ddd9014000030001,1,1,2052,-52,1654780558722326,1654780558722326,
300833b2ddd9014000030001,1,1,2044,-52,1654780558752021,1654780558752021,
300833b2ddd9014000030009,1,1,2620,-41,1654780558753404,1654780558753404,
300833b2ddd9014000030008,1,1,3620,-45,1654780558754471,1654780558754471,
300833b2ddd9014000030002,1,1,360,-53,1654780558755572,1654780558755572,
300833b2ddd9014000030002,1,1,360,-53,1654780558761208,1654780558761208,
300833b2ddd9014000030009,1,1,2624,-41,1654780558762437,1654780558762437,
300833b2ddd9014000030008,1,1,3616,-46,1654780558763559,1654780558763559,
300833b2ddd9014000030001,1,1,2052,-52,1654780558764875,1654780558764875,
300833b2ddd9014000030008,1,1,3632,-46,1654780558795276,1654780558795276,
300833b2ddd9014000030009,1,1,2624,-41,1654780558796843,1654780558796843,
300833b2ddd9014000030002,1,1,364,-53,1654780558798663,1654780558798663,
300833b2ddd9014000030001,1,1,2044,-52,1654780558801016,1654780558801016,
300833b2ddd9014000030009,1,1,2616,-41,1654780558804240,1654780558804240,
300833b2ddd9014000030001,1,1,2064,-52,1654780558805867,1654780558805867,
300833b2ddd9014000030002,1,1,360,-53,1654780558806937,1654780558806937,
300833b2ddd9014000030008,1,1,3628,-46,1654780558808033,1654780558808033,
300833b2ddd9014000030002,1,1,376,-53,1654780558838740,1654780558838740,
300833b2ddd9014000030009,1,1,2620,-41,1654780558840025,1654780558840025,
300833b2ddd9014000030008,1,1,3604,-45,1654780558841178,1654780558841178,
300833b2ddd9014000030001,1,1,2056,-52,1654780558842493,1654780558842493,
300833b2ddd9014000030002,1,1,384,-53,1654780558848220,1654780558848220,
300833b2ddd9014000030001,1,1,2056,-52,1654780558850167,1654780558850167,
300833b2ddd9014000030009,1,1,2620,-41,1654780558851238,1654780558851238,
300833b2ddd9014000030008,1,1,3628,-46,1654780558852320,1654780558852320,
300833b2ddd9014000030009,1,1,2624,-41,1654780558883160,1654780558883160,
300833b2ddd9014000030008,1,1,3632,-46,1654780558884286,1654780558884286,
300833b2ddd9014000030001,1,1,2060,-52,1654780558887035,1654780558887035,
300833b2ddd9014000030002,1,1,360,-53,1654780558888077,1654780558888077,
300833b2ddd9014000030009,1,1,2624,-41,1654780558892191,1654780558892191,
300833b2ddd9014000030008,1,1,3624,-45,1654780558894308,1654780558894308,
300833b2ddd9014000030001,1,1,2072,-52,1654780558895411,1654780558895411,
300833b2ddd9014000030002,1,1,412,-53,1654780558896608,1654780558896608,
300833b2ddd9014000030002,1,1,380,-53,1654780558926765,1654780558926765,
300833b2ddd9014000030001,1,1,2052,-52,1654780558928080,1654780558928080,
300833b2ddd9014000030009,1,1,2620,-41,1654780558929393,1654780558929393,
300833b2ddd9014000030008,1,1,3624,-46,1654780558930714,1654780558930714,
300833b2ddd9014000030002,1,1,372,-53,1654780558934909,1654780558934909,
300833b2ddd9014000030001,1,1,2044,-52,1654780558936025,1654780558936025,
300833b2ddd9014000030008,1,1,3640,-46,1654780558937561,1654780558937561,
300833b2ddd9014000030009,1,1,2636,-41,1654780558938646,1654780558938646,
300833b2ddd9014000030001,1,1,2060,-52,1654780558970293,1654780558970293,
300833b2ddd9014000030009,1,1,2632,-41,1654780558971603,1654780558971603,
300833b2ddd9014000030002,1,1,376,-53,1654780558972970,1654780558972970,
300833b2ddd9014000030008,1,1,3624,-45,1654780558974520,1654780558974520,
300833b2ddd9014000030009,1,1,2632,-41,1654780558979307,1654780558979307,
300833b2ddd9014000030001,1,1,2052,-52,1654780558980822,1654780558980822,
300833b2ddd9014000030002,1,1,392,-53,1654780558981920,1654780558981920,
300833b2ddd9014000030008,1,1,3628,-45,1654780558983230,1654780558983230,
300833b2ddd9014000030001,1,1,2076,-52,1654780559015680,1654780559015680,
300833b2ddd9014000030009,1,1,2624,-41,1654780559016893,1654780559016893,
300833b2ddd9014000030008,1,1,3636,-45,1654780559017961,1654780559017961,
300833b2ddd9014000030002,1,1,392,-53,1654780559019031,1654780559019031,
300833b2ddd9014000030009,1,1,2636,-41,1654780559023790,1654780559023790,
300833b2ddd9014000030008,1,1,3640,-45,1654780559025140,1654780559025140,
300833b2ddd9014000030001,1,1,2072,-52,1654780559026229,1654780559026229,
300833b2ddd9014000030002,1,1,384,-53,1654780559027627,1654780559027627,
300833b2ddd9014000030001,1,1,2068,-52,1654780559057582,1654780559057582,
300833b2ddd9014000030002,1,1,388,-53,1654780559059277,1654780559059277,
300833b2ddd9014000030008,1,1,3636,-46,1654780559060347,1654780559060347,
300833b2ddd9014000030009,1,1,2636,-41,1654780559061473,1654780559061473,
300833b2ddd9014000030008,1,1,3648,-45,1654780559065572,1654780559065572,
300833b2ddd9014000030002,1,1,396,-53,1654780559066641,1654780559066641,
300833b2ddd9014000030009,1,1,2620,-41,1654780559067968,1654780559067968,
300833b2ddd9014000030001,1,1,2060,-52,1654780559069681,1654780559069681,
300833b2ddd9014000030002,1,1,388,-53,1654780559101406,1654780559101406,
300833b2ddd9014000030009,1,1,2628,-41,1654780559102605,1654780559102605,
300833b2ddd9014000030008,1,1,3636,-46,1654780559103958,1654780559103958,
300833b2ddd9014000030001,1,1,2068,-52,1654780559105032,1654780559105032,
300833b2ddd9014000030002,1,1,412,-53,1654780559108471,1654780559108471,
300833b2ddd9014000030001,1,1,2072,-52,1654780559109578,1654780559109578,
300833b2ddd9014000030008,1,1,3684,-46,1654780559111130,1654780559111130,
300833b2ddd9014000030009,1,1,2620,-41,1654780559112172,1654780559112172,
300833b2ddd9014000030009,1,1,2628,-41,1654780559341991,1654780559341991,
300833b2ddd9014000030002,1,1,392,-53,1654780559343074,1654780559343074,
300833b2ddd9014000030001,1,1,2052,-52,1654780559344218,1654780559344218,
300833b2ddd9014000030008,1,1,3636,-46,1654780559346290,1654780559346290,
300833b2ddd9014000030002,1,1,392,-53,1654780559351648,1654780559351648,
300833b2ddd9014000030001,1,1,2064,-52,1654780559352764,1654780559352764,
300833b2ddd9014000030009,1,1,2644,-41,1654780559353819,1654780559353819,
300833b2ddd9014000030008,1,1,3640,-45,1654780559354959,1654780559354959,
300833b2ddd9014000030008,1,1,3632,-46,1654780559385316,1654780559385316,
300833b2ddd9014000030009,1,1,2648,-41,1654780559386388,1654780559386388,
300833b2ddd9014000030002,1,1,360,-53,1654780559387715,1654780559387715,
300833b2ddd9014000030001,1,1,2080,-52,1654780559388774,1654780559388774,
300833b2ddd9014000030008,1,1,3632,-46,1654780559393811,1654780559393811,
300833b2ddd9014000030009,1,1,2628,-41,1654780559395766,1654780559395766,
300833b2ddd9014000030002,1,1,376,-53,1654780559398831,1654780559398831,
300833b2ddd9014000030001,1,1,2068,-52,1654780559399918,1654780559399918,
300833b2ddd9014000030008,1,1,3656,-46,1654780559431110,1654780559431110,
300833b2ddd9014000030009,1,1,2632,-41,1654780559432361,1654780559432361,
300833b2ddd9014000030002,1,1,428,-53,1654780559435045,1654780559435045,
300833b2ddd9014000030001,1,1,2052,-52,1654780559436345,1654780559436345,
300833b2ddd9014000030008,1,1,3628,-46,1654780559440485,1654780559440485,
300833b2ddd9014000030009,1,1,2620,-41,1654780559441911,1654780559441911,
300833b2ddd9014000030002,1,1,364,-53,1654780559443632,1654780559443632,
300833b2ddd9014000030001,1,1,2032,-52,1654780559444704,1654780559444704,
300833b2ddd9014000030009,1,1,2652,-41,1654780559474428,1654780559474428,
300833b2ddd9014000030008,1,1,3640,-46,1654780559475511,1654780559475511,
300833b2ddd9014000030002,1,1,376,-53,1654780559476539,1654780559476539,
300833b2ddd9014000030001,1,1,2076,-52,1654780559477866,1654780559477866,
300833b2ddd9014000030009,1,1,2616,-41,1654780559483385,1654780559483385,
300833b2ddd9014000030001,1,1,2060,-52,1654780559485038,1654780559485038,
300833b2ddd9014000030002,1,1,376,-53,1654780559486125,1654780559486125,
300833b2ddd9014000030008,1,1,3632,-46,1654780559487150,1654780559487150,
300833b2ddd9014000030008,1,1,3644,-46,1654780559518828,1654780559518828,
300833b2ddd9014000030009,1,1,2624,-41,1654780559519929,1654780559519929,
300833b2ddd9014000030001,1,1,2064,-51,1654780559522036,1654780559522036,
300833b2ddd9014000030002,1,1,372,-54,1654780559523248,1654780559523248,
300833b2ddd9014000030009,1,1,2620,-41,1654780559526283,1654780559526283,
300833b2ddd9014000030001,1,1,2008,-52,1654780559527415,1654780559527415,
300833b2ddd9014000030002,1,1,404,-53,1654780559529448,1654780559529448,
300833b2ddd9014000030008,1,1,3636,-46,1654780559531526,1654780559531526,
300833b2ddd9014000030008,1,1,3636,-46,1654780559589782,1654780559589782,
300833b2ddd9014000030001,1,1,2064,-51,1654780559591268,1654780559591268,
300833b2ddd9014000030002,1,1,368,-54,1654780559592623,1654780559592623,
300833b2ddd9014000030001,1,1,2040,-52,1654780559595909,1654780559595909,
300833b2ddd9014000030009,1,1,2604,-41,1654780559597491,1654780559597491,
300833b2ddd9014000030008,1,1,3628,-46,1654780559598530,1654780559598530,
300833b2ddd9014000030002,1,1,420,-54,1654780559600110,1654780559600110,
300833b2ddd9014000030009,1,1,2620,-41,1654780559631366,1654780559631366,
300833b2ddd9014000030002,1,1,376,-54,1654780559633332,1654780559633332,
300833b2ddd9014000030001,1,1,2020,-52,1654780559634645,1654780559634645,
300833b2ddd9014000030008,1,1,3628,-46,1654780559635742,1654780559635742,
300833b2ddd9014000030008,1,1,3628,-46,1654780559641738,1654780559641738,
300833b2ddd9014000030002,1,1,416,-54,1654780559643151,1654780559643151,
300833b2ddd9014000030009,1,1,2620,-41,1654780559644262,1654780559644262,
300833b2ddd9014000030001,1,1,2072,-51,1654780559645352,1654780559645352,
300833b2ddd9014000030009,1,1,2636,-41,1654780559675908,1654780559675908,
300833b2ddd9014000030008,1,1,3636,-46,1654780559676992,1654780559676992,
300833b2ddd9014000030001,1,1,2052,-51,1654780559678080,1654780559678080,
300833b2ddd9014000030002,1,1,388,-54,1654780559680710,1654780559680710,
300833b2ddd9014000030008,1,1,3632,-46,1654780559684833,1654780559684833,
300833b2ddd9014000030001,1,1,2052,-51,1654780559685921,1654780559685921,
300833b2ddd9014000030002,1,1,388,-54,1654780559687018,1654780559687018,
300833b2ddd9014000030009,1,1,2616,-41,1654780559688075,1654780559688075,
300833b2ddd9014000030009,1,1,2608,-41,1654780559719701,1654780559719701,
300833b2ddd9014000030008,1,1,3612,-46,1654780559720814,1654780559720814,
300833b2ddd9014000030001,1,1,2068,-51,1654780559722200,1654780559722200,
300833b2ddd9014000030002,1,1,396,-54,1654780559723327,1654780559723327,
300833b2ddd9014000030008,1,1,3628,-46,1654780559728471,1654780559728471,
300833b2ddd9014000030009,1,1,2628,-41,1654780559730167,1654780559730167,
300833b2ddd9014000030002,1,1,356,-54,1654780559731197,1654780559731197,
300833b2ddd9014000030001,1,1,2032,-51,1654780559732881,1654780559732881,
300833b2ddd9014000030002,1,1,396,-54,1654780559763175,1654780559763175,
300833b2ddd9014000030009,1,1,2616,-41,1654780559765964,1654780559765964,
300833b2ddd9014000030001,1,1,2012,-51,1654780559767166,1654780559767166,
300833b2ddd9014000030008,1,1,3620,-46,1654780559769878,1654780559769878,
300833b2ddd9014000030009,1,1,2624,-41,1654780559771187,1654780559771187,
300833b2ddd9014000030001,1,1,2048,-51,1654780559772321,1654780559772321,
300833b2ddd9014000030002,1,1,392,-54,1654780559773630,1654780559773630,
300833b2ddd9014000030009,1,1,2620,-41,1654780559805269,1654780559805269,
300833b2ddd9014000030002,1,1,368,-54,1654780559806607,1654780559806607,
300833b2ddd9014000030001,1,1,2016,-51,1654780559807694,1654780559807694,
300833b2ddd9014000030008,1,1,3636,-46,1654780559813045,1654780559813045,
300833b2ddd9014000030002,1,1,388,-54,1654780559814086,1654780559814086,
300833b2ddd9014000030009,1,1,2616,-41,1654780559815128,1654780559815128,
300833b2ddd9014000030001,1,1,2040,-51,1654780559818144,1654780559818144,
300833b2ddd9014000030008,1,1,3616,-46,1654780559848399,1654780559848399,
300833b2ddd9014000030001,1,1,2056,-51,1654780559849516,1654780559849516,
300833b2ddd9014000030009,1,1,2616,-41,1654780559851095,1654780559851095,
300833b2ddd9014000030002,1,1,356,-55,1654780559852775,1654780559852775,
300833b2ddd9014000030008,1,1,3620,-46,1654780559857080,1654780559857080,
300833b2ddd9014000030009,1,1,2620,-41,1654780559858421,1654780559858421,
300833b2ddd9014000030001,1,1,2024,-51,1654780559859749,1654780559859749,
300833b2ddd9014000030002,1,1,388,-54,1654780559860789,1654780559860789,
300833b2ddd9014000030001,1,1,2008,-51,1654780559893862,1654780559893862,
300833b2ddd9014000030008,1,1,3624,-46,1654780559894977,1654780559894977,
300833b2ddd9014000030002,1,1,340,-54,1654780559896455,1654780559896455,
300833b2ddd9014000030009,1,1,2620,-41,1654780559900536,1654780559900536,
300833b2ddd9014000030008,1,1,3620,-46,1654780559902272,1654780559902272,
300833b2ddd9014000030001,1,1,2044,-51,1654780559903318,1654780559903318,
300833b2ddd9014000030002,1,1,396,-53,1654780559905316,1654780559905316,
300833b2ddd9014000030009,1,1,2620,-41,1654780559937001,1654780559937001,
300833b2ddd9014000030002,1,1,348,-54,1654780559938099,1654780559938099,
300833b2ddd9014000030001,1,1,2036,-51,1654780559939922,1654780559939922,
300833b2ddd9014000030008,1,1,3616,-46,1654780559941105,1654780559941105,
300833b2ddd9014000030001,1,1,2060,-51,1654780559945485,1654780559945485,
300833b2ddd9014000030002,1,1,356,-54,1654780559946782,1654780559946782,
300833b2ddd9014000030008,1,1,3612,-46,1654780559948119,1654780559948119,
300833b2ddd9014000030009,1,1,2616,-41,1654780559949175,1654780559949175,
300833b2ddd9014000030008,1,1,3600,-46,1654780559982790,1654780559982790,
300833b2ddd9014000030009,1,1,2612,-41,1654780559984325,1654780559984325,
300833b2ddd9014000030001,1,1,2036,-51,1654780559987106,1654780559987106,
300833b2ddd9014000030002,1,1,340,-54,1654780559988146,1654780559988146,
300833b2ddd9014000030002,1,1,368,-54,1654780559991139,1654780559991139,
300833b2ddd9014000030008,1,1,3604,-46,1654780559992463,1654780559992463,
300833b2ddd9014000030009,1,1,2628,-41,1654780559994015,1654780559994015,
300833b2ddd9014000030001,1,1,2024,-51,1654780559995941,1654780559995941,
300833b2ddd9014000030008,1,1,3608,-46,1654780560026908,1654780560026908,
300833b2ddd9014000030002,1,1,392,-54,1654780560027991,1654780560027991,
300833b2ddd9014000030009,1,1,2608,-41,1654780560029604,1654780560029604,
300833b2ddd9014000030001,1,1,2068,-51,1654780560030991,1654780560030991,
300833b2ddd9014000030002,1,1,388,-54,1654780560035202,1654780560035202,
300833b2ddd9014000030009,1,1,2616,-41,1654780560036513,1654780560036513,
300833b2ddd9014000030001,1,1,2040,-51,1654780560038127,1654780560038127,
300833b2ddd9014000030008,1,1,3600,-46,1654780560039139,1654780560039139,
300833b2ddd9014000030009,1,1,2616,-41,1654780560070608,1654780560070608,
300833b2ddd9014000030008,1,1,3628,-46,1654780560072546,1654780560072546,
300833b2ddd9014000030002,1,1,364,-54,1654780560073617,1654780560073617,
300833b2ddd9014000030001,1,1,2024,-51,1654780560074676,1654780560074676,
300833b2ddd9014000030002,1,1,384,-54,1654780560078263,1654780560078263,
300833b2ddd9014000030009,1,1,2616,-40,1654780560079347,1654780560079347,
300833b2ddd9014000030008,1,1,3624,-46,1654780560080879,1654780560080879,
300833b2ddd9014000030001,1,1,2032,-51,1654780560082012,1654780560082012,
300833b2ddd9014000030008,1,1,3616,-46,1654780560113667,1654780560113667,
300833b2ddd9014000030001,1,1,2060,-51,1654780560114785,1654780560114785,
300833b2ddd9014000030002,1,1,364,-54,1654780560116138,1654780560116138,
300833b2ddd9014000030009,1,1,2612,-41,1654780560117223,1654780560117223,
300833b2ddd9014000030009,1,1,2612,-41,1654780560122227,1654780560122227,
300833b2ddd9014000030002,1,1,364,-54,1654780560123807,1654780560123807,
300833b2ddd9014000030008,1,1,3620,-46,1654780560125143,1654780560125143,
300833b2ddd9014000030001,1,1,2024,-51,1654780560126192,1654780560126192,
300833b2ddd9014000030008,1,1,3616,-46,1654780560158501,1654780560158501,
300833b2ddd9014000030009,1,1,2620,-41,1654780560159784,1654780560159784,
300833b2ddd9014000030001,1,1,2032,-51,1654780560161111,1654780560161111,
300833b2ddd9014000030002,1,1,360,-53,1654780560163905,1654780560163905,
300833b2ddd9014000030008,1,1,3644,-46,1654780560167016,1654780560167016,
300833b2ddd9014000030009,1,1,2616,-41,1654780560168101,1654780560168101,
300833b2ddd9014000030001,1,1,2032,-51,1654780560169174,1654780560169174,
300833b2ddd9014000030002,1,1,360,-54,1654780560170784,1654780560170784,
300833b2ddd9014000030002,1,1,368,-54,1654780560203161,1654780560203161,
300833b2ddd9014000030008,1,1,3624,-46,1654780560204861,1654780560204861,
300833b2ddd9014000030009,1,1,2616,-41,1654780560206216,1654780560206216,
300833b2ddd9014000030001,1,1,2052,-51,1654780560207446,1654780560207446,
300833b2ddd9014000030002,1,1,336,-54,1654780560210569,1654780560210569,
300833b2ddd9014000030008,1,1,3616,-46,1654780560211606,1654780560211606,
300833b2ddd9014000030009,1,1,2628,-41,1654780560213401,1654780560213401,
300833b2ddd9014000030001,1,1,2032,-51,1654780560215112,1654780560215112,
300833b2ddd9014000030009,1,1,2608,-41,1654780560246758,1654780560246758,
300833b2ddd9014000030002,1,1,356,-54,1654780560248980,1654780560248980,
300833b2ddd9014000030008,1,1,3616,-46,1654780560250087,1654780560250087,
300833b2ddd9014000030001,1,1,2048,-51,1654780560251535,1654780560251535,
300833b2ddd9014000030002,1,1,360,-54,1654780560254866,1654780560254866,
300833b2ddd9014000030009,1,1,2620,-41,1654780560256519,1654780560256519,
300833b2ddd9014000030001,1,1,2040,-51,1654780560257847,1654780560257847,
300833b2ddd9014000030008,1,1,3604,-46,1654780560259543,1654780560259543,
300833b2ddd9014000030002,1,1,368,-54,1654780560290862,1654780560290862,
300833b2ddd9014000030009,1,1,2636,-41,1654780560292539,1654780560292539,
300833b2ddd9014000030008,1,1,3636,-46,1654780560294447,1654780560294447,
300833b2ddd9014000030001,1,1,2004,-51,1654780560295721,1654780560295721,
300833b2ddd9014000030008,1,1,3620,-46,1654780560298742,1654780560298742,
300833b2ddd9014000030002,1,1,368,-54,1654780560299811,1654780560299811,
300833b2ddd9014000030001,1,1,2040,-51,1654780560301835,1654780560301835,
300833b2ddd9014000030009,1,1,2624,-41,1654780560302948,1654780560302948,
300833b2ddd9014000030008,1,1,3628,-46,1654780560334944,1654780560334944,
300833b2ddd9014000030009,1,1,2620,-41,1654780560336028,1654780560336028,
300833b2ddd9014000030001,1,1,2056,-51,1654780560338718,1654780560338718,
300833b2ddd9014000030002,1,1,312,-53,1654780560339830,1654780560339830,
300833b2ddd9014000030008,1,1,3620,-46,1654780560343433,1654780560343433,
300833b2ddd9014000030009,1,1,2632,-41,1654780560344788,1654780560344788,
300833b2ddd9014000030001,1,1,2016,-51,1654780560346102,1654780560346102,
300833b2ddd9014000030002,1,1,352,-54,1654780560347171,1654780560347171,
300833b2ddd9014000030002,1,1,312,-54,1654780560378614,1654780560378614,
300833b2ddd9014000030009,1,1,2612,-41,1654780560380550,1654780560380550,
300833b2ddd9014000030001,1,1,2052,-52,1654780560381694,1654780560381694,
300833b2ddd9014000030008,1,1,3620,-46,1654780560382749,1654780560382749,
300833b2ddd9014000030001,1,1,1940,-51,1654780560386484,1654780560386484,
300833b2ddd9014000030008,1,1,3620,-46,1654780560387789,1654780560387789,
300833b2ddd9014000030009,1,1,2612,-41,1654780560389300,1654780560389300,
300833b2ddd9014000030002,1,1,332,-53,1654780560391208,1654780560391208,
300833b2ddd9014000030008,1,1,3616,-46,1654780560422050,1654780560422050,
300833b2ddd9014000030001,1,1,2032,-51,1654780560423111,1654780560423111,
300833b2ddd9014000030009,1,1,2608,-41,1654780560424182,1654780560424182,
300833b2ddd9014000030002,1,1,348,-54,1654780560427510,1654780560427510,
300833b2ddd9014000030008,1,1,3620,-46,1654780560430525,1654780560430525,
300833b2ddd9014000030002,1,1,380,-54,1654780560433368,1654780560433368,
300833b2ddd9014000030009,1,1,2616,-41,1654780560434467,1654780560434467,
300833b2ddd9014000030001,1,1,2016,-51,1654780560435683,1654780560435683,
300833b2ddd9014000030001,1,1,2028,-51,1654780560466414,1654780560466414,
300833b2ddd9014000030008,1,1,3616,-46,1654780560467823,1654780560467823,
300833b2ddd9014000030009,1,1,2608,-41,1654780560468938,1654780560468938,
300833b2ddd9014000030002,1,1,360,-54,1654780560470446,1654780560470446,
300833b2ddd9014000030001,1,1,2012,-51,1654780560473506,1654780560473506,
300833b2ddd9014000030002,1,1,328,-54,1654780560476308,1654780560476308,
300833b2ddd9014000030009,1,1,2628,-41,1654780560477392,1654780560477392,
300833b2ddd9014000030008,1,1,3616,-46,1654780560478575,1654780560478575,
300833b2ddd9014000030008,1,1,3628,-46,1654780560509424,1654780560509424,
300833b2ddd9014000030001,1,1,2040,-51,1654780560510529,1654780560510529,
300833b2ddd9014000030009,1,1,2612,-41,1654780560512818,1654780560512818,
300833b2ddd9014000030002,1,1,352,-54,1654780560514542,1654780560514542,
300833b2ddd9014000030001,1,1,2024,-51,1654780560526561,1654780560526561,
300833b2ddd9014000030009,1,1,2620,-41,1654780560527631,1654780560527631,
300833b2ddd9014000030008,1,1,3620,-46,1654780560528711,1654780560528711,
300833b2ddd9014000030002,1,1,372,-54,1654780560529826,1654780560529826,
300833b2ddd9014000030002,1,1,380,-53,1654780560560660,1654780560560660,
300833b2ddd9014000030009,1,1,2620,-41,1654780560561759,1654780560561759,
300833b2ddd9014000030008,1,1,3600,-46,1654780560564877,1654780560564877,
300833b2ddd9014000030001,1,1,2048,-51,1654780560566348,1654780560566348,
300833b2ddd9014000030009,1,1,2616,-41,1654780560569184,1654780560569184,
300833b2ddd9014000030008,1,1,3624,-46,1654780560570721,1654780560570721,
300833b2ddd9014000030001,1,1,2008,-51,1654780560572546,1654780560572546,
300833b2ddd9014000030002,1,1,368,-53,1654780560573762,1654780560573762,
300833b2ddd9014000030009,1,1,2616,-41,1654780560605102,1654780560605102,
300833b2ddd9014000030001,1,1,2068,-51,1654780560606163,1654780560606163,
300833b2ddd9014000030008,1,1,3640,-46,1654780560607302,1654780560607302,
300833b2ddd9014000030002,1,1,396,-53,1654780560610188,1654780560610188,
300833b2ddd9014000030001,1,1,2032,-51,1654780560613811,1654780560613811,
300833b2ddd9014000030002,1,1,376,-54,1654780560615391,1654780560615391,
300833b2ddd9014000030009,1,1,2620,-41,1654780560616689,1654780560616689,
300833b2ddd9014000030008,1,1,3632,-46,1654780560617772,1654780560617772,
300833b2ddd9014000030008,1,1,3644,-46,1654780560650392,1654780560650392,
300833b2ddd9014000030009,1,1,2632,-41,1654780560651462,1654780560651462,
300833b2ddd9014000030002,1,1,352,-53,1654780560653158,1654780560653158,
300833b2ddd9014000030001,1,1,2012,-51,1654780560654272,1654780560654272,
300833b2ddd9014000030001,1,1,2024,-51,1654780560657251,1654780560657251,
300833b2ddd9014000030002,1,1,392,-53,1654780560659440,1654780560659440,
300833b2ddd9014000030009,1,1,2644,-41,1654780560660512,1654780560660512,
300833b2ddd9014000030008,1,1,3608,-46,1654780560662008,1654780560662008,
300833b2ddd9014000030001,1,1,2044,-51,1654780560691920,1654780560691920,
300833b2ddd9014000030002,1,1,372,-53,1654780560693842,1654780560693842,
300833b2ddd9014000030009,1,1,2632,-41,1654780560694884,1654780560694884,
300833b2ddd9014000030008,1,1,3628,-46,1654780560696580,1654780560696580,
300833b2ddd9014000030009,1,1,2620,-41,1654780560700581,1654780560700581,
300833b2ddd9014000030002,1,1,384,-53,1654780560701712,1654780560701712,
300833b2ddd9014000030008,1,1,3592,-46,1654780560702837,1654780560702837,
300833b2ddd9014000030001,1,1,1988,-51,1654780560704339,1654780560704339,
300833b2ddd9014000030008,1,1,3620,-46,1654780560734579,1654780560734579,
300833b2ddd9014000030002,1,1,412,-53,1654780560735692,1654780560735692,
300833b2ddd9014000030001,1,1,2048,-52,1654780560737233,1654780560737233,
300833b2ddd9014000030009,1,1,2640,-41,1654780560738599,1654780560738599,
300833b2ddd9014000030002,1,1,360,-53,1654780560742789,1654780560742789,
300833b2ddd9014000030008,1,1,3608,-46,1654780560744069,1654780560744069,
300833b2ddd9014000030009,1,1,2616,-41,1654780560745169,1654780560745169,
300833b2ddd9014000030001,1,1,2020,-52,1654780560747858,1654780560747858,
300833b2ddd9014000030001,1,1,2000,-52,1654780560778772,1654780560778772,
300833b2ddd9014000030009,1,1,2640,-41,1654780560780482,1654780560780482,
300833b2ddd9014000030008,1,1,3608,-46,1654780560784733,1654780560784733,
300833b2ddd9014000030009,1,1,2628,-41,1654780560785790,1654780560785790,
300833b2ddd9014000030001,1,1,2032,-52,1654780560787118,1654780560787118,
300833b2ddd9014000030002,1,1,348,-54,1654780560788414,1654780560788414,
300833b2ddd9014000030009,1,1,2640,-41,1654780560820974,1654780560820974,
300833b2ddd9014000030008,1,1,3592,-46,1654780560822073,1654780560822073,
300833b2ddd9014000030001,1,1,2016,-52,1654780560823430,1654780560823430,
300833b2ddd9014000030002,1,1,380,-53,1654780560824656,1654780560824656,
300833b2ddd9014000030001,1,1,1984,-52,1654780560828083,1654780560828083,
300833b2ddd9014000030009,1,1,2648,-41,1654780560829499,1654780560829499,
300833b2ddd9014000030008,1,1,3580,-46,1654780560830596,1654780560830596,
300833b2ddd9014000030002,1,1,352,-53,1654780560831711,1654780560831711,
300833b2ddd9014000030008,1,1,3576,-46,1654780560862316,1654780560862316,
300833b2ddd9014000030009,1,1,2640,-41,1654780560863429,1654780560863429,
300833b2ddd9014000030002,1,1,372,-53,1654780560864992,1654780560864992,
300833b2ddd9014000030001,1,1,1976,-53,1654780560866025,1654780560866025,
300833b2ddd9014000030009,1,1,2652,-41,1654780560871439,1654780560871439,
300833b2ddd9014000030008,1,1,3584,-46,1654780560873130,1654780560873130,
300833b2ddd9014000030002,1,1,340,-53,1654780560874631,1654780560874631,
300833b2ddd9014000030001,1,1,1992,-53,1654780560876117,1654780560876117,
300833b2ddd9014000030009,1,1,2676,-41,1654780560906984,1654780560906984,
300833b2ddd9014000030001,1,1,1956,-53,1654780560908075,1654780560908075,
300833b2ddd9014000030002,1,1,356,-52,1654780560909386,1654780560909386,
300833b2ddd9014000030008,1,1,3568,-46,1654780560910597,1654780560910597,
300833b2ddd9014000030008,1,1,3560,-46,1654780560914739,1654780560914739,
300833b2ddd9014000030002,1,1,336,-52,1654780560915851,1654780560915851,
300833b2ddd9014000030009,1,1,2668,-41,1654780560917162,1654780560917162,
300833b2ddd9014000030001,1,1,2048,-53,1654780560918380,1654780560918380,
300833b2ddd9014000030001,1,1,1916,-54,1654780560949896,1654780560949896,
300833b2ddd9014000030009,1,1,2680,-41,1654780560950939,1654780560950939,
300833b2ddd9014000030008,1,1,3572,-46,1654780560952051,1654780560952051,
300833b2ddd9014000030002,1,1,296,-52,1654780560953250,1654780560953250,
300833b2ddd9014000030008,1,1,3576,-46,1654780560956212,1654780560956212,
300833b2ddd9014000030001,1,1,1904,-54,1654780560957555,1654780560957555,
300833b2ddd9014000030009,1,1,2680,-41,1654780560959079,1654780560959079,
300833b2ddd9014000030002,1,1,328,-52,1654780560960162,1654780560960162,
300833b2ddd9014000030008,1,1,3560,-46,1654780560991606,1654780560991606,
300833b2ddd9014000030002,1,1,316,-51,1654780560993146,1654780560993146,
300833b2ddd9014000030009,1,1,2700,-41,1654780560994202,1654780560994202,
300833b2ddd9014000030001,1,1,1832,-55,1654780560996638,1654780560996638,
300833b2ddd9014000030002,1,1,320,-51,1654780561000245,1654780561000245,
300833b2ddd9014000030001,1,1,1820,-55,1654780561001347,1654780561001347,
300833b2ddd9014000030009,1,1,2704,-41,1654780561002614,1654780561002614,
300833b2ddd9014000030008,1,1,3540,-46,1654780561004180,1654780561004180,
300833b2ddd9014000030009,1,1,2720,-41,1654780561036076,1654780561036076,
300833b2ddd9014000030008,1,1,3532,-46,1654780561037400,1654780561037400,
300833b2ddd9014000030002,1,1,300,-50,1654780561038965,1654780561038965,
300833b2ddd9014000030001,1,1,1732,-56,1654780561041277,1654780561041277,
300833b2ddd9014000030002,1,1,292,-50,1654780561045589,1654780561045589,
300833b2ddd9014000030008,1,1,3528,-46,1654780561046643,1654780561046643,
300833b2ddd9014000030009,1,1,2732,-41,1654780561048721,1654780561048721,
300833b2ddd9014000030001,1,1,1656,-57,1654780561050164,1654780561050164,
300833b2ddd9014000030009,1,1,2772,-42,1654780561081265,1654780561081265,
300833b2ddd9014000030008,1,1,3500,-45,1654780561082363,1654780561082363,
300833b2ddd9014000030002,1,1,284,-50,1654780561084412,1654780561084412,
300833b2ddd9014000030001,1,1,1452,-56,1654780561085640,1654780561085640,
300833b2ddd9014000030008,1,1,3484,-45,1654780561090223,1654780561090223,
300833b2ddd9014000030002,1,1,276,-50,1654780561091305,1654780561091305,
300833b2ddd9014000030009,1,1,2764,-42,1654780561092644,1654780561092644,
300833b2ddd9014000030001,1,1,1448,-57,1654780561095451,1654780561095451,
300833b2ddd9014000030008,1,1,3472,-45,1654780561125344,1654780561125344,
300833b2ddd9014000030009,1,1,2764,-42,1654780561126444,1654780561126444,
300833b2ddd9014000030001,1,1,1232,-56,1654780561128539,1654780561128539,
300833b2ddd9014000030002,1,1,268,-49,1654780561129594,1654780561129594,
300833b2ddd9014000030009,1,1,2796,-42,1654780561135020,1654780561135020,
300833b2ddd9014000030008,1,1,3464,-45,1654780561136074,1654780561136074,
300833b2ddd9014000030001,1,1,1176,-56,1654780561137847,1654780561137847,
300833b2ddd9014000030002,1,1,260,-49,1654780561138901,1654780561138901,
300833b2ddd9014000030001,1,1,1148,-56,1654780561168639,1654780561168639,
300833b2ddd9014000030009,1,1,2796,-43,1654780561170217,1654780561170217,
300833b2ddd9014000030008,1,1,3432,-44,1654780561171317,1654780561171317,
300833b2ddd9014000030002,1,1,260,-49,1654780561173239,1654780561173239,
300833b2ddd9014000030008,1,1,3420,-44,1654780561177353,1654780561177353,
300833b2ddd9014000030009,1,1,2800,-43,1654780561178438,1654780561178438,
300833b2ddd9014000030002,1,1,260,-48,1654780561180500,1654780561180500,
300833b2ddd9014000030001,1,1,1016,-55,1654780561181974,1654780561181974,
300833b2ddd9014000030009,1,1,2792,-43,1654780561213233,1654780561213233,
300833b2ddd9014000030001,1,1,992,-55,1654780561214307,1654780561214307,
300833b2ddd9014000030002,1,1,228,-48,1654780561215660,1654780561215660,
300833b2ddd9014000030008,1,1,3388,-44,1654780561216771,1654780561216771,
300833b2ddd9014000030001,1,1,980,-55,1654780561222005,1654780561222005,
300833b2ddd9014000030002,1,1,256,-48,1654780561223712,1654780561223712,
300833b2ddd9014000030008,1,1,3376,-44,1654780561224799,1654780561224799,
300833b2ddd9014000030009,1,1,2812,-44,1654780561225884,1654780561225884,
300833b2ddd9014000030008,1,1,3348,-43,1654780561263740,1654780561263740,
300833b2ddd9014000030001,1,1,912,-54,1654780561265170,1654780561265170,
300833b2ddd9014000030001,1,1,896,-54,1654780561268800,1654780561268800,
300833b2ddd9014000030008,1,1,3352,-43,1654780561270486,1654780561270486,
300833b2ddd9014000030009,1,1,2804,-45,1654780561271900,1654780561271900,
300833b2ddd9014000030002,1,1,212,-47,1654780561273042,1654780561273042,
300833b2ddd9014000030008,1,1,3332,-43,1654780561302780,1654780561302780,
300833b2ddd9014000030001,1,1,836,-54,1654780561304320,1654780561304320,
300833b2ddd9014000030002,1,1,212,-47,1654780561305641,1654780561305641,
300833b2ddd9014000030009,1,1,2780,-46,1654780561306956,1654780561306956,
300833b2ddd9014000030008,1,1,3316,-43,1654780561311834,1654780561311834,
300833b2ddd9014000030009,1,1,2804,-46,1654780561313090,1654780561313090,
300833b2ddd9014000030002,1,1,192,-47,1654780561314215,1654780561314215,
300833b2ddd9014000030001,1,1,784,-54,1654780561315317,1654780561315317,
300833b2ddd9014000030002,1,1,208,-47,1654780561346566,1654780561346566,
300833b2ddd9014000030008,1,1,3300,-43,1654780561347776,1654780561347776,
300833b2ddd9014000030001,1,1,712,-54,1654780561348838,1654780561348838,
300833b2ddd9014000030008,1,1,3296,-43,1654780561352649,1654780561352649,
300833b2ddd9014000030001,1,1,740,-54,1654780561353739,1654780561353739,
300833b2ddd9014000030009,1,1,2736,-47,1654780561354837,1654780561354837,
300833b2ddd9014000030002,1,1,180,-47,1654780561356176,1654780561356176,
300833b2ddd9014000030008,1,1,3284,-42,1654780561388030,1654780561388030,
300833b2ddd9014000030001,1,1,684,-54,1654780561389617,1654780561389617,
300833b2ddd9014000030002,1,1,156,-47,1654780561392749,1654780561392749,
300833b2ddd9014000030009,1,1,2652,-48,1654780561393834,1654780561393834,
300833b2ddd9014000030002,1,1,168,-47,1654780561396845,1654780561396845,
300833b2ddd9014000030009,1,1,2660,-48,1654780561398141,1654780561398141,
300833b2ddd9014000030001,1,1,656,-54,1654780561399229,1654780561399229,
300833b2ddd9014000030008,1,1,3272,-42,1654780561400523,1654780561400523,
300833b2ddd9014000030009,1,1,2612,-48,1654780561431856,1654780561431856,
300833b2ddd9014000030001,1,1,688,-55,1654780561432973,1654780561432973,
300833b2ddd9014000030008,1,1,3280,-42,1654780561434267,1654780561434267,
300833b2ddd9014000030002,1,1,184,-47,1654780561435891,1654780561435891,
300833b2ddd9014000030002,1,1,176,-47,1654780561442480,1654780561442480,
300833b2ddd9014000030008,1,1,3288,-42,1654780561443564,1654780561443564,
300833b2ddd9014000030009,1,1,2556,-48,1654780561444805,1654780561444805,
300833b2ddd9014000030001,1,1,712,-55,1654780561446037,1654780561446037,
300833b2ddd9014000030002,1,1,200,-47,1654780561475946,1654780561475946,
300833b2ddd9014000030008,1,1,3280,-42,1654780561477031,1654780561477031,
300833b2ddd9014000030001,1,1,748,-56,1654780561479992,1654780561479992,
300833b2ddd9014000030009,1,1,2512,-47,1654780561481274,1654780561481274,
300833b2ddd9014000030008,1,1,3304,-42,1654780561484902,1654780561484902,
300833b2ddd9014000030001,1,1,792,-56,1654780561486216,1654780561486216,
300833b2ddd9014000030009,1,1,2516,-48,1654780561488066,1654780561488066,
300833b2ddd9014000030002,1,1,200,-47,1654780561489307,1654780561489307,
300833b2ddd9014000030009,1,1,2552,-47,1654780561520396,1654780561520396,
300833b2ddd9014000030002,1,1,240,-47,1654780561521674,1654780561521674,
300833b2ddd9014000030008,1,1,3312,-42,1654780561522803,1654780561522803,
300833b2ddd9014000030001,1,1,888,-57,1654780561525822,1654780561525822,
300833b2ddd9014000030001,1,1,824,-57,1654780561529354,1654780561529354,
300833b2ddd9014000030008,1,1,3320,-42,1654780561530820,1654780561530820,
300833b2ddd9014000030009,1,1,2560,-47,1654780561532161,1654780561532161,
300833b2ddd9014000030002,1,1,256,-47,1654780561533868,1654780561533868,
300833b2ddd9014000030008,1,1,3340,-42,1654780561563690,1654780561563690,
300833b2ddd9014000030001,1,1,996,-58,1654780561565646,1654780561565646,
300833b2ddd9014000030009,1,1,2600,-47,1654780561568990,1654780561568990,
300833b2ddd9014000030002,1,1,288,-47,1654780561570202,1654780561570202,
300833b2ddd9014000030009,1,1,2624,-47,1654780561574458,1654780561574458,
300833b2ddd9014000030001,1,1,1032,-58,1654780561575574,1654780561575574,
300833b2ddd9014000030002,1,1,292,-48,1654780561576599,1654780561576599,
300833b2ddd9014000030008,1,1,3348,-42,1654780561578180,1654780561578180,
300833b2ddd9014000030002,1,1,340,-48,1654780561609909,1654780561609909,
300833b2ddd9014000030008,1,1,3368,-42,1654780561611474,1654780561611474,
300833b2ddd9014000030009,1,1,2660,-47,1654780561613719,1654780561613719,
300833b2ddd9014000030001,1,1,1260,-58,1654780561615887,1654780561615887,
300833b2ddd9014000030008,1,1,3380,-42,1654780561619175,1654780561619175,
300833b2ddd9014000030002,1,1,348,-48,1654780561620629,1654780561620629,
300833b2ddd9014000030009,1,1,2700,-47,1654780561621728,1654780561621728,
300833b2ddd9014000030001,1,1,1160,-58,1654780561622818,1654780561622818,
300833b2ddd9014000030008,1,1,3408,-42,1654780561656900,1654780561656900,
300833b2ddd9014000030001,1,1,1520,-58,1654780561658003,1654780561658003,
300833b2ddd9014000030002,1,1,412,-48,1654780561659340,1654780561659340,
300833b2ddd9014000030009,1,1,2784,-46,1654780561660568,1654780561660568,
300833b2ddd9014000030008,1,1,3400,-43,1654780561664269,1654780561664269,
300833b2ddd9014000030002,1,1,464,-48,1654780561665677,1654780561665677,
300833b2ddd9014000030001,1,1,1520,-58,1654780561666824,1654780561666824,
300833b2ddd9014000030009,1,1,2784,-46,1654780561667950,1654780561667950,
300833b2ddd9014000030002,1,1,504,-49,1654780561698290,1654780561698290,
300833b2ddd9014000030008,1,1,3436,-42,1654780561700226,1654780561700226,
300833b2ddd9014000030009,1,1,2876,-46,1654780561701551,1654780561701551,
300833b2ddd9014000030001,1,1,1788,-56,1654780561703011,1654780561703011,
300833b2ddd9014000030008,1,1,3448,-42,1654780561706246,1654780561706246,
300833b2ddd9014000030009,1,1,2860,-46,1654780561708238,1654780561708238,
300833b2ddd9014000030002,1,1,500,-49,1654780561709350,1654780561709350,
300833b2ddd9014000030001,1,1,1844,-56,1654780561710826,1654780561710826,
300833b2ddd9014000030009,1,1,2900,-45,1654780561740734,1654780561740734,
300833b2ddd9014000030001,1,1,1916,-54,1654780561741810,1654780561741810,
300833b2ddd9014000030002,1,1,564,-49,1654780561742879,1654780561742879,
300833b2ddd9014000030008,1,1,3476,-42,1654780561744911,1654780561744911,
300833b2ddd9014000030009,1,1,2908,-45,1654780561749319,1654780561749319,
300833b2ddd9014000030008,1,1,3480,-42,1654780561751257,1654780561751257,
300833b2ddd9014000030002,1,1,548,-49,1654780561752582,1654780561752582,
300833b2ddd9014000030001,1,1,1920,-54,1654780561754053,1654780561754053,
300833b2ddd9014000030002,1,1,580,-49,1654780561783782,1654780561783782,
300833b2ddd9014000030008,1,1,3500,-42,1654780561784890,1654780561784890,
300833b2ddd9014000030009,1,1,2944,-44,1654780561786459,1654780561786459,
300833b2ddd9014000030001,1,1,1956,-53,1654780561787787,1654780561787787,
300833b2ddd9014000030009,1,1,2940,-44,1654780561792734,1654780561792734,
300833b2ddd9014000030008,1,1,3488,-42,1654780561793802,1654780561793802,
300833b2ddd9014000030001,1,1,1980,-52,1654780561795329,1654780561795329,
300833b2ddd9014000030002,1,1,592,-49,1654780561796783,1654780561796783,
300833b2ddd9014000030009,1,1,2944,-43,1654780561828116,1654780561828116,
300833b2ddd9014000030002,1,1,620,-49,1654780561830294,1654780561830294,
300833b2ddd9014000030008,1,1,3492,-42,1654780561831362,1654780561831362,
300833b2ddd9014000030001,1,1,1948,-51,1654780561832592,1654780561832592,
300833b2ddd9014000030002,1,1,636,-49,1654780561836134,1654780561836134,
300833b2ddd9014000030001,1,1,1932,-51,1654780561837590,1654780561837590,
300833b2ddd9014000030008,1,1,3492,-42,1654780561839539,1654780561839539,
300833b2ddd9014000030009,1,1,2924,-43,1654780561840666,1654780561840666,
300833b2ddd9014000030008,1,1,3508,-42,1654780561870763,1654780561870763,
300833b2ddd9014000030002,1,1,668,-49,1654780561871832,1654780561871832,
300833b2ddd9014000030001,1,1,1884,-50,1654780561873189,1654780561873189,
300833b2ddd9014000030009,1,1,2900,-42,1654780561874274,1654780561874274,
300833b2ddd9014000030009,1,1,2908,-42,1654780561880313,1654780561880313,
300833b2ddd9014000030008,1,1,3512,-42,1654780561881638,1654780561881638,
300833b2ddd9014000030001,1,1,1860,-50,1654780561882855,1654780561882855,
300833b2ddd9014000030002,1,1,672,-48,1654780561883954,1654780561883954,
300833b2ddd9014000030008,1,1,3492,-42,1654780561913840,1654780561913840,
300833b2ddd9014000030001,1,1,1788,-50,1654780561914913,1654780561914913,
300833b2ddd9014000030009,1,1,2836,-42,1654780561917624,1654780561917624,
300833b2ddd9014000030002,1,1,688,-49,1654780561918919,1654780561918919,
300833b2ddd9014000030008,1,1,3520,-42,1654780561922559,1654780561922559,
300833b2ddd9014000030009,1,1,2812,-41,1654780561923689,1654780561923689,
300833b2ddd9014000030001,1,1,1768,-49,1654780561925499,1654780561925499,
300833b2ddd9014000030002,1,1,680,-48,1654780561927835,1654780561927835,
300833b2ddd9014000030001,1,1,1680,-49,1654780561958366,1654780561958366,
300833b2ddd9014000030009,1,1,2768,-41,1654780561959890,1654780561959890,
300833b2ddd9014000030008,1,1,3496,-42,1654780561960987,1654780561960987,
300833b2ddd9014000030002,1,1,712,-49,1654780561962312,1654780561962312,
300833b2ddd9014000030001,1,1,1648,-50,1654780561965641,1654780561965641,
300833b2ddd9014000030002,1,1,732,-48,1654780561966779,1654780561966779,
300833b2ddd9014000030009,1,1,2748,-41,1654780561967839,1654780561967839,
300833b2ddd9014000030008,1,1,3492,-41,1654780561968922,1654780561968922,
300833b2ddd9014000030009,1,1,2680,-41,1654780562001356,1654780562001356,
300833b2ddd9014000030001,1,1,1584,-50,1654780562003067,1654780562003067,
300833b2ddd9014000030002,1,1,716,-48,1654780562004444,1654780562004444,
300833b2ddd9014000030008,1,1,3496,-41,1654780562005585,1654780562005585,
300833b2ddd9014000030008,1,1,3512,-41,1654780562008980,1654780562008980,
300833b2ddd9014000030001,1,1,1588,-50,1654780562010578,1654780562010578,
300833b2ddd9014000030002,1,1,732,-48,1654780562012228,1654780562012228,
300833b2ddd9014000030009,1,1,2676,-41,1654780562013315,1654780562013315,
300833b2ddd9014000030008,1,1,3516,-41,1654780562044831,1654780562044831,
300833b2ddd9014000030002,1,1,740,-48,1654780562045859,1654780562045859,
300833b2ddd9014000030009,1,1,2632,-40,1654780562047639,1654780562047639,
300833b2ddd9014000030002,1,1,728,-48,1654780562052049,1654780562052049,
300833b2ddd9014000030008,1,1,3508,-41,1654780562053401,1654780562053401,
300833b2ddd9014000030009,1,1,2608,-41,1654780562055480,1654780562055480,
300833b2ddd9014000030001,1,1,1520,-50,1654780562057178,1654780562057178,
300833b2ddd9014000030009,1,1,2588,-40,1654780562088067,1654780562088067,
300833b2ddd9014000030002,1,1,728,-48,1654780562089122,1654780562089122,
300833b2ddd9014000030008,1,1,3516,-41,1654780562091181,1654780562091181,
300833b2ddd9014000030001,1,1,1432,-50,1654780562092853,1654780562092853,
300833b2ddd9014000030001,1,1,1428,-50,1654780562096414,1654780562096414,
300833b2ddd9014000030008,1,1,3520,-41,1654780562097511,1654780562097511,
300833b2ddd9014000030002,1,1,716,-48,1654780562098821,1654780562098821,
300833b2ddd9014000030009,1,1,2576,-40,1654780562100388,1654780562100388,
300833b2ddd9014000030008,1,1,3520,-41,1654780562132289,1654780562132289,
300833b2ddd9014000030009,1,1,2556,-41,1654780562134183,1654780562134183,
300833b2ddd9014000030002,1,1,728,-47,1654780562135250,1654780562135250,
300833b2ddd9014000030002,1,1,732,-47,1654780562138689,1654780562138689,
300833b2ddd9014000030001,1,1,1372,-50,1654780562140247,1654780562140247,
300833b2ddd9014000030009,1,1,2540,-41,1654780562141391,1654780562141391,
300833b2ddd9014000030008,1,1,3516,-41,1654780562143297,1654780562143297,
300833b2ddd9014000030002,1,1,712,-47,1654780562174996,1654780562174996,
300833b2ddd9014000030009,1,1,2528,-41,1654780562177092,1654780562177092,
300833b2ddd9014000030008,1,1,3508,-41,1654780562178174,1654780562178174,
300833b2ddd9014000030001,1,1,1364,-50,1654780562181202,1654780562181202,
300833b2ddd9014000030002,1,1,712,-47,1654780562182300,1654780562182300,
300833b2ddd9014000030008,1,1,3528,-41,1654780562184093,1654780562184093,
300833b2ddd9014000030009,1,1,2508,-41,1654780562185208,1654780562185208,
300833b2ddd9014000030001,1,1,1324,-50,1654780562216868,1654780562216868,
300833b2ddd9014000030002,1,1,716,-47,1654780562218827,1654780562218827,
300833b2ddd9014000030008,1,1,3488,-41,1654780562220325,1654780562220325,
300833b2ddd9014000030009,1,1,2504,-41,1654780562221410,1654780562221410,
300833b2ddd9014000030002,1,1,712,-47,1654780562224592,1654780562224592,
300833b2ddd9014000030008,1,1,3512,-41,1654780562225708,1654780562225708,
300833b2ddd9014000030009,1,1,2508,-41,1654780562227517,1654780562227517,
300833b2ddd9014000030001,1,1,1376,-50,1654780562229184,1654780562229184,
300833b2ddd9014000030009,1,1,2500,-41,1654780562261076,1654780562261076,
300833b2ddd9014000030008,1,1,3520,-41,1654780562262158,1654780562262158,
300833b2ddd9014000030001,1,1,1344,-50,1654780562263602,1654780562263602,
300833b2ddd9014000030002,1,1,724,-47,1654780562264671,1654780562264671,
300833b2ddd9014000030002,1,1,696,-47,1654780562267389,1654780562267389,
300833b2ddd9014000030008,1,1,3500,-41,1654780562268727,1654780562268727,
300833b2ddd9014000030001,1,1,1324,-50,1654780562269782,1654780562269782,
300833b2ddd9014000030009,1,1,2500,-41,1654780562271367,1654780562271367,
300833b2ddd9014000030009,1,1,2488,-41,1654780562302847,1654780562302847,
300833b2ddd9014000030008,1,1,3512,-41,1654780562303915,1654780562303915,
300833b2ddd9014000030001,1,1,1312,-51,1654780562305978,1654780562305978,
300833b2ddd9014000030002,1,1,688,-47,1654780562307449,1654780562307449,
300833b2ddd9014000030002,1,1,700,-47,1654780562311558,1654780562311558,
300833b2ddd9014000030008,1,1,3520,-41,1654780562312585,1654780562312585,
300833b2ddd9014000030009,1,1,2500,-41,1654780562313671,1654780562313671,
300833b2ddd9014000030001,1,1,1304,-50,1654780562317215,1654780562317215,
300833b2ddd9014000030009,1,1,2492,-41,1654780562347165,1654780562347165,
300833b2ddd9014000030008,1,1,3520,-41,1654780562348881,1654780562348881,
300833b2ddd9014000030001,1,1,1304,-51,1654780562350221,1654780562350221,
300833b2ddd9014000030009,1,1,2484,-41,1654780562353757,1654780562353757,
300833b2ddd9014000030001,1,1,1292,-51,1654780562354829,1654780562354829,
300833b2ddd9014000030002,1,1,704,-47,1654780562356394,1654780562356394,
300833b2ddd9014000030008,1,1,3512,-41,1654780562357461,1654780562357461,
300833b2ddd9014000030001,1,1,1276,-51,1654780562588508,1654780562588508,
300833b2ddd9014000030002,1,1,716,-47,1654780562589844,1654780562589844,
300833b2ddd9014000030009,1,1,2484,-41,1654780562592415,1654780562592415,
300833b2ddd9014000030008,1,1,3528,-41,1654780562593479,1654780562593479,
300833b2ddd9014000030008,1,1,3528,-41,1654780562596222,1654780562596222,
300833b2ddd9014000030009,1,1,2472,-41,1654780562597550,1654780562597550,
300833b2ddd9014000030001,1,1,1260,-51,1654780562599359,1654780562599359,
300833b2ddd9014000030002,1,1,700,-47,1654780562600426,1654780562600426,
300833b2ddd9014000030001,1,1,1256,-51,1654780562631908,1654780562631908,
300833b2ddd9014000030009,1,1,2480,-41,1654780562633264,1654780562633264,
300833b2ddd9014000030008,1,1,3532,-41,1654780562634357,1654780562634357,
300833b2ddd9014000030002,1,1,704,-47,1654780562635656,1654780562635656,
300833b2ddd9014000030002,1,1,688,-47,1654780562640657,1654780562640657,
300833b2ddd9014000030008,1,1,3548,-41,1654780562642351,1654780562642351,
300833b2ddd9014000030009,1,1,2468,-41,1654780562643721,1654780562643721,
300833b2ddd9014000030001,1,1,1272,-51,1654780562644935,1654780562644935,
300833b2ddd9014000030008,1,1,3512,-41,1654780562674893,1654780562674893,
300833b2ddd9014000030002,1,1,708,-47,1654780562676274,1654780562676274,
300833b2ddd9014000030009,1,1,2460,-41,1654780562677603,1654780562677603,
300833b2ddd9014000030001,1,1,1276,-51,1654780562678944,1654780562678944,
300833b2ddd9014000030009,1,1,2468,-41,1654780562683631,1654780562683631,
300833b2ddd9014000030008,1,1,3536,-41,1654780562684728,1654780562684728,
300833b2ddd9014000030001,1,1,1296,-51,1654780562685845,1654780562685845,
300833b2ddd9014000030002,1,1,716,-47,1654780562686969,1654780562686969,
300833b2ddd9014000030002,1,1,704,-47,1654780562719194,1654780562719194,
300833b2ddd9014000030001,1,1,1276,-51,1654780562721106,1654780562721106,
300833b2ddd9014000030008,1,1,3528,-41,1654780562722188,1654780562722188,
300833b2ddd9014000030009,1,1,2472,-41,1654780562723288,1654780562723288,
300833b2ddd9014000030001,1,1,1264,-51,1654780562727180,1654780562727180,
300833b2ddd9014000030008,1,1,3528,-41,1654780562728232,1654780562728232,
300833b2ddd9014000030009,1,1,2464,-41,1654780562729859,1654780562729859,
300833b2ddd9014000030002,1,1,704,-47,1654780562732643,1654780562732643,
300833b2ddd9014000030001,1,1,1272,-51,1654780562762899,1654780562762899,
300833b2ddd9014000030002,1,1,700,-47,1654780562764039,1654780562764039,
300833b2ddd9014000030008,1,1,3520,-41,1654780562765151,1654780562765151,
300833b2ddd9014000030009,1,1,2500,-41,1654780562767314,1654780562767314,
300833b2ddd9014000030001,1,1,1256,-51,1654780562771384,1654780562771384,
300833b2ddd9014000030008,1,1,3528,-41,1654780562772497,1654780562772497,
300833b2ddd9014000030002,1,1,696,-47,1654780562774050,1654780562774050,
300833b2ddd9014000030009,1,1,2464,-41,1654780562775806,1654780562775806,
300833b2ddd9014000030009,1,1,2484,-41,1654780562808193,1654780562808193,
300833b2ddd9014000030001,1,1,1272,-51,1654780562809251,1654780562809251,
300833b2ddd9014000030008,1,1,3540,-41,1654780562810320,1654780562810320,
300833b2ddd9014000030002,1,1,712,-47,1654780562811517,1654780562811517,
300833b2ddd9014000030002,1,1,696,-47,1654780562814509,1654780562814509,
300833b2ddd9014000030008,1,1,3544,-41,1654780562815791,1654780562815791,
300833b2ddd9014000030009,1,1,2468,-41,1654780562816892,1654780562816892,
300833b2ddd9014000030001,1,1,1268,-51,1654780562817935,1654780562817935,
300833b2ddd9014000030009,1,1,2472,-41,1654780562849869,1654780562849869,
300833b2ddd9014000030008,1,1,3536,-41,1654780562851804,1654780562851804,
300833b2ddd9014000030002,1,1,700,-47,1654780562852884,1654780562852884,
300833b2ddd9014000030001,1,1,1268,-51,1654780562853974,1654780562853974,
300833b2ddd9014000030008,1,1,3540,-41,1654780562857578,1654780562857578,
300833b2ddd9014000030009,1,1,2472,-41,1654780562858948,1654780562858948,
300833b2ddd9014000030002,1,1,704,-47,1654780562860015,1654780562860015,
300833b2ddd9014000030001,1,1,1264,-51,1654780562861557,1654780562861557,
300833b2ddd9014000030002,1,1,704,-47,1654780562893351,1654780562893351,
300833b2ddd9014000030009,1,1,2472,-41,1654780562895050,1654780562895050,
300833b2ddd9014000030008,1,1,3540,-41,1654780562896089,1654780562896089,
300833b2ddd9014000030001,1,1,1276,-51,1654780562897774,1654780562897774,
300833b2ddd9014000030002,1,1,700,-47,1654780562901280,1654780562901280,
300833b2ddd9014000030001,1,1,1296,-51,1654780562905262,1654780562905262,
300833b2ddd9014000030009,1,1,2460,-41,1654780562906304,1654780562906304,
300833b2ddd9014000030008,1,1,3528,-41,1654780562907511,1654780562907511,
300833b2ddd9014000030001,1,1,1284,-51,1654780562937352,1654780562937352,
300833b2ddd9014000030008,1,1,3516,-41,1654780562938648,1654780562938648,
300833b2ddd9014000030009,1,1,2484,-41,1654780562940173,1654780562940173,
300833b2ddd9014000030002,1,1,704,-47,1654780562941877,1654780562941877,
300833b2ddd9014000030002,1,1,716,-47,1654780562946175,1654780562946175,
300833b2ddd9014000030009,1,1,2480,-41,1654780562947843,1654780562947843,
300833b2ddd9014000030008,1,1,3540,-41,1654780562948911,1654780562948911,
300833b2ddd9014000030001,1,1,1296,-51,1654780562950866,1654780562950866,
300833b2ddd9014000030009,1,1,2476,-41,1654780563389748,1654780563389748,
300833b2ddd9014000030001,1,1,1272,-51,1654780563391489,1654780563391489,
300833b2ddd9014000030008,1,1,3528,-41,1654780563392544,1654780563392544,
300833b2ddd9014000030002,1,1,700,-47,1654780563393882,1654780563393882,
300833b2ddd9014000030008,1,1,3516,-41,1654780563397451,1654780563397451,
300833b2ddd9014000030009,1,1,2452,-41,1654780563398482,1654780563398482,
300833b2ddd9014000030001,1,1,1272,-51,1654780563399568,1654780563399568,
300833b2ddd9014000030002,1,1,700,-47,1654780563400903,1654780563400903,
300833b2ddd9014000030009,1,1,2476,-41,1654780563432458,1654780563432458,
300833b2ddd9014000030001,1,1,1272,-51,1654780563433516,1654780563433516,
300833b2ddd9014000030002,1,1,700,-47,1654780563435050,1654780563435050,
300833b2ddd9014000030008,1,1,3520,-41,1654780563436148,1654780563436148,