epc,atenda,atendanum,phase,RSS,timestamp,timestamp2,
300833b2ddd9014000030008,1,1,3408,-46,1654780509716729,1654780509716729,
300833b2ddd9014000030009,1,1,2640,-42,1654780509718504,1654780509718504,
300833b2ddd9014000030002,1,1,228,-51,1654780509721613,1654780509721613,
300833b2ddd9014000030001,1,1,1604,-53,1654780509722702,1654780509722702,
300833b2ddd9014000030001,1,1,1684,-53,1654780509726343,1654780509726343,
300833b2ddd9014000030009,1,1,2644,-42,1654780509727414,1654780509727414,
300833b2ddd9014000030008,1,1,3408,-46,1654780509729490,1654780509729490,
300833b2ddd9014000030002,1,1,220,-52,1654780509730914,1654780509730914,
300833b2ddd9014000030008,1,1,3408,-46,1654780509761831,1654780509761831,
300833b2ddd9014000030009,1,1,2644,-42,1654780509763412,1654780509763412,
300833b2ddd9014000030002,1,1,208,-51,1654780509765620,1654780509765620,
300833b2ddd9014000030001,1,1,1640,-54,1654780509766976,1654780509766976,
300833b2ddd9014000030002,1,1,228,-52,1654780509770561,1654780509770561,
300833b2ddd9014000030008,1,1,3412,-46,1654780509772921,1654780509772921,
300833b2ddd9014000030009,1,1,2640,-42,1654780509773964,1654780509773964,
300833b2ddd9014000030001,1,1,1664,-53,1654780509776283,1654780509776283,
300833b2ddd9014000030002,1,1,224,-51,1654780509806031,1654780509806031,
300833b2ddd9014000030009,1,1,2652,-42,1654780509807102,1654780509807102,
300833b2ddd9014000030001,1,1,1648,-53,1654780509808232,1654780509808232,
300833b2ddd9014000030008,1,1,3372,-46,1654780509809543,1654780509809543,
300833b2ddd9014000030002,1,1,228,-51,1654780509814996,1654780509814996,
300833b2ddd9014000030008,1,1,3396,-46,1654780509816393,1654780509816393,
300833b2ddd9014000030009,1,1,2652,-42,1654780509817504,1654780509817504,
300833b2ddd9014000030001,1,1,1640,-54,1654780509819264,1654780509819264,
300833b2ddd9014000030009,1,1,2668,-42,1654780509849299,1654780509849299,
300833b2ddd9014000030002,1,1,220,-51,1654780509850594,1654780509850594,
300833b2ddd9014000030008,1,1,3416,-46,1654780509852640,1654780509852640,
300833b2ddd9014000030001,1,1,1684,-53,1654780509854725,1654780509854725,
300833b2ddd9014000030001,1,1,1696,-54,1654780509859938,1654780509859938,
300833b2ddd9014000030002,1,1,200,-52,1654780509861122,1654780509861122,
300833b2ddd9014000030008,1,1,3412,-46,1654780509862190,1654780509862190,
300833b2ddd9014000030009,1,1,2648,-42,1654780509863260,1654780509863260,
300833b2ddd9014000030009,1,1,2656,-42,1654780509895105,1654780509895105,
300833b2ddd9014000030008,1,1,3424,-46,1654780509896428,1654780509896428,
300833b2ddd9014000030002,1,1,220,-51,1654780509897698,1654780509897698,
300833b2ddd9014000030001,1,1,1708,-53,1654780509899143,1654780509899143,
300833b2ddd9014000030008,1,1,3408,-46,1654780509903229,1654780509903229,
300833b2ddd9014000030009,1,1,2652,-42,1654780509904781,1654780509904781,
300833b2ddd9014000030002,1,1,220,-51,1654780509905895,1654780509905895,
300833b2ddd9014000030001,1,1,1676,-53,1654780509908442,1654780509908442,
300833b2ddd9014000030001,1,1,1640,-53,1654780509941776,1654780509941776,
300833b2ddd9014000030009,1,1,2652,-42,1654780509942832,1654780509942832,
300833b2ddd9014000030002,1,1,208,-51,1654780509943873,1654780509943873,
300833b2ddd9014000030008,1,1,3416,-46,1654780509945663,1654780509945663,
300833b2ddd9014000030002,1,1,216,-51,1654780509949826,1654780509949826,
300833b2ddd9014000030009,1,1,2660,-42,1654780509950924,1654780509950924,
300833b2ddd9014000030001,1,1,1664,-53,1654780509952210,1654780509952210,
300833b2ddd9014000030008,1,1,3420,-46,1654780509953791,1654780509953791,
300833b2ddd9014000030009,1,1,2664,-42,1654780509985601,1654780509985601,
300833b2ddd9014000030001,1,1,1680,-54,1654780509987570,1654780509987570,
300833b2ddd9014000030008,1,1,3420,-46,1654780509988596,1654780509988596,
300833b2ddd9014000030002,1,1,192,-51,1654780509990037,1654780509990037,
300833b2ddd9014000030009,1,1,2660,-42,1654780509993209,1654780509993209,
300833b2ddd9014000030001,1,1,1636,-53,1654780509994908,1654780509994908,
300833b2ddd9014000030008,1,1,3424,-46,1654780509996034,1654780509996034,
300833b2ddd9014000030002,1,1,224,-51,1654780509997940,1654780509997940,
300833b2ddd9014000030009,1,1,2652,-42,1654780510028501,1654780510028501,
300833b2ddd9014000030008,1,1,3408,-46,1654780510029714,1654780510029714,
300833b2ddd9014000030002,1,1,204,-52,1654780510031024,1654780510031024,
300833b2ddd9014000030001,1,1,1656,-54,1654780510032112,1654780510032112,
300833b2ddd9014000030001,1,1,1656,-54,1654780510039126,1654780510039126,
300833b2ddd9014000030008,1,1,3416,-46,1654780510040465,1654780510040465,
300833b2ddd9014000030009,1,1,2664,-42,1654780510042046,1654780510042046,
300833b2ddd9014000030002,1,1,232,-51,1654780510043770,1654780510043770,
300833b2ddd9014000030009,1,1,2664,-42,1654780510074830,1654780510074830,
300833b2ddd9014000030001,1,1,1632,-54,1654780510075905,1654780510075905,
300833b2ddd9014000030008,1,1,3420,-46,1654780510076990,1654780510076990,
300833b2ddd9014000030002,1,1,240,-51,1654780510078314,1654780510078314,
300833b2ddd9014000030009,1,1,2668,-42,1654780510083069,1654780510083069,
300833b2ddd9014000030002,1,1,248,-51,1654780510084689,1654780510084689,
300833b2ddd9014000030001,1,1,1720,-53,1654780510085780,1654780510085780,
300833b2ddd9014000030008,1,1,3436,-46,1654780510086893,1654780510086893,
300833b2ddd9014000030001,1,1,1652,-54,1654780510118756,1654780510118756,
300833b2ddd9014000030008,1,1,3428,-46,1654780510120099,1654780510120099,
300833b2ddd9014000030009,1,1,2664,-42,1654780510121411,1654780510121411,
300833b2ddd9014000030002,1,1,220,-51,1654780510124536,1654780510124536,
300833b2ddd9014000030001,1,1,1668,-54,1654780510128412,1654780510128412,
300833b2ddd9014000030009,1,1,2652,-42,1654780510129455,1654780510129455,
300833b2ddd9014000030008,1,1,3424,-46,1654780510130495,1654780510130495,
300833b2ddd9014000030002,1,1,236,-51,1654780510131592,1654780510131592,
300833b2ddd9014000030001,1,1,1640,-54,1654780510162151,1654780510162151,
300833b2ddd9014000030009,1,1,2648,-42,1654780510163516,1654780510163516,
300833b2ddd9014000030002,1,1,232,-51,1654780510165081,1654780510165081,
300833b2ddd9014000030008,1,1,3432,-46,1654780510166151,1654780510166151,
300833b2ddd9014000030008,1,1,3416,-46,1654780510170355,1654780510170355,
300833b2ddd9014000030001,1,1,1668,-53,1654780510171428,1654780510171428,
300833b2ddd9014000030009,1,1,2668,-42,1654780510172740,1654780510172740,
300833b2ddd9014000030002,1,1,240,-51,1654780510175256,1654780510175256,
300833b2ddd9014000030009,1,1,2656,-42,1654780510206338,1654780510206338,
300833b2ddd9014000030002,1,1,244,-51,1654780510208530,1654780510208530,
300833b2ddd9014000030008,1,1,3428,-46,1654780510209614,1654780510209614,
300833b2ddd9014000030001,1,1,1644,-54,1654780510211071,1654780510211071,
300833b2ddd9014000030008,1,1,3444,-46,1654780510215328,1654780510215328,
300833b2ddd9014000030009,1,1,2656,-42,1654780510216882,1654780510216882,
300833b2ddd9014000030002,1,1,228,-51,1654780510218178,1654780510218178,
300833b2ddd9014000030001,1,1,1656,-54,1654780510219280,1654780510219280,
300833b2ddd9014000030008,1,1,3392,-46,1654780510251542,1654780510251542,
300833b2ddd9014000030002,1,1,220,-51,1654780510252768,1654780510252768,
300833b2ddd9014000030001,1,1,1644,-54,1654780510254185,1654780510254185,
300833b2ddd9014000030009,1,1,2668,-42,1654780510255241,1654780510255241,
300833b2ddd9014000030009,1,1,2660,-42,1654780510261348,1654780510261348,
300833b2ddd9014000030002,1,1,240,-51,1654780510262546,1654780510262546,
300833b2ddd9014000030008,1,1,3424,-46,1654780510263659,1654780510263659,
300833b2ddd9014000030001,1,1,1676,-54,1654780510265659,1654780510265659,
300833b2ddd9014000030008,1,1,3416,-46,1654780510295504,1654780510295504,
300833b2ddd9014000030009,1,1,2684,-42,1654780510297694,1654780510297694,
300833b2ddd9014000030001,1,1,1684,-54,1654780510298698,1654780510298698,
300833b2ddd9014000030002,1,1,268,-51,1654780510299795,1654780510299795,
300833b2ddd9014000030009,1,1,2664,-42,1654780510303154,1654780510303154,
300833b2ddd9014000030008,1,1,3412,-46,1654780510304465,1654780510304465,
300833b2ddd9014000030001,1,1,1644,-54,1654780510306915,1654780510306915,
300833b2ddd9014000030002,1,1,248,-51,1654780510308491,1654780510308491,
300833b2ddd9014000030008,1,1,3460,-46,1654780510339234,1654780510339234,
300833b2ddd9014000030009,1,1,2680,-42,1654780510340666,1654780510340666,
300833b2ddd9014000030001,1,1,1628,-54,1654780510341952,1654780510341952,
300833b2ddd9014000030002,1,1,236,-51,1654780510343065,1654780510343065,
300833b2ddd9014000030001,1,1,1632,-54,1654780510346402,1654780510346402,
300833b2ddd9014000030009,1,1,2660,-42,1654780510347486,1654780510347486,
300833b2ddd9014000030008,1,1,3444,-46,1654780510349052,1654780510349052,
300833b2ddd9014000030002,1,1,236,-51,1654780510350092,1654780510350092,
300833b2ddd9014000030009,1,1,2672,-42,1654780510381771,1654780510381771,
300833b2ddd9014000030002,1,1,256,-52,1654780510383944,1654780510383944,
300833b2ddd9014000030008,1,1,3420,-46,1654780510385027,1654780510385027,
300833b2ddd9014000030001,1,1,1616,-54,1654780510386426,1654780510386426,
300833b2ddd9014000030001,1,1,1652,-54,1654780510391150,1654780510391150,
300833b2ddd9014000030008,1,1,3412,-46,1654780510392204,1654780510392204,
300833b2ddd9014000030009,1,1,2652,-42,1654780510393289,1654780510393289,
300833b2ddd9014000030002,1,1,236,-51,1654780510394584,1654780510394584,
300833b2ddd9014000030008,1,1,3396,-46,1654780510426334,1654780510426334,
300833b2ddd9014000030009,1,1,2660,-42,1654780510428298,1654780510428298,
300833b2ddd9014000030002,1,1,256,-51,1654780510430923,1654780510430923,
300833b2ddd9014000030001,1,1,1616,-54,1654780510432111,1654780510432111,
300833b2ddd9014000030002,1,1,212,-51,1654780510435161,1654780510435161,
300833b2ddd9014000030008,1,1,3400,-46,1654780510436528,1654780510436528,
300833b2ddd9014000030009,1,1,2676,-42,1654780510437865,1654780510437865,
300833b2ddd9014000030001,1,1,1640,-54,1654780510440674,1654780510440674,
300833b2ddd9014000030002,1,1,236,-51,1654780510471115,1654780510471115,
300833b2ddd9014000030009,1,1,2668,-42,1654780510472570,1654780510472570,
300833b2ddd9014000030008,1,1,3416,-46,1654780510473653,1654780510473653,
300833b2ddd9014000030002,1,1,224,-51,1654780510477203,1654780510477203,
300833b2ddd9014000030001,1,1,1596,-54,1654780510478263,1654780510478263,
300833b2ddd9014000030009,1,1,2668,-42,1654780510479346,1654780510479346,
300833b2ddd9014000030008,1,1,3428,-46,1654780510482069,1654780510482069,
300833b2ddd9014000030009,1,1,2656,-42,1654780510513967,1654780510513967,
300833b2ddd9014000030008,1,1,3424,-46,1654780510515003,1654780510515003,
300833b2ddd9014000030002,1,1,244,-51,1654780510516060,1654780510516060,
300833b2ddd9014000030001,1,1,1616,-54,1654780510517741,1654780510517741,
300833b2ddd9014000030009,1,1,2676,-42,1654780510520987,1654780510520987,
300833b2ddd9014000030001,1,1,1620,-54,1654780510522655,1654780510522655,
300833b2ddd9014000030008,1,1,3424,-46,1654780510524023,1654780510524023,
300833b2ddd9014000030002,1,1,228,-51,1654780510525236,1654780510525236,
300833b2ddd9014000030002,1,1,256,-51,1654780510555513,1654780510555513,
300833b2ddd9014000030008,1,1,3416,-46,1654780510556598,1654780510556598,
300833b2ddd9014000030009,1,1,2676,-42,1654780510558664,1654780510558664,
300833b2ddd9014000030001,1,1,1652,-54,1654780510560392,1654780510560392,
300833b2ddd9014000030002,1,1,228,-51,1654780510564241,1654780510564241,
300833b2ddd9014000030008,1,1,3416,-46,1654780510565936,1654780510565936,
300833b2ddd9014000030009,1,1,2672,-42,1654780510567020,1654780510567020,
300833b2ddd9014000030001,1,1,1612,-54,1654780510569026,1654780510569026,
300833b2ddd9014000030008,1,1,3408,-46,1654780510599123,1654780510599123,
300833b2ddd9014000030009,1,1,2688,-42,1654780510601364,1654780510601364,
300833b2ddd9014000030001,1,1,1612,-54,1654780510602451,1654780510602451,
300833b2ddd9014000030002,1,1,240,-51,1654780510603917,1654780510603917,
300833b2ddd9014000030008,1,1,3412,-46,1654780510607181,1654780510607181,
300833b2ddd9014000030009,1,1,2656,-42,1654780510608653,1654780510608653,
300833b2ddd9014000030001,1,1,1580,-54,1654780510609741,1654780510609741,
300833b2ddd9014000030002,1,1,212,-50,1654780510611079,1654780510611079,
300833b2ddd9014000030008,1,1,3416,-46,1654780510642763,1654780510642763,
300833b2ddd9014000030009,1,1,2676,-42,1654780510644488,1654780510644488,
300833b2ddd9014000030001,1,1,1624,-54,1654780510645775,1654780510645775,
300833b2ddd9014000030002,1,1,248,-51,1654780510647254,1654780510647254,
300833b2ddd9014000030001,1,1,1620,-54,1654780510650742,1654780510650742,
300833b2ddd9014000030008,1,1,3420,-46,1654780510652211,1654780510652211,
300833b2ddd9014000030009,1,1,2680,-42,1654780510653551,1654780510653551,
300833b2ddd9014000030002,1,1,208,-51,1654780510654978,1654780510654978,
300833b2ddd9014000030001,1,1,1608,-54,1654780510684943,1654780510684943,
300833b2ddd9014000030002,1,1,264,-51,1654780510686026,1654780510686026,
300833b2ddd9014000030009,1,1,2680,-42,1654780510688317,1654780510688317,
300833b2ddd9014000030008,1,1,3428,-46,1654780510689769,1654780510689769,
300833b2ddd9014000030001,1,1,1592,-54,1654780510694741,1654780510694741,
300833b2ddd9014000030002,1,1,256,-51,1654780510695854,1654780510695854,
300833b2ddd9014000030009,1,1,2680,-42,1654780510697224,1654780510697224,
300833b2ddd9014000030008,1,1,3408,-46,1654780510698437,1654780510698437,
300833b2ddd9014000030001,1,1,1556,-54,1654780510728603,1654780510728603,
300833b2ddd9014000030002,1,1,252,-51,1654780510730197,1654780510730197,
300833b2ddd9014000030008,1,1,3408,-46,1654780510731748,1654780510731748,
300833b2ddd9014000030009,1,1,2688,-42,1654780510732789,1654780510732789,
300833b2ddd9014000030001,1,1,1652,-54,1654780510737270,1654780510737270,
300833b2ddd9014000030002,1,1,248,-51,1654780510738350,1654780510738350,
300833b2ddd9014000030009,1,1,2676,-42,1654780510740360,1654780510740360,
300833b2ddd9014000030008,1,1,3424,-46,1654780510742039,1654780510742039,
300833b2ddd9014000030002,1,1,224,-51,1654780510773382,1654780510773382,
300833b2ddd9014000030009,1,1,2676,-42,1654780510774596,1654780510774596,
300833b2ddd9014000030001,1,1,1620,-54,1654780510775698,1654780510775698,
300833b2ddd9014000030008,1,1,3412,-46,1654780510776784,1654780510776784,
300833b2ddd9014000030009,1,1,2676,-42,1654780510780323,1654780510780323,
300833b2ddd9014000030001,1,1,1592,-55,1654780510781438,1654780510781438,
300833b2ddd9014000030002,1,1,240,-51,1654780510783230,1654780510783230,
300833b2ddd9014000030008,1,1,3392,-46,1654780510784271,1654780510784271,
300833b2ddd9014000030002,1,1,256,-50,1654780510816147,1654780510816147,
300833b2ddd9014000030008,1,1,3420,-46,1654780510817815,1654780510817815,
300833b2ddd9014000030001,1,1,1576,-54,1654780510818918,1654780510818918,
300833b2ddd9014000030009,1,1,2672,-42,1654780510819972,1654780510819972,
300833b2ddd9014000030009,1,1,2680,-42,1654780510823600,1654780510823600,
300833b2ddd9014000030008,1,1,3408,-46,1654780510825623,1654780510825623,
300833b2ddd9014000030002,1,1,240,-51,1654780510826706,1654780510826706,
300833b2ddd9014000030001,1,1,1568,-54,1654780510828688,1654780510828688,
300833b2ddd9014000030002,1,1,224,-51,1654780510859471,1654780510859471,
300833b2ddd9014000030009,1,1,2684,-42,1654780510860767,1654780510860767,
300833b2ddd9014000030001,1,1,1556,-54,1654780510861872,1654780510861872,
300833b2ddd9014000030008,1,1,3352,-45,1654780510863226,1654780510863226,
300833b2ddd9014000030002,1,1,232,-51,1654780510868148,1654780510868148,
300833b2ddd9014000030009,1,1,2680,-42,1654780510870059,1654780510870059,
300833b2ddd9014000030008,1,1,3444,-46,1654780510871154,1654780510871154,
300833b2ddd9014000030001,1,1,1580,-54,1654780510872735,1654780510872735,
300833b2ddd9014000030008,1,1,3416,-46,1654780510906578,1654780510906578,
300833b2ddd9014000030001,1,1,1588,-54,1654780510907648,1654780510907648,
300833b2ddd9014000030009,1,1,2684,-42,1654780510908736,1654780510908736,
300833b2ddd9014000030002,1,1,260,-51,1654780510910272,1654780510910272,
300833b2ddd9014000030002,1,1,192,-49,1654780510915274,1654780510915274,
300833b2ddd9014000030009,1,1,2676,-42,1654780510916357,1654780510916357,
300833b2ddd9014000030008,1,1,3400,-46,1654780510918179,1654780510918179,
300833b2ddd9014000030001,1,1,1604,-54,1654780510919848,1654780510919848,
300833b2ddd9014000030001,1,1,1560,-54,1654780510951918,1654780510951918,
300833b2ddd9014000030008,1,1,3424,-46,1654780510953243,1654780510953243,
300833b2ddd9014000030009,1,1,2680,-42,1654780510954326,1654780510954326,
300833b2ddd9014000030002,1,1,268,-51,1654780510955778,1654780510955778,
300833b2ddd9014000030002,1,1,252,-51,1654780510959618,1654780510959618,
300833b2ddd9014000030009,1,1,2672,-42,1654780510960634,1654780510960634,
300833b2ddd9014000030008,1,1,3416,-46,1654780510961989,1654780510961989,
300833b2ddd9014000030001,1,1,1560,-55,1654780510964411,1654780510964411,
300833b2ddd9014000030009,1,1,2672,-42,1654780510995677,1654780510995677,
300833b2ddd9014000030002,1,1,256,-51,1654780510996760,1654780510996760,
300833b2ddd9014000030001,1,1,1608,-54,1654780510998314,1654780510998314,
300833b2ddd9014000030008,1,1,3424,-46,1654780510999340,1654780510999340,
300833b2ddd9014000030009,1,1,2676,-42,1654780511004306,1654780511004306,
300833b2ddd9014000030008,1,1,3420,-46,1654780511005761,1654780511005761,
300833b2ddd9014000030002,1,1,216,-51,1654780511007328,1654780511007328,
300833b2ddd9014000030001,1,1,1524,-55,1654780511008800,1654780511008800,
300833b2ddd9014000030002,1,1,240,-51,1654780511038663,1654780511038663,
300833b2ddd9014000030009,1,1,2676,-42,1654780511040002,1654780511040002,
300833b2ddd9014000030008,1,1,3444,-46,1654780511041611,1654780511041611,
300833b2ddd9014000030001,1,1,1572,-54,1654780511043551,1654780511043551,
300833b2ddd9014000030008,1,1,3412,-46,1654780511048104,1654780511048104,
300833b2ddd9014000030009,1,1,2688,-42,1654780511049829,1654780511049829,
300833b2ddd9014000030001,1,1,1612,-55,1654780511051330,1654780511051330,
300833b2ddd9014000030002,1,1,228,-51,1654780511052412,1654780511052412,
300833b2ddd9014000030009,1,1,2672,-42,1654780511082600,1654780511082600,
300833b2ddd9014000030001,1,1,1448,-55,1654780511084060,1654780511084060,
300833b2ddd9014000030008,1,1,3412,-46,1654780511085740,1654780511085740,
300833b2ddd9014000030008,1,1,3408,-46,1654780511089392,1654780511089392,
300833b2ddd9014000030002,1,1,224,-51,1654780511090759,1654780511090759,
300833b2ddd9014000030009,1,1,2684,-42,1654780511092070,1654780511092070,
300833b2ddd9014000030001,1,1,1568,-55,1654780511093130,1654780511093130,
300833b2ddd9014000030002,1,1,248,-51,1654780511124498,1654780511124498,
300833b2ddd9014000030008,1,1,3420,-46,1654780511126052,1654780511126052,
300833b2ddd9014000030009,1,1,2684,-42,1654780511127618,1654780511127618,
300833b2ddd9014000030001,1,1,1688,-55,1654780511128709,1654780511128709,
300833b2ddd9014000030009,1,1,2672,-42,1654780511132912,1654780511132912,
300833b2ddd9014000030001,1,1,1556,-55,1654780511134811,1654780511134811,
300833b2ddd9014000030002,1,1,208,-51,1654780511136106,1654780511136106,
300833b2ddd9014000030008,1,1,3408,-46,1654780511137216,1654780511137216,
300833b2ddd9014000030008,1,1,3412,-46,1654780511168687,1654780511168687,
300833b2ddd9014000030009,1,1,2672,-42,1654780511169998,1654780511169998,
300833b2ddd9014000030002,1,1,244,-51,1654780511171408,1654780511171408,
300833b2ddd9014000030001,1,1,1560,-55,1654780511172880,1654780511172880,
300833b2ddd9014000030001,1,1,1592,-55,1654780511176227,1654780511176227,
300833b2ddd9014000030009,1,1,2684,-42,1654780511177266,1654780511177266,
300833b2ddd9014000030002,1,1,224,-51,1654780511178381,1654780511178381,
300833b2ddd9014000030008,1,1,3432,-46,1654780511179718,1654780511179718,
300833b2ddd9014000030009,1,1,2672,-42,1654780511212291,1654780511212291,
300833b2ddd9014000030008,1,1,3408,-46,1654780511213841,1654780511213841,
300833b2ddd9014000030002,1,1,240,-51,1654780511215084,1654780511215084,
300833b2ddd9014000030001,1,1,1560,-55,1654780511216864,1654780511216864,
300833b2ddd9014000030009,1,1,2684,-42,1654780511220990,1654780511220990,
300833b2ddd9014000030002,1,1,252,-51,1654780511222348,1654780511222348,
300833b2ddd9014000030008,1,1,3404,-46,1654780511223445,1654780511223445,
300833b2ddd9014000030001,1,1,1592,-55,1654780511224561,1654780511224561,
300833b2ddd9014000030008,1,1,3408,-46,1654780511256531,1654780511256531,
300833b2ddd9014000030001,1,1,1576,-55,1654780511257618,1654780511257618,
300833b2ddd9014000030009,1,1,2680,-42,1654780511259667,1654780511259667,
300833b2ddd9014000030002,1,1,240,-51,1654780511260850,1654780511260850,
300833b2ddd9014000030001,1,1,1576,-55,1654780511265748,1654780511265748,
300833b2ddd9014000030008,1,1,3424,-46,1654780511267184,1654780511267184,
300833b2ddd9014000030009,1,1,2680,-42,1654780511268483,1654780511268483,
300833b2ddd9014000030002,1,1,204,-51,1654780511269668,1654780511269668,
300833b2ddd9014000030001,1,1,1528,-55,1654780511299861,1654780511299861,
300833b2ddd9014000030009,1,1,2684,-42,1654780511301797,1654780511301797,
300833b2ddd9014000030002,1,1,236,-51,1654780511302881,1654780511302881,
300833b2ddd9014000030008,1,1,3412,-46,1654780511303978,1654780511303978,
300833b2ddd9014000030009,1,1,2700,-42,1654780511307832,1654780511307832,
300833b2ddd9014000030008,1,1,3388,-46,1654780511309276,1654780511309276,
300833b2ddd9014000030002,1,1,244,-50,1654780511310302,1654780511310302,
300833b2ddd9014000030001,1,1,1552,-55,1654780511311602,1654780511311602,
300833b2ddd9014000030001,1,1,1492,-55,1654780511343352,1654780511343352,
300833b2ddd9014000030009,1,1,2692,-42,1654780511345298,1654780511345298,
300833b2ddd9014000030008,1,1,3400,-45,1654780511346310,1654780511346310,
300833b2ddd9014000030002,1,1,236,-50,1654780511347621,1654780511347621,
300833b2ddd9014000030001,1,1,1536,-55,1654780511351142,1654780511351142,
300833b2ddd9014000030009,1,1,2688,-42,1654780511352273,1654780511352273,
300833b2ddd9014000030002,1,1,220,-50,1654780511353599,1654780511353599,
300833b2ddd9014000030008,1,1,3408,-45,1654780511354709,1654780511354709,
300833b2ddd9014000030008,1,1,3416,-45,1654780511386983,1654780511386983,
300833b2ddd9014000030002,1,1,236,-51,1654780511388307,1654780511388307,
300833b2ddd9014000030009,1,1,2688,-43,1654780511389648,1654780511389648,
300833b2ddd9014000030001,1,1,1504,-55,1654780511391799,1654780511391799,
300833b2ddd9014000030002,1,1,236,-50,1654780511396156,1654780511396156,
300833b2ddd9014000030001,1,1,1456,-55,1654780511397616,1654780511397616,
300833b2ddd9014000030009,1,1,2712,-43,1654780511398713,1654780511398713,
300833b2ddd9014000030008,1,1,3404,-45,1654780511400195,1654780511400195,
300833b2ddd9014000030001,1,1,1448,-55,1654780511430344,1654780511430344,
300833b2ddd9014000030008,1,1,3400,-45,1654780511431412,1654780511431412,
300833b2ddd9014000030009,1,1,2688,-43,1654780511432483,1654780511432483,
300833b2ddd9014000030002,1,1,236,-50,1654780511433808,1654780511433808,
300833b2ddd9014000030009,1,1,2688,-43,1654780511439285,1654780511439285,
300833b2ddd9014000030001,1,1,1460,-55,1654780511440757,1654780511440757,
300833b2ddd9014000030008,1,1,3408,-45,1654780511441825,1654780511441825,
300833b2ddd9014000030002,1,1,248,-50,1654780511442895,1654780511442895,
300833b2ddd9014000030009,1,1,2696,-43,1654780511473718,1654780511473718,
300833b2ddd9014000030002,1,1,220,-50,1654780511475694,1654780511475694,
300833b2ddd9014000030008,1,1,3388,-45,1654780511476777,1654780511476777,
300833b2ddd9014000030001,1,1,1324,-55,1654780511478450,1654780511478450,
300833b2ddd9014000030009,1,1,2684,-43,1654780511481422,1654780511481422,
300833b2ddd9014000030002,1,1,236,-50,1654780511482731,1654780511482731,
300833b2ddd9014000030001,1,1,1400,-55,1654780511483789,1654780511483789,
300833b2ddd9014000030008,1,1,3376,-45,1654780511485341,1654780511485341,
300833b2ddd9014000030001,1,1,1284,-54,1654780511517684,1654780511517684,
300833b2ddd9014000030009,1,1,2712,-43,1654780511518981,1654780511518981,
300833b2ddd9014000030008,1,1,3388,-45,1654780511520064,1654780511520064,
300833b2ddd9014000030002,1,1,212,-49,1654780511521263,1654780511521263,
300833b2ddd9014000030001,1,1,1316,-55,1654780511524267,1654780511524267,
300833b2ddd9014000030002,1,1,228,-49,1654780511525564,1654780511525564,
300833b2ddd9014000030009,1,1,2704,-43,1654780511527117,1654780511527117,
300833b2ddd9014000030008,1,1,3420,-45,1654780511528499,1654780511528499,
300833b2ddd9014000030008,1,1,3344,-45,1654780511560224,1654780511560224,
300833b2ddd9014000030001,1,1,1212,-54,1654780511561298,1654780511561298,
300833b2ddd9014000030009,1,1,2716,-44,1654780511562637,1654780511562637,
300833b2ddd9014000030002,1,1,220,-49,1654780511563933,1654780511563933,
300833b2ddd9014000030008,1,1,3336,-45,1654780511568435,1654780511568435,
300833b2ddd9014000030001,1,1,1256,-54,1654780511570360,1654780511570360,
300833b2ddd9014000030009,1,1,2712,-44,1654780511571416,1654780511571416,
300833b2ddd9014000030002,1,1,204,-49,1654780511572500,1654780511572500,
300833b2ddd9014000030001,1,1,1196,-54,1654780511602743,1654780511602743,
300833b2ddd9014000030008,1,1,3312,-44,1654780511604280,1654780511604280,
300833b2ddd9014000030009,1,1,2720,-44,1654780511605561,1654780511605561,
300833b2ddd9014000030002,1,1,208,-49,1654780511606875,1654780511606875,
300833b2ddd9014000030001,1,1,1160,-54,1654780511617510,1654780511617510,
300833b2ddd9014000030009,1,1,2736,-44,1654780511619031,1654780511619031,
300833b2ddd9014000030002,1,1,200,-49,1654780511620701,1654780511620701,
300833b2ddd9014000030008,1,1,3316,-44,1654780511621799,1654780511621799,
300833b2ddd9014000030009,1,1,2700,-45,1654780511653036,1654780511653036,
300833b2ddd9014000030001,1,1,1124,-54,1654780511654109,1654780511654109,
300833b2ddd9014000030008,1,1,3288,-44,1654780511655405,1654780511655405,
300833b2ddd9014000030002,1,1,216,-49,1654780511656701,1654780511656701,
300833b2ddd9014000030008,1,1,3200,-43,1654780511889829,1654780511889829,
300833b2ddd9014000030009,1,1,2496,-48,1654780511890914,1654780511890914,
300833b2ddd9014000030001,1,1,864,-55,1654780511892500,1654780511892500,
300833b2ddd9014000030002,1,1,136,-48,1654780511893611,1654780511893611,
300833b2ddd9014000030008,1,1,3200,-43,1654780511925485,1654780511925485,
300833b2ddd9014000030009,1,1,2432,-47,1654780511926912,1654780511926912,
300833b2ddd9014000030002,1,1,160,-48,1654780511928009,1654780511928009,
300833b2ddd9014000030001,1,1,980,-56,1654780511929139,1654780511929139,
300833b2ddd9014000030002,1,1,156,-48,1654780511932509,1654780511932509,
300833b2ddd9014000030008,1,1,3168,-43,1654780511934671,1654780511934671,
300833b2ddd9014000030009,1,1,2428,-47,1654780511935740,1654780511935740,
300833b2ddd9014000030001,1,1,952,-57,1654780511937440,1654780511937440,
300833b2ddd9014000030001,1,1,1084,-56,1654780511967148,1654780511967148,
300833b2ddd9014000030009,1,1,2464,-47,1654780511969071,1654780511969071,
300833b2ddd9014000030008,1,1,3228,-43,1654780511970097,1654780511970097,
300833b2ddd9014000030002,1,1,200,-48,1654780511971393,1654780511971393,
300833b2ddd9014000030008,1,1,3228,-43,1654780511975863,1654780511975863,
300833b2ddd9014000030002,1,1,192,-48,1654780511977201,1654780511977201,
300833b2ddd9014000030009,1,1,2528,-47,1654780511978287,1654780511978287,
300833b2ddd9014000030001,1,1,1056,-57,1654780511979491,1654780511979491,
300833b2ddd9014000030008,1,1,3244,-43,1654780512009914,1654780512009914,
300833b2ddd9014000030001,1,1,1324,-57,1654780512010987,1654780512010987,
300833b2ddd9014000030009,1,1,2560,-47,1654780512012326,1654780512012326,
300833b2ddd9014000030009,1,1,2580,-47,1654780512019389,1654780512019389,
300833b2ddd9014000030001,1,1,1248,-57,1654780512020493,1654780512020493,
300833b2ddd9014000030002,1,1,236,-49,1654780512021845,1654780512021845,
300833b2ddd9014000030008,1,1,3268,-43,1654780512023209,1654780512023209,
300833b2ddd9014000030001,1,1,1624,-57,1654780512054729,1654780512054729,
300833b2ddd9014000030002,1,1,320,-49,1654780512055841,1654780512055841,
300833b2ddd9014000030009,1,1,2664,-46,1654780512056879,1654780512056879,
300833b2ddd9014000030008,1,1,3296,-44,1654780512058236,1654780512058236,
300833b2ddd9014000030008,1,1,3308,-43,1654780512063879,1654780512063879,
300833b2ddd9014000030001,1,1,1704,-56,1654780512065096,1654780512065096,
300833b2ddd9014000030002,1,1,332,-49,1654780512066404,1654780512066404,
300833b2ddd9014000030009,1,1,2692,-47,1654780512067518,1654780512067518,
300833b2ddd9014000030009,1,1,2756,-46,1654780512098449,1654780512098449,
300833b2ddd9014000030008,1,1,3360,-43,1654780512100175,1654780512100175,
300833b2ddd9014000030002,1,1,428,-50,1654780512101456,1654780512101456,
300833b2ddd9014000030001,1,1,1872,-55,1654780512102717,1654780512102717,
300833b2ddd9014000030001,1,1,1880,-55,1654780512105698,1654780512105698,
300833b2ddd9014000030002,1,1,408,-50,1654780512107219,1654780512107219,
300833b2ddd9014000030008,1,1,3348,-43,1654780512108798,1654780512108798,
300833b2ddd9014000030009,1,1,2796,-46,1654780512109866,1654780512109866,
300833b2ddd9014000030001,1,1,2012,-53,1654780512141137,1654780512141137,
300833b2ddd9014000030008,1,1,3388,-43,1654780512142448,1654780512142448,
300833b2ddd9014000030002,1,1,484,-51,1654780512143759,1654780512143759,
300833b2ddd9014000030009,1,1,2844,-46,1654780512144770,1654780512144770,
300833b2ddd9014000030002,1,1,516,-51,1654780512149500,1654780512149500,
300833b2ddd9014000030008,1,1,3396,-43,1654780512152140,1654780512152140,
300833b2ddd9014000030001,1,1,2072,-53,1654780512153511,1654780512153511,
300833b2ddd9014000030009,1,1,2892,-46,1654780512154624,1654780512154624,
300833b2ddd9014000030001,1,1,2104,-51,1654780512185907,1654780512185907,
300833b2ddd9014000030009,1,1,2884,-45,1654780512187428,1654780512187428,
300833b2ddd9014000030008,1,1,3452,-43,1654780512188513,1654780512188513,
300833b2ddd9014000030002,1,1,572,-51,1654780512191778,1654780512191778,
300833b2ddd9014000030008,1,1,3440,-43,1654780512199051,1654780512199051,
300833b2ddd9014000030009,1,1,2928,-45,1654780512200137,1654780512200137,
300833b2ddd9014000030002,1,1,584,-51,1654780512201248,1654780512201248,
300833b2ddd9014000030001,1,1,2080,-50,1654780512202307,1654780512202307,
300833b2ddd9014000030001,1,1,2012,-49,1654780512234723,1654780512234723,
300833b2ddd9014000030008,1,1,3472,-43,1654780512235804,1654780512235804,
300833b2ddd9014000030009,1,1,2940,-44,1654780512237599,1654780512237599,
300833b2ddd9014000030009,1,1,2916,-43,1654780512242011,1654780512242011,
300833b2ddd9014000030008,1,1,3476,-43,1654780512243364,1654780512243364,
300833b2ddd9014000030002,1,1,648,-51,1654780512244959,1654780512244959,
300833b2ddd9014000030001,1,1,2020,-49,1654780512247522,1654780512247522,
300833b2ddd9014000030002,1,1,720,-49,1654780512672110,1654780512672110,
300833b2ddd9014000030008,1,1,3464,-42,1654780512673178,1654780512673178,
300833b2ddd9014000030009,1,1,2400,-40,1654780512674763,1654780512674763,
300833b2ddd9014000030001,1,1,1508,-49,1654780512675778,1654780512675778,
300833b2ddd9014000030009,1,1,2404,-40,1654780512680287,1654780512680287,
300833b2ddd9014000030008,1,1,3464,-41,1654780512681355,1654780512681355,
300833b2ddd9014000030001,1,1,1480,-49,1654780512683177,1654780512683177,
300833b2ddd9014000030002,1,1,704,-49,1654780512684846,1654780512684846,
300833b2ddd9014000030008,1,1,3448,-41,1654780512715976,1654780512715976,
300833b2ddd9014000030009,1,1,2396,-40,1654780512717551,1654780512717551,
300833b2ddd9014000030001,1,1,1496,-49,1654780512718634,1654780512718634,
300833b2ddd9014000030002,1,1,708,-49,1654780512720909,1654780512720909,
300833b2ddd9014000030009,1,1,2404,-40,1654780512724800,1654780512724800,
300833b2ddd9014000030008,1,1,3460,-41,1654780512726109,1654780512726109,
300833b2ddd9014000030001,1,1,1492,-49,1654780512727635,1654780512727635,
300833b2ddd9014000030002,1,1,708,-49,1654780512728705,1654780512728705,
300833b2ddd9014000030008,1,1,3452,-42,1654780512760440,1654780512760440,
300833b2ddd9014000030009,1,1,2400,-40,1654780512762974,1654780512762974,
300833b2ddd9014000030001,1,1,1472,-49,1654780512764417,1654780512764417,
300833b2ddd9014000030008,1,1,3464,-41,1654780512767175,1654780512767175,
300833b2ddd9014000030009,1,1,2424,-40,1654780512768217,1654780512768217,
300833b2ddd9014000030002,1,1,724,-50,1654780512769312,1654780512769312,
300833b2ddd9014000030001,1,1,1448,-49,1654780512771351,1654780512771351,
300833b2ddd9014000030008,1,1,3448,-41,1654780512802891,1654780512802891,
300833b2ddd9014000030002,1,1,712,-49,1654780512804187,1654780512804187,
300833b2ddd9014000030009,1,1,2396,-40,1654780512805273,1654780512805273,
300833b2ddd9014000030001,1,1,1468,-49,1654780512807468,1654780512807468,
300833b2ddd9014000030008,1,1,3444,-41,1654780512811517,1654780512811517,
300833b2ddd9014000030009,1,1,2400,-40,1654780512813236,1654780512813236,
300833b2ddd9014000030002,1,1,708,-49,1654780512814531,1654780512814531,
300833b2ddd9014000030001,1,1,1472,-49,1654780512815631,1654780512815631,
300833b2ddd9014000030009,1,1,2392,-40,1654780512847926,1654780512847926,
300833b2ddd9014000030001,1,1,1480,-49,1654780512849267,1654780512849267,
300833b2ddd9014000030008,1,1,3444,-41,1654780512850647,1654780512850647,
300833b2ddd9014000030002,1,1,732,-49,1654780512852325,1654780512852325,
300833b2ddd9014000030009,1,1,2396,-40,1654780512859832,1654780512859832,
300833b2ddd9014000030008,1,1,3448,-42,1654780512861043,1654780512861043,
300833b2ddd9014000030002,1,1,704,-50,1654780512862153,1654780512862153,
300833b2ddd9014000030001,1,1,1472,-49,1654780512863268,1654780512863268,
300833b2ddd9014000030009,1,1,2380,-40,1654780512894194,1654780512894194,
300833b2ddd9014000030001,1,1,1480,-49,1654780512895224,1654780512895224,
300833b2ddd9014000030008,1,1,3468,-41,1654780512896561,1654780512896561,
300833b2ddd9014000030002,1,1,696,-49,1654780512897672,1654780512897672,
300833b2ddd9014000030002,1,1,700,-49,1654780512902366,1654780512902366,
300833b2ddd9014000030008,1,1,3464,-41,1654780512904287,1654780512904287,
300833b2ddd9014000030001,1,1,1484,-49,1654780512905643,1654780512905643,
300833b2ddd9014000030009,1,1,2400,-40,1654780512906756,1654780512906756,
300833b2ddd9014000030009,1,1,2384,-40,1654780512940056,1654780512940056,
300833b2ddd9014000030008,1,1,3460,-42,1654780512941524,1654780512941524,
300833b2ddd9014000030001,1,1,1476,-49,1654780512943265,1654780512943265,
300833b2ddd9014000030002,1,1,704,-49,1654780512944348,1654780512944348,
300833b2ddd9014000030008,1,1,3452,-42,1654780512947286,1654780512947286,
300833b2ddd9014000030009,1,1,2388,-40,1654780512949012,1654780512949012,
300833b2ddd9014000030002,1,1,708,-49,1654780512950548,1654780512950548,
300833b2ddd9014000030001,1,1,1516,-49,1654780512951765,1654780512951765,
300833b2ddd9014000030008,1,1,3444,-41,1654780512981762,1654780512981762,
300833b2ddd9014000030002,1,1,688,-49,1654780512983329,1654780512983329,
300833b2ddd9014000030009,1,1,2396,-40,1654780512984710,1654780512984710,
300833b2ddd9014000030001,1,1,1508,-49,1654780512986650,1654780512986650,
300833b2ddd9014000030008,1,1,3436,-41,1654780512990752,1654780512990752,
300833b2ddd9014000030002,1,1,720,-49,1654780512992670,1654780512992670,
300833b2ddd9014000030009,1,1,2392,-40,1654780512993998,1654780512993998,
300833b2ddd9014000030001,1,1,1480,-49,1654780512995456,1654780512995456,
300833b2ddd9014000030001,1,1,1512,-49,1654780513025458,1654780513025458,
300833b2ddd9014000030009,1,1,2388,-40,1654780513027012,1654780513027012,
300833b2ddd9014000030002,1,1,696,-49,1654780513028280,1654780513028280,
300833b2ddd9014000030008,1,1,3456,-41,1654780513029588,1654780513029588,
300833b2ddd9014000030008,1,1,3456,-41,1654780513034323,1654780513034323,
300833b2ddd9014000030009,1,1,2388,-40,1654780513036308,1654780513036308,
300833b2ddd9014000030001,1,1,1500,-49,1654780513037708,1654780513037708,
300833b2ddd9014000030002,1,1,680,-49,1654780513038821,1654780513038821,
300833b2ddd9014000030008,1,1,3448,-41,1654780513068855,1654780513068855,
300833b2ddd9014000030002,1,1,708,-49,1654780513070192,1654780513070192,
300833b2ddd9014000030009,1,1,2392,-40,1654780513071263,1654780513071263,
300833b2ddd9014000030001,1,1,1500,-49,1654780513072365,1654780513072365,
300833b2ddd9014000030009,1,1,2400,-40,1654780513077796,1654780513077796,
300833b2ddd9014000030002,1,1,700,-49,1654780513079302,1654780513079302,
300833b2ddd9014000030008,1,1,3444,-42,1654780513080342,1654780513080342,
300833b2ddd9014000030001,1,1,1488,-49,1654780513082024,1654780513082024,
300833b2ddd9014000030008,1,1,3448,-42,1654780513111765,1654780513111765,
300833b2ddd9014000030001,1,1,1480,-49,1654780513113377,1654780513113377,
300833b2ddd9014000030002,1,1,708,-49,1654780513114970,1654780513114970,
300833b2ddd9014000030009,1,1,2400,-40,1654780513115985,1654780513115985,
300833b2ddd9014000030009,1,1,2384,-40,1654780513120603,1654780513120603,
300833b2ddd9014000030008,1,1,3448,-41,1654780513121913,1654780513121913,
300833b2ddd9014000030001,1,1,1500,-49,1654780513123182,1654780513123182,
300833b2ddd9014000030002,1,1,696,-49,1654780513125105,1654780513125105,
300833b2ddd9014000030009,1,1,2396,-40,1654780513156422,1654780513156422,
300833b2ddd9014000030001,1,1,1500,-49,1654780513158131,1654780513158131,
300833b2ddd9014000030002,1,1,704,-49,1654780513159202,1654780513159202,
300833b2ddd9014000030008,1,1,3456,-42,1654780513160283,1654780513160283,
300833b2ddd9014000030002,1,1,704,-49,1654780513163638,1654780513163638,
300833b2ddd9014000030001,1,1,1512,-49,1654780513165038,1654780513165038,
300833b2ddd9014000030009,1,1,2384,-40,1654780513166609,1654780513166609,
300833b2ddd9014000030008,1,1,3440,-41,1654780513167918,1654780513167918,
300833b2ddd9014000030001,1,1,1508,-49,1654780513199488,1654780513199488,
300833b2ddd9014000030002,1,1,724,-49,1654780513200515,1654780513200515,
300833b2ddd9014000030009,1,1,2380,-40,1654780513201903,1654780513201903,
300833b2ddd9014000030008,1,1,3460,-42,1654780513203225,1654780513203225,
300833b2ddd9014000030002,1,1,708,-49,1654780513209037,1654780513209037,
300833b2ddd9014000030008,1,1,3448,-42,1654780513210092,1654780513210092,
300833b2ddd9014000030009,1,1,2380,-40,1654780513211164,1654780513211164,
300833b2ddd9014000030001,1,1,1476,-49,1654780513212634,1654780513212634,
300833b2ddd9014000030001,1,1,1472,-49,1654780513243161,1654780513243161,
300833b2ddd9014000030009,1,1,2400,-40,1654780513245387,1654780513245387,
300833b2ddd9014000030008,1,1,3428,-41,1654780513246499,1654780513246499,
300833b2ddd9014000030002,1,1,692,-49,1654780513247709,1654780513247709,
300833b2ddd9014000030008,1,1,3448,-41,1654780513251178,1654780513251178,
300833b2ddd9014000030009,1,1,2388,-40,1654780513252223,1654780513252223,
300833b2ddd9014000030001,1,1,1492,-49,1654780513253577,1654780513253577,
300833b2ddd9014000030002,1,1,700,-49,1654780513254647,1654780513254647,
300833b2ddd9014000030001,1,1,1492,-49,1654780513286481,1654780513286481,
300833b2ddd9014000030008,1,1,3428,-42,1654780513291072,1654780513291072,
300833b2ddd9014000030009,1,1,2396,-40,1654780513292417,1654780513292417,
300833b2ddd9014000030001,1,1,1488,-48,1654780513294732,1654780513294732,
300833b2ddd9014000030002,1,1,704,-50,1654780513296131,1654780513296131,
300833b2ddd9014000030009,1,1,2388,-40,1654780513326898,1654780513326898,
300833b2ddd9014000030002,1,1,712,-50,1654780513328207,1654780513328207,
300833b2ddd9014000030001,1,1,1496,-48,1654780513329535,1654780513329535,
300833b2ddd9014000030008,1,1,3436,-41,1654780513330844,1654780513330844,
300833b2ddd9014000030001,1,1,1464,-49,1654780513335218,1654780513335218,
300833b2ddd9014000030009,1,1,2380,-40,1654780513336557,1654780513336557,
300833b2ddd9014000030008,1,1,3440,-41,1654780513337598,1654780513337598,
300833b2ddd9014000030002,1,1,708,-50,1654780513339434,1654780513339434,
300833b2ddd9014000030002,1,1,752,-50,1654780513370917,1654780513370917,
300833b2ddd9014000030001,1,1,1488,-48,1654780513372272,1654780513372272,
300833b2ddd9014000030009,1,1,2384,-40,1654780513373840,1654780513373840,
300833b2ddd9014000030008,1,1,3444,-42,1654780513378779,1654780513378779,
300833b2ddd9014000030001,1,1,1468,-49,1654780513380196,1654780513380196,
300833b2ddd9014000030009,1,1,2380,-40,1654780513381814,1654780513381814,
300833b2ddd9014000030002,1,1,724,-50,1654780513383067,1654780513383067,
300833b2ddd9014000030009,1,1,2372,-40,1654780513413206,1654780513413206,
300833b2ddd9014000030001,1,1,1472,-49,1654780513414293,1654780513414293,
300833b2ddd9014000030002,1,1,716,-50,1654780513417016,1654780513417016,
300833b2ddd9014000030001,1,1,1492,-48,1654780513421120,1654780513421120,
300833b2ddd9014000030009,1,1,2400,-40,1654780513423306,1654780513423306,
300833b2ddd9014000030002,1,1,724,-50,1654780513424883,1654780513424883,
300833b2ddd9014000030008,1,1,3428,-41,1654780513425995,1654780513425995,
300833b2ddd9014000030001,1,1,1496,-48,1654780513457843,1654780513457843,
300833b2ddd9014000030002,1,1,732,-50,1654780513458938,1654780513458938,
300833b2ddd9014000030009,1,1,2364,-40,1654780513460777,1654780513460777,
300833b2ddd9014000030008,1,1,3424,-41,1654780513461875,1654780513461875,
300833b2ddd9014000030009,1,1,2364,-40,1654780513468147,1654780513468147,
300833b2ddd9014000030001,1,1,1528,-48,1654780513469632,1654780513469632,
300833b2ddd9014000030008,1,1,3420,-42,1654780513470993,1654780513470993,
300833b2ddd9014000030002,1,1,720,-50,1654780513472233,1654780513472233,
300833b2ddd9014000030002,1,1,720,-50,1654780513507211,1654780513507211,
300833b2ddd9014000030001,1,1,1476,-48,1654780513516543,1654780513516543,
300833b2ddd9014000030009,1,1,2360,-40,1654780513517629,1654780513517629,
300833b2ddd9014000030008,1,1,3416,-41,1654780513518868,1654780513518868,
300833b2ddd9014000030009,1,1,2376,-40,1654780513522991,1654780513522991,
300833b2ddd9014000030008,1,1,3424,-41,1654780513524558,1654780513524558,
300833b2ddd9014000030002,1,1,708,-50,1654780513525653,1654780513525653,
300833b2ddd9014000030001,1,1,1492,-48,1654780513527211,1654780513527211,
300833b2ddd9014000030002,1,1,688,-50,1654780513559556,1654780513559556,
300833b2ddd9014000030008,1,1,3420,-41,1654780513561748,1654780513561748,
300833b2ddd9014000030009,1,1,2368,-40,1654780513562850,1654780513562850,
300833b2ddd9014000030001,1,1,1508,-48,1654780513564387,1654780513564387,
300833b2ddd9014000030009,1,1,2376,-40,1654780513567781,1654780513567781,
300833b2ddd9014000030008,1,1,3416,-41,1654780513568835,1654780513568835,
300833b2ddd9014000030001,1,1,1480,-48,1654780513570361,1654780513570361,
300833b2ddd9014000030002,1,1,688,-49,1654780513572694,1654780513572694,
300833b2ddd9014000030002,1,1,684,-50,1654780513603249,1654780513603249,
300833b2ddd9014000030008,1,1,3420,-41,1654780513604374,1654780513604374,
300833b2ddd9014000030001,1,1,1504,-48,1654780513606184,1654780513606184,
300833b2ddd9014000030009,1,1,2376,-40,1654780513607213,1654780513607213,
300833b2ddd9014000030002,1,1,672,-50,1654780513612323,1654780513612323,
300833b2ddd9014000030009,1,1,2368,-40,1654780513613407,1654780513613407,
300833b2ddd9014000030008,1,1,3416,-41,1654780513615228,1654780513615228,
300833b2ddd9014000030001,1,1,1480,-48,1654780513616444,1654780513616444,
300833b2ddd9014000030009,1,1,2360,-40,1654780513653665,1654780513653665,
300833b2ddd9014000030008,1,1,3424,-41,1654780513655059,1654780513655059,
300833b2ddd9014000030002,1,1,692,-50,1654780513656115,1654780513656115,
300833b2ddd9014000030001,1,1,1484,-48,1654780513657602,1654780513657602,
300833b2ddd9014000030002,1,1,676,-50,1654780513660805,1654780513660805,
300833b2ddd9014000030001,1,1,1512,-48,1654780513662118,1654780513662118,
300833b2ddd9014000030009,1,1,2360,-40,1654780513664870,1654780513664870,
300833b2ddd9014000030008,1,1,3424,-41,1654780513665952,1654780513665952,
300833b2ddd9014000030002,1,1,704,-50,1654780513696533,1654780513696533,
300833b2ddd9014000030009,1,1,2376,-40,1654780513697888,1654780513697888,
300833b2ddd9014000030008,1,1,3428,-42,1654780513699477,1654780513699477,
300833b2ddd9014000030001,1,1,1504,-48,1654780513700581,1654780513700581,
300833b2ddd9014000030009,1,1,2356,-40,1654780513705066,1654780513705066,
300833b2ddd9014000030008,1,1,3416,-41,1654780513707293,1654780513707293,
300833b2ddd9014000030001,1,1,1524,-48,1654780513709118,1654780513709118,
300833b2ddd9014000030002,1,1,692,-50,1654780513711182,1654780513711182,
300833b2ddd9014000030001,1,1,1504,-48,1654780513741786,1654780513741786,
300833b2ddd9014000030009,1,1,2356,-40,1654780513742872,1654780513742872,
300833b2ddd9014000030008,1,1,3420,-41,1654780513743968,1654780513743968,
300833b2ddd9014000030002,1,1,692,-50,1654780513747020,1654780513747020,
300833b2ddd9014000030008,1,1,3420,-41,1654780513750236,1654780513750236,
300833b2ddd9014000030001,1,1,1492,-48,1654780513751340,1654780513751340,
300833b2ddd9014000030009,1,1,2372,-40,1654780513752396,1654780513752396,
300833b2ddd9014000030002,1,1,688,-50,1654780513754006,1654780513754006,
300833b2ddd9014000030001,1,1,1508,-48,1654780513785393,1654780513785393,
300833b2ddd9014000030008,1,1,3400,-41,1654780513787331,1654780513787331,
300833b2ddd9014000030009,1,1,2356,-40,1654780513788401,1654780513788401,
300833b2ddd9014000030002,1,1,688,-50,1654780513790023,1654780513790023,
300833b2ddd9014000030009,1,1,2356,-40,1654780513793029,1654780513793029,
300833b2ddd9014000030002,1,1,684,-50,1654780513794593,1654780513794593,
300833b2ddd9014000030001,1,1,1488,-48,1654780513795893,1654780513795893,
300833b2ddd9014000030008,1,1,3408,-42,1654780513797203,1654780513797203,
300833b2ddd9014000030009,1,1,2360,-40,1654780513828686,1654780513828686,
300833b2ddd9014000030008,1,1,3424,-42,1654780513829753,1654780513829753,
300833b2ddd9014000030001,1,1,1520,-48,1654780513830815,1654780513830815,
300833b2ddd9014000030002,1,1,664,-50,1654780513832380,1654780513832380,
300833b2ddd9014000030008,1,1,3420,-41,1654780513837976,1654780513837976,
300833b2ddd9014000030009,1,1,2348,-40,1654780513839843,1654780513839843,
300833b2ddd9014000030001,1,1,1504,-48,1654780513841014,1654780513841014,
300833b2ddd9014000030002,1,1,680,-50,1654780513842455,1654780513842455,
300833b2ddd9014000030009,1,1,2344,-40,1654780513872462,1654780513872462,
300833b2ddd9014000030002,1,1,704,-50,1654780513873516,1654780513873516,
300833b2ddd9014000030008,1,1,3412,-42,1654780513874599,1654780513874599,
300833b2ddd9014000030001,1,1,1500,-48,1654780513875925,1654780513875925,
300833b2ddd9014000030009,1,1,2352,-40,1654780513880881,1654780513880881,
300833b2ddd9014000030008,1,1,3408,-42,1654780513882857,1654780513882857,
300833b2ddd9014000030002,1,1,700,-50,1654780513884766,1654780513884766,
300833b2ddd9014000030001,1,1,1500,-48,1654780513885865,1654780513885865,
300833b2ddd9014000030001,1,1,1500,-48,1654780513915607,1654780513915607,
300833b2ddd9014000030009,1,1,2400,-40,1654780513918075,1654780513918075,
300833b2ddd9014000030009,1,1,2352,-40,1654780513921563,1654780513921563,
300833b2ddd9014000030008,1,1,3404,-42,1654780513924364,1654780513924364,
300833b2ddd9014000030001,1,1,1512,-48,1654780513925865,1654780513925865,
300833b2ddd9014000030008,1,1,3424,-42,1654780513956651,1654780513956651,
300833b2ddd9014000030001,1,1,1488,-48,1654780513957979,1654780513957979,
300833b2ddd9014000030002,1,1,704,-50,1654780513959419,1654780513959419,
300833b2ddd9014000030001,1,1,1508,-48,1654780513962650,1654780513962650,
300833b2ddd9014000030002,1,1,688,-50,1654780513963946,1654780513963946,
300833b2ddd9014000030008,1,1,3432,-41,1654780513965483,1654780513965483,
300833b2ddd9014000030009,1,1,2344,-40,1654780513966555,1654780513966555,
300833b2ddd9014000030002,1,1,696,-50,1654780514000460,1654780514000460,
300833b2ddd9014000030001,1,1,1476,-48,1654780514002629,1654780514002629,
300833b2ddd9014000030009,1,1,2348,-40,1654780514004800,1654780514004800,
300833b2ddd9014000030008,1,1,3412,-42,1654780514006040,1654780514006040,
300833b2ddd9014000030008,1,1,3404,-41,1654780514009590,1654780514009590,
300833b2ddd9014000030001,1,1,1512,-48,1654780514010691,1654780514010691,
300833b2ddd9014000030009,1,1,2344,-40,1654780514012273,1654780514012273,
300833b2ddd9014000030002,1,1,676,-50,1654780514013936,1654780514013936,
300833b2ddd9014000030001,1,1,1508,-48,1654780514045863,1654780514045863,
300833b2ddd9014000030008,1,1,3396,-41,1654780514046976,1654780514046976,
300833b2ddd9014000030009,1,1,2352,-40,1654780514048047,1654780514048047,
300833b2ddd9014000030002,1,1,700,-50,1654780514049142,1654780514049142,
300833b2ddd9014000030001,1,1,1480,-48,1654780514052478,1654780514052478,
300833b2ddd9014000030008,1,1,3364,-41,1654780514053763,1654780514053763,
300833b2ddd9014000030009,1,1,2348,-40,1654780514054847,1654780514054847,
300833b2ddd9014000030002,1,1,688,-50,1654780514056659,1654780514056659,
300833b2ddd9014000030008,1,1,3420,-41,1654780514087825,1654780514087825,
300833b2ddd9014000030001,1,1,1488,-48,1654780514088927,1654780514088927,
300833b2ddd9014000030009,1,1,2352,-40,1654780514091030,1654780514091030,
300833b2ddd9014000030002,1,1,704,-50,1654780514092919,1654780514092919,
300833b2ddd9014000030008,1,1,3404,-42,1654780514096550,1654780514096550,
300833b2ddd9014000030002,1,1,700,-50,1654780514097646,1654780514097646,
300833b2ddd9014000030001,1,1,1460,-48,1654780514098677,1654780514098677,
300833b2ddd9014000030009,1,1,2328,-40,1654780514100060,1654780514100060,
300833b2ddd9014000030002,1,1,720,-50,1654780514132208,1654780514132208,
300833b2ddd9014000030009,1,1,2396,-40,1654780514133909,1654780514133909,
300833b2ddd9014000030001,1,1,1440,-48,1654780514135308,1654780514135308,
300833b2ddd9014000030008,1,1,3400,-41,1654780514136377,1654780514136377,
300833b2ddd9014000030008,1,1,3408,-41,1654780514140211,1654780514140211,
300833b2ddd9014000030009,1,1,2328,-40,1654780514141225,1654780514141225,
300833b2ddd9014000030001,1,1,1520,-48,1654780514143420,1654780514143420,
300833b2ddd9014000030002,1,1,724,-49,1654780514145371,1654780514145371,