epc,atenda,atendanum,phase,RSS,timestamp,timestamp2,
300833b2ddd9014000030002,1,1,2772,-64,1654696234805545,1654696234805545,
300833b2ddd9014000030008,1,1,2016,-57,1654696234806658,1654696234806658,
300833b2ddd9014000030009,1,1,2352,-54,1654696234808015,1654696234808015,
300833b2ddd9014000030009,1,1,2400,-54,1654696234813602,1654696234813602,
300833b2ddd9014000030002,1,1,2648,-64,1654696234815508,1654696234815508,
300833b2ddd9014000030008,1,1,1996,-57,1654696234816578,1654696234816578,
300833b2ddd9014000030002,1,1,2644,-64,1654696234847189,1654696234847189,
300833b2ddd9014000030009,1,1,2388,-54,1654696234849156,1654696234849156,
300833b2ddd9014000030008,1,1,1984,-57,1654696234850496,1654696234850496,
300833b2ddd9014000030008,1,1,2000,-58,1654696234854068,1654696234854068,
300833b2ddd9014000030002,1,1,2676,-64,1654696234855111,1654696234855111,
300833b2ddd9014000030009,1,1,2368,-55,1654696234856154,1654696234856154,
300833b2ddd9014000030002,1,1,2752,-64,1654696234892099,1654696234892099,
300833b2ddd9014000030009,1,1,2376,-54,1654696234893708,1654696234893708,
300833b2ddd9014000030008,1,1,2028,-57,1654696234895049,1654696234895049,
300833b2ddd9014000030009,1,1,2360,-54,1654696234901086,1654696234901086,
300833b2ddd9014000030008,1,1,2008,-58,1654696234902385,1654696234902385,
300833b2ddd9014000030002,1,1,2720,-63,1654696234903884,1654696234903884,
300833b2ddd9014000030002,1,1,2604,-64,1654696234936223,1654696234936223,
300833b2ddd9014000030008,1,1,1972,-57,1654696234938198,1654696234938198,
300833b2ddd9014000030009,1,1,2364,-54,1654696234939282,1654696234939282,
300833b2ddd9014000030002,1,1,2632,-64,1654696234942032,1654696234942032,
300833b2ddd9014000030009,1,1,2400,-54,1654696234943615,1654696234943615,
300833b2ddd9014000030008,1,1,1956,-57,1654696234944970,1654696234944970,
300833b2ddd9014000030009,1,1,2392,-54,1654696234976667,1654696234976667,
300833b2ddd9014000030008,1,1,2004,-57,1654696234977721,1654696234977721,
300833b2ddd9014000030002,1,1,2724,-64,1654696234979065,1654696234979065,
300833b2ddd9014000030008,1,1,2016,-58,1654696234984476,1654696234984476,
300833b2ddd9014000030002,1,1,2576,-63,1654696234986385,1654696234986385,
300833b2ddd9014000030009,1,1,2368,-54,1654696234987742,1654696234987742,
300833b2ddd9014000030009,1,1,2340,-54,1654696235018627,1654696235018627,
300833b2ddd9014000030002,1,1,2636,-64,1654696235020353,1654696235020353,
300833b2ddd9014000030008,1,1,2040,-57,1654696235021397,1654696235021397,
300833b2ddd9014000030009,1,1,2368,-55,1654696235025217,1654696235025217,
300833b2ddd9014000030002,1,1,2652,-64,1654696235026356,1654696235026356,
300833b2ddd9014000030008,1,1,2028,-57,1654696235028195,1654696235028195,
300833b2ddd9014000030009,1,1,2372,-55,1654696235060102,1654696235060102,
300833b2ddd9014000030002,1,1,2812,-64,1654696235061529,1654696235061529,
300833b2ddd9014000030008,1,1,2016,-58,1654696235062896,1654696235062896,
300833b2ddd9014000030009,1,1,2368,-54,1654696235066464,1654696235066464,
300833b2ddd9014000030008,1,1,2028,-58,1654696235067797,1654696235067797,
300833b2ddd9014000030002,1,1,2564,-64,1654696235069948,1654696235069948,
300833b2ddd9014000030009,1,1,2400,-55,1654696235101315,1654696235101315,
300833b2ddd9014000030002,1,1,2752,-64,1654696235103494,1654696235103494,
300833b2ddd9014000030008,1,1,2004,-58,1654696235104563,1654696235104563,
300833b2ddd9014000030008,1,1,2008,-57,1654696235107815,1654696235107815,
300833b2ddd9014000030009,1,1,2404,-55,1654696235109396,1654696235109396,
300833b2ddd9014000030002,1,1,2444,-64,1654696235110412,1654696235110412,
300833b2ddd9014000030008,1,1,1988,-57,1654696235142598,1654696235142598,
300833b2ddd9014000030009,1,1,2420,-55,1654696235143728,1654696235143728,
300833b2ddd9014000030002,1,1,2604,-64,1654696235147238,1654696235147238,
300833b2ddd9014000030008,1,1,2020,-57,1654696235150422,1654696235150422,
300833b2ddd9014000030002,1,1,2668,-64,1654696235152090,1654696235152090,
300833b2ddd9014000030009,1,1,2404,-54,1654696235153164,1654696235153164,
300833b2ddd9014000030008,1,1,2036,-58,1654696235186394,1654696235186394,
300833b2ddd9014000030009,1,1,2368,-54,1654696235187946,1654696235187946,
300833b2ddd9014000030002,1,1,2688,-64,1654696235191247,1654696235191247,
300833b2ddd9014000030009,1,1,2424,-55,1654696235194674,1654696235194674,
300833b2ddd9014000030008,1,1,1996,-57,1654696235196085,1654696235196085,
300833b2ddd9014000030002,1,1,2724,-64,1654696235197398,1654696235197398,
300833b2ddd9014000030008,1,1,2036,-57,1654696235228027,1654696235228027,
300833b2ddd9014000030002,1,1,2656,-64,1654696235229966,1654696235229966,
300833b2ddd9014000030009,1,1,2392,-54,1654696235231291,1654696235231291,
300833b2ddd9014000030002,1,1,2724,-64,1654696235235095,1654696235235095,
300833b2ddd9014000030009,1,1,2392,-55,1654696235236564,1654696235236564,
300833b2ddd9014000030008,1,1,2008,-57,1654696235237620,1654696235237620,
300833b2ddd9014000030008,1,1,2012,-57,1654696235269699,1654696235269699,
300833b2ddd9014000030009,1,1,2356,-55,1654696235271011,1654696235271011,
300833b2ddd9014000030002,1,1,2632,-64,1654696235272067,1654696235272067,
300833b2ddd9014000030002,1,1,2656,-64,1654696235275441,1654696235275441,
300833b2ddd9014000030008,1,1,2064,-57,1654696235276754,1654696235276754,
300833b2ddd9014000030009,1,1,2396,-55,1654696235278549,1654696235278549,
300833b2ddd9014000030008,1,1,1996,-57,1654696235311186,1654696235311186,
300833b2ddd9014000030002,1,1,2708,-64,1654696235312499,1654696235312499,
300833b2ddd9014000030009,1,1,2356,-54,1654696235313609,1654696235313609,
300833b2ddd9014000030002,1,1,2708,-64,1654696235318747,1654696235318747,
300833b2ddd9014000030009,1,1,2360,-54,1654696235320339,1654696235320339,
300833b2ddd9014000030008,1,1,2020,-57,1654696235322442,1654696235322442,
300833b2ddd9014000030009,1,1,2348,-54,1654696235354083,1654696235354083,
300833b2ddd9014000030002,1,1,2692,-64,1654696235355184,1654696235355184,
300833b2ddd9014000030008,1,1,1996,-57,1654696235356281,1654696235356281,
300833b2ddd9014000030002,1,1,2676,-65,1654696235361416,1654696235361416,
300833b2ddd9014000030008,1,1,1964,-57,1654696235362844,1654696235362844,
300833b2ddd9014000030009,1,1,2368,-54,1654696235364678,1654696235364678,
300833b2ddd9014000030008,1,1,2028,-57,1654696235402446,1654696235402446,
300833b2ddd9014000030009,1,1,2340,-54,1654696235403946,1654696235403946,
300833b2ddd9014000030002,1,1,2676,-64,1654696235405018,1654696235405018,
300833b2ddd9014000030008,1,1,2028,-58,1654696235409305,1654696235409305,
300833b2ddd9014000030009,1,1,2368,-54,1654696235410759,1654696235410759,
300833b2ddd9014000030002,1,1,2624,-64,1654696235412058,1654696235412058,
300833b2ddd9014000030008,1,1,2004,-57,1654696235455254,1654696235455254,
300833b2ddd9014000030002,1,1,2704,-64,1654696235456369,1654696235456369,
300833b2ddd9014000030009,1,1,2376,-55,1654696235457439,1654696235457439,
300833b2ddd9014000030002,1,1,2716,-64,1654696235461248,1654696235461248,
300833b2ddd9014000030009,1,1,2368,-55,1654696235462659,1654696235462659,
300833b2ddd9014000030008,1,1,2004,-58,1654696235463985,1654696235463985,
300833b2ddd9014000030009,1,1,2412,-55,1654696235495376,1654696235495376,
300833b2ddd9014000030008,1,1,1988,-57,1654696235496800,1654696235496800,
300833b2ddd9014000030002,1,1,2648,-64,1654696235498140,1654696235498140,
300833b2ddd9014000030008,1,1,2044,-58,1654696235501949,1654696235501949,
300833b2ddd9014000030002,1,1,2644,-64,1654696235503019,1654696235503019,
300833b2ddd9014000030009,1,1,2396,-55,1654696235504586,1654696235504586,
300833b2ddd9014000030008,1,1,2048,-57,1654696235543512,1654696235543512,
300833b2ddd9014000030002,1,1,2712,-64,1654696235545253,1654696235545253,
300833b2ddd9014000030009,1,1,2392,-54,1654696235546606,1654696235546606,
300833b2ddd9014000030009,1,1,2364,-55,1654696235549953,1654696235549953,
300833b2ddd9014000030008,1,1,2012,-57,1654696235551237,1654696235551237,
300833b2ddd9014000030002,1,1,2720,-64,1654696235554779,1654696235554779,
300833b2ddd9014000030008,1,1,1972,-57,1654696235589566,1654696235589566,
300833b2ddd9014000030009,1,1,2368,-55,1654696235591728,1654696235591728,
300833b2ddd9014000030002,1,1,2660,-64,1654696235593042,1654696235593042,
300833b2ddd9014000030008,1,1,1972,-57,1654696235597404,1654696235597404,
300833b2ddd9014000030009,1,1,2356,-54,1654696235598486,1654696235598486,
300833b2ddd9014000030002,1,1,2752,-64,1654696235599562,1654696235599562,
300833b2ddd9014000030009,1,1,2356,-55,1654696235630000,1654696235630000,
300833b2ddd9014000030008,1,1,1984,-57,1654696235631525,1654696235631525,
300833b2ddd9014000030002,1,1,2628,-64,1654696235634839,1654696235634839,
300833b2ddd9014000030008,1,1,2008,-57,1654696235637568,1654696235637568,
300833b2ddd9014000030009,1,1,2388,-55,1654696235638655,1654696235638655,
300833b2ddd9014000030002,1,1,2680,-64,1654696235640676,1654696235640676,
300833b2ddd9014000030009,1,1,2364,-55,1654696235672376,1654696235672376,
300833b2ddd9014000030008,1,1,1972,-57,1654696235673490,1654696235673490,
300833b2ddd9014000030002,1,1,2696,-64,1654696235675300,1654696235675300,
300833b2ddd9014000030002,1,1,2592,-64,1654696235680240,1654696235680240,
300833b2ddd9014000030008,1,1,2024,-58,1654696235681936,1654696235681936,
300833b2ddd9014000030009,1,1,2380,-54,1654696235683023,1654696235683023,
300833b2ddd9014000030002,1,1,2792,-64,1654696235713925,1654696235713925,
300833b2ddd9014000030009,1,1,2404,-54,1654696235715578,1654696235715578,
300833b2ddd9014000030008,1,1,2032,-57,1654696235716649,1654696235716649,
300833b2ddd9014000030008,1,1,2004,-58,1654696235720684,1654696235720684,
300833b2ddd9014000030009,1,1,2388,-55,1654696235723544,1654696235723544,
300833b2ddd9014000030002,1,1,2540,-64,1654696235724789,1654696235724789,
300833b2ddd9014000030002,1,1,2612,-64,1654696235760941,1654696235760941,
300833b2ddd9014000030008,1,1,2008,-57,1654696235762761,1654696235762761,
300833b2ddd9014000030009,1,1,2396,-54,1654696235764075,1654696235764075,
300833b2ddd9014000030008,1,1,2000,-58,1654696235768347,1654696235768347,
300833b2ddd9014000030009,1,1,2360,-55,1654696235769802,1654696235769802,
300833b2ddd9014000030002,1,1,2648,-64,1654696235771100,1654696235771100,
300833b2ddd9014000030008,1,1,2020,-57,1654696235804249,1654696235804249,
300833b2ddd9014000030009,1,1,2388,-55,1654696235806401,1654696235806401,
300833b2ddd9014000030002,1,1,2652,-65,1654696235807529,1654696235807529,
300833b2ddd9014000030008,1,1,2012,-58,1654696235810898,1654696235810898,
300833b2ddd9014000030009,1,1,2356,-55,1654696235812849,1654696235812849,
300833b2ddd9014000030002,1,1,2672,-64,1654696235813920,1654696235813920,
300833b2ddd9014000030002,1,1,2744,-64,1654696235847062,1654696235847062,
300833b2ddd9014000030009,1,1,2388,-54,1654696235848415,1654696235848415,
300833b2ddd9014000030008,1,1,2032,-57,1654696235849995,1654696235849995,
300833b2ddd9014000030002,1,1,2596,-64,1654696235854433,1654696235854433,
300833b2ddd9014000030008,1,1,1988,-57,1654696235855772,1654696235855772,
300833b2ddd9014000030009,1,1,2376,-54,1654696235857917,1654696235857917,
300833b2ddd9014000030008,1,1,2020,-57,1654696235891658,1654696235891658,
300833b2ddd9014000030009,1,1,2372,-55,1654696235892999,1654696235892999,
300833b2ddd9014000030002,1,1,2652,-64,1654696235895176,1654696235895176,
300833b2ddd9014000030009,1,1,2376,-54,1654696235899717,1654696235899717,
300833b2ddd9014000030008,1,1,1996,-58,1654696235900814,1654696235900814,
300833b2ddd9014000030002,1,1,2592,-64,1654696235903805,1654696235903805,
300833b2ddd9014000030002,1,1,2684,-63,1654696235936249,1654696235936249,
300833b2ddd9014000030009,1,1,2376,-54,1654696235938200,1654696235938200,
300833b2ddd9014000030008,1,1,2048,-58,1654696235939541,1654696235939541,
300833b2ddd9014000030008,1,1,2048,-58,1654696235944152,1654696235944152,
300833b2ddd9014000030009,1,1,2352,-54,1654696235945494,1654696235945494,
300833b2ddd9014000030002,1,1,2588,-64,1654696235946977,1654696235946977,
300833b2ddd9014000030002,1,1,2648,-65,1654696235977260,1654696235977260,
300833b2ddd9014000030008,1,1,2028,-57,1654696235978955,1654696235978955,
300833b2ddd9014000030009,1,1,2368,-54,1654696235980295,1654696235980295,
300833b2ddd9014000030009,1,1,2356,-54,1654696235983666,1654696235983666,
300833b2ddd9014000030008,1,1,2012,-57,1654696235986115,1654696235986115,
300833b2ddd9014000030002,1,1,2652,-64,1654696235987186,1654696235987186,
300833b2ddd9014000030009,1,1,2360,-55,1654696236017376,1654696236017376,
300833b2ddd9014000030002,1,1,2588,-64,1654696236018462,1654696236018462,
300833b2ddd9014000030008,1,1,2008,-57,1654696236020069,1654696236020069,
300833b2ddd9014000030009,1,1,2368,-54,1654696236024929,1654696236024929,
300833b2ddd9014000030002,1,1,2588,-64,1654696236026868,1654696236026868,
300833b2ddd9014000030008,1,1,2016,-57,1654696236027952,1654696236027952,
300833b2ddd9014000030002,1,1,2540,-64,1654696236061524,1654696236061524,
300833b2ddd9014000030009,1,1,2368,-54,1654696236063017,1654696236063017,
300833b2ddd9014000030008,1,1,2016,-57,1654696236064927,1654696236064927,
300833b2ddd9014000030009,1,1,2376,-54,1654696236069742,1654696236069742,
300833b2ddd9014000030002,1,1,2700,-64,1654696236071452,1654696236071452,
300833b2ddd9014000030008,1,1,2032,-57,1654696236072492,1654696236072492,
300833b2ddd9014000030009,1,1,2376,-55,1654696236104389,1654696236104389,
300833b2ddd9014000030008,1,1,2020,-58,1654696236106340,1654696236106340,
300833b2ddd9014000030002,1,1,2664,-64,1654696236107467,1654696236107467,
300833b2ddd9014000030009,1,1,2356,-55,1654696236111282,1654696236111282,
300833b2ddd9014000030008,1,1,2036,-57,1654696236112396,1654696236112396,
300833b2ddd9014000030002,1,1,2564,-65,1654696236116637,1654696236116637,
300833b2ddd9014000030009,1,1,2348,-54,1654696236151467,1654696236151467,
300833b2ddd9014000030002,1,1,2684,-63,1654696236152539,1654696236152539,
300833b2ddd9014000030008,1,1,1996,-58,1654696236154529,1654696236154529,
300833b2ddd9014000030002,1,1,2680,-64,1654696236159211,1654696236159211,
300833b2ddd9014000030008,1,1,1992,-58,1654696236160294,1654696236160294,
300833b2ddd9014000030009,1,1,2412,-54,1654696236161905,1654696236161905,
300833b2ddd9014000030008,1,1,1988,-58,1654696236197462,1654696236197462,
300833b2ddd9014000030009,1,1,2388,-55,1654696236198535,1654696236198535,
300833b2ddd9014000030002,1,1,2560,-64,1654696236199845,1654696236199845,
300833b2ddd9014000030002,1,1,2620,-64,1654696236205722,1654696236205722,
300833b2ddd9014000030008,1,1,2012,-57,1654696236206978,1654696236206978,
300833b2ddd9014000030009,1,1,2352,-55,1654696236208512,1654696236208512,
300833b2ddd9014000030008,1,1,1996,-57,1654696236239358,1654696236239358,
300833b2ddd9014000030002,1,1,2644,-64,1654696236240800,1654696236240800,
300833b2ddd9014000030009,1,1,2372,-54,1654696236242113,1654696236242113,
300833b2ddd9014000030008,1,1,2032,-57,1654696236245667,1654696236245667,
300833b2ddd9014000030009,1,1,2344,-54,1654696236247673,1654696236247673,
300833b2ddd9014000030002,1,1,2640,-64,1654696236248761,1654696236248761,
300833b2ddd9014000030008,1,1,2024,-57,1654696236285828,1654696236285828,
300833b2ddd9014000030009,1,1,2352,-54,1654696236287541,1654696236287541,
300833b2ddd9014000030002,1,1,2584,-64,1654696236288838,1654696236288838,
300833b2ddd9014000030008,1,1,1988,-57,1654696236292358,1654696236292358,
300833b2ddd9014000030009,1,1,2396,-55,1654696236294367,1654696236294367,
300833b2ddd9014000030002,1,1,2660,-64,1654696236295409,1654696236295409,
300833b2ddd9014000030008,1,1,2008,-57,1654696236326465,1654696236326465,
300833b2ddd9014000030009,1,1,2368,-54,1654696236328116,1654696236328116,
300833b2ddd9014000030002,1,1,2596,-64,1654696236329473,1654696236329473,
300833b2ddd9014000030002,1,1,2644,-64,1654696236332899,1654696236332899,
300833b2ddd9014000030009,1,1,2384,-55,1654696236334494,1654696236334494,
300833b2ddd9014000030008,1,1,2056,-57,1654696236336261,1654696236336261,
300833b2ddd9014000030001,1,1,1364,-70,1654696236341990,1654696236341990,
300833b2ddd9014000030009,1,1,2368,-54,1654696236373430,1654696236373430,
300833b2ddd9014000030008,1,1,2040,-58,1654696236374784,1654696236374784,
300833b2ddd9014000030002,1,1,2680,-64,1654696236376253,1654696236376253,
300833b2ddd9014000030009,1,1,2356,-55,1654696236380078,1654696236380078,
300833b2ddd9014000030008,1,1,1980,-58,1654696236382073,1654696236382073,
300833b2ddd9014000030002,1,1,2640,-64,1654696236384024,1654696236384024,
300833b2ddd9014000030002,1,1,2572,-64,1654696236414211,1654696236414211,
300833b2ddd9014000030008,1,1,2004,-57,1654696236415903,1654696236415903,
300833b2ddd9014000030009,1,1,2368,-54,1654696236417441,1654696236417441,
300833b2ddd9014000030002,1,1,2728,-64,1654696236421929,1654696236421929,
300833b2ddd9014000030009,1,1,2408,-55,1654696236424421,1654696236424421,
300833b2ddd9014000030008,1,1,2016,-57,1654696236425832,1654696236425832,
300833b2ddd9014000030009,1,1,2392,-55,1654696236455832,1654696236455832,
300833b2ddd9014000030002,1,1,2576,-65,1654696236456915,1654696236456915,
300833b2ddd9014000030008,1,1,1984,-58,1654696236458710,1654696236458710,
300833b2ddd9014000030009,1,1,2360,-55,1654696236467584,1654696236467584,
300833b2ddd9014000030002,1,1,2624,-65,1654696236468712,1654696236468712,
300833b2ddd9014000030008,1,1,2020,-57,1654696236470548,1654696236470548,
300833b2ddd9014000030008,1,1,2020,-58,1654696236503371,1654696236503371,
300833b2ddd9014000030009,1,1,2344,-55,1654696236504485,1654696236504485,
300833b2ddd9014000030002,1,1,2672,-65,1654696236505544,1654696236505544,
300833b2ddd9014000030002,1,1,2660,-64,1654696236515852,1654696236515852,
300833b2ddd9014000030009,1,1,2372,-55,1654696236517563,1654696236517563,
300833b2ddd9014000030008,1,1,1980,-58,1654696236518931,1654696236518931,
300833b2ddd9014000030008,1,1,1976,-58,1654696236549371,1654696236549371,
300833b2ddd9014000030009,1,1,2412,-55,1654696236550444,1654696236550444,
300833b2ddd9014000030002,1,1,2628,-65,1654696236553138,1654696236553138,
300833b2ddd9014000030002,1,1,2624,-65,1654696236558581,1654696236558581,
300833b2ddd9014000030009,1,1,2352,-55,1654696236559692,1654696236559692,
300833b2ddd9014000030008,1,1,1996,-58,1654696236560822,1654696236560822,
300833b2ddd9014000030009,1,1,2344,-55,1654696236591897,1654696236591897,
300833b2ddd9014000030008,1,1,1996,-58,1654696236593139,1654696236593139,
300833b2ddd9014000030002,1,1,2668,-64,1654696236594466,1654696236594466,
300833b2ddd9014000030002,1,1,2672,-65,1654696236600780,1654696236600780,
300833b2ddd9014000030009,1,1,2380,-54,1654696236602477,1654696236602477,
300833b2ddd9014000030008,1,1,2016,-58,1654696236603691,1654696236603691,
300833b2ddd9014000030009,1,1,2356,-54,1654696236634581,1654696236634581,
300833b2ddd9014000030008,1,1,2016,-57,1654696236635740,1654696236635740,
300833b2ddd9014000030002,1,1,2576,-65,1654696236636837,1654696236636837,
300833b2ddd9014000030002,1,1,2604,-65,1654696236640196,1654696236640196,
300833b2ddd9014000030008,1,1,2080,-58,1654696236641482,1654696236641482,
300833b2ddd9014000030009,1,1,2400,-55,1654696236643516,1654696236643516,
300833b2ddd9014000030002,1,1,2688,-65,1654696236675409,1654696236675409,
300833b2ddd9014000030009,1,1,2368,-55,1654696236676891,1654696236676891,
300833b2ddd9014000030008,1,1,2004,-57,1654696236677976,1654696236677976,
300833b2ddd9014000030008,1,1,1996,-57,1654696236684364,1654696236684364,
300833b2ddd9014000030002,1,1,2664,-65,1654696236685469,1654696236685469,
300833b2ddd9014000030009,1,1,2396,-55,1654696236686594,1654696236686594,
300833b2ddd9014000030002,1,1,2624,-65,1654696236716766,1654696236716766,
300833b2ddd9014000030008,1,1,2032,-57,1654696236717835,1654696236717835,
300833b2ddd9014000030009,1,1,2416,-54,1654696236718951,1654696236718951,
300833b2ddd9014000030002,1,1,2648,-65,1654696236724587,1654696236724587,
300833b2ddd9014000030008,1,1,2000,-57,1654696236725628,1654696236725628,
300833b2ddd9014000030009,1,1,2404,-55,1654696236727127,1654696236727127,
300833b2ddd9014000030002,1,1,2584,-66,1654696236759248,1654696236759248,
300833b2ddd9014000030008,1,1,1996,-57,1654696236760922,1654696236760922,
300833b2ddd9014000030009,1,1,2372,-54,1654696236762011,1654696236762011,
300833b2ddd9014000030002,1,1,2568,-66,1654696236767564,1654696236767564,
300833b2ddd9014000030008,1,1,1976,-57,1654696236769473,1654696236769473,
300833b2ddd9014000030009,1,1,2396,-54,1654696236770774,1654696236770774,
300833b2ddd9014000030002,1,1,2656,-66,1654696236801298,1654696236801298,
300833b2ddd9014000030001,1,1,1492,-68,1654696236802640,1654696236802640,
300833b2ddd9014000030009,1,1,2348,-55,1654696236804009,1654696236804009,
300833b2ddd9014000030008,1,1,1968,-57,1654696236805334,1654696236805334,
300833b2ddd9014000030009,1,1,2380,-54,1654696236813548,1654696236813548,
300833b2ddd9014000030008,1,1,1952,-57,1654696236814660,1654696236814660,
300833b2ddd9014000030002,1,1,2584,-66,1654696236815886,1654696236815886,
300833b2ddd9014000030001,1,1,1380,-68,1654696236817062,1654696236817062,
300833b2ddd9014000030008,1,1,1928,-56,1654696236846830,1654696236846830,
300833b2ddd9014000030009,1,1,2312,-54,1654696236848129,1654696236848129,
300833b2ddd9014000030002,1,1,2480,-67,1654696236849428,1654696236849428,
300833b2ddd9014000030001,1,1,1336,-69,1654696236850996,1654696236850996,
300833b2ddd9014000030002,1,1,2580,-67,1654696236855742,1654696236855742,
300833b2ddd9014000030001,1,1,1124,-69,1654696236858096,1654696236858096,
300833b2ddd9014000030008,1,1,1904,-57,1654696236860124,1654696236860124,
300833b2ddd9014000030009,1,1,2280,-54,1654696236861254,1654696236861254,
300833b2ddd9014000030002,1,1,2576,-67,1654696236892358,1654696236892358,
300833b2ddd9014000030008,1,1,1884,-56,1654696236893456,1654696236893456,
300833b2ddd9014000030009,1,1,2276,-55,1654696236894615,1654696236894615,
300833b2ddd9014000030001,1,1,1084,-70,1654696236897083,1654696236897083,
300833b2ddd9014000030009,1,1,2260,-55,1654696236900939,1654696236900939,
300833b2ddd9014000030008,1,1,1836,-56,1654696236902011,1654696236902011,
300833b2ddd9014000030002,1,1,2664,-67,1654696236903307,1654696236903307,
300833b2ddd9014000030001,1,1,1104,-71,1654696236905747,1654696236905747,
300833b2ddd9014000030008,1,1,1828,-56,1654696236937082,1654696236937082,
300833b2ddd9014000030009,1,1,2240,-55,1654696236938281,1654696236938281,
300833b2ddd9014000030002,1,1,2688,-66,1654696236940220,1654696236940220,
300833b2ddd9014000030001,1,1,1080,-71,1654696236941635,1654696236941635,
300833b2ddd9014000030009,1,1,2228,-55,1654696236944904,1654696236944904,
300833b2ddd9014000030002,1,1,2804,-65,1654696236945962,1654696236945962,
300833b2ddd9014000030008,1,1,1824,-57,1654696236947047,1654696236947047,
300833b2ddd9014000030002,1,1,2832,-63,1654696236981096,1654696236981096,
300833b2ddd9014000030009,1,1,2236,-55,1654696236983656,1654696236983656,
300833b2ddd9014000030008,1,1,1812,-57,1654696236984771,1654696236984771,
300833b2ddd9014000030002,1,1,2884,-63,1654696236987686,1654696236987686,
300833b2ddd9014000030009,1,1,2260,-55,1654696236989626,1654696236989626,
300833b2ddd9014000030008,1,1,1824,-56,1654696236990683,1654696236990683,
300833b2ddd9014000030008,1,1,1860,-57,1654696237021240,1654696237021240,
300833b2ddd9014000030002,1,1,2948,-62,1654696237022312,1654696237022312,
300833b2ddd9014000030009,1,1,2276,-55,1654696237024061,1654696237024061,
300833b2ddd9014000030002,1,1,2848,-62,1654696237030035,1654696237030035,
300833b2ddd9014000030009,1,1,2292,-55,1654696237031119,1654696237031119,
300833b2ddd9014000030008,1,1,1848,-57,1654696237032232,1654696237032232,
300833b2ddd9014000030008,1,1,1848,-58,1654696237063571,1654696237063571,
300833b2ddd9014000030002,1,1,2760,-62,1654696237064870,1654696237064870,
300833b2ddd9014000030009,1,1,2252,-55,1654696237065951,1654696237065951,
300833b2ddd9014000030009,1,1,2292,-55,1654696237070381,1654696237070381,
300833b2ddd9014000030008,1,1,1788,-57,1654696237071934,1654696237071934,
300833b2ddd9014000030002,1,1,2784,-62,1654696237073145,1654696237073145,
300833b2ddd9014000030002,1,1,2760,-62,1654696237103620,1654696237103620,
300833b2ddd9014000030008,1,1,1772,-58,1654696237104876,1654696237104876,
300833b2ddd9014000030009,1,1,2272,-55,1654696237106171,1654696237106171,
300833b2ddd9014000030009,1,1,2268,-55,1654696237110160,1654696237110160,
300833b2ddd9014000030002,1,1,2720,-63,1654696237111871,1654696237111871,
300833b2ddd9014000030008,1,1,1716,-58,1654696237112927,1654696237112927,
300833b2ddd9014000030002,1,1,2732,-63,1654696237144268,1654696237144268,
300833b2ddd9014000030009,1,1,2276,-54,1654696237145694,1654696237145694,
300833b2ddd9014000030008,1,1,1700,-58,1654696237146822,1654696237146822,
300833b2ddd9014000030009,1,1,2276,-55,1654696237150407,1654696237150407,
300833b2ddd9014000030002,1,1,2704,-63,1654696237153383,1654696237153383,
300833b2ddd9014000030008,1,1,1688,-58,1654696237155206,1654696237155206,
300833b2ddd9014000030001,1,1,888,-73,1654696237158346,1654696237158346,
300833b2ddd9014000030009,1,1,2296,-55,1654696237189980,1654696237189980,
300833b2ddd9014000030008,1,1,1716,-59,1654696237191051,1654696237191051,
300833b2ddd9014000030002,1,1,2700,-64,1654696237192279,1654696237192279,
300833b2ddd9014000030009,1,1,2320,-55,1654696237195540,1654696237195540,
300833b2ddd9014000030008,1,1,1660,-59,1654696237197470,1654696237197470,
300833b2ddd9014000030002,1,1,2796,-64,1654696237199464,1654696237199464,
300833b2ddd9014000030009,1,1,2316,-55,1654696237229402,1654696237229402,
300833b2ddd9014000030002,1,1,2760,-63,1654696237230529,1654696237230529,
300833b2ddd9014000030008,1,1,1668,-59,1654696237232055,1654696237232055,
300833b2ddd9014000030008,1,1,1696,-59,1654696237237821,1654696237237821,
300833b2ddd9014000030009,1,1,2340,-55,1654696237238935,1654696237238935,
300833b2ddd9014000030002,1,1,3048,-63,1654696237240934,1654696237240934,
300833b2ddd9014000030009,1,1,2332,-55,1654696237270750,1654696237270750,
300833b2ddd9014000030002,1,1,2824,-63,1654696237272676,1654696237272676,
300833b2ddd9014000030008,1,1,1728,-59,1654696237274285,1654696237274285,
300833b2ddd9014000030008,1,1,1704,-59,1654696237277852,1654696237277852,
300833b2ddd9014000030009,1,1,2332,-55,1654696237278966,1654696237278966,
300833b2ddd9014000030002,1,1,2772,-63,1654696237281869,1654696237281869,
300833b2ddd9014000030009,1,1,2336,-55,1654696237313580,1654696237313580,
300833b2ddd9014000030008,1,1,1756,-59,1654696237314920,1654696237314920,
300833b2ddd9014000030002,1,1,2796,-62,1654696237316009,1654696237316009,
300833b2ddd9014000030008,1,1,1748,-59,1654696237319576,1654696237319576,
300833b2ddd9014000030009,1,1,2344,-55,1654696237321232,1654696237321232,
300833b2ddd9014000030002,1,1,2764,-62,1654696237323367,1654696237323367,
300833b2ddd9014000030002,1,1,2720,-62,1654696237353299,1654696237353299,
300833b2ddd9014000030009,1,1,2340,-54,1654696237354995,1654696237354995,
300833b2ddd9014000030008,1,1,1740,-59,1654696237356337,1654696237356337,
300833b2ddd9014000030009,1,1,2348,-55,1654696237359901,1654696237359901,
300833b2ddd9014000030008,1,1,1804,-59,1654696237361467,1654696237361467,
300833b2ddd9014000030002,1,1,2736,-61,1654696237363050,1654696237363050,
300833b2ddd9014000030002,1,1,2724,-61,1654696237395067,1654696237395067,
300833b2ddd9014000030008,1,1,1760,-60,1654696237397005,1654696237397005,
300833b2ddd9014000030009,1,1,2372,-54,1654696237398107,1654696237398107,
300833b2ddd9014000030008,1,1,1720,-60,1654696237401679,1654696237401679,
300833b2ddd9014000030009,1,1,2360,-54,1654696237403003,1654696237403003,
300833b2ddd9014000030002,1,1,2884,-61,1654696237404388,1654696237404388,
300833b2ddd9014000030009,1,1,2340,-54,1654696237436480,1654696237436480,
300833b2ddd9014000030008,1,1,1820,-60,1654696237438828,1654696237438828,
300833b2ddd9014000030002,1,1,2808,-61,1654696237439956,1654696237439956,
300833b2ddd9014000030002,1,1,2832,-61,1654696237443987,1654696237443987,
300833b2ddd9014000030009,1,1,2376,-55,1654696237445043,1654696237445043,
300833b2ddd9014000030008,1,1,1760,-60,1654696237446700,1654696237446700,
300833b2ddd9014000030009,1,1,2396,-55,1654696237476397,1654696237476397,
300833b2ddd9014000030002,1,1,2848,-61,1654696237477683,1654696237477683,
300833b2ddd9014000030008,1,1,1844,-61,1654696237478709,1654696237478709,
300833b2ddd9014000030009,1,1,2416,-55,1654696237484256,1654696237484256,
300833b2ddd9014000030002,1,1,2824,-61,1654696237485341,1654696237485341,
300833b2ddd9014000030008,1,1,1804,-61,1654696237486455,1654696237486455,
300833b2ddd9014000030009,1,1,2404,-55,1654696237519930,1654696237519930,
300833b2ddd9014000030002,1,1,2824,-61,1654696237521001,1654696237521001,
300833b2ddd9014000030008,1,1,1832,-62,1654696237522809,1654696237522809,
300833b2ddd9014000030002,1,1,2788,-60,1654696237525737,1654696237525737,
300833b2ddd9014000030008,1,1,1912,-61,1654696237527436,1654696237527436,
300833b2ddd9014000030009,1,1,2420,-55,1654696237528747,1654696237528747,
300833b2ddd9014000030008,1,1,1860,-62,1654696237559942,1654696237559942,
300833b2ddd9014000030009,1,1,2420,-55,1654696237561184,1654696237561184,
300833b2ddd9014000030002,1,1,2916,-61,1654696237562243,1654696237562243,
300833b2ddd9014000030002,1,1,2912,-61,1654696237566082,1654696237566082,
300833b2ddd9014000030009,1,1,2448,-56,1654696237567153,1654696237567153,
300833b2ddd9014000030008,1,1,1860,-62,1654696237569829,1654696237569829,
300833b2ddd9014000030002,1,1,2932,-61,1654696237601021,1654696237601021,
300833b2ddd9014000030009,1,1,2440,-56,1654696237603823,1654696237603823,
300833b2ddd9014000030008,1,1,1968,-63,1654696237604838,1654696237604838,
300833b2ddd9014000030008,1,1,1920,-62,1654696237608686,1654696237608686,
300833b2ddd9014000030002,1,1,2984,-61,1654696237610851,1654696237610851,
300833b2ddd9014000030009,1,1,2468,-55,1654696237611908,1654696237611908,
300833b2ddd9014000030008,1,1,1944,-63,1654696237642418,1654696237642418,
300833b2ddd9014000030002,1,1,2988,-60,1654696237644327,1654696237644327,
300833b2ddd9014000030009,1,1,2464,-56,1654696237645922,1654696237645922,
300833b2ddd9014000030009,1,1,2424,-55,1654696237649268,1654696237649268,
300833b2ddd9014000030008,1,1,1888,-63,1654696237651238,1654696237651238,
300833b2ddd9014000030002,1,1,3028,-60,1654696237652594,1654696237652594,
300833b2ddd9014000030008,1,1,2100,-63,1654696237886665,1654696237886665,
300833b2ddd9014000030009,1,1,2480,-55,1654696237888433,1654696237888433,
300833b2ddd9014000030002,1,1,3028,-61,1654696237889491,1654696237889491,
300833b2ddd9014000030002,1,1,2964,-60,1654696237894507,1654696237894507,
300833b2ddd9014000030009,1,1,2480,-55,1654696237895591,1654696237895591,
300833b2ddd9014000030008,1,1,2040,-63,1654696237897110,1654696237897110,
300833b2ddd9014000030009,1,1,2548,-55,1654696237926925,1654696237926925,
300833b2ddd9014000030002,1,1,3008,-61,1654696237928292,1654696237928292,
300833b2ddd9014000030008,1,1,2036,-63,1654696237931236,1654696237931236,
300833b2ddd9014000030009,1,1,2536,-55,1654696237935066,1654696237935066,
300833b2ddd9014000030008,1,1,2004,-63,1654696237936163,1654696237936163,
300833b2ddd9014000030002,1,1,2928,-61,1654696237938878,1654696237938878,
300833b2ddd9014000030008,1,1,2012,-63,1654696237969720,1654696237969720,
300833b2ddd9014000030009,1,1,2472,-55,1654696237971044,1654696237971044,
300833b2ddd9014000030002,1,1,3088,-61,1654696237972910,1654696237972910,
300833b2ddd9014000030009,1,1,2516,-55,1654696237978926,1654696237978926,
300833b2ddd9014000030002,1,1,3016,-61,1654696237980053,1654696237980053,
300833b2ddd9014000030008,1,1,2040,-63,1654696237981239,1654696237981239,
300833b2ddd9014000030009,1,1,2492,-55,1654696238011740,1654696238011740,
300833b2ddd9014000030002,1,1,2980,-61,1654696238012858,1654696238012858,
300833b2ddd9014000030008,1,1,2068,-64,1654696238014453,1654696238014453,
300833b2ddd9014000030008,1,1,2040,-63,1654696238019471,1654696238019471,
300833b2ddd9014000030009,1,1,2548,-55,1654696238020530,1654696238020530,
300833b2ddd9014000030002,1,1,2976,-61,1654696238021643,1654696238021643,
300833b2ddd9014000030009,1,1,2548,-55,1654696238053454,1654696238053454,
300833b2ddd9014000030002,1,1,2960,-61,1654696238054508,1654696238054508,
300833b2ddd9014000030008,1,1,2052,-64,1654696238057149,1654696238057149,
300833b2ddd9014000030002,1,1,3028,-61,1654696238061250,1654696238061250,
300833b2ddd9014000030009,1,1,2524,-55,1654696238062363,1654696238062363,
300833b2ddd9014000030008,1,1,2068,-63,1654696238063960,1654696238063960,
300833b2ddd9014000030009,1,1,2532,-55,1654696238095997,1654696238095997,
300833b2ddd9014000030008,1,1,2112,-63,1654696238097679,1654696238097679,
300833b2ddd9014000030002,1,1,2984,-61,1654696238098749,1654696238098749,
300833b2ddd9014000030008,1,1,2064,-64,1654696238104879,1654696238104879,
300833b2ddd9014000030002,1,1,3044,-61,1654696238105909,1654696238105909,
300833b2ddd9014000030009,1,1,2532,-55,1654696238107006,1654696238107006,
300833b2ddd9014000030008,1,1,2148,-63,1654696238137738,1654696238137738,
300833b2ddd9014000030009,1,1,2496,-55,1654696238138823,1654696238138823,
300833b2ddd9014000030002,1,1,3076,-61,1654696238140151,1654696238140151,
300833b2ddd9014000030008,1,1,2136,-63,1654696238145107,1654696238145107,
300833b2ddd9014000030002,1,1,3004,-61,1654696238146204,1654696238146204,
300833b2ddd9014000030009,1,1,2480,-55,1654696238148253,1654696238148253,
300833b2ddd9014000030008,1,1,2056,-63,1654696238179459,1654696238179459,
300833b2ddd9014000030009,1,1,2508,-55,1654696238180560,1654696238180560,
300833b2ddd9014000030002,1,1,2952,-61,1654696238182608,1654696238182608,
300833b2ddd9014000030008,1,1,1944,-63,1654696238187293,1654696238187293,
300833b2ddd9014000030009,1,1,2516,-55,1654696238188660,1654696238188660,
300833b2ddd9014000030002,1,1,2960,-61,1654696238190027,1654696238190027,
300833b2ddd9014000030002,1,1,3076,-61,1654696238222220,1654696238222220,
300833b2ddd9014000030009,1,1,2492,-55,1654696238223689,1654696238223689,
300833b2ddd9014000030008,1,1,2116,-63,1654696238225298,1654696238225298,
300833b2ddd9014000030008,1,1,2096,-63,1654696238229400,1654696238229400,
300833b2ddd9014000030002,1,1,2980,-61,1654696238231066,1654696238231066,
300833b2ddd9014000030009,1,1,2532,-55,1654696238232168,1654696238232168,
300833b2ddd9014000030009,1,1,2520,-55,1654696238262415,1654696238262415,
300833b2ddd9014000030008,1,1,2108,-63,1654696238263472,1654696238263472,
300833b2ddd9014000030002,1,1,3000,-61,1654696238266611,1654696238266611,
300833b2ddd9014000030002,1,1,2840,-62,1654696238270557,1654696238270557,
300833b2ddd9014000030008,1,1,2060,-63,1654696238272493,1654696238272493,
300833b2ddd9014000030009,1,1,2508,-55,1654696238273594,1654696238273594,
300833b2ddd9014000030008,1,1,1992,-63,1654696238304367,1654696238304367,
300833b2ddd9014000030002,1,1,2968,-61,1654696238306078,1654696238306078,
300833b2ddd9014000030009,1,1,2516,-55,1654696238307646,1654696238307646,
300833b2ddd9014000030009,1,1,2456,-55,1654696238311045,1654696238311045,
300833b2ddd9014000030008,1,1,2088,-63,1654696238312656,1654696238312656,
300833b2ddd9014000030002,1,1,2956,-61,1654696238315118,1654696238315118,
300833b2ddd9014000030009,1,1,2464,-55,1654696238346625,1654696238346625,
300833b2ddd9014000030008,1,1,2028,-62,1654696238348080,1654696238348080,
300833b2ddd9014000030002,1,1,3028,-61,1654696238349165,1654696238349165,
300833b2ddd9014000030009,1,1,2516,-55,1654696238352958,1654696238352958,
300833b2ddd9014000030002,1,1,3068,-62,1654696238354058,1654696238354058,
300833b2ddd9014000030008,1,1,2072,-63,1654696238356102,1654696238356102,
300833b2ddd9014000030009,1,1,2516,-55,1654696238387490,1654696238387490,
300833b2ddd9014000030002,1,1,2992,-61,1654696238390567,1654696238390567,
300833b2ddd9014000030008,1,1,2064,-63,1654696238394144,1654696238394144,
300833b2ddd9014000030009,1,1,2524,-55,1654696238396310,1654696238396310,
300833b2ddd9014000030002,1,1,2956,-61,1654696238397364,1654696238397364,
300833b2ddd9014000030009,1,1,2500,-55,1654696238427893,1654696238427893,
300833b2ddd9014000030008,1,1,2000,-63,1654696238428967,1654696238428967,
300833b2ddd9014000030002,1,1,2988,-61,1654696238430292,1654696238430292,
300833b2ddd9014000030002,1,1,2968,-61,1654696238435784,1654696238435784,
300833b2ddd9014000030008,1,1,2076,-63,1654696238437758,1654696238437758,
300833b2ddd9014000030009,1,1,2512,-55,1654696238439085,1654696238439085,
300833b2ddd9014000030002,1,1,2964,-61,1654696238470484,1654696238470484,
300833b2ddd9014000030009,1,1,2512,-55,1654696238472111,1654696238472111,
300833b2ddd9014000030008,1,1,2084,-64,1654696238473311,1654696238473311,
300833b2ddd9014000030009,1,1,2468,-55,1654696238476309,1654696238476309,
300833b2ddd9014000030008,1,1,2064,-63,1654696238478461,1654696238478461,
300833b2ddd9014000030002,1,1,2996,-61,1654696238479814,1654696238479814,
300833b2ddd9014000030002,1,1,3020,-61,1654696238510707,1654696238510707,
300833b2ddd9014000030008,1,1,2112,-63,1654696238512150,1654696238512150,
300833b2ddd9014000030009,1,1,2504,-55,1654696238513529,1654696238513529,
300833b2ddd9014000030008,1,1,2076,-63,1654696238518172,1654696238518172,
300833b2ddd9014000030009,1,1,2492,-55,1654696238519512,1654696238519512,
300833b2ddd9014000030002,1,1,2988,-62,1654696238520726,1654696238520726,
300833b2ddd9014000030009,1,1,2524,-55,1654696238551765,1654696238551765,
300833b2ddd9014000030002,1,1,2956,-61,1654696238553316,1654696238553316,
300833b2ddd9014000030008,1,1,2048,-64,1654696238554827,1654696238554827,
300833b2ddd9014000030009,1,1,2488,-55,1654696238559804,1654696238559804,
300833b2ddd9014000030002,1,1,2996,-61,1654696238561146,1654696238561146,
300833b2ddd9014000030008,1,1,2096,-63,1654696238562473,1654696238562473,
300833b2ddd9014000030009,1,1,2492,-55,1654696238594527,1654696238594527,
300833b2ddd9014000030008,1,1,2064,-63,1654696238596276,1654696238596276,
300833b2ddd9014000030002,1,1,3068,-61,1654696238597333,1654696238597333,
300833b2ddd9014000030009,1,1,2500,-55,1654696238600884,1654696238600884,
300833b2ddd9014000030008,1,1,2120,-63,1654696238602440,1654696238602440,
300833b2ddd9014000030002,1,1,3020,-61,1654696238603524,1654696238603524,
300833b2ddd9014000030008,1,1,2088,-64,1654696238642896,1654696238642896,
300833b2ddd9014000030009,1,1,2480,-55,1654696238644167,1654696238644167,
300833b2ddd9014000030002,1,1,3012,-61,1654696238645494,1654696238645494,
300833b2ddd9014000030008,1,1,2048,-62,1654696238649855,1654696238649855,
300833b2ddd9014000030009,1,1,2492,-55,1654696238651881,1654696238651881,
300833b2ddd9014000030002,1,1,2996,-61,1654696238653350,1654696238653350,
300833b2ddd9014000030008,1,1,2060,-63,1654696238683469,1654696238683469,
300833b2ddd9014000030009,1,1,2496,-55,1654696238684910,1654696238684910,
300833b2ddd9014000030002,1,1,2972,-61,1654696238686023,1654696238686023,
300833b2ddd9014000030009,1,1,2564,-55,1654696238689843,1654696238689843,
300833b2ddd9014000030002,1,1,2960,-61,1654696238691784,1654696238691784,
300833b2ddd9014000030008,1,1,2132,-63,1654696238693083,1654696238693083,
300833b2ddd9014000030009,1,1,2520,-55,1654696238723798,1654696238723798,
300833b2ddd9014000030002,1,1,2984,-61,1654696238726569,1654696238726569,
300833b2ddd9014000030008,1,1,2064,-63,1654696238727782,1654696238727782,
300833b2ddd9014000030008,1,1,2116,-63,1654696238730577,1654696238730577,
300833b2ddd9014000030002,1,1,3052,-61,1654696238731648,1654696238731648,
300833b2ddd9014000030009,1,1,2520,-55,1654696238732732,1654696238732732,
300833b2ddd9014000030009,1,1,2492,-55,1654696238766537,1654696238766537,
300833b2ddd9014000030008,1,1,2068,-63,1654696238769094,1654696238769094,
300833b2ddd9014000030002,1,1,3044,-61,1654696238770337,1654696238770337,
300833b2ddd9014000030009,1,1,2508,-55,1654696238773499,1654696238773499,
300833b2ddd9014000030002,1,1,2988,-61,1654696238775166,1654696238775166,
300833b2ddd9014000030008,1,1,2096,-63,1654696238777361,1654696238777361,
300833b2ddd9014000030008,1,1,2024,-63,1654696238806998,1654696238806998,
300833b2ddd9014000030002,1,1,2980,-61,1654696238808308,1654696238808308,
300833b2ddd9014000030009,1,1,2480,-55,1654696238810088,1654696238810088,
300833b2ddd9014000030009,1,1,2468,-55,1654696238815089,1654696238815089,
300833b2ddd9014000030002,1,1,3060,-61,1654696238816564,1654696238816564,
300833b2ddd9014000030008,1,1,1988,-63,1654696238818117,1654696238818117,
300833b2ddd9014000030002,1,1,3028,-61,1654696238848385,1654696238848385,
300833b2ddd9014000030008,1,1,1988,-64,1654696238849741,1654696238849741,
300833b2ddd9014000030009,1,1,2500,-55,1654696238850812,1654696238850812,
300833b2ddd9014000030008,1,1,2016,-63,1654696238856315,1654696238856315,
300833b2ddd9014000030002,1,1,2964,-61,1654696238857728,1654696238857728,
300833b2ddd9014000030009,1,1,2520,-55,1654696238859055,1654696238859055,
300833b2ddd9014000030008,1,1,2040,-64,1654696238890606,1654696238890606,
300833b2ddd9014000030009,1,1,2528,-55,1654696238891708,1654696238891708,
300833b2ddd9014000030002,1,1,2984,-61,1654696238893090,1654696238893090,
300833b2ddd9014000030009,1,1,2492,-55,1654696238898323,1654696238898323,
300833b2ddd9014000030008,1,1,2052,-63,1654696238900318,1654696238900318,
300833b2ddd9014000030002,1,1,3000,-61,1654696238901657,1654696238901657,
300833b2ddd9014000030009,1,1,2528,-55,1654696238932351,1654696238932351,
300833b2ddd9014000030002,1,1,3028,-61,1654696238934571,1654696238934571,
300833b2ddd9014000030008,1,1,2072,-63,1654696238936238,1654696238936238,
300833b2ddd9014000030002,1,1,2992,-61,1654696238940630,1654696238940630,
300833b2ddd9014000030009,1,1,2508,-55,1654696238942312,1654696238942312,
300833b2ddd9014000030008,1,1,2040,-63,1654696238943496,1654696238943496,
300833b2ddd9014000030008,1,1,1988,-63,1654696238973711,1654696238973711,
300833b2ddd9014000030009,1,1,2512,-55,1654696238975181,1654696238975181,
300833b2ddd9014000030002,1,1,2956,-61,1654696238976491,1654696238976491,
300833b2ddd9014000030002,1,1,3012,-61,1654696238980277,1654696238980277,
300833b2ddd9014000030008,1,1,2068,-63,1654696238981573,1654696238981573,
300833b2ddd9014000030009,1,1,2516,-55,1654696238982886,1654696238982886,
300833b2ddd9014000030009,1,1,2496,-55,1654696239015622,1654696239015622,
300833b2ddd9014000030008,1,1,2024,-63,1654696239016949,1654696239016949,
300833b2ddd9014000030002,1,1,2984,-61,1654696239018035,1654696239018035,
300833b2ddd9014000030009,1,1,2488,-55,1654696239021597,1654696239021597,
300833b2ddd9014000030002,1,1,2960,-61,1654696239022865,1654696239022865,
300833b2ddd9014000030008,1,1,2072,-63,1654696239024689,1654696239024689,
300833b2ddd9014000030009,1,1,2480,-55,1654696239055805,1654696239055805,
300833b2ddd9014000030008,1,1,2076,-63,1654696239056893,1654696239056893,
300833b2ddd9014000030002,1,1,3036,-61,1654696239060021,1654696239060021,
300833b2ddd9014000030009,1,1,2516,-55,1654696239064382,1654696239064382,
300833b2ddd9014000030008,1,1,2100,-63,1654696239065596,1654696239065596,
300833b2ddd9014000030002,1,1,2992,-61,1654696239066694,1654696239066694,
300833b2ddd9014000030002,1,1,2980,-61,1654696239097966,1654696239097966,
300833b2ddd9014000030009,1,1,2488,-55,1654696239099646,1654696239099646,
300833b2ddd9014000030008,1,1,1988,-63,1654696239100707,1654696239100707,
300833b2ddd9014000030009,1,1,2488,-55,1654696239104243,1654696239104243,
300833b2ddd9014000030008,1,1,2012,-63,1654696239106679,1654696239106679,
300833b2ddd9014000030002,1,1,2936,-61,1654696239107762,1654696239107762,
300833b2ddd9014000030008,1,1,2064,-62,1654696239138205,1654696239138205,
300833b2ddd9014000030009,1,1,2512,-55,1654696239140143,1654696239140143,
300833b2ddd9014000030002,1,1,2932,-60,1654696239141215,1654696239141215,
300833b2ddd9014000030009,1,1,2504,-55,1654696239144772,1654696239144772,
300833b2ddd9014000030002,1,1,2864,-60,1654696239145801,1654696239145801,
300833b2ddd9014000030008,1,1,2080,-63,1654696239148943,1654696239148943,
300833b2ddd9014000030008,1,1,2044,-62,1654696239180009,1654696239180009,
300833b2ddd9014000030009,1,1,2552,-55,1654696239182584,1654696239182584,
300833b2ddd9014000030002,1,1,3128,-61,1654696239183825,1654696239183825,
300833b2ddd9014000030008,1,1,1992,-63,1654696239187579,1654696239187579,
300833b2ddd9014000030002,1,1,2980,-61,1654696239188707,1654696239188707,
300833b2ddd9014000030009,1,1,2468,-55,1654696239190048,1654696239190048,
300833b2ddd9014000030002,1,1,2968,-61,1654696239221360,1654696239221360,
300833b2ddd9014000030008,1,1,2060,-62,1654696239222646,1654696239222646,
300833b2ddd9014000030009,1,1,2432,-55,1654696239223746,1654696239223746,
300833b2ddd9014000030008,1,1,2032,-62,1654696239227079,1654696239227079,
300833b2ddd9014000030002,1,1,2964,-60,1654696239228688,1654696239228688,
300833b2ddd9014000030009,1,1,2484,-55,1654696239230212,1654696239230212,
300833b2ddd9014000030002,1,1,2932,-61,1654696239261590,1654696239261590,
300833b2ddd9014000030008,1,1,2056,-62,1654696239262905,1654696239262905,
300833b2ddd9014000030009,1,1,2484,-55,1654696239264032,1654696239264032,
300833b2ddd9014000030002,1,1,2904,-61,1654696239269794,1654696239269794,
300833b2ddd9014000030009,1,1,2500,-55,1654696239272196,1654696239272196,
300833b2ddd9014000030008,1,1,2056,-62,1654696239273325,1654696239273325,
300833b2ddd9014000030002,1,1,2960,-61,1654696239303221,1654696239303221,
300833b2ddd9014000030009,1,1,2500,-55,1654696239304549,1654696239304549,
300833b2ddd9014000030008,1,1,2004,-63,1654696239305874,1654696239305874,
300833b2ddd9014000030009,1,1,2492,-55,1654696239310601,1654696239310601,
300833b2ddd9014000030002,1,1,3024,-61,1654696239311900,1654696239311900,
300833b2ddd9014000030008,1,1,2000,-63,1654696239312943,1654696239312943,
300833b2ddd9014000030008,1,1,2020,-63,1654696239345098,1654696239345098,
300833b2ddd9014000030002,1,1,3060,-61,1654696239346610,1654696239346610,
300833b2ddd9014000030009,1,1,2504,-55,1654696239348446,1654696239348446,
300833b2ddd9014000030009,1,1,2500,-55,1654696239352636,1654696239352636,
300833b2ddd9014000030002,1,1,2952,-61,1654696239353736,1654696239353736,
300833b2ddd9014000030008,1,1,2004,-63,1654696239356623,1654696239356623,
300833b2ddd9014000030002,1,1,3024,-60,1654696239388415,1654696239388415,
300833b2ddd9014000030009,1,1,2508,-55,1654696239389968,1654696239389968,
300833b2ddd9014000030008,1,1,2052,-62,1654696239391409,1654696239391409,
300833b2ddd9014000030002,1,1,3004,-61,1654696239394914,1654696239394914,
300833b2ddd9014000030008,1,1,2040,-62,1654696239396152,1654696239396152,
300833b2ddd9014000030009,1,1,2496,-55,1654696239397736,1654696239397736,
300833b2ddd9014000030002,1,1,3028,-61,1654696239428439,1654696239428439,
300833b2ddd9014000030008,1,1,2020,-63,1654696239429935,1654696239429935,
300833b2ddd9014000030009,1,1,2496,-55,1654696239431476,1654696239431476,
300833b2ddd9014000030009,1,1,2512,-55,1654696239435282,1654696239435282,
300833b2ddd9014000030002,1,1,2996,-61,1654696239436963,1654696239436963,
300833b2ddd9014000030008,1,1,2064,-63,1654696239438318,1654696239438318,
300833b2ddd9014000030008,1,1,2072,-63,1654696239468634,1654696239468634,
300833b2ddd9014000030009,1,1,2508,-55,1654696239469931,1654696239469931,
300833b2ddd9014000030002,1,1,2980,-61,1654696239471048,1654696239471048,
300833b2ddd9014000030008,1,1,2088,-63,1654696239476270,1654696239476270,
300833b2ddd9014000030002,1,1,3000,-61,1654696239477623,1654696239477623,
300833b2ddd9014000030009,1,1,2484,-55,1654696239479671,1654696239479671,
300833b2ddd9014000030009,1,1,2528,-55,1654696239511379,1654696239511379,
300833b2ddd9014000030008,1,1,2040,-63,1654696239513702,1654696239513702,
300833b2ddd9014000030002,1,1,2980,-61,1654696239514788,1654696239514788,
300833b2ddd9014000030008,1,1,2056,-63,1654696239519175,1654696239519175,
300833b2ddd9014000030009,1,1,2520,-55,1654696239520902,1654696239520902,
300833b2ddd9014000030002,1,1,3028,-60,1654696239522214,1654696239522214,
300833b2ddd9014000030008,1,1,2020,-63,1654696239552735,1654696239552735,
300833b2ddd9014000030002,1,1,2968,-61,1654696239554938,1654696239554938,
300833b2ddd9014000030009,1,1,2512,-55,1654696239556024,1654696239556024,
300833b2ddd9014000030008,1,1,2056,-62,1654696239559885,1654696239559885,
300833b2ddd9014000030009,1,1,2496,-55,1654696239561231,1654696239561231,
300833b2ddd9014000030002,1,1,2992,-61,1654696239563008,1654696239563008,
300833b2ddd9014000030002,1,1,3000,-61,1654696239594155,1654696239594155,
300833b2ddd9014000030009,1,1,2520,-55,1654696239595453,1654696239595453,
300833b2ddd9014000030008,1,1,2040,-63,1654696239596991,1654696239596991,
300833b2ddd9014000030009,1,1,2516,-55,1654696239602143,1654696239602143,
300833b2ddd9014000030008,1,1,2056,-63,1654696239603256,1654696239603256,
300833b2ddd9014000030002,1,1,2984,-61,1654696239605875,1654696239605875,
300833b2ddd9014000030008,1,1,2072,-63,1654696239636892,1654696239636892,
300833b2ddd9014000030009,1,1,2500,-55,1654696239638334,1654696239638334,
300833b2ddd9014000030002,1,1,3044,-61,1654696239639378,1654696239639378,
300833b2ddd9014000030009,1,1,2512,-55,1654696239643722,1654696239643722,
300833b2ddd9014000030002,1,1,3044,-61,1654696239645179,1654696239645179,
300833b2ddd9014000030008,1,1,2056,-63,1654696239646702,1654696239646702,
300833b2ddd9014000030002,1,1,3052,-61,1654696239676978,1654696239676978,
300833b2ddd9014000030009,1,1,2524,-55,1654696239679126,1654696239679126,
300833b2ddd9014000030008,1,1,2088,-63,1654696239684531,1654696239684531,
300833b2ddd9014000030009,1,1,2500,-55,1654696239686015,1654696239686015,
300833b2ddd9014000030002,1,1,2968,-61,1654696239687072,1654696239687072,
300833b2ddd9014000030009,1,1,2528,-55,1654696239718329,1654696239718329,
300833b2ddd9014000030002,1,1,2996,-61,1654696239720037,1654696239720037,
300833b2ddd9014000030008,1,1,2028,-63,1654696239721108,1654696239721108,
300833b2ddd9014000030009,1,1,2508,-55,1654696239725213,1654696239725213,
300833b2ddd9014000030002,1,1,3024,-61,1654696239726610,1654696239726610,
300833b2ddd9014000030008,1,1,1992,-63,1654696239728278,1654696239728278,
300833b2ddd9014000030008,1,1,2012,-63,1654696239758206,1654696239758206,
300833b2ddd9014000030002,1,1,2964,-61,1654696239760157,1654696239760157,
300833b2ddd9014000030009,1,1,2488,-55,1654696239761752,1654696239761752,
300833b2ddd9014000030002,1,1,3068,-61,1654696239765104,1654696239765104,
300833b2ddd9014000030009,1,1,2524,-55,1654696239767026,1654696239767026,
300833b2ddd9014000030008,1,1,2060,-63,1654696239768564,1654696239768564,
300833b2ddd9014000030009,1,1,2448,-55,1654696239798726,1654696239798726,
300833b2ddd9014000030002,1,1,3008,-61,1654696239800309,1654696239800309,
300833b2ddd9014000030008,1,1,2088,-63,1654696239801904,1654696239801904,
300833b2ddd9014000030009,1,1,2508,-55,1654696239806354,1654696239806354,
300833b2ddd9014000030008,1,1,2040,-64,1654696239807514,1654696239807514,
300833b2ddd9014000030002,1,1,2960,-61,1654696239809831,1654696239809831,
300833b2ddd9014000030009,1,1,2552,-55,1654696239841228,1654696239841228,
300833b2ddd9014000030002,1,1,2980,-61,1654696239842923,1654696239842923,
300833b2ddd9014000030008,1,1,2048,-63,1654696239845073,1654696239845073,
300833b2ddd9014000030002,1,1,3012,-61,1654696239848248,1654696239848248,
300833b2ddd9014000030009,1,1,2536,-55,1654696239850754,1654696239850754,
300833b2ddd9014000030008,1,1,2016,-62,1654696239851950,1654696239851950,
300833b2ddd9014000030009,1,1,2516,-55,1654696239881587,1654696239881587,
300833b2ddd9014000030002,1,1,2972,-61,1654696239882911,1654696239882911,
300833b2ddd9014000030008,1,1,2056,-63,1654696239884736,1654696239884736,
300833b2ddd9014000030008,1,1,2144,-63,1654696239890331,1654696239890331,
300833b2ddd9014000030002,1,1,2956,-61,1654696239891397,1654696239891397,
300833b2ddd9014000030009,1,1,2544,-55,1654696239892785,1654696239892785,
300833b2ddd9014000030002,1,1,3028,-61,1654696239924156,1654696239924156,
300833b2ddd9014000030009,1,1,2488,-55,1654696239925707,1654696239925707,
300833b2ddd9014000030008,1,1,2060,-64,1654696239927119,1654696239927119,
300833b2ddd9014000030002,1,1,2952,-61,1654696239930021,1654696239930021,
300833b2ddd9014000030008,1,1,2048,-62,1654696239931346,1654696239931346,
300833b2ddd9014000030009,1,1,2492,-55,1654696239933127,1654696239933127,
300833b2ddd9014000030008,1,1,2080,-63,1654696239964516,1654696239964516,
300833b2ddd9014000030002,1,1,2968,-61,1654696239965584,1654696239965584,
300833b2ddd9014000030009,1,1,2500,-55,1654696239967124,1654696239967124,
300833b2ddd9014000030009,1,1,2472,-55,1654696239972098,1654696239972098,
300833b2ddd9014000030002,1,1,3036,-61,1654696239974207,1654696239974207,
300833b2ddd9014000030008,1,1,1988,-63,1654696239975849,1654696239975849,
300833b2ddd9014000030008,1,1,1996,-63,1654696240005857,1654696240005857,
300833b2ddd9014000030009,1,1,2504,-55,1654696240006933,1654696240006933,
300833b2ddd9014000030002,1,1,2964,-62,1654696240008965,1654696240008965,
300833b2ddd9014000030002,1,1,2888,-61,1654696240014254,1654696240014254,
300833b2ddd9014000030008,1,1,1980,-63,1654696240015610,1654696240015610,
300833b2ddd9014000030009,1,1,2512,-55,1654696240016695,1654696240016695,
300833b2ddd9014000030008,1,1,1968,-63,1654696240047408,1654696240047408,
300833b2ddd9014000030002,1,1,3036,-61,1654696240048864,1654696240048864,
300833b2ddd9014000030009,1,1,2524,-55,1654696240049964,1654696240049964,
300833b2ddd9014000030009,1,1,2476,-55,1654696240053714,1654696240053714,
300833b2ddd9014000030008,1,1,2056,-63,1654696240054801,1654696240054801,
300833b2ddd9014000030002,1,1,2960,-61,1654696240056850,1654696240056850,
300833b2ddd9014000030009,1,1,2516,-55,1654696240088315,1654696240088315,
300833b2ddd9014000030002,1,1,2980,-61,1654696240089851,1654696240089851,
300833b2ddd9014000030008,1,1,2040,-63,1654696240092513,1654696240092513,
300833b2ddd9014000030009,1,1,2508,-55,1654696240096132,1654696240096132,
300833b2ddd9014000030002,1,1,2916,-61,1654696240097232,1654696240097232,
300833b2ddd9014000030008,1,1,2100,-63,1654696240099525,1654696240099525,
300833b2ddd9014000030002,1,1,2960,-61,1654696240130928,1654696240130928,
300833b2ddd9014000030008,1,1,2052,-63,1654696240132215,1654696240132215,
300833b2ddd9014000030009,1,1,2504,-55,1654696240134012,1654696240134012,
300833b2ddd9014000030002,1,1,2964,-61,1654696240138432,1654696240138432,
300833b2ddd9014000030009,1,1,2484,-55,1654696240140327,1654696240140327,
300833b2ddd9014000030008,1,1,1988,-64,1654696240141713,1654696240141713,
300833b2ddd9014000030009,1,1,2500,-55,1654696240172655,1654696240172655,
300833b2ddd9014000030002,1,1,2924,-61,1654696240174735,1654696240174735,
300833b2ddd9014000030008,1,1,2004,-63,1654696240175791,1654696240175791,
300833b2ddd9014000030008,1,1,2028,-63,1654696240178551,1654696240178551,
300833b2ddd9014000030009,1,1,2524,-55,1654696240180507,1654696240180507,
300833b2ddd9014000030002,1,1,2988,-61,1654696240182428,1654696240182428,
300833b2ddd9014000030009,1,1,2504,-55,1654696240213971,1654696240213971,
300833b2ddd9014000030002,1,1,2960,-61,1654696240215098,1654696240215098,
300833b2ddd9014000030008,1,1,2040,-63,1654696240216269,1654696240216269,
300833b2ddd9014000030002,1,1,3020,-61,1654696240219650,1654696240219650,
300833b2ddd9014000030008,1,1,2028,-63,1654696240220692,1654696240220692,
300833b2ddd9014000030009,1,1,2516,-55,1654696240222046,1654696240222046,
300833b2ddd9014000030002,1,1,2988,-61,1654696240253826,1654696240253826,
300833b2ddd9014000030009,1,1,2456,-55,1654696240255553,1654696240255553,
300833b2ddd9014000030008,1,1,2000,-63,1654696240257192,1654696240257192,
300833b2ddd9014000030002,1,1,2968,-61,1654696240261239,1654696240261239,
300833b2ddd9014000030008,1,1,2004,-63,1654696240263323,1654696240263323,
300833b2ddd9014000030009,1,1,2516,-55,1654696240264407,1654696240264407,
300833b2ddd9014000030009,1,1,2472,-55,1654696240293944,1654696240293944,
300833b2ddd9014000030002,1,1,2988,-61,1654696240296391,1654696240296391,
300833b2ddd9014000030008,1,1,2068,-62,1654696240297804,1654696240297804,
300833b2ddd9014000030009,1,1,2512,-55,1654696240301122,1654696240301122,
300833b2ddd9014000030002,1,1,2988,-61,1654696240303315,1654696240303315,
300833b2ddd9014000030008,1,1,2024,-63,1654696240304416,1654696240304416,
300833b2ddd9014000030009,1,1,2500,-55,1654696240335646,1654696240335646,
300833b2ddd9014000030002,1,1,3076,-61,1654696240336830,1654696240336830,
300833b2ddd9014000030008,1,1,2000,-63,1654696240338140,1654696240338140,
300833b2ddd9014000030002,1,1,2992,-61,1654696240342236,1654696240342236,
300833b2ddd9014000030009,1,1,2512,-55,1654696240343935,1654696240343935,
300833b2ddd9014000030008,1,1,2044,-63,1654696240345276,1654696240345276,
300833b2ddd9014000030009,1,1,2468,-55,1654696240375842,1654696240375842,
300833b2ddd9014000030008,1,1,2044,-63,1654696240377595,1654696240377595,
300833b2ddd9014000030002,1,1,2964,-61,1654696240379134,1654696240379134,
300833b2ddd9014000030009,1,1,2504,-55,1654696240383825,1654696240383825,
300833b2ddd9014000030002,1,1,2988,-61,1654696240385762,1654696240385762,
300833b2ddd9014000030008,1,1,2008,-63,1654696240386948,1654696240386948,