epc,atenda,atendanum,phase,RSS,timestamp,timestamp2,
300833b2ddd9014000030009,1,1,2424,-44,1654781126062341,1654781126062341,
300833b2ddd9014000030001,1,1,1092,-50,1654781126063429,1654781126063429,
300833b2ddd9014000030008,1,1,3160,-43,1654781126065023,1654781126065023,
300833b2ddd9014000030002,1,1,184,-47,1654781126069666,1654781126069666,
300833b2ddd9014000030008,1,1,3164,-43,1654781126071261,1654781126071261,
300833b2ddd9014000030001,1,1,1100,-50,1654781126072273,1654781126072273,
300833b2ddd9014000030009,1,1,2428,-44,1654781126073348,1654781126073348,
300833b2ddd9014000030002,1,1,164,-47,1654781126106438,1654781126106438,
300833b2ddd9014000030001,1,1,1084,-50,1654781126107816,1654781126107816,
300833b2ddd9014000030008,1,1,3128,-43,1654781126109247,1654781126109247,
300833b2ddd9014000030009,1,1,2432,-44,1654781126110332,1654781126110332,
300833b2ddd9014000030009,1,1,2420,-43,1654781126113518,1654781126113518,
300833b2ddd9014000030002,1,1,188,-47,1654781126115493,1654781126115493,
300833b2ddd9014000030008,1,1,3168,-43,1654781126116579,1654781126116579,
300833b2ddd9014000030001,1,1,1092,-50,1654781126118079,1654781126118079,
300833b2ddd9014000030008,1,1,3168,-43,1654781126147839,1654781126147839,
300833b2ddd9014000030009,1,1,2424,-44,1654781126148939,1654781126148939,
300833b2ddd9014000030001,1,1,1096,-50,1654781126150989,1654781126150989,
300833b2ddd9014000030002,1,1,176,-47,1654781126153295,1654781126153295,
300833b2ddd9014000030002,1,1,176,-47,1654781126156323,1654781126156323,
300833b2ddd9014000030008,1,1,3160,-43,1654781126158202,1654781126158202,
300833b2ddd9014000030009,1,1,2424,-44,1654781126159531,1654781126159531,
300833b2ddd9014000030001,1,1,1096,-50,1654781126161185,1654781126161185,
300833b2ddd9014000030001,1,1,1096,-50,1654781126191295,1654781126191295,
300833b2ddd9014000030002,1,1,176,-47,1654781126192721,1654781126192721,
300833b2ddd9014000030009,1,1,2432,-44,1654781126194696,1654781126194696,
300833b2ddd9014000030008,1,1,3152,-43,1654781126195838,1654781126195838,
300833b2ddd9014000030001,1,1,1104,-50,1654781126198906,1654781126198906,
300833b2ddd9014000030008,1,1,3156,-43,1654781126201536,1654781126201536,
300833b2ddd9014000030009,1,1,2432,-44,1654781126202622,1654781126202622,
300833b2ddd9014000030002,1,1,168,-47,1654781126203819,1654781126203819,
300833b2ddd9014000030009,1,1,2424,-44,1654781126233714,1654781126233714,
300833b2ddd9014000030008,1,1,3156,-43,1654781126234865,1654781126234865,
300833b2ddd9014000030001,1,1,1112,-50,1654781126237544,1654781126237544,
300833b2ddd9014000030002,1,1,204,-48,1654781126238828,1654781126238828,
300833b2ddd9014000030002,1,1,168,-48,1654781126242203,1654781126242203,
300833b2ddd9014000030009,1,1,2424,-44,1654781126244139,1654781126244139,
300833b2ddd9014000030008,1,1,3164,-43,1654781126245691,1654781126245691,
300833b2ddd9014000030001,1,1,1116,-50,1654781126246907,1654781126246907,
300833b2ddd9014000030009,1,1,2432,-44,1654781126279826,1654781126279826,
300833b2ddd9014000030008,1,1,3164,-43,1654781126280853,1654781126280853,
300833b2ddd9014000030002,1,1,172,-47,1654781126282322,1654781126282322,
300833b2ddd9014000030001,1,1,1116,-50,1654781126283410,1654781126283410,
300833b2ddd9014000030002,1,1,160,-48,1654781126286201,1654781126286201,
300833b2ddd9014000030008,1,1,3172,-43,1654781126287270,1654781126287270,
300833b2ddd9014000030009,1,1,2432,-44,1654781126288625,1654781126288625,
300833b2ddd9014000030001,1,1,1116,-50,1654781126289939,1654781126289939,
300833b2ddd9014000030001,1,1,1116,-50,1654781126321742,1654781126321742,
300833b2ddd9014000030002,1,1,172,-48,1654781126322814,1654781126322814,
300833b2ddd9014000030009,1,1,2436,-44,1654781126324156,1654781126324156,
300833b2ddd9014000030008,1,1,3160,-43,1654781126325718,1654781126325718,
300833b2ddd9014000030002,1,1,176,-48,1654781126330469,1654781126330469,
300833b2ddd9014000030009,1,1,2436,-44,1654781126332108,1654781126332108,
300833b2ddd9014000030001,1,1,1136,-50,1654781126333224,1654781126333224,
300833b2ddd9014000030008,1,1,3148,-43,1654781126334504,1654781126334504,
300833b2ddd9014000030002,1,1,168,-48,1654781126364776,1654781126364776,
300833b2ddd9014000030001,1,1,1108,-50,1654781126365835,1654781126365835,
300833b2ddd9014000030008,1,1,3152,-43,1654781126367203,1654781126367203,
300833b2ddd9014000030009,1,1,2428,-44,1654781126368275,1654781126368275,
300833b2ddd9014000030002,1,1,172,-48,1654781126373193,1654781126373193,
300833b2ddd9014000030009,1,1,2440,-44,1654781126374521,1654781126374521,
300833b2ddd9014000030008,1,1,3128,-43,1654781126376101,1654781126376101,
300833b2ddd9014000030001,1,1,1132,-50,1654781126377174,1654781126377174,
300833b2ddd9014000030001,1,1,1152,-50,1654781126408862,1654781126408862,
300833b2ddd9014000030002,1,1,180,-48,1654781126410184,1654781126410184,
300833b2ddd9014000030009,1,1,2444,-44,1654781126411497,1654781126411497,
300833b2ddd9014000030008,1,1,3148,-43,1654781126412819,1654781126412819,
300833b2ddd9014000030001,1,1,1120,-50,1654781126417056,1654781126417056,
300833b2ddd9014000030008,1,1,3152,-43,1654781126419920,1654781126419920,
300833b2ddd9014000030009,1,1,2424,-44,1654781126422507,1654781126422507,
300833b2ddd9014000030002,1,1,176,-47,1654781126423702,1654781126423702,
300833b2ddd9014000030002,1,1,192,-48,1654781126454260,1654781126454260,
300833b2ddd9014000030001,1,1,1120,-50,1654781126455987,1654781126455987,
300833b2ddd9014000030008,1,1,3148,-43,1654781126457087,1654781126457087,
300833b2ddd9014000030009,1,1,2448,-44,1654781126458556,1654781126458556,
300833b2ddd9014000030002,1,1,180,-48,1654781126461310,1654781126461310,
300833b2ddd9014000030001,1,1,1128,-50,1654781126462681,1654781126462681,
300833b2ddd9014000030009,1,1,2444,-44,1654781126465973,1654781126465973,
300833b2ddd9014000030008,1,1,3144,-43,1654781126467056,1654781126467056,
300833b2ddd9014000030008,1,1,3144,-43,1654781126497838,1654781126497838,
300833b2ddd9014000030009,1,1,2424,-44,1654781126498940,1654781126498940,
300833b2ddd9014000030002,1,1,184,-48,1654781126500670,1654781126500670,
300833b2ddd9014000030001,1,1,1108,-50,1654781126501772,1654781126501772,
300833b2ddd9014000030001,1,1,1128,-50,1654781126504480,1654781126504480,
300833b2ddd9014000030009,1,1,2412,-44,1654781126505736,1654781126505736,
300833b2ddd9014000030008,1,1,3140,-43,1654781126506818,1654781126506818,
300833b2ddd9014000030002,1,1,172,-48,1654781126508401,1654781126508401,
300833b2ddd9014000030001,1,1,1144,-49,1654781126540968,1654781126540968,
300833b2ddd9014000030002,1,1,188,-48,1654781126542051,1654781126542051,
300833b2ddd9014000030009,1,1,2432,-44,1654781126543150,1654781126543150,
300833b2ddd9014000030008,1,1,3148,-43,1654781126544248,1654781126544248,
300833b2ddd9014000030008,1,1,3140,-43,1654781126548752,1654781126548752,
300833b2ddd9014000030001,1,1,1116,-49,1654781126549826,1654781126549826,
300833b2ddd9014000030009,1,1,2424,-44,1654781126550824,1654781126550824,
300833b2ddd9014000030002,1,1,168,-47,1654781126552278,1654781126552278,
300833b2ddd9014000030001,1,1,1124,-49,1654781126582505,1654781126582505,
300833b2ddd9014000030008,1,1,3144,-43,1654781126583633,1654781126583633,
300833b2ddd9014000030009,1,1,2424,-44,1654781126585244,1654781126585244,
300833b2ddd9014000030002,1,1,172,-48,1654781126586341,1654781126586341,
300833b2ddd9014000030001,1,1,1120,-49,1654781126590823,1654781126590823,
300833b2ddd9014000030002,1,1,164,-48,1654781126591908,1654781126591908,
300833b2ddd9014000030009,1,1,2428,-44,1654781126596575,1654781126596575,
300833b2ddd9014000030008,1,1,3140,-43,1654781126597700,1654781126597700,
300833b2ddd9014000030002,1,1,176,-48,1654781126627379,1654781126627379,
300833b2ddd9014000030001,1,1,1128,-49,1654781126628467,1654781126628467,
300833b2ddd9014000030008,1,1,3148,-43,1654781126631374,1654781126631374,
300833b2ddd9014000030009,1,1,2424,-44,1654781126632718,1654781126632718,
300833b2ddd9014000030009,1,1,2432,-44,1654781126636515,1654781126636515,
300833b2ddd9014000030008,1,1,3140,-43,1654781126637569,1654781126637569,
300833b2ddd9014000030002,1,1,172,-48,1654781126639785,1654781126639785,
300833b2ddd9014000030001,1,1,1116,-50,1654781126641399,1654781126641399,
300833b2ddd9014000030009,1,1,2428,-44,1654781126671745,1654781126671745,
300833b2ddd9014000030001,1,1,1136,-49,1654781126673699,1654781126673699,
300833b2ddd9014000030008,1,1,3128,-43,1654781126674770,1654781126674770,
300833b2ddd9014000030002,1,1,180,-48,1654781126675884,1654781126675884,
300833b2ddd9014000030001,1,1,1120,-50,1654781126679509,1654781126679509,
300833b2ddd9014000030008,1,1,3132,-43,1654781126681674,1654781126681674,
300833b2ddd9014000030002,1,1,176,-48,1654781126682729,1654781126682729,
300833b2ddd9014000030009,1,1,2420,-44,1654781126683815,1654781126683815,
300833b2ddd9014000030001,1,1,1136,-49,1654781126716351,1654781126716351,
300833b2ddd9014000030009,1,1,2428,-44,1654781126717440,1654781126717440,
300833b2ddd9014000030002,1,1,172,-48,1654781126719304,1654781126719304,
300833b2ddd9014000030008,1,1,3136,-43,1654781126720416,1654781126720416,
300833b2ddd9014000030008,1,1,3136,-44,1654781126725935,1654781126725935,
300833b2ddd9014000030009,1,1,2428,-44,1654781126727458,1654781126727458,
300833b2ddd9014000030002,1,1,160,-48,1654781126728613,1654781126728613,
300833b2ddd9014000030001,1,1,1120,-49,1654781126729672,1654781126729672,
300833b2ddd9014000030001,1,1,1112,-50,1654781126760044,1654781126760044,
300833b2ddd9014000030009,1,1,2408,-44,1654781126761545,1654781126761545,
300833b2ddd9014000030001,1,1,1092,-49,1654781126765303,1654781126765303,
300833b2ddd9014000030008,1,1,3140,-43,1654781126766416,1654781126766416,
300833b2ddd9014000030009,1,1,2432,-44,1654781126768678,1654781126768678,
300833b2ddd9014000030002,1,1,152,-48,1654781126770103,1654781126770103,
300833b2ddd9014000030001,1,1,1112,-50,1654781126800949,1654781126800949,
300833b2ddd9014000030008,1,1,3156,-43,1654781126802282,1654781126802282,
300833b2ddd9014000030009,1,1,2420,-44,1654781126803877,1654781126803877,
300833b2ddd9014000030001,1,1,1108,-50,1654781126809402,1654781126809402,
300833b2ddd9014000030009,1,1,2416,-44,1654781126810603,1654781126810603,
300833b2ddd9014000030008,1,1,3136,-43,1654781126811970,1654781126811970,
300833b2ddd9014000030002,1,1,176,-48,1654781126813609,1654781126813609,
300833b2ddd9014000030002,1,1,160,-48,1654781126843478,1654781126843478,
300833b2ddd9014000030001,1,1,1076,-50,1654781126844810,1654781126844810,
300833b2ddd9014000030008,1,1,3152,-43,1654781126845876,1654781126845876,
300833b2ddd9014000030009,1,1,2416,-43,1654781126847162,1654781126847162,
300833b2ddd9014000030008,1,1,3152,-43,1654781126851608,1654781126851608,
300833b2ddd9014000030009,1,1,2412,-44,1654781126853006,1654781126853006,
300833b2ddd9014000030002,1,1,160,-48,1654781126854300,1654781126854300,
300833b2ddd9014000030001,1,1,1088,-50,1654781126856779,1654781126856779,
300833b2ddd9014000030009,1,1,2400,-44,1654781126888465,1654781126888465,
300833b2ddd9014000030001,1,1,1092,-50,1654781126889766,1654781126889766,
300833b2ddd9014000030008,1,1,3156,-43,1654781126890919,1654781126890919,
300833b2ddd9014000030001,1,1,1092,-50,1654781126894261,1654781126894261,
300833b2ddd9014000030008,1,1,3160,-43,1654781126897363,1654781126897363,
300833b2ddd9014000030009,1,1,2412,-43,1654781126898821,1654781126898821,
300833b2ddd9014000030002,1,1,152,-47,1654781126900685,1654781126900685,
300833b2ddd9014000030002,1,1,152,-47,1654781126930503,1654781126930503,
300833b2ddd9014000030008,1,1,3152,-43,1654781126931816,1654781126931816,
300833b2ddd9014000030009,1,1,2416,-43,1654781126933907,1654781126933907,
300833b2ddd9014000030001,1,1,1088,-51,1654781126935140,1654781126935140,
300833b2ddd9014000030001,1,1,1084,-51,1654781126939497,1654781126939497,
300833b2ddd9014000030002,1,1,140,-47,1654781126940565,1654781126940565,
300833b2ddd9014000030008,1,1,3160,-43,1654781126941890,1654781126941890,
300833b2ddd9014000030009,1,1,2388,-43,1654781126942949,1654781126942949,
300833b2ddd9014000030008,1,1,3164,-43,1654781126980453,1654781126980453,
300833b2ddd9014000030009,1,1,2396,-43,1654781126982066,1654781126982066,
300833b2ddd9014000030002,1,1,128,-47,1654781126983428,1654781126983428,
300833b2ddd9014000030001,1,1,1048,-52,1654781126986260,1654781126986260,
300833b2ddd9014000030002,1,1,120,-47,1654781126989323,1654781126989323,
300833b2ddd9014000030001,1,1,1044,-51,1654781126990409,1654781126990409,
300833b2ddd9014000030008,1,1,3144,-43,1654781126993128,1654781126993128,
300833b2ddd9014000030009,1,1,2376,-43,1654781126994171,1654781126994171,
300833b2ddd9014000030008,1,1,3144,-43,1654781127025062,1654781127025062,
300833b2ddd9014000030001,1,1,1052,-52,1654781127026791,1654781127026791,
300833b2ddd9014000030002,1,1,72,-47,1654781127027860,1654781127027860,
300833b2ddd9014000030009,1,1,2356,-43,1654781127029170,1654781127029170,
300833b2ddd9014000030001,1,1,1068,-52,1654781127032544,1654781127032544,
300833b2ddd9014000030009,1,1,2372,-44,1654781127033856,1654781127033856,
300833b2ddd9014000030008,1,1,3148,-43,1654781127035137,1654781127035137,
300833b2ddd9014000030002,1,1,76,-48,1654781127038244,1654781127038244,
300833b2ddd9014000030001,1,1,1064,-52,1654781127067987,1654781127067987,
300833b2ddd9014000030008,1,1,3136,-43,1654781127069285,1654781127069285,
300833b2ddd9014000030002,1,1,60,-48,1654781127070808,1654781127070808,
300833b2ddd9014000030009,1,1,2344,-43,1654781127072462,1654781127072462,
300833b2ddd9014000030009,1,1,2328,-43,1654781127077029,1654781127077029,
300833b2ddd9014000030008,1,1,3140,-43,1654781127078112,1654781127078112,
300833b2ddd9014000030001,1,1,1072,-52,1654781127079198,1654781127079198,
300833b2ddd9014000030002,1,1,112,-48,1654781127080808,1654781127080808,
300833b2ddd9014000030002,1,1,40,-48,1654781127113609,1654781127113609,
300833b2ddd9014000030001,1,1,1040,-52,1654781127114727,1654781127114727,
300833b2ddd9014000030008,1,1,3108,-44,1654781127117995,1654781127117995,
300833b2ddd9014000030009,1,1,2308,-44,1654781127119321,1654781127119321,
300833b2ddd9014000030001,1,1,1052,-52,1654781127120407,1654781127120407,
300833b2ddd9014000030002,1,1,40,-48,1654781127121561,1654781127121561,
300833b2ddd9014000030009,1,1,2288,-44,1654781127154299,1654781127154299,
300833b2ddd9014000030008,1,1,3124,-44,1654781127157116,1654781127157116,
300833b2ddd9014000030001,1,1,1052,-51,1654781127158151,1654781127158151,
300833b2ddd9014000030002,1,1,48,-49,1654781127159488,1654781127159488,
300833b2ddd9014000030001,1,1,1076,-51,1654781127164457,1654781127164457,
300833b2ddd9014000030009,1,1,2300,-45,1654781127166395,1654781127166395,
300833b2ddd9014000030008,1,1,3136,-45,1654781127167449,1654781127167449,
300833b2ddd9014000030002,1,1,40,-49,1654781127168560,1654781127168560,
300833b2ddd9014000030008,1,1,3124,-44,1654781127199130,1654781127199130,
300833b2ddd9014000030001,1,1,1148,-51,1654781127201577,1654781127201577,
300833b2ddd9014000030009,1,1,2308,-45,1654781127203060,1654781127203060,
300833b2ddd9014000030002,1,1,40,-49,1654781127204100,1654781127204100,
300833b2ddd9014000030008,1,1,3116,-44,1654781127207057,1654781127207057,
300833b2ddd9014000030002,1,1,40,-49,1654781127208377,1654781127208377,
300833b2ddd9014000030009,1,1,2308,-45,1654781127209479,1654781127209479,
300833b2ddd9014000030001,1,1,1164,-51,1654781127211062,1654781127211062,
300833b2ddd9014000030002,1,1,36,-50,1654781127249229,1654781127249229,
300833b2ddd9014000030009,1,1,2312,-45,1654781127250857,1654781127250857,
300833b2ddd9014000030001,1,1,1284,-50,1654781127252341,1654781127252341,
300833b2ddd9014000030009,1,1,2324,-45,1654781127255062,1654781127255062,
300833b2ddd9014000030001,1,1,1300,-50,1654781127256217,1654781127256217,
300833b2ddd9014000030002,1,1,4092,-50,1654781127258102,1654781127258102,
300833b2ddd9014000030008,1,1,3088,-45,1654781127259397,1654781127259397,
300833b2ddd9014000030008,1,1,3116,-44,1654781127483937,1654781127483937,
300833b2ddd9014000030009,1,1,2432,-43,1654781127486052,1654781127486052,
300833b2ddd9014000030001,1,1,1248,-51,1654781127487804,1654781127487804,
300833b2ddd9014000030002,1,1,48,-49,1654781127490299,1654781127490299,
300833b2ddd9014000030009,1,1,2432,-43,1654781127501719,1654781127501719,
300833b2ddd9014000030002,1,1,52,-49,1654781127503013,1654781127503013,
300833b2ddd9014000030008,1,1,3096,-44,1654781127504820,1654781127504820,
300833b2ddd9014000030001,1,1,1228,-50,1654781127507359,1654781127507359,
300833b2ddd9014000030009,1,1,2416,-43,1654781127542981,1654781127542981,
300833b2ddd9014000030008,1,1,3040,-45,1654781127544531,1654781127544531,
300833b2ddd9014000030001,1,1,1272,-49,1654781127546370,1654781127546370,
300833b2ddd9014000030002,1,1,28,-49,1654781127548093,1654781127548093,
300833b2ddd9014000030009,1,1,2400,-43,1654781127552391,1654781127552391,
300833b2ddd9014000030008,1,1,3040,-45,1654781127553846,1654781127553846,
300833b2ddd9014000030001,1,1,1276,-49,1654781127555172,1654781127555172,
300833b2ddd9014000030002,1,1,24,-49,1654781127556370,1654781127556370,
300833b2ddd9014000030008,1,1,3020,-45,1654781127587317,1654781127587317,
300833b2ddd9014000030002,1,1,32,-49,1654781127588532,1654781127588532,
300833b2ddd9014000030009,1,1,2404,-43,1654781127589605,1654781127589605,
300833b2ddd9014000030001,1,1,1272,-49,1654781127591289,1654781127591289,
300833b2ddd9014000030008,1,1,3024,-44,1654781127594744,1654781127594744,
300833b2ddd9014000030002,1,1,20,-49,1654781127596396,1654781127596396,
300833b2ddd9014000030009,1,1,2424,-43,1654781127597497,1654781127597497,
300833b2ddd9014000030001,1,1,1268,-49,1654781127598573,1654781127598573,
300833b2ddd9014000030009,1,1,2440,-43,1654781127630051,1654781127630051,
300833b2ddd9014000030008,1,1,3036,-44,1654781127632039,1654781127632039,
300833b2ddd9014000030001,1,1,1252,-49,1654781127633201,1654781127633201,
300833b2ddd9014000030002,1,1,8,-48,1654781127634415,1654781127634415,
300833b2ddd9014000030001,1,1,1232,-49,1654781127637686,1654781127637686,
300833b2ddd9014000030008,1,1,3040,-44,1654781127638768,1654781127638768,
300833b2ddd9014000030009,1,1,2424,-43,1654781127640141,1654781127640141,
300833b2ddd9014000030002,1,1,44,-49,1654781127641818,1654781127641818,
300833b2ddd9014000030001,1,1,1208,-49,1654781127673348,1654781127673348,
300833b2ddd9014000030009,1,1,2428,-43,1654781127675046,1654781127675046,
300833b2ddd9014000030008,1,1,3048,-44,1654781127676368,1654781127676368,
300833b2ddd9014000030002,1,1,16,-48,1654781127677626,1654781127677626,
300833b2ddd9014000030002,1,1,84,-49,1654781127680658,1654781127680658,
300833b2ddd9014000030001,1,1,1188,-49,1654781127681760,1654781127681760,
300833b2ddd9014000030009,1,1,2424,-43,1654781127683554,1654781127683554,
300833b2ddd9014000030008,1,1,3044,-44,1654781127684876,1654781127684876,
300833b2ddd9014000030008,1,1,3068,-44,1654781127716344,1654781127716344,
300833b2ddd9014000030002,1,1,64,-48,1654781127718025,1654781127718025,
300833b2ddd9014000030009,1,1,2416,-43,1654781127719413,1654781127719413,
300833b2ddd9014000030001,1,1,1188,-48,1654781127720843,1654781127720843,
300833b2ddd9014000030008,1,1,3052,-45,1654781127743789,1654781127743789,
300833b2ddd9014000030009,1,1,2416,-43,1654781127745232,1654781127745232,
300833b2ddd9014000030002,1,1,60,-48,1654781127748577,1654781127748577,
300833b2ddd9014000030001,1,1,1160,-48,1654781127750005,1654781127750005,
300833b2ddd9014000030001,1,1,1152,-47,1654781127785079,1654781127785079,
300833b2ddd9014000030002,1,1,76,-48,1654781127786645,1654781127786645,
300833b2ddd9014000030008,1,1,3040,-44,1654781127787996,1654781127787996,
300833b2ddd9014000030009,1,1,2388,-43,1654781127789323,1654781127789323,
300833b2ddd9014000030002,1,1,64,-48,1654781127793783,1654781127793783,
300833b2ddd9014000030009,1,1,2376,-43,1654781127795124,1654781127795124,
300833b2ddd9014000030008,1,1,3044,-44,1654781127796436,1654781127796436,
300833b2ddd9014000030001,1,1,1172,-47,1654781127797536,1654781127797536,
300833b2ddd9014000030009,1,1,2364,-43,1654781127829415,1654781127829415,
300833b2ddd9014000030008,1,1,3024,-44,1654781127830853,1654781127830853,
300833b2ddd9014000030002,1,1,80,-48,1654781127831909,1654781127831909,
300833b2ddd9014000030001,1,1,1188,-47,1654781127833622,1654781127833622,
300833b2ddd9014000030009,1,1,2364,-43,1654781127840569,1654781127840569,
300833b2ddd9014000030008,1,1,3032,-44,1654781127841865,1654781127841865,
300833b2ddd9014000030001,1,1,1212,-46,1654781127845143,1654781127845143,
300833b2ddd9014000030002,1,1,108,-48,1654781127846479,1654781127846479,
300833b2ddd9014000030009,1,1,2376,-42,1654781127877568,1654781127877568,
300833b2ddd9014000030001,1,1,1208,-46,1654781127878672,1654781127878672,
300833b2ddd9014000030008,1,1,3012,-44,1654781127879939,1654781127879939,
300833b2ddd9014000030002,1,1,132,-48,1654781127881221,1654781127881221,
300833b2ddd9014000030009,1,1,2356,-42,1654781127886199,1654781127886199,
300833b2ddd9014000030002,1,1,124,-48,1654781127891040,1654781127891040,
300833b2ddd9014000030008,1,1,3036,-44,1654781127892139,1654781127892139,
300833b2ddd9014000030001,1,1,1220,-46,1654781127893297,1654781127893297,
300833b2ddd9014000030009,1,1,2348,-42,1654781127923535,1654781127923535,
300833b2ddd9014000030002,1,1,148,-48,1654781127924605,1654781127924605,
300833b2ddd9014000030008,1,1,3028,-44,1654781127925971,1654781127925971,
300833b2ddd9014000030001,1,1,1240,-46,1654781127927684,1654781127927684,
300833b2ddd9014000030008,1,1,3028,-44,1654781127932218,1654781127932218,
300833b2ddd9014000030009,1,1,2376,-42,1654781127933641,1654781127933641,
300833b2ddd9014000030001,1,1,1240,-46,1654781127934746,1654781127934746,
300833b2ddd9014000030002,1,1,144,-48,1654781127936440,1654781127936440,
300833b2ddd9014000030002,1,1,172,-48,1654781127966611,1654781127966611,
300833b2ddd9014000030008,1,1,3024,-44,1654781127968306,1654781127968306,
300833b2ddd9014000030001,1,1,1272,-46,1654781127969466,1654781127969466,
300833b2ddd9014000030009,1,1,2340,-42,1654781127973513,1654781127973513,
300833b2ddd9014000030008,1,1,3008,-44,1654781127974639,1654781127974639,
300833b2ddd9014000030002,1,1,180,-48,1654781127975936,1654781127975936,
300833b2ddd9014000030001,1,1,1280,-46,1654781127977890,1654781127977890,
300833b2ddd9014000030009,1,1,2348,-42,1654781128008894,1654781128008894,
300833b2ddd9014000030008,1,1,3016,-44,1654781128009992,1654781128009992,
300833b2ddd9014000030002,1,1,188,-48,1654781128012906,1654781128012906,
300833b2ddd9014000030001,1,1,1288,-46,1654781128014206,1654781128014206,
300833b2ddd9014000030001,1,1,1292,-46,1654781128017597,1654781128017597,
300833b2ddd9014000030009,1,1,2348,-42,1654781128018951,1654781128018951,
300833b2ddd9014000030002,1,1,192,-48,1654781128020077,1654781128020077,
300833b2ddd9014000030008,1,1,3016,-44,1654781128021855,1654781128021855,
300833b2ddd9014000030008,1,1,3008,-44,1654781128053392,1654781128053392,
300833b2ddd9014000030001,1,1,1280,-46,1654781128054668,1654781128054668,
300833b2ddd9014000030002,1,1,192,-48,1654781128056033,1654781128056033,
300833b2ddd9014000030001,1,1,1296,-46,1654781128060721,1654781128060721,
300833b2ddd9014000030008,1,1,3016,-44,1654781128062657,1654781128062657,
300833b2ddd9014000030009,1,1,2344,-42,1654781128063743,1654781128063743,
300833b2ddd9014000030002,1,1,196,-48,1654781128065081,1654781128065081,
300833b2ddd9014000030009,1,1,2356,-42,1654781128096686,1654781128096686,
300833b2ddd9014000030008,1,1,3016,-44,1654781128097755,1654781128097755,
300833b2ddd9014000030001,1,1,1316,-46,1654781128098842,1654781128098842,
300833b2ddd9014000030002,1,1,208,-48,1654781128099939,1654781128099939,
300833b2ddd9014000030009,1,1,2364,-42,1654781128103311,1654781128103311,
300833b2ddd9014000030008,1,1,3016,-43,1654781128104636,1654781128104636,
300833b2ddd9014000030001,1,1,1316,-46,1654781128105738,1654781128105738,
300833b2ddd9014000030002,1,1,216,-48,1654781128108412,1654781128108412,
300833b2ddd9014000030009,1,1,2340,-42,1654781128140326,1654781128140326,
300833b2ddd9014000030008,1,1,3024,-43,1654781128142035,1654781128142035,
300833b2ddd9014000030001,1,1,1324,-46,1654781128143576,1654781128143576,
300833b2ddd9014000030002,1,1,216,-48,1654781128145044,1654781128145044,
300833b2ddd9014000030009,1,1,2348,-42,1654781128147826,1654781128147826,
300833b2ddd9014000030002,1,1,216,-48,1654781128148881,1654781128148881,
300833b2ddd9014000030008,1,1,3008,-43,1654781128153003,1654781128153003,
300833b2ddd9014000030001,1,1,1336,-46,1654781128154461,1654781128154461,
300833b2ddd9014000030008,1,1,3020,-43,1654781128184950,1654781128184950,
300833b2ddd9014000030002,1,1,224,-48,1654781128186146,1654781128186146,
300833b2ddd9014000030009,1,1,2368,-42,1654781128187488,1654781128187488,
300833b2ddd9014000030001,1,1,1328,-46,1654781128189212,1654781128189212,
300833b2ddd9014000030008,1,1,3012,-43,1654781128192601,1654781128192601,
300833b2ddd9014000030001,1,1,1324,-46,1654781128193648,1654781128193648,
300833b2ddd9014000030009,1,1,2356,-42,1654781128195202,1654781128195202,
300833b2ddd9014000030002,1,1,232,-48,1654781128196671,1654781128196671,
300833b2ddd9014000030009,1,1,2360,-42,1654781128228204,1654781128228204,
300833b2ddd9014000030008,1,1,3000,-44,1654781128229922,1654781128229922,
300833b2ddd9014000030001,1,1,1324,-46,1654781128231023,1654781128231023,
300833b2ddd9014000030002,1,1,248,-48,1654781128232702,1654781128232702,
300833b2ddd9014000030008,1,1,3024,-44,1654781128236017,1654781128236017,
300833b2ddd9014000030002,1,1,228,-48,1654781128237482,1654781128237482,
300833b2ddd9014000030009,1,1,2356,-42,1654781128239081,1654781128239081,
300833b2ddd9014000030001,1,1,1336,-46,1654781128240297,1654781128240297,
300833b2ddd9014000030008,1,1,3008,-43,1654781128270481,1654781128270481,
300833b2ddd9014000030009,1,1,2348,-42,1654781128271581,1654781128271581,
300833b2ddd9014000030001,1,1,1324,-46,1654781128272682,1654781128272682,
300833b2ddd9014000030001,1,1,1324,-46,1654781128278112,1654781128278112,
300833b2ddd9014000030002,1,1,212,-48,1654781128279224,1654781128279224,
300833b2ddd9014000030009,1,1,2352,-42,1654781128282192,1654781128282192,
300833b2ddd9014000030008,1,1,3004,-44,1654781128283655,1654781128283655,
300833b2ddd9014000030008,1,1,3016,-43,1654781128313693,1654781128313693,
300833b2ddd9014000030002,1,1,228,-48,1654781128315588,1654781128315588,
300833b2ddd9014000030001,1,1,1320,-46,1654781128316633,1654781128316633,
300833b2ddd9014000030008,1,1,2996,-43,1654781128321189,1654781128321189,
300833b2ddd9014000030009,1,1,2356,-42,1654781128322941,1654781128322941,
300833b2ddd9014000030001,1,1,1312,-46,1654781128326500,1654781128326500,
300833b2ddd9014000030002,1,1,228,-48,1654781128327598,1654781128327598,
300833b2ddd9014000030009,1,1,2356,-42,1654781128357309,1654781128357309,
300833b2ddd9014000030001,1,1,1316,-46,1654781128358397,1654781128358397,
300833b2ddd9014000030008,1,1,3024,-43,1654781128360642,1654781128360642,
300833b2ddd9014000030002,1,1,228,-48,1654781128362138,1654781128362138,
300833b2ddd9014000030009,1,1,2356,-42,1654781128366039,1654781128366039,
300833b2ddd9014000030008,1,1,3032,-44,1654781128367136,1654781128367136,
300833b2ddd9014000030002,1,1,240,-48,1654781128370357,1654781128370357,
300833b2ddd9014000030001,1,1,1324,-46,1654781128371445,1654781128371445,
300833b2ddd9014000030009,1,1,2368,-42,1654781128402306,1654781128402306,
300833b2ddd9014000030002,1,1,256,-48,1654781128403774,1654781128403774,
300833b2ddd9014000030008,1,1,3016,-44,1654781128405701,1654781128405701,
300833b2ddd9014000030001,1,1,1320,-46,1654781128407201,1654781128407201,
300833b2ddd9014000030008,1,1,3032,-43,1654781128410168,1654781128410168,
300833b2ddd9014000030001,1,1,1312,-46,1654781128411524,1654781128411524,
300833b2ddd9014000030009,1,1,2356,-42,1654781128412654,1654781128412654,
300833b2ddd9014000030002,1,1,220,-48,1654781128413707,1654781128413707,
300833b2ddd9014000030009,1,1,2356,-42,1654781128445792,1654781128445792,
300833b2ddd9014000030002,1,1,204,-48,1654781128446888,1654781128446888,
300833b2ddd9014000030001,1,1,1316,-46,1654781128448216,1654781128448216,
300833b2ddd9014000030008,1,1,3032,-44,1654781128449781,1654781128449781,
300833b2ddd9014000030002,1,1,196,-48,1654781128454186,1654781128454186,
300833b2ddd9014000030009,1,1,2352,-42,1654781128455550,1654781128455550,
300833b2ddd9014000030008,1,1,3028,-43,1654781128458235,1654781128458235,
300833b2ddd9014000030001,1,1,1316,-46,1654781128459281,1654781128459281,
300833b2ddd9014000030009,1,1,2356,-42,1654781128489614,1654781128489614,
300833b2ddd9014000030002,1,1,204,-48,1654781128490667,1654781128490667,
300833b2ddd9014000030001,1,1,1308,-46,1654781128492210,1654781128492210,
300833b2ddd9014000030008,1,1,3036,-44,1654781128493279,1654781128493279,
300833b2ddd9014000030001,1,1,1316,-46,1654781128497994,1654781128497994,
300833b2ddd9014000030009,1,1,2364,-42,1654781128499093,1654781128499093,
300833b2ddd9014000030002,1,1,200,-48,1654781128500148,1654781128500148,
300833b2ddd9014000030008,1,1,3036,-43,1654781128501515,1654781128501515,
300833b2ddd9014000030008,1,1,3024,-43,1654781128534105,1654781128534105,
300833b2ddd9014000030001,1,1,1324,-46,1654781128535367,1654781128535367,
300833b2ddd9014000030002,1,1,204,-48,1654781128536437,1654781128536437,
300833b2ddd9014000030009,1,1,2360,-42,1654781128537704,1654781128537704,
300833b2ddd9014000030009,1,1,2368,-42,1654781128541500,1654781128541500,
300833b2ddd9014000030002,1,1,200,-48,1654781128542955,1654781128542955,
300833b2ddd9014000030008,1,1,3032,-43,1654781128544052,1654781128544052,
300833b2ddd9014000030001,1,1,1328,-46,1654781128545418,1654781128545418,
300833b2ddd9014000030009,1,1,2376,-42,1654781128575742,1654781128575742,
300833b2ddd9014000030001,1,1,1332,-46,1654781128576815,1654781128576815,
300833b2ddd9014000030008,1,1,3036,-43,1654781128577913,1654781128577913,
300833b2ddd9014000030002,1,1,200,-48,1654781128579946,1654781128579946,
300833b2ddd9014000030002,1,1,212,-48,1654781128585528,1654781128585528,
300833b2ddd9014000030008,1,1,3056,-43,1654781128587224,1654781128587224,
300833b2ddd9014000030009,1,1,2356,-42,1654781128588324,1654781128588324,
300833b2ddd9014000030001,1,1,1328,-46,1654781128589596,1654781128589596,
300833b2ddd9014000030002,1,1,192,-48,1654781128620499,1654781128620499,
300833b2ddd9014000030008,1,1,3040,-44,1654781128621625,1654781128621625,
300833b2ddd9014000030009,1,1,2356,-42,1654781128622925,1654781128622925,
300833b2ddd9014000030001,1,1,1308,-46,1654781128624368,1654781128624368,
300833b2ddd9014000030001,1,1,1312,-46,1654781128627603,1654781128627603,
300833b2ddd9014000030008,1,1,3028,-43,1654781128629112,1654781128629112,
300833b2ddd9014000030009,1,1,2352,-42,1654781128630667,1654781128630667,
300833b2ddd9014000030002,1,1,212,-48,1654781128632159,1654781128632159,
300833b2ddd9014000030001,1,1,1296,-46,1654781128662060,1654781128662060,
300833b2ddd9014000030008,1,1,3036,-43,1654781128663727,1654781128663727,
300833b2ddd9014000030009,1,1,2356,-42,1654781128664999,1654781128664999,
300833b2ddd9014000030002,1,1,184,-48,1654781128666677,1654781128666677,
300833b2ddd9014000030008,1,1,3020,-44,1654781128670110,1654781128670110,
300833b2ddd9014000030001,1,1,1308,-46,1654781128671822,1654781128671822,
300833b2ddd9014000030009,1,1,2356,-42,1654781128672897,1654781128672897,
300833b2ddd9014000030002,1,1,176,-48,1654781128674351,1654781128674351,
300833b2ddd9014000030001,1,1,1304,-46,1654781128705565,1654781128705565,
300833b2ddd9014000030002,1,1,220,-48,1654781128707132,1654781128707132,
300833b2ddd9014000030008,1,1,3028,-43,1654781128708669,1654781128708669,
300833b2ddd9014000030001,1,1,1284,-46,1654781128714302,1654781128714302,
300833b2ddd9014000030008,1,1,3016,-43,1654781128715355,1654781128715355,
300833b2ddd9014000030002,1,1,196,-47,1654781128717100,1654781128717100,
300833b2ddd9014000030009,1,1,2344,-42,1654781128718186,1654781128718186,
300833b2ddd9014000030009,1,1,2364,-42,1654781128748452,1654781128748452,
300833b2ddd9014000030001,1,1,1304,-46,1654781128749484,1654781128749484,
300833b2ddd9014000030002,1,1,212,-48,1654781128750793,1654781128750793,
300833b2ddd9014000030008,1,1,3056,-43,1654781128752074,1654781128752074,
300833b2ddd9014000030001,1,1,1316,-46,1654781128757443,1654781128757443,
300833b2ddd9014000030008,1,1,3028,-43,1654781128758780,1654781128758780,
300833b2ddd9014000030009,1,1,2372,-42,1654781128759851,1654781128759851,
300833b2ddd9014000030002,1,1,228,-47,1654781128761319,1654781128761319,
300833b2ddd9014000030002,1,1,236,-47,1654781128790969,1654781128790969,
300833b2ddd9014000030008,1,1,3028,-43,1654781128793979,1654781128793979,
300833b2ddd9014000030001,1,1,1316,-46,1654781128795211,1654781128795211,
300833b2ddd9014000030009,1,1,2332,-42,1654781128798693,1654781128798693,
300833b2ddd9014000030008,1,1,3024,-43,1654781128800395,1654781128800395,
300833b2ddd9014000030002,1,1,224,-48,1654781128801850,1654781128801850,
300833b2ddd9014000030001,1,1,1324,-46,1654781128802937,1654781128802937,
300833b2ddd9014000030001,1,1,1320,-46,1654781128832969,1654781128832969,
300833b2ddd9014000030002,1,1,196,-48,1654781128834295,1654781128834295,
300833b2ddd9014000030009,1,1,2348,-42,1654781128835608,1654781128835608,
300833b2ddd9014000030008,1,1,3000,-43,1654781128836677,1654781128836677,
300833b2ddd9014000030002,1,1,248,-47,1654781128841123,1654781128841123,
300833b2ddd9014000030008,1,1,2996,-43,1654781128842731,1654781128842731,
300833b2ddd9014000030001,1,1,1332,-46,1654781128844356,1654781128844356,
300833b2ddd9014000030009,1,1,2352,-42,1654781128845398,1654781128845398,
300833b2ddd9014000030008,1,1,3020,-43,1654781128876606,1654781128876606,
300833b2ddd9014000030009,1,1,2368,-42,1654781128878842,1654781128878842,
300833b2ddd9014000030001,1,1,1300,-46,1654781128879974,1654781128879974,
300833b2ddd9014000030002,1,1,224,-47,1654781128881718,1654781128881718,
300833b2ddd9014000030009,1,1,2380,-42,1654781128884703,1654781128884703,
300833b2ddd9014000030001,1,1,1292,-46,1654781128886404,1654781128886404,
300833b2ddd9014000030008,1,1,3040,-44,1654781128887969,1654781128887969,
300833b2ddd9014000030002,1,1,172,-48,1654781128889394,1654781128889394,
300833b2ddd9014000030009,1,1,2352,-42,1654781128919199,1654781128919199,
300833b2ddd9014000030008,1,1,3028,-44,1654781128920524,1654781128920524,
300833b2ddd9014000030002,1,1,196,-48,1654781128921566,1654781128921566,
300833b2ddd9014000030001,1,1,1304,-46,1654781128923136,1654781128923136,
300833b2ddd9014000030002,1,1,172,-47,1654781128927573,1654781128927573,
300833b2ddd9014000030009,1,1,2332,-42,1654781128928900,1654781128928900,
300833b2ddd9014000030008,1,1,3036,-43,1654781128930011,1654781128930011,
300833b2ddd9014000030001,1,1,1308,-46,1654781128931551,1654781128931551,
300833b2ddd9014000030008,1,1,3040,-43,1654781128963036,1654781128963036,
300833b2ddd9014000030009,1,1,2368,-42,1654781128964148,1654781128964148,
300833b2ddd9014000030002,1,1,180,-48,1654781128965233,1654781128965233,
300833b2ddd9014000030001,1,1,1304,-46,1654781128968139,1654781128968139,
300833b2ddd9014000030009,1,1,2344,-42,1654781128972265,1654781128972265,
300833b2ddd9014000030002,1,1,188,-48,1654781128973348,1654781128973348,
300833b2ddd9014000030008,1,1,3024,-44,1654781128974686,1654781128974686,
300833b2ddd9014000030001,1,1,1292,-46,1654781128975734,1654781128975734,
300833b2ddd9014000030002,1,1,188,-47,1654781129007382,1654781129007382,
300833b2ddd9014000030001,1,1,1304,-46,1654781129009092,1654781129009092,
300833b2ddd9014000030008,1,1,3016,-44,1654781129010166,1654781129010166,
300833b2ddd9014000030009,1,1,2352,-42,1654781129011224,1654781129011224,
300833b2ddd9014000030002,1,1,172,-48,1654781129016231,1654781129016231,
300833b2ddd9014000030001,1,1,1300,-46,1654781129017500,1654781129017500,
300833b2ddd9014000030008,1,1,3024,-43,1654781129018715,1654781129018715,
300833b2ddd9014000030009,1,1,2352,-42,1654781129019815,1654781129019815,
300833b2ddd9014000030002,1,1,168,-48,1654781129050888,1654781129050888,
300833b2ddd9014000030009,1,1,2356,-42,1654781129052790,1654781129052790,
300833b2ddd9014000030008,1,1,3036,-43,1654781129053916,1654781129053916,
300833b2ddd9014000030001,1,1,1300,-46,1654781129055147,1654781129055147,
300833b2ddd9014000030002,1,1,196,-48,1654781129057896,1654781129057896,
300833b2ddd9014000030009,1,1,2348,-42,1654781129058985,1654781129058985,
300833b2ddd9014000030008,1,1,3036,-43,1654781129060793,1654781129060793,
300833b2ddd9014000030001,1,1,1292,-46,1654781129061923,1654781129061923,
300833b2ddd9014000030009,1,1,2340,-42,1654781129094032,1654781129094032,
300833b2ddd9014000030008,1,1,3060,-43,1654781129096441,1654781129096441,
300833b2ddd9014000030002,1,1,184,-47,1654781129097610,1654781129097610,
300833b2ddd9014000030001,1,1,1304,-46,1654781129099151,1654781129099151,
300833b2ddd9014000030008,1,1,3024,-43,1654781129102774,1654781129102774,
300833b2ddd9014000030009,1,1,2340,-42,1654781129104484,1654781129104484,
300833b2ddd9014000030002,1,1,184,-47,1654781129105808,1654781129105808,
300833b2ddd9014000030001,1,1,1296,-46,1654781129106910,1654781129106910,
300833b2ddd9014000030002,1,1,188,-48,1654781129138399,1654781129138399,
300833b2ddd9014000030009,1,1,2364,-42,1654781129139457,1654781129139457,
300833b2ddd9014000030008,1,1,3032,-43,1654781129140807,1654781129140807,
300833b2ddd9014000030001,1,1,1276,-46,1654781129142054,1654781129142054,
300833b2ddd9014000030001,1,1,1260,-46,1654781129145526,1654781129145526,
300833b2ddd9014000030002,1,1,180,-47,1654781129147207,1654781129147207,
300833b2ddd9014000030008,1,1,3064,-43,1654781129148292,1654781129148292,
300833b2ddd9014000030009,1,1,2344,-42,1654781129149335,1654781129149335,
300833b2ddd9014000030001,1,1,1280,-46,1654781129179636,1654781129179636,
300833b2ddd9014000030009,1,1,2348,-42,1654781129180722,1654781129180722,
300833b2ddd9014000030008,1,1,3028,-44,1654781129182769,1654781129182769,
300833b2ddd9014000030002,1,1,196,-48,1654781129184701,1654781129184701,
300833b2ddd9014000030002,1,1,176,-47,1654781129188576,1654781129188576,
300833b2ddd9014000030008,1,1,3044,-44,1654781129189617,1654781129189617,
300833b2ddd9014000030009,1,1,2348,-42,1654781129191709,1654781129191709,
300833b2ddd9014000030001,1,1,1300,-46,1654781129192925,1654781129192925,
300833b2ddd9014000030001,1,1,1284,-46,1654781129225345,1654781129225345,
300833b2ddd9014000030002,1,1,168,-48,1654781129226415,1654781129226415,
300833b2ddd9014000030008,1,1,3044,-44,1654781129229021,1654781129229021,
300833b2ddd9014000030009,1,1,2344,-42,1654781129230122,1654781129230122,
300833b2ddd9014000030009,1,1,2336,-42,1654781129235336,1654781129235336,
300833b2ddd9014000030002,1,1,176,-47,1654781129236660,1654781129236660,
300833b2ddd9014000030001,1,1,1280,-46,1654781129237988,1654781129237988,
300833b2ddd9014000030008,1,1,3028,-43,1654781129239113,1654781129239113,
300833b2ddd9014000030002,1,1,184,-48,1654781129270605,1654781129270605,
300833b2ddd9014000030008,1,1,3028,-44,1654781129271900,1654781129271900,
300833b2ddd9014000030009,1,1,2344,-42,1654781129273725,1654781129273725,
300833b2ddd9014000030001,1,1,1312,-46,1654781129275167,1654781129275167,
300833b2ddd9014000030002,1,1,188,-48,1654781129281420,1654781129281420,
300833b2ddd9014000030009,1,1,2348,-42,1654781129282522,1654781129282522,
300833b2ddd9014000030001,1,1,1280,-46,1654781129283792,1654781129283792,
300833b2ddd9014000030008,1,1,3048,-44,1654781129285246,1654781129285246,
300833b2ddd9014000030008,1,1,3036,-44,1654781129315279,1654781129315279,
300833b2ddd9014000030009,1,1,2356,-42,1654781129316619,1654781129316619,
300833b2ddd9014000030002,1,1,172,-47,1654781129318412,1654781129318412,
300833b2ddd9014000030001,1,1,1276,-46,1654781129319614,1654781129319614,
300833b2ddd9014000030001,1,1,1284,-46,1654781129323897,1654781129323897,
300833b2ddd9014000030002,1,1,176,-48,1654781129325195,1654781129325195,
300833b2ddd9014000030008,1,1,3028,-43,1654781129326336,1654781129326336,
300833b2ddd9014000030009,1,1,2336,-42,1654781129327892,1654781129327892,
300833b2ddd9014000030002,1,1,168,-48,1654781129359208,1654781129359208,
300833b2ddd9014000030009,1,1,2348,-42,1654781129360235,1654781129360235,
300833b2ddd9014000030008,1,1,3044,-43,1654781129361603,1654781129361603,
300833b2ddd9014000030001,1,1,1284,-46,1654781129363767,1654781129363767,
300833b2ddd9014000030008,1,1,3028,-44,1654781129368626,1654781129368626,
300833b2ddd9014000030001,1,1,1280,-46,1654781129369812,1654781129369812,
300833b2ddd9014000030009,1,1,2344,-42,1654781129371368,1654781129371368,
300833b2ddd9014000030002,1,1,168,-47,1654781129372805,1654781129372805,
300833b2ddd9014000030002,1,1,172,-47,1654781129403028,1654781129403028,
300833b2ddd9014000030001,1,1,1236,-46,1654781129404729,1654781129404729,
300833b2ddd9014000030008,1,1,3044,-43,1654781129405839,1654781129405839,
300833b2ddd9014000030009,1,1,2364,-42,1654781129406880,1654781129406880,
300833b2ddd9014000030009,1,1,2352,-42,1654781129410303,1654781129410303,
300833b2ddd9014000030002,1,1,180,-48,1654781129411644,1654781129411644,
300833b2ddd9014000030008,1,1,3036,-43,1654781129414082,1654781129414082,
300833b2ddd9014000030001,1,1,1292,-46,1654781129415398,1654781129415398,
300833b2ddd9014000030001,1,1,1268,-46,1654781129446215,1654781129446215,
300833b2ddd9014000030008,1,1,3048,-44,1654781129447285,1654781129447285,
300833b2ddd9014000030002,1,1,180,-47,1654781129448594,1654781129448594,
300833b2ddd9014000030009,1,1,2344,-42,1654781129449906,1654781129449906,
300833b2ddd9014000030008,1,1,3036,-44,1654781129454770,1654781129454770,
300833b2ddd9014000030001,1,1,1284,-46,1654781129455829,1654781129455829,
300833b2ddd9014000030002,1,1,172,-47,1654781129456913,1654781129456913,
300833b2ddd9014000030009,1,1,2356,-42,1654781129458028,1654781129458028,
300833b2ddd9014000030008,1,1,3036,-43,1654781129491264,1654781129491264,
300833b2ddd9014000030001,1,1,1280,-46,1654781129492308,1654781129492308,
300833b2ddd9014000030009,1,1,2352,-42,1654781129493379,1654781129493379,
300833b2ddd9014000030002,1,1,176,-48,1654781129494846,1654781129494846,
300833b2ddd9014000030009,1,1,2344,-42,1654781129498350,1654781129498350,
300833b2ddd9014000030001,1,1,1284,-46,1654781129499775,1654781129499775,
300833b2ddd9014000030002,1,1,176,-48,1654781129500818,1654781129500818,
300833b2ddd9014000030008,1,1,3032,-44,1654781129501888,1654781129501888,
300833b2ddd9014000030002,1,1,164,-47,1654781129533674,1654781129533674,
300833b2ddd9014000030009,1,1,2360,-42,1654781129535070,1654781129535070,
300833b2ddd9014000030008,1,1,3024,-44,1654781129536408,1654781129536408,
300833b2ddd9014000030001,1,1,1272,-46,1654781129537921,1654781129537921,
300833b2ddd9014000030002,1,1,176,-48,1654781129542686,1654781129542686,
300833b2ddd9014000030009,1,1,2360,-42,1654781129543757,1654781129543757,
300833b2ddd9014000030008,1,1,3028,-43,1654781129545053,1654781129545053,
300833b2ddd9014000030001,1,1,1272,-46,1654781129546965,1654781129546965,
300833b2ddd9014000030008,1,1,3020,-44,1654781129577921,1654781129577921,
300833b2ddd9014000030001,1,1,1292,-46,1654781129579492,1654781129579492,
300833b2ddd9014000030002,1,1,176,-48,1654781129580548,1654781129580548,
300833b2ddd9014000030009,1,1,2340,-42,1654781129582113,1654781129582113,
300833b2ddd9014000030001,1,1,1264,-46,1654781129586555,1654781129586555,
300833b2ddd9014000030008,1,1,3024,-43,1654781129588294,1654781129588294,
300833b2ddd9014000030009,1,1,2336,-42,1654781129589439,1654781129589439,
300833b2ddd9014000030002,1,1,168,-47,1654781129591120,1654781129591120,
300833b2ddd9014000030001,1,1,1272,-46,1654781129621139,1654781129621139,
300833b2ddd9014000030002,1,1,188,-48,1654781129622435,1654781129622435,
300833b2ddd9014000030009,1,1,2352,-42,1654781129623592,1654781129623592,
300833b2ddd9014000030008,1,1,3016,-43,1654781129625382,1654781129625382,
300833b2ddd9014000030009,1,1,2364,-42,1654781129629633,1654781129629633,
300833b2ddd9014000030008,1,1,3028,-43,1654781129631209,1654781129631209,
300833b2ddd9014000030001,1,1,1280,-46,1654781129633009,1654781129633009,
300833b2ddd9014000030002,1,1,184,-48,1654781129634702,1654781129634702,
300833b2ddd9014000030009,1,1,2344,-42,1654781129665653,1654781129665653,
300833b2ddd9014000030001,1,1,1276,-46,1654781129668211,1654781129668211,
300833b2ddd9014000030008,1,1,3028,-43,1654781129669311,1654781129669311,
300833b2ddd9014000030001,1,1,1272,-46,1654781129672507,1654781129672507,
300833b2ddd9014000030002,1,1,188,-48,1654781129673620,1654781129673620,
300833b2ddd9014000030009,1,1,2340,-42,1654781129674960,1654781129674960,
300833b2ddd9014000030008,1,1,3036,-43,1654781129676071,1654781129676071,
300833b2ddd9014000030008,1,1,3036,-44,1654781129707710,1654781129707710,
300833b2ddd9014000030002,1,1,196,-48,1654781129708809,1654781129708809,
300833b2ddd9014000030009,1,1,2340,-42,1654781129709909,1654781129709909,
300833b2ddd9014000030001,1,1,1276,-46,1654781129712559,1654781129712559,
300833b2ddd9014000030002,1,1,196,-48,1654781129717264,1654781129717264,
300833b2ddd9014000030009,1,1,2356,-42,1654781129718334,1654781129718334,
300833b2ddd9014000030001,1,1,1268,-46,1654781129720146,1654781129720146,
300833b2ddd9014000030008,1,1,3052,-43,1654781129721245,1654781129721245,
300833b2ddd9014000030008,1,1,3028,-44,1654781129753714,1654781129753714,
300833b2ddd9014000030009,1,1,2348,-42,1654781129755252,1654781129755252,
300833b2ddd9014000030002,1,1,200,-48,1654781129756523,1654781129756523,
300833b2ddd9014000030001,1,1,1284,-46,1654781129757552,1654781129757552,
300833b2ddd9014000030009,1,1,2336,-42,1654781129760278,1654781129760278,
300833b2ddd9014000030001,1,1,1292,-46,1654781129761381,1654781129761381,
300833b2ddd9014000030002,1,1,212,-48,1654781129762492,1654781129762492,
300833b2ddd9014000030008,1,1,3008,-44,1654781129763531,1654781129763531,
300833b2ddd9014000030002,1,1,208,-48,1654781129795940,1654781129795940,
300833b2ddd9014000030008,1,1,3016,-44,1654781129796979,1654781129796979,
300833b2ddd9014000030009,1,1,2328,-42,1654781129798532,1654781129798532,
300833b2ddd9014000030001,1,1,1272,-46,1654781129799578,1654781129799578,
300833b2ddd9014000030009,1,1,2328,-42,1654781129804071,1654781129804071,
300833b2ddd9014000030002,1,1,204,-48,1654781129805182,1654781129805182,
300833b2ddd9014000030008,1,1,3012,-43,1654781129806435,1654781129806435,
300833b2ddd9014000030001,1,1,1292,-46,1654781129807508,1654781129807508,
300833b2ddd9014000030009,1,1,2340,-42,1654781129839477,1654781129839477,
300833b2ddd9014000030001,1,1,1264,-46,1654781129840792,1654781129840792,
300833b2ddd9014000030002,1,1,212,-48,1654781129842682,1654781129842682,
300833b2ddd9014000030008,1,1,3008,-43,1654781129843780,1654781129843780,
300833b2ddd9014000030002,1,1,192,-48,1654781129847991,1654781129847991,
300833b2ddd9014000030008,1,1,3028,-43,1654781129849319,1654781129849319,
300833b2ddd9014000030001,1,1,1276,-46,1654781129850888,1654781129850888,
300833b2ddd9014000030009,1,1,2360,-42,1654781129851971,1654781129851971,
300833b2ddd9014000030009,1,1,2332,-42,1654781129889808,1654781129889808,
300833b2ddd9014000030001,1,1,1296,-46,1654781129891179,1654781129891179,
300833b2ddd9014000030002,1,1,212,-48,1654781129892759,1654781129892759,
300833b2ddd9014000030008,1,1,3032,-43,1654781129894111,1654781129894111,
300833b2ddd9014000030001,1,1,1280,-46,1654781129898282,1654781129898282,
300833b2ddd9014000030008,1,1,3020,-43,1654781129899817,1654781129899817,
300833b2ddd9014000030009,1,1,2348,-42,1654781129900888,1654781129900888,
300833b2ddd9014000030002,1,1,220,-48,1654781129903064,1654781129903064,
300833b2ddd9014000030001,1,1,1276,-46,1654781129933857,1654781129933857,
300833b2ddd9014000030009,1,1,2328,-42,1654781129935253,1654781129935253,
300833b2ddd9014000030002,1,1,192,-48,1654781129937102,1654781129937102,
300833b2ddd9014000030008,1,1,3036,-44,1654781129938198,1654781129938198,
300833b2ddd9014000030008,1,1,3040,-43,1654781129942926,1654781129942926,
300833b2ddd9014000030009,1,1,2348,-42,1654781129943997,1654781129943997,
300833b2ddd9014000030002,1,1,204,-48,1654781129945094,1654781129945094,
300833b2ddd9014000030001,1,1,1276,-46,1654781129946608,1654781129946608,
300833b2ddd9014000030009,1,1,2356,-42,1654781129977870,1654781129977870,
300833b2ddd9014000030001,1,1,1288,-46,1654781129979188,1654781129979188,
300833b2ddd9014000030008,1,1,3036,-44,1654781129980781,1654781129980781,
300833b2ddd9014000030002,1,1,208,-48,1654781129982501,1654781129982501,
300833b2ddd9014000030009,1,1,2340,-42,1654781129986557,1654781129986557,
300833b2ddd9014000030008,1,1,3036,-44,1654781129987627,1654781129987627,
300833b2ddd9014000030001,1,1,1280,-46,1654781129988686,1654781129988686,
300833b2ddd9014000030002,1,1,200,-48,1654781129989784,1654781129989784,
300833b2ddd9014000030009,1,1,2348,-42,1654781130021984,1654781130021984,
300833b2ddd9014000030008,1,1,3032,-43,1654781130023308,1654781130023308,
300833b2ddd9014000030001,1,1,1284,-46,1654781130024425,1654781130024425,
300833b2ddd9014000030002,1,1,212,-48,1654781130026886,1654781130026886,
300833b2ddd9014000030008,1,1,3028,-44,1654781130030949,1654781130030949,
300833b2ddd9014000030001,1,1,1292,-46,1654781130032275,1654781130032275,
300833b2ddd9014000030002,1,1,196,-48,1654781130033376,1654781130033376,
300833b2ddd9014000030009,1,1,2320,-42,1654781130034957,1654781130034957,