epc,atenda,atendanum,phase,RSS,timestamp,timestamp2,
300833b2ddd9014000030008,1,1,3240,-43,1654781264303022,1654781264303022,
300833b2ddd9014000030002,1,1,184,-47,1654781264304304,1654781264304304,
300833b2ddd9014000030009,1,1,2452,-44,1654781264306155,1654781264306155,
300833b2ddd9014000030008,1,1,3224,-43,1654781264312241,1654781264312241,
300833b2ddd9014000030009,1,1,2440,-44,1654781264313283,1654781264313283,
300833b2ddd9014000030002,1,1,188,-47,1654781264314479,1654781264314479,
300833b2ddd9014000030001,1,1,1076,-51,1654781264316484,1654781264316484,
300833b2ddd9014000030001,1,1,1064,-51,1654781264347890,1654781264347890,
300833b2ddd9014000030002,1,1,184,-47,1654781264349410,1654781264349410,
300833b2ddd9014000030008,1,1,3224,-43,1654781264351118,1654781264351118,
300833b2ddd9014000030009,1,1,2448,-44,1654781264352218,1654781264352218,
300833b2ddd9014000030008,1,1,3232,-43,1654781264355174,1654781264355174,
300833b2ddd9014000030002,1,1,192,-47,1654781264356272,1654781264356272,
300833b2ddd9014000030001,1,1,1064,-51,1654781264357328,1654781264357328,
300833b2ddd9014000030009,1,1,2440,-44,1654781264358643,1654781264358643,
300833b2ddd9014000030008,1,1,3224,-43,1654781264391026,1654781264391026,
300833b2ddd9014000030002,1,1,184,-47,1654781264392225,1654781264392225,
300833b2ddd9014000030009,1,1,2440,-44,1654781264393595,1654781264393595,
300833b2ddd9014000030001,1,1,1064,-51,1654781264394666,1654781264394666,
300833b2ddd9014000030001,1,1,1084,-51,1654781264398739,1654781264398739,
300833b2ddd9014000030008,1,1,3216,-43,1654781264399935,1654781264399935,
300833b2ddd9014000030009,1,1,2448,-44,1654781264401275,1654781264401275,
300833b2ddd9014000030002,1,1,192,-47,1654781264402742,1654781264402742,
300833b2ddd9014000030008,1,1,3228,-43,1654781264434127,1654781264434127,
300833b2ddd9014000030002,1,1,188,-47,1654781264435865,1654781264435865,
300833b2ddd9014000030009,1,1,2432,-44,1654781264437434,1654781264437434,
300833b2ddd9014000030001,1,1,1092,-51,1654781264438635,1654781264438635,
300833b2ddd9014000030002,1,1,180,-47,1654781264442122,1654781264442122,
300833b2ddd9014000030008,1,1,3228,-43,1654781264443162,1654781264443162,
300833b2ddd9014000030009,1,1,2440,-44,1654781264444783,1654781264444783,
300833b2ddd9014000030001,1,1,1080,-51,1654781264446493,1654781264446493,
300833b2ddd9014000030002,1,1,212,-47,1654781264477825,1654781264477825,
300833b2ddd9014000030001,1,1,1092,-51,1654781264479549,1654781264479549,
300833b2ddd9014000030009,1,1,2452,-44,1654781264481245,1654781264481245,
300833b2ddd9014000030008,1,1,3216,-43,1654781264482300,1654781264482300,
300833b2ddd9014000030001,1,1,1076,-51,1654781264485007,1654781264485007,
300833b2ddd9014000030008,1,1,3232,-43,1654781264486091,1654781264486091,
300833b2ddd9014000030009,1,1,2444,-44,1654781264487687,1654781264487687,
300833b2ddd9014000030002,1,1,216,-47,1654781264488979,1654781264488979,
300833b2ddd9014000030008,1,1,3220,-43,1654781264522014,1654781264522014,
300833b2ddd9014000030009,1,1,2436,-44,1654781264523058,1654781264523058,
300833b2ddd9014000030002,1,1,184,-47,1654781264524312,1654781264524312,
300833b2ddd9014000030001,1,1,1096,-51,1654781264525784,1654781264525784,
300833b2ddd9014000030001,1,1,1072,-51,1654781264529139,1654781264529139,
300833b2ddd9014000030008,1,1,3240,-43,1654781264530845,1654781264530845,
300833b2ddd9014000030009,1,1,2436,-44,1654781264534277,1654781264534277,
300833b2ddd9014000030002,1,1,196,-47,1654781264535488,1654781264535488,
300833b2ddd9014000030001,1,1,1080,-51,1654781264565664,1654781264565664,
300833b2ddd9014000030002,1,1,208,-47,1654781264566789,1654781264566789,
300833b2ddd9014000030009,1,1,2444,-44,1654781264568130,1654781264568130,
300833b2ddd9014000030008,1,1,3224,-43,1654781264569228,1654781264569228,
300833b2ddd9014000030009,1,1,2452,-44,1654781264574477,1654781264574477,
300833b2ddd9014000030002,1,1,192,-47,1654781264576173,1654781264576173,
300833b2ddd9014000030008,1,1,3232,-43,1654781264577255,1654781264577255,
300833b2ddd9014000030001,1,1,1088,-51,1654781264578342,1654781264578342,
300833b2ddd9014000030002,1,1,192,-47,1654781264608845,1654781264608845,
300833b2ddd9014000030008,1,1,3236,-43,1654781264609900,1654781264609900,
300833b2ddd9014000030009,1,1,2444,-44,1654781264611225,1654781264611225,
300833b2ddd9014000030001,1,1,1096,-51,1654781264613695,1654781264613695,
300833b2ddd9014000030001,1,1,1084,-51,1654781264617317,1654781264617317,
300833b2ddd9014000030008,1,1,3220,-43,1654781264619465,1654781264619465,
300833b2ddd9014000030009,1,1,2444,-45,1654781264620580,1654781264620580,
300833b2ddd9014000030002,1,1,200,-47,1654781264621620,1654781264621620,
300833b2ddd9014000030002,1,1,192,-47,1654781264652252,1654781264652252,
300833b2ddd9014000030001,1,1,1072,-51,1654781264653594,1654781264653594,
300833b2ddd9014000030008,1,1,3224,-43,1654781264654902,1654781264654902,
300833b2ddd9014000030009,1,1,2440,-44,1654781264656228,1654781264656228,
300833b2ddd9014000030001,1,1,1076,-50,1654781264660945,1654781264660945,
300833b2ddd9014000030002,1,1,208,-47,1654781264662385,1654781264662385,
300833b2ddd9014000030008,1,1,3228,-43,1654781264663425,1654781264663425,
300833b2ddd9014000030009,1,1,2436,-44,1654781264664566,1654781264664566,
300833b2ddd9014000030001,1,1,1096,-51,1654781264695389,1654781264695389,
300833b2ddd9014000030008,1,1,3232,-43,1654781264697871,1654781264697871,
300833b2ddd9014000030009,1,1,2416,-44,1654781264698944,1654781264698944,
300833b2ddd9014000030009,1,1,2424,-44,1654781264702259,1654781264702259,
300833b2ddd9014000030001,1,1,1068,-51,1654781264703330,1654781264703330,
300833b2ddd9014000030008,1,1,3224,-43,1654781264704596,1654781264704596,
300833b2ddd9014000030002,1,1,220,-47,1654781264706161,1654781264706161,
300833b2ddd9014000030001,1,1,1088,-50,1654781264737575,1654781264737575,
300833b2ddd9014000030002,1,1,196,-47,1654781264738887,1654781264738887,
300833b2ddd9014000030008,1,1,3228,-43,1654781264740224,1654781264740224,
300833b2ddd9014000030009,1,1,2436,-44,1654781264741762,1654781264741762,
300833b2ddd9014000030001,1,1,1088,-50,1654781264746013,1654781264746013,
300833b2ddd9014000030008,1,1,3220,-43,1654781264747309,1654781264747309,
300833b2ddd9014000030002,1,1,208,-47,1654781264748888,1654781264748888,
300833b2ddd9014000030009,1,1,2448,-44,1654781264750197,1654781264750197,
300833b2ddd9014000030008,1,1,3216,-43,1654781264781399,1654781264781399,
300833b2ddd9014000030002,1,1,204,-47,1654781264784209,1654781264784209,
300833b2ddd9014000030009,1,1,2444,-45,1654781264785279,1654781264785279,
300833b2ddd9014000030001,1,1,1060,-50,1654781264786510,1654781264786510,
300833b2ddd9014000030001,1,1,1088,-50,1654781264789256,1654781264789256,
300833b2ddd9014000030002,1,1,204,-47,1654781264790342,1654781264790342,
300833b2ddd9014000030008,1,1,3224,-43,1654781264791411,1654781264791411,
300833b2ddd9014000030009,1,1,2436,-44,1654781264794334,1654781264794334,
300833b2ddd9014000030008,1,1,3220,-43,1654781264826788,1654781264826788,
300833b2ddd9014000030002,1,1,204,-47,1654781264827871,1654781264827871,
300833b2ddd9014000030009,1,1,2428,-44,1654781264829424,1654781264829424,
300833b2ddd9014000030001,1,1,1080,-50,1654781264831393,1654781264831393,
300833b2ddd9014000030001,1,1,1132,-50,1654781264835316,1654781264835316,
300833b2ddd9014000030008,1,1,3232,-43,1654781264836655,1654781264836655,
300833b2ddd9014000030009,1,1,2424,-44,1654781264838024,1654781264838024,
300833b2ddd9014000030002,1,1,204,-47,1654781264839334,1654781264839334,
300833b2ddd9014000030008,1,1,3224,-43,1654781264870951,1654781264870951,
300833b2ddd9014000030001,1,1,1112,-50,1654781264872706,1654781264872706,
300833b2ddd9014000030009,1,1,2444,-45,1654781264873804,1654781264873804,
300833b2ddd9014000030002,1,1,224,-47,1654781264875099,1654781264875099,
300833b2ddd9014000030002,1,1,192,-47,1654781264879303,1654781264879303,
300833b2ddd9014000030009,1,1,2440,-44,1654781264880543,1654781264880543,
300833b2ddd9014000030008,1,1,3216,-43,1654781264882179,1654781264882179,
300833b2ddd9014000030001,1,1,1128,-50,1654781264883396,1654781264883396,
300833b2ddd9014000030002,1,1,204,-47,1654781264913326,1654781264913326,
300833b2ddd9014000030009,1,1,2476,-44,1654781264915519,1654781264915519,
300833b2ddd9014000030008,1,1,3228,-43,1654781264916587,1654781264916587,
300833b2ddd9014000030001,1,1,1088,-50,1654781264917658,1654781264917658,
300833b2ddd9014000030001,1,1,1088,-50,1654781264921040,1654781264921040,
300833b2ddd9014000030009,1,1,2456,-44,1654781264922153,1654781264922153,
300833b2ddd9014000030002,1,1,200,-47,1654781264923478,1654781264923478,
300833b2ddd9014000030008,1,1,3236,-43,1654781264924519,1654781264924519,
300833b2ddd9014000030008,1,1,3224,-43,1654781264956914,1654781264956914,
300833b2ddd9014000030009,1,1,2436,-44,1654781264961420,1654781264961420,
300833b2ddd9014000030001,1,1,1096,-51,1654781264962489,1654781264962489,
300833b2ddd9014000030002,1,1,188,-47,1654781264963719,1654781264963719,
300833b2ddd9014000030001,1,1,1080,-51,1654781264967268,1654781264967268,
300833b2ddd9014000030009,1,1,2428,-44,1654781264968341,1654781264968341,
300833b2ddd9014000030008,1,1,3224,-43,1654781264970132,1654781264970132,
300833b2ddd9014000030002,1,1,180,-47,1654781264971316,1654781264971316,
300833b2ddd9014000030009,1,1,2456,-44,1654781265014175,1654781265014175,
300833b2ddd9014000030001,1,1,1092,-51,1654781265015533,1654781265015533,
300833b2ddd9014000030002,1,1,192,-47,1654781265017071,1654781265017071,
300833b2ddd9014000030008,1,1,3212,-43,1654781265018452,1654781265018452,
300833b2ddd9014000030002,1,1,192,-47,1654781265023848,1654781265023848,
300833b2ddd9014000030009,1,1,2440,-44,1654781265025852,1654781265025852,
300833b2ddd9014000030008,1,1,3224,-43,1654781265026909,1654781265026909,
300833b2ddd9014000030001,1,1,1088,-51,1654781265028108,1654781265028108,
300833b2ddd9014000030008,1,1,3216,-43,1654781265058723,1654781265058723,
300833b2ddd9014000030001,1,1,1096,-50,1654781265060208,1654781265060208,
300833b2ddd9014000030009,1,1,2440,-44,1654781265061295,1654781265061295,
300833b2ddd9014000030002,1,1,196,-47,1654781265062393,1654781265062393,
300833b2ddd9014000030009,1,1,2460,-44,1654781265066145,1654781265066145,
300833b2ddd9014000030001,1,1,1104,-51,1654781265067817,1654781265067817,
300833b2ddd9014000030002,1,1,200,-47,1654781265068928,1654781265068928,
300833b2ddd9014000030008,1,1,3228,-43,1654781265070026,1654781265070026,
300833b2ddd9014000030002,1,1,200,-47,1654781265101387,1654781265101387,
300833b2ddd9014000030001,1,1,1088,-51,1654781265102432,1654781265102432,
300833b2ddd9014000030008,1,1,3224,-43,1654781265103527,1654781265103527,
300833b2ddd9014000030009,1,1,2464,-44,1654781265105367,1654781265105367,
300833b2ddd9014000030008,1,1,3208,-43,1654781265121277,1654781265121277,
300833b2ddd9014000030002,1,1,180,-47,1654781265123043,1654781265123043,
300833b2ddd9014000030009,1,1,2448,-44,1654781265124129,1654781265124129,
300833b2ddd9014000030001,1,1,1072,-50,1654781265125628,1654781265125628,
300833b2ddd9014000030002,1,1,196,-47,1654781265158489,1654781265158489,
300833b2ddd9014000030001,1,1,1092,-51,1654781265159605,1654781265159605,
300833b2ddd9014000030009,1,1,2452,-44,1654781265161638,1654781265161638,
300833b2ddd9014000030008,1,1,3220,-43,1654781265162765,1654781265162765,
300833b2ddd9014000030008,1,1,3236,-43,1654781265169552,1654781265169552,
300833b2ddd9014000030001,1,1,1028,-50,1654781265171209,1654781265171209,
300833b2ddd9014000030002,1,1,196,-47,1654781265173812,1654781265173812,
300833b2ddd9014000030009,1,1,2460,-45,1654781265174840,1654781265174840,
300833b2ddd9014000030009,1,1,2428,-44,1654781265205219,1654781265205219,
300833b2ddd9014000030001,1,1,1080,-51,1654781265206305,1654781265206305,
300833b2ddd9014000030002,1,1,188,-47,1654781265208098,1654781265208098,
300833b2ddd9014000030008,1,1,3212,-43,1654781265209434,1654781265209434,
300833b2ddd9014000030008,1,1,3216,-43,1654781265217066,1654781265217066,
300833b2ddd9014000030002,1,1,204,-47,1654781265218792,1654781265218792,
300833b2ddd9014000030009,1,1,2440,-44,1654781265220104,1654781265220104,
300833b2ddd9014000030001,1,1,1092,-50,1654781265221248,1654781265221248,
300833b2ddd9014000030008,1,1,3216,-43,1654781265252323,1654781265252323,
300833b2ddd9014000030002,1,1,196,-47,1654781265254234,1654781265254234,
300833b2ddd9014000030009,1,1,2436,-44,1654781265255772,1654781265255772,
300833b2ddd9014000030001,1,1,1116,-50,1654781265256946,1654781265256946,
300833b2ddd9014000030009,1,1,2428,-44,1654781265260200,1654781265260200,
300833b2ddd9014000030008,1,1,3212,-43,1654781265261255,1654781265261255,
300833b2ddd9014000030002,1,1,196,-47,1654781265262578,1654781265262578,
300833b2ddd9014000030001,1,1,1104,-51,1654781265263709,1654781265263709,
300833b2ddd9014000030009,1,1,2424,-44,1654781265295426,1654781265295426,
300833b2ddd9014000030001,1,1,1096,-50,1654781265296753,1654781265296753,
300833b2ddd9014000030008,1,1,3220,-43,1654781265298319,1654781265298319,
300833b2ddd9014000030002,1,1,188,-48,1654781265300252,1654781265300252,
300833b2ddd9014000030001,1,1,1100,-50,1654781265304368,1654781265304368,
300833b2ddd9014000030008,1,1,3212,-43,1654781265306341,1654781265306341,
300833b2ddd9014000030009,1,1,2424,-44,1654781265308147,1654781265308147,
300833b2ddd9014000030002,1,1,216,-47,1654781265309613,1654781265309613,
300833b2ddd9014000030001,1,1,1084,-51,1654781265340175,1654781265340175,
300833b2ddd9014000030002,1,1,192,-47,1654781265341276,1654781265341276,
300833b2ddd9014000030001,1,1,1088,-50,1654781265346655,1654781265346655,
300833b2ddd9014000030009,1,1,2424,-45,1654781265347739,1654781265347739,
300833b2ddd9014000030008,1,1,3216,-43,1654781265349346,1654781265349346,
300833b2ddd9014000030002,1,1,208,-47,1654781265351310,1654781265351310,
300833b2ddd9014000030008,1,1,3208,-43,1654781265384816,1654781265384816,
300833b2ddd9014000030002,1,1,200,-47,1654781265386041,1654781265386041,
300833b2ddd9014000030009,1,1,2432,-44,1654781265387638,1654781265387638,
300833b2ddd9014000030001,1,1,1076,-50,1654781265389108,1654781265389108,
300833b2ddd9014000030008,1,1,3216,-43,1654781265391923,1654781265391923,
300833b2ddd9014000030001,1,1,1088,-50,1654781265392999,1654781265392999,
300833b2ddd9014000030002,1,1,200,-47,1654781265394592,1654781265394592,
300833b2ddd9014000030009,1,1,2440,-44,1654781265395975,1654781265395975,
300833b2ddd9014000030008,1,1,3216,-43,1654781265427585,1654781265427585,
300833b2ddd9014000030002,1,1,192,-47,1654781265429266,1654781265429266,
300833b2ddd9014000030009,1,1,2440,-45,1654781265430335,1654781265430335,
300833b2ddd9014000030001,1,1,1080,-50,1654781265432063,1654781265432063,
300833b2ddd9014000030001,1,1,1084,-51,1654781265439829,1654781265439829,
300833b2ddd9014000030008,1,1,3224,-43,1654781265441028,1654781265441028,
300833b2ddd9014000030009,1,1,2456,-44,1654781265443005,1654781265443005,
300833b2ddd9014000030002,1,1,208,-47,1654781265444102,1654781265444102,
300833b2ddd9014000030001,1,1,1116,-50,1654781265474129,1654781265474129,
300833b2ddd9014000030002,1,1,200,-47,1654781265475482,1654781265475482,
300833b2ddd9014000030008,1,1,3216,-43,1654781265476608,1654781265476608,
300833b2ddd9014000030009,1,1,2440,-44,1654781265477693,1654781265477693,
300833b2ddd9014000030002,1,1,200,-47,1654781265482400,1654781265482400,
300833b2ddd9014000030009,1,1,2448,-44,1654781265483752,1654781265483752,
300833b2ddd9014000030008,1,1,3216,-43,1654781265485305,1654781265485305,
300833b2ddd9014000030001,1,1,1096,-50,1654781265487203,1654781265487203,
300833b2ddd9014000030009,1,1,2448,-44,1654781265518484,1654781265518484,
300833b2ddd9014000030008,1,1,3216,-43,1654781265519509,1654781265519509,
300833b2ddd9014000030002,1,1,208,-47,1654781265521075,1654781265521075,
300833b2ddd9014000030001,1,1,1088,-50,1654781265523096,1654781265523096,
300833b2ddd9014000030008,1,1,3228,-43,1654781265526768,1654781265526768,
300833b2ddd9014000030002,1,1,216,-47,1654781265528958,1654781265528958,
300833b2ddd9014000030001,1,1,1084,-50,1654781265530046,1654781265530046,
300833b2ddd9014000030009,1,1,2444,-44,1654781265531144,1654781265531144,
300833b2ddd9014000030009,1,1,2468,-44,1654781265561427,1654781265561427,
300833b2ddd9014000030008,1,1,3232,-43,1654781265562464,1654781265562464,
300833b2ddd9014000030002,1,1,200,-47,1654781265563990,1654781265563990,
300833b2ddd9014000030001,1,1,1076,-51,1654781265566229,1654781265566229,
300833b2ddd9014000030008,1,1,3232,-43,1654781265570163,1654781265570163,
300833b2ddd9014000030009,1,1,2444,-44,1654781265571703,1654781265571703,
300833b2ddd9014000030002,1,1,200,-47,1654781265573324,1654781265573324,
300833b2ddd9014000030001,1,1,1096,-51,1654781265574439,1654781265574439,
300833b2ddd9014000030001,1,1,1084,-51,1654781265605910,1654781265605910,
300833b2ddd9014000030008,1,1,3248,-43,1654781265606993,1654781265606993,
300833b2ddd9014000030009,1,1,2456,-44,1654781265608546,1654781265608546,
300833b2ddd9014000030002,1,1,200,-47,1654781265610271,1654781265610271,
300833b2ddd9014000030009,1,1,2452,-44,1654781265614395,1654781265614395,
300833b2ddd9014000030001,1,1,1056,-51,1654781265615993,1654781265615993,
300833b2ddd9014000030008,1,1,3232,-43,1654781265618208,1654781265618208,
300833b2ddd9014000030002,1,1,196,-47,1654781265619335,1654781265619335,
300833b2ddd9014000030009,1,1,2432,-45,1654781265848827,1654781265848827,
300833b2ddd9014000030008,1,1,3220,-44,1654781265850164,1654781265850164,
300833b2ddd9014000030002,1,1,108,-47,1654781265851516,1654781265851516,
300833b2ddd9014000030001,1,1,1040,-54,1654781265853057,1654781265853057,
300833b2ddd9014000030002,1,1,96,-47,1654781265857967,1654781265857967,
300833b2ddd9014000030008,1,1,3220,-44,1654781265860032,1654781265860032,
300833b2ddd9014000030009,1,1,2412,-45,1654781265861119,1654781265861119,
300833b2ddd9014000030001,1,1,1028,-54,1654781265862364,1654781265862364,
300833b2ddd9014000030009,1,1,2420,-45,1654781265895688,1654781265895688,
300833b2ddd9014000030002,1,1,72,-48,1654781265896799,1654781265896799,
300833b2ddd9014000030008,1,1,3232,-44,1654781265898633,1654781265898633,
300833b2ddd9014000030001,1,1,1048,-54,1654781265900316,1654781265900316,
300833b2ddd9014000030008,1,1,3224,-44,1654781265905253,1654781265905253,
300833b2ddd9014000030001,1,1,1040,-53,1654781265906384,1654781265906384,
300833b2ddd9014000030002,1,1,72,-48,1654781265907467,1654781265907467,
300833b2ddd9014000030009,1,1,2432,-45,1654781265908565,1654781265908565,
300833b2ddd9014000030008,1,1,3232,-45,1654781265938954,1654781265938954,
300833b2ddd9014000030002,1,1,56,-48,1654781265940078,1654781265940078,
300833b2ddd9014000030001,1,1,1052,-53,1654781265941679,1654781265941679,
300833b2ddd9014000030009,1,1,2412,-45,1654781265944900,1654781265944900,
300833b2ddd9014000030009,1,1,2396,-45,1654781265949108,1654781265949108,
300833b2ddd9014000030002,1,1,72,-48,1654781265950561,1654781265950561,
300833b2ddd9014000030001,1,1,1056,-53,1654781265951890,1654781265951890,
300833b2ddd9014000030008,1,1,3248,-45,1654781265952943,1654781265952943,
300833b2ddd9014000030008,1,1,3220,-44,1654781265986662,1654781265986662,
300833b2ddd9014000030009,1,1,2408,-46,1654781265988628,1654781265988628,
300833b2ddd9014000030002,1,1,44,-48,1654781265989679,1654781265989679,
300833b2ddd9014000030001,1,1,1168,-53,1654781265990913,1654781265990913,
300833b2ddd9014000030002,1,1,36,-48,1654781265993704,1654781265993704,
300833b2ddd9014000030001,1,1,1180,-53,1654781265995287,1654781265995287,
300833b2ddd9014000030008,1,1,3212,-44,1654781265996356,1654781265996356,
300833b2ddd9014000030009,1,1,2424,-46,1654781265997696,1654781265997696,
300833b2ddd9014000030009,1,1,2424,-46,1654781266030076,1654781266030076,
300833b2ddd9014000030008,1,1,3176,-44,1654781266031274,1654781266031274,
300833b2ddd9014000030001,1,1,1316,-52,1654781266032347,1654781266032347,
300833b2ddd9014000030002,1,1,44,-49,1654781266034297,1654781266034297,
300833b2ddd9014000030002,1,1,28,-49,1654781266037508,1654781266037508,
300833b2ddd9014000030009,1,1,2456,-46,1654781266038953,1654781266038953,
300833b2ddd9014000030008,1,1,3176,-44,1654781266040262,1654781266040262,
300833b2ddd9014000030001,1,1,1344,-52,1654781266041734,1654781266041734,
300833b2ddd9014000030008,1,1,3116,-45,1654781266077783,1654781266077783,
300833b2ddd9014000030002,1,1,8,-49,1654781266079700,1654781266079700,
300833b2ddd9014000030009,1,1,2496,-47,1654781266080831,1654781266080831,
300833b2ddd9014000030001,1,1,1324,-50,1654781266081948,1654781266081948,
300833b2ddd9014000030002,1,1,12,-49,1654781266085517,1654781266085517,
300833b2ddd9014000030009,1,1,2528,-47,1654781266086617,1654781266086617,
300833b2ddd9014000030008,1,1,3144,-44,1654781266089103,1654781266089103,
300833b2ddd9014000030001,1,1,1288,-50,1654781266090717,1654781266090717,
300833b2ddd9014000030002,1,1,4,-49,1654781266121603,1654781266121603,
300833b2ddd9014000030001,1,1,1212,-50,1654781266123345,1654781266123345,
300833b2ddd9014000030008,1,1,3136,-44,1654781266124669,1654781266124669,
300833b2ddd9014000030009,1,1,2528,-47,1654781266125883,1654781266125883,
300833b2ddd9014000030009,1,1,2560,-47,1654781266129320,1654781266129320,
300833b2ddd9014000030002,1,1,4080,-49,1654781266130789,1654781266130789,
300833b2ddd9014000030008,1,1,3164,-44,1654781266132324,1654781266132324,
300833b2ddd9014000030001,1,1,1164,-50,1654781266133724,1654781266133724,
300833b2ddd9014000030009,1,1,2536,-46,1654781266169844,1654781266169844,
300833b2ddd9014000030002,1,1,68,-48,1654781266171241,1654781266171241,
300833b2ddd9014000030008,1,1,3168,-44,1654781266174498,1654781266174498,
300833b2ddd9014000030001,1,1,1124,-51,1654781266176709,1654781266176709,
300833b2ddd9014000030001,1,1,1080,-51,1654781266179763,1654781266179763,
300833b2ddd9014000030002,1,1,84,-48,1654781266181697,1654781266181697,
300833b2ddd9014000030008,1,1,3160,-44,1654781266183431,1654781266183431,
300833b2ddd9014000030009,1,1,2544,-46,1654781266184945,1654781266184945,
300833b2ddd9014000030008,1,1,3172,-43,1654781266215157,1654781266215157,
300833b2ddd9014000030002,1,1,76,-48,1654781266216242,1654781266216242,
300833b2ddd9014000030009,1,1,2544,-45,1654781266218049,1654781266218049,
300833b2ddd9014000030001,1,1,1140,-53,1654781266219705,1654781266219705,
300833b2ddd9014000030001,1,1,1152,-53,1654781266223595,1654781266223595,
300833b2ddd9014000030009,1,1,2524,-45,1654781266224964,1654781266224964,
300833b2ddd9014000030008,1,1,3176,-43,1654781266226286,1654781266226286,
300833b2ddd9014000030002,1,1,112,-48,1654781266227385,1654781266227385,
300833b2ddd9014000030008,1,1,3152,-43,1654781266264879,1654781266264879,
300833b2ddd9014000030001,1,1,1240,-54,1654781266266236,1654781266266236,
300833b2ddd9014000030009,1,1,2516,-45,1654781266267833,1654781266267833,
300833b2ddd9014000030002,1,1,76,-47,1654781266270094,1654781266270094,
300833b2ddd9014000030009,1,1,2532,-45,1654781266273336,1654781266273336,
300833b2ddd9014000030002,1,1,80,-48,1654781266274713,1654781266274713,
300833b2ddd9014000030001,1,1,1220,-54,1654781266275748,1654781266275748,
300833b2ddd9014000030008,1,1,3164,-43,1654781266276844,1654781266276844,
300833b2ddd9014000030008,1,1,3120,-44,1654781266309791,1654781266309791,
300833b2ddd9014000030002,1,1,56,-48,1654781266311101,1654781266311101,
300833b2ddd9014000030009,1,1,2524,-45,1654781266312168,1654781266312168,
300833b2ddd9014000030001,1,1,1280,-52,1654781266313387,1654781266313387,
300833b2ddd9014000030001,1,1,1292,-52,1654781266316628,1654781266316628,
300833b2ddd9014000030009,1,1,2504,-45,1654781266317757,1654781266317757,
300833b2ddd9014000030008,1,1,3096,-44,1654781266318868,1654781266318868,
300833b2ddd9014000030002,1,1,24,-48,1654781266320389,1654781266320389,
300833b2ddd9014000030009,1,1,2492,-45,1654781266351808,1654781266351808,
300833b2ddd9014000030002,1,1,4088,-48,1654781266352887,1654781266352887,
300833b2ddd9014000030008,1,1,3072,-44,1654781266355164,1654781266355164,
300833b2ddd9014000030001,1,1,1256,-51,1654781266357516,1654781266357516,
300833b2ddd9014000030008,1,1,3040,-44,1654781266361633,1654781266361633,
300833b2ddd9014000030009,1,1,2472,-45,1654781266362747,1654781266362747,
300833b2ddd9014000030001,1,1,1300,-51,1654781266364248,1654781266364248,
300833b2ddd9014000030002,1,1,4092,-48,1654781266365316,1654781266365316,
300833b2ddd9014000030009,1,1,2516,-45,1654781266395242,1654781266395242,
300833b2ddd9014000030001,1,1,1252,-51,1654781266397182,1654781266397182,
300833b2ddd9014000030002,1,1,4092,-48,1654781266398278,1654781266398278,
300833b2ddd9014000030008,1,1,3068,-44,1654781266399335,1654781266399335,
300833b2ddd9014000030008,1,1,3048,-44,1654781266403210,1654781266403210,
300833b2ddd9014000030009,1,1,2516,-45,1654781266404550,1654781266404550,
300833b2ddd9014000030002,1,1,4088,-48,1654781266405676,1654781266405676,
300833b2ddd9014000030001,1,1,1300,-51,1654781266408752,1654781266408752,
300833b2ddd9014000030002,1,1,12,-47,1654781266441924,1654781266441924,
300833b2ddd9014000030001,1,1,1168,-51,1654781266443425,1654781266443425,
300833b2ddd9014000030008,1,1,3072,-44,1654781266444507,1654781266444507,
300833b2ddd9014000030009,1,1,2532,-44,1654781266445547,1654781266445547,
300833b2ddd9014000030009,1,1,2512,-44,1654781266449189,1654781266449189,
300833b2ddd9014000030008,1,1,3068,-44,1654781266450499,1654781266450499,
300833b2ddd9014000030001,1,1,1188,-51,1654781266451828,1654781266451828,
300833b2ddd9014000030002,1,1,16,-48,1654781266453120,1654781266453120,
300833b2ddd9014000030008,1,1,3124,-43,1654781266484322,1654781266484322,
300833b2ddd9014000030002,1,1,48,-47,1654781266485914,1654781266485914,
300833b2ddd9014000030009,1,1,2532,-45,1654781266487493,1654781266487493,
300833b2ddd9014000030001,1,1,1140,-51,1654781266489464,1654781266489464,
300833b2ddd9014000030001,1,1,1136,-51,1654781266493070,1654781266493070,
300833b2ddd9014000030009,1,1,2540,-45,1654781266494650,1654781266494650,
300833b2ddd9014000030002,1,1,32,-47,1654781266495678,1654781266495678,
300833b2ddd9014000030008,1,1,3080,-44,1654781266496986,1654781266496986,
300833b2ddd9014000030002,1,1,28,-47,1654781266528873,1654781266528873,
300833b2ddd9014000030001,1,1,1116,-51,1654781266530174,1654781266530174,
300833b2ddd9014000030008,1,1,3100,-44,1654781266531271,1654781266531271,
300833b2ddd9014000030009,1,1,2520,-45,1654781266533720,1654781266533720,
300833b2ddd9014000030002,1,1,32,-47,1654781266537343,1654781266537343,
300833b2ddd9014000030009,1,1,2500,-45,1654781266539316,1654781266539316,
300833b2ddd9014000030008,1,1,3108,-44,1654781266540699,1654781266540699,
300833b2ddd9014000030001,1,1,1084,-51,1654781266541816,1654781266541816,
300833b2ddd9014000030008,1,1,3108,-44,1654781266572888,1654781266572888,
300833b2ddd9014000030001,1,1,1088,-50,1654781266574116,1654781266574116,
300833b2ddd9014000030009,1,1,2476,-45,1654781266575446,1654781266575446,
300833b2ddd9014000030002,1,1,28,-47,1654781266576561,1654781266576561,
300833b2ddd9014000030001,1,1,1080,-50,1654781266580801,1654781266580801,
300833b2ddd9014000030008,1,1,3116,-44,1654781266581999,1654781266581999,
300833b2ddd9014000030009,1,1,2464,-45,1654781266583594,1654781266583594,
300833b2ddd9014000030002,1,1,56,-47,1654781266584845,1654781266584845,
300833b2ddd9014000030008,1,1,3112,-44,1654781266614665,1654781266614665,
300833b2ddd9014000030001,1,1,1080,-50,1654781266616591,1654781266616591,
300833b2ddd9014000030002,1,1,48,-47,1654781266617701,1654781266617701,
300833b2ddd9014000030009,1,1,2456,-45,1654781266619025,1654781266619025,
300833b2ddd9014000030009,1,1,2428,-45,1654781266622890,1654781266622890,
300833b2ddd9014000030008,1,1,3088,-44,1654781266623987,1654781266623987,
300833b2ddd9014000030002,1,1,60,-47,1654781266625805,1654781266625805,
300833b2ddd9014000030001,1,1,1060,-50,1654781266627862,1654781266627862,
300833b2ddd9014000030008,1,1,3088,-44,1654781266664205,1654781266664205,
300833b2ddd9014000030001,1,1,1064,-49,1654781266665321,1654781266665321,
300833b2ddd9014000030009,1,1,2396,-44,1654781266666888,1654781266666888,
300833b2ddd9014000030002,1,1,44,-47,1654781266668027,1654781266668027,
300833b2ddd9014000030009,1,1,2384,-44,1654781266672330,1654781266672330,
300833b2ddd9014000030008,1,1,3100,-44,1654781266673426,1654781266673426,
300833b2ddd9014000030002,1,1,36,-47,1654781266674979,1654781266674979,
300833b2ddd9014000030001,1,1,1092,-49,1654781266676079,1654781266676079,
300833b2ddd9014000030001,1,1,1076,-49,1654781266707889,1654781266707889,
300833b2ddd9014000030002,1,1,52,-47,1654781266710006,1654781266710006,
300833b2ddd9014000030009,1,1,2356,-44,1654781266711066,1654781266711066,
300833b2ddd9014000030008,1,1,3072,-44,1654781266712091,1654781266712091,
300833b2ddd9014000030009,1,1,2356,-44,1654781266716182,1654781266716182,
300833b2ddd9014000030008,1,1,3072,-44,1654781266717636,1654781266717636,
300833b2ddd9014000030002,1,1,52,-47,1654781266719609,1654781266719609,
300833b2ddd9014000030001,1,1,1076,-49,1654781266720826,1654781266720826,
300833b2ddd9014000030009,1,1,2352,-44,1654781266750832,1654781266750832,
300833b2ddd9014000030002,1,1,68,-47,1654781266751957,1654781266751957,
300833b2ddd9014000030008,1,1,3072,-44,1654781266753523,1654781266753523,
300833b2ddd9014000030001,1,1,1112,-49,1654781266755491,1654781266755491,
300833b2ddd9014000030008,1,1,3064,-44,1654781266760446,1654781266760446,
300833b2ddd9014000030002,1,1,56,-47,1654781266761757,1654781266761757,
300833b2ddd9014000030009,1,1,2348,-44,1654781266762872,1654781266762872,
300833b2ddd9014000030001,1,1,1112,-49,1654781266764115,1654781266764115,
300833b2ddd9014000030009,1,1,2352,-44,1654781266794394,1654781266794394,
300833b2ddd9014000030002,1,1,68,-47,1654781266796073,1654781266796073,
300833b2ddd9014000030008,1,1,3048,-44,1654781266798260,1654781266798260,
300833b2ddd9014000030001,1,1,1104,-48,1654781266799476,1654781266799476,
300833b2ddd9014000030009,1,1,2344,-44,1654781266802295,1654781266802295,
300833b2ddd9014000030008,1,1,3060,-44,1654781266803379,1654781266803379,
300833b2ddd9014000030002,1,1,56,-47,1654781266804758,1654781266804758,
300833b2ddd9014000030001,1,1,1116,-49,1654781266806554,1654781266806554,
300833b2ddd9014000030001,1,1,1124,-49,1654781266840666,1654781266840666,
300833b2ddd9014000030009,1,1,2352,-44,1654781266842603,1654781266842603,
300833b2ddd9014000030002,1,1,80,-47,1654781266843927,1654781266843927,
300833b2ddd9014000030008,1,1,3048,-44,1654781266844997,1654781266844997,
300833b2ddd9014000030001,1,1,1128,-49,1654781266848610,1654781266848610,
300833b2ddd9014000030009,1,1,2356,-44,1654781266850773,1654781266850773,
300833b2ddd9014000030008,1,1,3052,-44,1654781266851856,1654781266851856,
300833b2ddd9014000030002,1,1,76,-47,1654781266853352,1654781266853352,
300833b2ddd9014000030009,1,1,2340,-44,1654781266884489,1654781266884489,
300833b2ddd9014000030001,1,1,1128,-49,1654781266885587,1654781266885587,
300833b2ddd9014000030008,1,1,3060,-44,1654781266886716,1654781266886716,
300833b2ddd9014000030002,1,1,68,-47,1654781266888807,1654781266888807,
300833b2ddd9014000030001,1,1,1108,-48,1654781266893060,1654781266893060,
300833b2ddd9014000030008,1,1,3056,-44,1654781266895208,1654781266895208,
300833b2ddd9014000030009,1,1,2348,-44,1654781266896955,1654781266896955,
300833b2ddd9014000030002,1,1,84,-47,1654781266898081,1654781266898081,
300833b2ddd9014000030001,1,1,1104,-49,1654781266928573,1654781266928573,
300833b2ddd9014000030002,1,1,76,-47,1654781266930049,1654781266930049,
300833b2ddd9014000030008,1,1,3068,-44,1654781266932829,1654781266932829,
300833b2ddd9014000030009,1,1,2336,-44,1654781266933943,1654781266933943,
300833b2ddd9014000030002,1,1,72,-47,1654781266936861,1654781266936861,
300833b2ddd9014000030001,1,1,1096,-49,1654781266937935,1654781266937935,
300833b2ddd9014000030009,1,1,2344,-44,1654781266939742,1654781266939742,
300833b2ddd9014000030008,1,1,3068,-44,1654781266941080,1654781266941080,
300833b2ddd9014000030008,1,1,3068,-44,1654781266973627,1654781266973627,
300833b2ddd9014000030009,1,1,2344,-44,1654781266974910,1654781266974910,
300833b2ddd9014000030002,1,1,72,-47,1654781266976322,1654781266976322,
300833b2ddd9014000030001,1,1,1124,-48,1654781266977551,1654781266977551,
300833b2ddd9014000030002,1,1,100,-47,1654781266980971,1654781266980971,
300833b2ddd9014000030001,1,1,1128,-49,1654781266983049,1654781266983049,
300833b2ddd9014000030008,1,1,3072,-44,1654781266984555,1654781266984555,
300833b2ddd9014000030009,1,1,2360,-44,1654781266985895,1654781266985895,
300833b2ddd9014000030008,1,1,3072,-44,1654781267016703,1654781267016703,
300833b2ddd9014000030009,1,1,2348,-44,1654781267017745,1654781267017745,
300833b2ddd9014000030002,1,1,76,-47,1654781267018829,1654781267018829,
300833b2ddd9014000030001,1,1,1112,-49,1654781267021354,1654781267021354,
300833b2ddd9014000030009,1,1,2368,-44,1654781267026297,1654781267026297,
300833b2ddd9014000030008,1,1,3072,-44,1654781267027494,1654781267027494,
300833b2ddd9014000030001,1,1,1116,-48,1654781267028581,1654781267028581,
300833b2ddd9014000030002,1,1,72,-47,1654781267029879,1654781267029879,
300833b2ddd9014000030009,1,1,2348,-44,1654781267060436,1654781267060436,
300833b2ddd9014000030008,1,1,3068,-44,1654781267061506,1654781267061506,
300833b2ddd9014000030001,1,1,1116,-49,1654781267063133,1654781267063133,
300833b2ddd9014000030002,1,1,68,-47,1654781267064228,1654781267064228,
300833b2ddd9014000030002,1,1,72,-47,1654781267068997,1654781267068997,
300833b2ddd9014000030008,1,1,3068,-44,1654781267070082,1654781267070082,
300833b2ddd9014000030009,1,1,2336,-44,1654781267071636,1654781267071636,
300833b2ddd9014000030001,1,1,1136,-48,1654781267074412,1654781267074412,
300833b2ddd9014000030009,1,1,2352,-44,1654781267104340,1654781267104340,
300833b2ddd9014000030002,1,1,76,-47,1654781267105621,1654781267105621,
300833b2ddd9014000030001,1,1,1124,-49,1654781267107882,1654781267107882,
300833b2ddd9014000030008,1,1,3072,-44,1654781267109178,1654781267109178,
300833b2ddd9014000030008,1,1,3064,-44,1654781267113937,1654781267113937,
300833b2ddd9014000030009,1,1,2336,-44,1654781267115222,1654781267115222,
300833b2ddd9014000030001,1,1,1116,-48,1654781267116307,1654781267116307,
300833b2ddd9014000030002,1,1,68,-47,1654781267117506,1654781267117506,
300833b2ddd9014000030008,1,1,3064,-44,1654781267147992,1654781267147992,
300833b2ddd9014000030001,1,1,1128,-49,1654781267149109,1654781267149109,
300833b2ddd9014000030002,1,1,64,-47,1654781267150151,1654781267150151,
300833b2ddd9014000030009,1,1,2336,-44,1654781267151717,1654781267151717,
300833b2ddd9014000030002,1,1,24,-47,1654781267156733,1654781267156733,
300833b2ddd9014000030001,1,1,1116,-49,1654781267157946,1654781267157946,
300833b2ddd9014000030008,1,1,3060,-44,1654781267159299,1654781267159299,
300833b2ddd9014000030009,1,1,2360,-44,1654781267160413,1654781267160413,
300833b2ddd9014000030008,1,1,3056,-44,1654781267190660,1654781267190660,
300833b2ddd9014000030002,1,1,60,-47,1654781267191972,1654781267191972,
300833b2ddd9014000030001,1,1,1104,-48,1654781267193073,1654781267193073,
300833b2ddd9014000030009,1,1,2332,-44,1654781267194896,1654781267194896,
300833b2ddd9014000030009,1,1,2336,-44,1654781267199048,1654781267199048,
300833b2ddd9014000030001,1,1,1120,-48,1654781267200146,1654781267200146,
300833b2ddd9014000030008,1,1,3068,-44,1654781267201204,1654781267201204,
300833b2ddd9014000030002,1,1,68,-47,1654781267202740,1654781267202740,
300833b2ddd9014000030009,1,1,2340,-44,1654781267234355,1654781267234355,
300833b2ddd9014000030008,1,1,3056,-44,1654781267235482,1654781267235482,
300833b2ddd9014000030002,1,1,76,-47,1654781267237529,1654781267237529,
300833b2ddd9014000030001,1,1,1112,-49,1654781267239840,1654781267239840,
300833b2ddd9014000030002,1,1,84,-47,1654781267242865,1654781267242865,
300833b2ddd9014000030009,1,1,2344,-44,1654781267244418,1654781267244418,
300833b2ddd9014000030008,1,1,3056,-44,1654781267246010,1654781267246010,
300833b2ddd9014000030001,1,1,1112,-49,1654781267247157,1654781267247157,
300833b2ddd9014000030001,1,1,1116,-49,1654781267278428,1654781267278428,
300833b2ddd9014000030002,1,1,52,-47,1654781267279810,1654781267279810,
300833b2ddd9014000030008,1,1,3072,-44,1654781267280891,1654781267280891,
300833b2ddd9014000030009,1,1,2324,-44,1654781267281908,1654781267281908,
300833b2ddd9014000030008,1,1,3056,-44,1654781267286877,1654781267286877,
300833b2ddd9014000030002,1,1,60,-47,1654781267288457,1654781267288457,
300833b2ddd9014000030001,1,1,1108,-49,1654781267290012,1654781267290012,
300833b2ddd9014000030009,1,1,2332,-44,1654781267291892,1654781267291892,
300833b2ddd9014000030009,1,1,2352,-44,1654781267323585,1654781267323585,
300833b2ddd9014000030002,1,1,76,-47,1654781267324669,1654781267324669,
300833b2ddd9014000030001,1,1,1108,-49,1654781267325726,1654781267325726,
300833b2ddd9014000030008,1,1,3060,-44,1654781267326854,1654781267326854,
300833b2ddd9014000030008,1,1,3068,-44,1654781267330415,1654781267330415,
300833b2ddd9014000030009,1,1,2352,-44,1654781267331499,1654781267331499,
300833b2ddd9014000030002,1,1,64,-47,1654781267332780,1654781267332780,
300833b2ddd9014000030001,1,1,1124,-48,1654781267334720,1654781267334720,
300833b2ddd9014000030008,1,1,3048,-44,1654781267365908,1654781267365908,
300833b2ddd9014000030001,1,1,1120,-49,1654781267366978,1654781267366978,
300833b2ddd9014000030002,1,1,68,-47,1654781267368091,1654781267368091,
300833b2ddd9014000030009,1,1,2336,-44,1654781267370114,1654781267370114,
300833b2ddd9014000030001,1,1,1120,-49,1654781267374392,1654781267374392,
300833b2ddd9014000030008,1,1,3064,-44,1654781267375945,1654781267375945,
300833b2ddd9014000030002,1,1,80,-47,1654781267377014,1654781267377014,
300833b2ddd9014000030009,1,1,2344,-44,1654781267378326,1654781267378326,
300833b2ddd9014000030001,1,1,1100,-49,1654781267409861,1654781267409861,
300833b2ddd9014000030008,1,1,3068,-44,1654781267412103,1654781267412103,
300833b2ddd9014000030009,1,1,2340,-44,1654781267413432,1654781267413432,
300833b2ddd9014000030002,1,1,60,-47,1654781267414643,1654781267414643,
300833b2ddd9014000030009,1,1,2344,-44,1654781267417946,1654781267417946,
300833b2ddd9014000030008,1,1,3056,-44,1654781267421066,1654781267421066,
300833b2ddd9014000030002,1,1,60,-47,1654781267423058,1654781267423058,
300833b2ddd9014000030001,1,1,1112,-49,1654781267424501,1654781267424501,
300833b2ddd9014000030009,1,1,2332,-44,1654781267455031,1654781267455031,
300833b2ddd9014000030002,1,1,60,-47,1654781267456541,1654781267456541,
300833b2ddd9014000030001,1,1,1108,-49,1654781267457598,1654781267457598,
300833b2ddd9014000030008,1,1,3064,-44,1654781267458909,1654781267458909,
300833b2ddd9014000030008,1,1,3048,-44,1654781267464054,1654781267464054,
300833b2ddd9014000030009,1,1,2332,-44,1654781267465240,1654781267465240,
300833b2ddd9014000030002,1,1,76,-47,1654781267466575,1654781267466575,
300833b2ddd9014000030001,1,1,1108,-49,1654781267468116,1654781267468116,
300833b2ddd9014000030008,1,1,3080,-44,1654781267498070,1654781267498070,
300833b2ddd9014000030002,1,1,60,-47,1654781267499622,1654781267499622,
300833b2ddd9014000030001,1,1,1104,-48,1654781267500962,1654781267500962,
300833b2ddd9014000030009,1,1,2332,-44,1654781267502292,1654781267502292,
300833b2ddd9014000030002,1,1,68,-47,1654781267507331,1654781267507331,
300833b2ddd9014000030008,1,1,3076,-44,1654781267508573,1654781267508573,
300833b2ddd9014000030001,1,1,1116,-48,1654781267509660,1654781267509660,
300833b2ddd9014000030009,1,1,2348,-44,1654781267510731,1654781267510731,
300833b2ddd9014000030001,1,1,1112,-48,1654781267541786,1654781267541786,
300833b2ddd9014000030002,1,1,72,-47,1654781267542841,1654781267542841,
300833b2ddd9014000030008,1,1,3048,-44,1654781267543884,1654781267543884,
300833b2ddd9014000030009,1,1,2332,-44,1654781267546303,1654781267546303,
300833b2ddd9014000030002,1,1,60,-47,1654781267551484,1654781267551484,
300833b2ddd9014000030009,1,1,2352,-44,1654781267552541,1654781267552541,
300833b2ddd9014000030008,1,1,3064,-44,1654781267554968,1654781267554968,
300833b2ddd9014000030001,1,1,1112,-49,1654781267556039,1654781267556039,
300833b2ddd9014000030009,1,1,2332,-44,1654781267588606,1654781267588606,
300833b2ddd9014000030008,1,1,3060,-44,1654781267590693,1654781267590693,
300833b2ddd9014000030001,1,1,1104,-48,1654781267591822,1654781267591822,
300833b2ddd9014000030002,1,1,80,-47,1654781267592992,1654781267592992,
300833b2ddd9014000030001,1,1,1112,-48,1654781267596117,1654781267596117,
300833b2ddd9014000030008,1,1,3056,-44,1654781267597173,1654781267597173,
300833b2ddd9014000030009,1,1,2332,-44,1654781267599834,1654781267599834,
300833b2ddd9014000030002,1,1,52,-47,1654781267601174,1654781267601174,
300833b2ddd9014000030002,1,1,72,-47,1654781267632011,1654781267632011,
300833b2ddd9014000030009,1,1,2332,-44,1654781267633070,1654781267633070,
300833b2ddd9014000030001,1,1,1124,-49,1654781267634127,1654781267634127,
300833b2ddd9014000030008,1,1,3064,-44,1654781267635183,1654781267635183,
300833b2ddd9014000030008,1,1,3064,-44,1654781267641326,1654781267641326,
300833b2ddd9014000030001,1,1,1112,-49,1654781267642652,1654781267642652,
300833b2ddd9014000030009,1,1,2364,-44,1654781267644965,1654781267644965,
300833b2ddd9014000030002,1,1,48,-47,1654781267646377,1654781267646377,
300833b2ddd9014000030001,1,1,1116,-48,1654781267676146,1654781267676146,
300833b2ddd9014000030008,1,1,3064,-44,1654781267677246,1654781267677246,
300833b2ddd9014000030002,1,1,84,-47,1654781267678329,1654781267678329,
300833b2ddd9014000030009,1,1,2336,-44,1654781267679854,1654781267679854,
300833b2ddd9014000030001,1,1,1124,-48,1654781267685082,1654781267685082,
300833b2ddd9014000030008,1,1,3076,-44,1654781267686504,1654781267686504,
300833b2ddd9014000030002,1,1,60,-47,1654781267687817,1654781267687817,
300833b2ddd9014000030009,1,1,2348,-44,1654781267688874,1654781267688874,
300833b2ddd9014000030001,1,1,1112,-48,1654781267719548,1654781267719548,
300833b2ddd9014000030008,1,1,3064,-44,1654781267721267,1654781267721267,
300833b2ddd9014000030009,1,1,2360,-44,1654781267724352,1654781267724352,
300833b2ddd9014000030002,1,1,72,-47,1654781267725581,1654781267725581,
300833b2ddd9014000030008,1,1,3068,-44,1654781267728867,1654781267728867,
300833b2ddd9014000030009,1,1,2332,-44,1654781267730322,1654781267730322,
300833b2ddd9014000030001,1,1,1112,-48,1654781267731436,1654781267731436,
300833b2ddd9014000030002,1,1,72,-47,1654781267732523,1654781267732523,
300833b2ddd9014000030002,1,1,44,-47,1654781267764730,1654781267764730,
300833b2ddd9014000030001,1,1,1104,-48,1654781267765775,1654781267765775,
300833b2ddd9014000030008,1,1,3072,-44,1654781267766972,1654781267766972,
300833b2ddd9014000030009,1,1,2356,-44,1654781267768015,1654781267768015,
300833b2ddd9014000030009,1,1,2360,-44,1654781267771253,1654781267771253,
300833b2ddd9014000030002,1,1,88,-47,1654781267772706,1654781267772706,
300833b2ddd9014000030001,1,1,1108,-48,1654781267773821,1654781267773821,
300833b2ddd9014000030008,1,1,3064,-44,1654781267774921,1654781267774921,
300833b2ddd9014000030002,1,1,72,-47,1654781267806067,1654781267806067,
300833b2ddd9014000030008,1,1,3076,-44,1654781267807943,1654781267807943,
300833b2ddd9014000030009,1,1,2328,-44,1654781267809017,1654781267809017,
300833b2ddd9014000030001,1,1,1080,-48,1654781267810517,1654781267810517,
300833b2ddd9014000030001,1,1,1124,-48,1654781267813503,1654781267813503,
300833b2ddd9014000030002,1,1,68,-47,1654781267814631,1654781267814631,
300833b2ddd9014000030009,1,1,2332,-44,1654781267816184,1654781267816184,
300833b2ddd9014000030008,1,1,3100,-44,1654781267817254,1654781267817254,
300833b2ddd9014000030009,1,1,2328,-44,1654781267848720,1654781267848720,
300833b2ddd9014000030008,1,1,3076,-44,1654781267849986,1654781267849986,
300833b2ddd9014000030002,1,1,72,-47,1654781267852888,1654781267852888,
300833b2ddd9014000030001,1,1,1100,-48,1654781267854001,1654781267854001,
300833b2ddd9014000030009,1,1,2344,-44,1654781267857614,1654781267857614,
300833b2ddd9014000030008,1,1,3080,-44,1654781267859564,1654781267859564,
300833b2ddd9014000030001,1,1,1112,-48,1654781267860652,1654781267860652,
300833b2ddd9014000030002,1,1,84,-47,1654781267861704,1654781267861704,
300833b2ddd9014000030008,1,1,3064,-44,1654781267892734,1654781267892734,
300833b2ddd9014000030009,1,1,2344,-44,1654781267894401,1654781267894401,
300833b2ddd9014000030002,1,1,64,-47,1654781267895427,1654781267895427,
300833b2ddd9014000030001,1,1,1112,-48,1654781267896614,1654781267896614,
300833b2ddd9014000030001,1,1,1108,-49,1654781267899894,1654781267899894,
300833b2ddd9014000030008,1,1,3072,-44,1654781267900991,1654781267900991,
300833b2ddd9014000030009,1,1,2332,-44,1654781267902358,1654781267902358,
300833b2ddd9014000030002,1,1,56,-47,1654781267903937,1654781267903937,
300833b2ddd9014000030009,1,1,2340,-44,1654781267964313,1654781267964313,
300833b2ddd9014000030001,1,1,1108,-48,1654781267966853,1654781267966853,
300833b2ddd9014000030001,1,1,1100,-48,1654781267971241,1654781267971241,
300833b2ddd9014000030002,1,1,48,-47,1654781267973889,1654781267973889,
300833b2ddd9014000030009,1,1,2344,-44,1654781267976026,1654781267976026,
300833b2ddd9014000030008,1,1,3076,-44,1654781267977050,1654781267977050,
300833b2ddd9014000030001,1,1,1108,-48,1654781268007528,1654781268007528,
300833b2ddd9014000030002,1,1,76,-47,1654781268009449,1654781268009449,
300833b2ddd9014000030009,1,1,2356,-44,1654781268014224,1654781268014224,
300833b2ddd9014000030001,1,1,1088,-49,1654781268016105,1654781268016105,
300833b2ddd9014000030002,1,1,72,-47,1654781268017146,1654781268017146,
300833b2ddd9014000030008,1,1,3072,-44,1654781268018441,1654781268018441,
300833b2ddd9014000030002,1,1,64,-47,1654781268050755,1654781268050755,
300833b2ddd9014000030008,1,1,3064,-44,1654781268051840,1654781268051840,
300833b2ddd9014000030009,1,1,2340,-44,1654781268053180,1654781268053180,
300833b2ddd9014000030001,1,1,1088,-48,1654781268054479,1654781268054479,
300833b2ddd9014000030002,1,1,80,-47,1654781268058932,1654781268058932,
300833b2ddd9014000030008,1,1,3072,-44,1654781268060508,1654781268060508,
300833b2ddd9014000030001,1,1,1084,-49,1654781268062037,1654781268062037,
300833b2ddd9014000030009,1,1,2352,-44,1654781268063122,1654781268063122,
300833b2ddd9014000030008,1,1,3080,-44,1654781268094232,1654781268094232,
300833b2ddd9014000030002,1,1,64,-47,1654781268097346,1654781268097346,
300833b2ddd9014000030009,1,1,2348,-44,1654781268098661,1654781268098661,
300833b2ddd9014000030001,1,1,1104,-49,1654781268099892,1654781268099892,
300833b2ddd9014000030002,1,1,84,-48,1654781268110526,1654781268110526,
300833b2ddd9014000030008,1,1,3068,-44,1654781268111949,1654781268111949,
300833b2ddd9014000030009,1,1,2344,-44,1654781268113077,1654781268113077,
300833b2ddd9014000030001,1,1,1096,-49,1654781268114731,1654781268114731,
300833b2ddd9014000030009,1,1,2340,-44,1654781268144848,1654781268144848,
300833b2ddd9014000030008,1,1,3072,-44,1654781268146352,1654781268146352,
300833b2ddd9014000030001,1,1,1104,-48,1654781268147752,1654781268147752,
300833b2ddd9014000030002,1,1,80,-47,1654781268148836,1654781268148836,
300833b2ddd9014000030009,1,1,2356,-44,1654781268153321,1654781268153321,
300833b2ddd9014000030001,1,1,1100,-49,1654781268154437,1654781268154437,
300833b2ddd9014000030002,1,1,68,-47,1654781268155774,1654781268155774,
300833b2ddd9014000030008,1,1,3084,-44,1654781268157028,1654781268157028,
300833b2ddd9014000030008,1,1,3080,-44,1654781268189998,1654781268189998,
300833b2ddd9014000030009,1,1,2340,-44,1654781268191332,1654781268191332,
300833b2ddd9014000030001,1,1,1096,-48,1654781268193141,1654781268193141,
300833b2ddd9014000030002,1,1,64,-47,1654781268194851,1654781268194851,
300833b2ddd9014000030009,1,1,2384,-44,1654781268200274,1654781268200274,
300833b2ddd9014000030002,1,1,76,-48,1654781268201329,1654781268201329,
300833b2ddd9014000030001,1,1,1088,-49,1654781268202458,1654781268202458,
300833b2ddd9014000030008,1,1,3080,-44,1654781268204478,1654781268204478,
300833b2ddd9014000030008,1,1,3084,-45,1654781268238592,1654781268238592,
300833b2ddd9014000030001,1,1,1080,-49,1654781268239821,1654781268239821,
300833b2ddd9014000030009,1,1,2344,-44,1654781268241149,1654781268241149,
300833b2ddd9014000030002,1,1,80,-48,1654781268242879,1654781268242879,
300833b2ddd9014000030009,1,1,2352,-44,1654781268245825,1654781268245825,
300833b2ddd9014000030002,1,1,92,-48,1654781268247090,1654781268247090,
300833b2ddd9014000030008,1,1,3072,-44,1654781268248172,1654781268248172,
300833b2ddd9014000030001,1,1,1096,-48,1654781268249231,1654781268249231,
300833b2ddd9014000030002,1,1,92,-47,1654781268282730,1654781268282730,
300833b2ddd9014000030009,1,1,2344,-44,1654781268283987,1654781268283987,
300833b2ddd9014000030001,1,1,1116,-49,1654781268285327,1654781268285327,
300833b2ddd9014000030008,1,1,3072,-44,1654781268286410,1654781268286410,
300833b2ddd9014000030002,1,1,72,-47,1654781268290022,1654781268290022,
300833b2ddd9014000030009,1,1,2376,-44,1654781268291091,1654781268291091,
300833b2ddd9014000030008,1,1,3080,-44,1654781268292656,1654781268292656,
300833b2ddd9014000030001,1,1,1088,-48,1654781268294027,1654781268294027,
300833b2ddd9014000030009,1,1,2352,-44,1654781268325817,1654781268325817,
300833b2ddd9014000030008,1,1,3076,-44,1654781268326943,1654781268326943,
300833b2ddd9014000030001,1,1,1104,-49,1654781268329362,1654781268329362,
300833b2ddd9014000030009,1,1,2348,-44,1654781268333405,1654781268333405,
300833b2ddd9014000030008,1,1,3092,-44,1654781268335086,1654781268335086,
300833b2ddd9014000030001,1,1,1120,-49,1654781268336399,1654781268336399,
300833b2ddd9014000030002,1,1,64,-48,1654781268337454,1654781268337454,
300833b2ddd9014000030009,1,1,2336,-44,1654781268367906,1654781268367906,
300833b2ddd9014000030008,1,1,3072,-44,1654781268369614,1654781268369614,
300833b2ddd9014000030001,1,1,1100,-49,1654781268372702,1654781268372702,
300833b2ddd9014000030002,1,1,84,-47,1654781268373787,1654781268373787,