epc,atenda,atendanum,phase,RSS,timestamp,timestamp2,
300833b2ddd9014000030009,1,1,2468,-44,1654781172171878,1654781172171878,
300833b2ddd9014000030008,1,1,3172,-43,1654781172172963,1654781172172963,
300833b2ddd9014000030002,1,1,136,-48,1654781172175671,1654781172175671,
300833b2ddd9014000030001,1,1,1216,-50,1654781172176774,1654781172176774,
300833b2ddd9014000030009,1,1,2480,-44,1654781172180325,1654781172180325,
300833b2ddd9014000030002,1,1,132,-48,1654781172181381,1654781172181381,
300833b2ddd9014000030008,1,1,3168,-43,1654781172182932,1654781172182932,
300833b2ddd9014000030001,1,1,1200,-50,1654781172184035,1654781172184035,
300833b2ddd9014000030008,1,1,3184,-43,1654781172215791,1654781172215791,
300833b2ddd9014000030009,1,1,2500,-44,1654781172217728,1654781172217728,
300833b2ddd9014000030002,1,1,148,-48,1654781172218855,1654781172218855,
300833b2ddd9014000030001,1,1,1200,-50,1654781172219925,1654781172219925,
300833b2ddd9014000030001,1,1,1212,-51,1654781172224301,1654781172224301,
300833b2ddd9014000030002,1,1,128,-48,1654781172225752,1654781172225752,
300833b2ddd9014000030009,1,1,2496,-44,1654781172229635,1654781172229635,
300833b2ddd9014000030008,1,1,3184,-43,1654781172230730,1654781172230730,
300833b2ddd9014000030009,1,1,2492,-44,1654781172260682,1654781172260682,
300833b2ddd9014000030002,1,1,144,-48,1654781172262047,1654781172262047,
300833b2ddd9014000030001,1,1,1212,-51,1654781172263391,1654781172263391,
300833b2ddd9014000030008,1,1,3176,-43,1654781172264475,1654781172264475,
300833b2ddd9014000030008,1,1,3180,-43,1654781172268881,1654781172268881,
300833b2ddd9014000030001,1,1,1212,-50,1654781172270015,1654781172270015,
300833b2ddd9014000030002,1,1,156,-48,1654781172271807,1654781172271807,
300833b2ddd9014000030009,1,1,2468,-44,1654781172272880,1654781172272880,
300833b2ddd9014000030002,1,1,136,-48,1654781172304787,1654781172304787,
300833b2ddd9014000030001,1,1,1212,-50,1654781172307433,1654781172307433,
300833b2ddd9014000030009,1,1,2492,-44,1654781172308915,1654781172308915,
300833b2ddd9014000030008,1,1,3180,-43,1654781172310241,1654781172310241,
300833b2ddd9014000030001,1,1,1188,-50,1654781172314141,1654781172314141,
300833b2ddd9014000030002,1,1,160,-48,1654781172315182,1654781172315182,
300833b2ddd9014000030009,1,1,2468,-44,1654781172316254,1654781172316254,
300833b2ddd9014000030008,1,1,3180,-43,1654781172317588,1654781172317588,
300833b2ddd9014000030001,1,1,1216,-50,1654781172350866,1654781172350866,
300833b2ddd9014000030008,1,1,3172,-43,1654781172351978,1654781172351978,
300833b2ddd9014000030002,1,1,132,-48,1654781172357361,1654781172357361,
300833b2ddd9014000030001,1,1,1212,-50,1654781172359566,1654781172359566,
300833b2ddd9014000030009,1,1,2472,-44,1654781172361730,1654781172361730,
300833b2ddd9014000030008,1,1,3180,-43,1654781172363167,1654781172363167,
300833b2ddd9014000030002,1,1,144,-48,1654781172394088,1654781172394088,
300833b2ddd9014000030001,1,1,1232,-51,1654781172395406,1654781172395406,
300833b2ddd9014000030008,1,1,3196,-43,1654781172396715,1654781172396715,
300833b2ddd9014000030009,1,1,2488,-44,1654781172397771,1654781172397771,
300833b2ddd9014000030001,1,1,1200,-51,1654781172402568,1654781172402568,
300833b2ddd9014000030002,1,1,144,-48,1654781172403891,1654781172403891,
300833b2ddd9014000030009,1,1,2472,-44,1654781172405203,1654781172405203,
300833b2ddd9014000030008,1,1,3176,-43,1654781172406753,1654781172406753,
300833b2ddd9014000030001,1,1,1232,-50,1654781172438232,1654781172438232,
300833b2ddd9014000030008,1,1,3180,-43,1654781172439611,1654781172439611,
300833b2ddd9014000030002,1,1,152,-48,1654781172440653,1654781172440653,
300833b2ddd9014000030008,1,1,3176,-44,1654781172446060,1654781172446060,
300833b2ddd9014000030002,1,1,144,-48,1654781172447158,1654781172447158,
300833b2ddd9014000030009,1,1,2468,-44,1654781172448753,1654781172448753,
300833b2ddd9014000030001,1,1,1244,-51,1654781172451603,1654781172451603,
300833b2ddd9014000030002,1,1,152,-48,1654781172482760,1654781172482760,
300833b2ddd9014000030001,1,1,1240,-50,1654781172484221,1654781172484221,
300833b2ddd9014000030009,1,1,2480,-44,1654781172485349,1654781172485349,
300833b2ddd9014000030008,1,1,3188,-43,1654781172486675,1654781172486675,
300833b2ddd9014000030002,1,1,156,-48,1654781172490135,1654781172490135,
300833b2ddd9014000030001,1,1,1232,-50,1654781172491435,1654781172491435,
300833b2ddd9014000030009,1,1,2472,-44,1654781172492733,1654781172492733,
300833b2ddd9014000030008,1,1,3188,-43,1654781172493827,1654781172493827,
300833b2ddd9014000030009,1,1,2460,-44,1654781172527288,1654781172527288,
300833b2ddd9014000030008,1,1,3180,-43,1654781172528954,1654781172528954,
300833b2ddd9014000030001,1,1,1220,-50,1654781172530038,1654781172530038,
300833b2ddd9014000030002,1,1,144,-48,1654781172531095,1654781172531095,
300833b2ddd9014000030008,1,1,3176,-43,1654781172534726,1654781172534726,
300833b2ddd9014000030002,1,1,156,-48,1654781172535823,1654781172535823,
300833b2ddd9014000030009,1,1,2492,-44,1654781172537421,1654781172537421,
300833b2ddd9014000030001,1,1,1232,-50,1654781172539375,1654781172539375,
300833b2ddd9014000030002,1,1,168,-48,1654781172570727,1654781172570727,
300833b2ddd9014000030008,1,1,3180,-43,1654781172572464,1654781172572464,
300833b2ddd9014000030009,1,1,2484,-44,1654781172573735,1654781172573735,
300833b2ddd9014000030001,1,1,1232,-51,1654781172575389,1654781172575389,
300833b2ddd9014000030001,1,1,1240,-50,1654781172578366,1654781172578366,
300833b2ddd9014000030002,1,1,140,-48,1654781172579406,1654781172579406,
300833b2ddd9014000030008,1,1,3184,-43,1654781172580531,1654781172580531,
300833b2ddd9014000030009,1,1,2472,-44,1654781172582129,1654781172582129,
300833b2ddd9014000030008,1,1,3192,-43,1654781172613797,1654781172613797,
300833b2ddd9014000030001,1,1,1232,-50,1654781172615152,1654781172615152,
300833b2ddd9014000030009,1,1,2496,-44,1654781172616241,1654781172616241,
300833b2ddd9014000030002,1,1,160,-48,1654781172619256,1654781172619256,
300833b2ddd9014000030008,1,1,3184,-43,1654781172623355,1654781172623355,
300833b2ddd9014000030009,1,1,2476,-44,1654781172624683,1654781172624683,
300833b2ddd9014000030002,1,1,164,-48,1654781172625906,1654781172625906,
300833b2ddd9014000030001,1,1,1256,-50,1654781172626997,1654781172626997,
300833b2ddd9014000030008,1,1,3184,-43,1654781172657189,1654781172657189,
300833b2ddd9014000030009,1,1,2492,-44,1654781172658688,1654781172658688,
300833b2ddd9014000030001,1,1,1244,-50,1654781172660228,1654781172660228,
300833b2ddd9014000030002,1,1,152,-48,1654781172661440,1654781172661440,
300833b2ddd9014000030001,1,1,1236,-50,1654781172664484,1654781172664484,
300833b2ddd9014000030009,1,1,2500,-44,1654781172665781,1654781172665781,
300833b2ddd9014000030008,1,1,3192,-43,1654781172667091,1654781172667091,
300833b2ddd9014000030002,1,1,152,-48,1654781172668372,1654781172668372,
300833b2ddd9014000030001,1,1,1232,-50,1654781172700385,1654781172700385,
300833b2ddd9014000030009,1,1,2492,-44,1654781172702022,1654781172702022,
300833b2ddd9014000030002,1,1,136,-48,1654781172703120,1654781172703120,
300833b2ddd9014000030008,1,1,3180,-43,1654781172704218,1654781172704218,
300833b2ddd9014000030008,1,1,3192,-43,1654781172708118,1654781172708118,
300833b2ddd9014000030001,1,1,1236,-50,1654781172710480,1654781172710480,
300833b2ddd9014000030009,1,1,2512,-44,1654781172711578,1654781172711578,
300833b2ddd9014000030002,1,1,152,-48,1654781172712750,1654781172712750,
300833b2ddd9014000030009,1,1,2496,-44,1654781172742528,1654781172742528,
300833b2ddd9014000030002,1,1,144,-48,1654781172744436,1654781172744436,
300833b2ddd9014000030001,1,1,1216,-50,1654781172745538,1654781172745538,
300833b2ddd9014000030008,1,1,3192,-43,1654781172746634,1654781172746634,
300833b2ddd9014000030008,1,1,3184,-43,1654781172750371,1654781172750371,
300833b2ddd9014000030009,1,1,2468,-44,1654781172751413,1654781172751413,
300833b2ddd9014000030002,1,1,128,-48,1654781172752764,1654781172752764,
300833b2ddd9014000030001,1,1,1228,-50,1654781172756023,1654781172756023,
300833b2ddd9014000030008,1,1,3188,-43,1654781172785851,1654781172785851,
300833b2ddd9014000030001,1,1,1232,-50,1654781172787164,1654781172787164,
300833b2ddd9014000030009,1,1,2496,-44,1654781172788972,1654781172788972,
300833b2ddd9014000030002,1,1,144,-48,1654781172790653,1654781172790653,
300833b2ddd9014000030009,1,1,2464,-44,1654781172794509,1654781172794509,
300833b2ddd9014000030008,1,1,3188,-43,1654781172795606,1654781172795606,
300833b2ddd9014000030002,1,1,144,-48,1654781172798789,1654781172798789,
300833b2ddd9014000030001,1,1,1236,-51,1654781172800187,1654781172800187,
300833b2ddd9014000030009,1,1,2488,-44,1654781172831297,1654781172831297,
300833b2ddd9014000030008,1,1,3192,-44,1654781172832364,1654781172832364,
300833b2ddd9014000030002,1,1,152,-48,1654781172833691,1654781172833691,
300833b2ddd9014000030001,1,1,1228,-50,1654781172835133,1654781172835133,
300833b2ddd9014000030002,1,1,180,-48,1654781172837883,1654781172837883,
300833b2ddd9014000030008,1,1,3188,-43,1654781172838937,1654781172838937,
300833b2ddd9014000030009,1,1,2500,-44,1654781172841261,1654781172841261,
300833b2ddd9014000030001,1,1,1228,-51,1654781172842745,1654781172842745,
300833b2ddd9014000030008,1,1,3204,-43,1654781172873561,1654781172873561,
300833b2ddd9014000030002,1,1,160,-48,1654781172875126,1654781172875126,
300833b2ddd9014000030009,1,1,2464,-44,1654781172876230,1654781172876230,
300833b2ddd9014000030001,1,1,1228,-50,1654781172877317,1654781172877317,
300833b2ddd9014000030008,1,1,3196,-44,1654781172882032,1654781172882032,
300833b2ddd9014000030009,1,1,2464,-44,1654781172883332,1654781172883332,
300833b2ddd9014000030002,1,1,152,-48,1654781172885122,1654781172885122,
300833b2ddd9014000030001,1,1,1228,-50,1654781172886582,1654781172886582,
300833b2ddd9014000030002,1,1,148,-48,1654781172918926,1654781172918926,
300833b2ddd9014000030009,1,1,2500,-44,1654781172920251,1654781172920251,
300833b2ddd9014000030001,1,1,1240,-50,1654781172921297,1654781172921297,
300833b2ddd9014000030008,1,1,3192,-43,1654781172922537,1654781172922537,
300833b2ddd9014000030001,1,1,1228,-50,1654781172925573,1654781172925573,
300833b2ddd9014000030002,1,1,156,-48,1654781172926923,1654781172926923,
300833b2ddd9014000030009,1,1,2480,-44,1654781172928520,1654781172928520,
300833b2ddd9014000030008,1,1,3188,-43,1654781172929602,1654781172929602,
300833b2ddd9014000030009,1,1,2464,-44,1654781172960987,1654781172960987,
300833b2ddd9014000030008,1,1,3212,-44,1654781172962566,1654781172962566,
300833b2ddd9014000030002,1,1,148,-48,1654781172963918,1654781172963918,
300833b2ddd9014000030001,1,1,1248,-50,1654781172966502,1654781172966502,
300833b2ddd9014000030009,1,1,2492,-44,1654781172969714,1654781172969714,
300833b2ddd9014000030008,1,1,3196,-43,1654781172971408,1654781172971408,
300833b2ddd9014000030002,1,1,156,-48,1654781172972489,1654781172972489,
300833b2ddd9014000030001,1,1,1220,-50,1654781172974206,1654781172974206,
300833b2ddd9014000030008,1,1,3196,-44,1654781173005301,1654781173005301,
300833b2ddd9014000030009,1,1,2472,-44,1654781173006653,1654781173006653,
300833b2ddd9014000030002,1,1,164,-48,1654781173008346,1654781173008346,
300833b2ddd9014000030001,1,1,1224,-51,1654781173009531,1654781173009531,
300833b2ddd9014000030009,1,1,2460,-44,1654781173012307,1654781173012307,
300833b2ddd9014000030008,1,1,3196,-43,1654781173013389,1654781173013389,
300833b2ddd9014000030001,1,1,1224,-51,1654781173014686,1654781173014686,
300833b2ddd9014000030002,1,1,152,-48,1654781173016042,1654781173016042,
300833b2ddd9014000030008,1,1,3200,-44,1654781173048972,1654781173048972,
300833b2ddd9014000030009,1,1,2468,-44,1654781173050272,1654781173050272,
300833b2ddd9014000030002,1,1,156,-48,1654781173051379,1654781173051379,
300833b2ddd9014000030001,1,1,1224,-51,1654781173052839,1654781173052839,
300833b2ddd9014000030009,1,1,2496,-44,1654781173057216,1654781173057216,
300833b2ddd9014000030008,1,1,3208,-43,1654781173058283,1654781173058283,
300833b2ddd9014000030002,1,1,144,-48,1654781173059469,1654781173059469,
300833b2ddd9014000030001,1,1,1244,-50,1654781173060543,1654781173060543,
300833b2ddd9014000030009,1,1,2488,-44,1654781173090498,1654781173090498,
300833b2ddd9014000030001,1,1,1276,-50,1654781173091812,1654781173091812,
300833b2ddd9014000030008,1,1,3208,-43,1654781173093589,1654781173093589,
300833b2ddd9014000030002,1,1,152,-48,1654781173095892,1654781173095892,
300833b2ddd9014000030009,1,1,2492,-44,1654781173099246,1654781173099246,
300833b2ddd9014000030001,1,1,1228,-50,1654781173100319,1654781173100319,
300833b2ddd9014000030002,1,1,164,-48,1654781173101385,1654781173101385,
300833b2ddd9014000030008,1,1,3204,-43,1654781173102486,1654781173102486,
300833b2ddd9014000030002,1,1,136,-48,1654781173135668,1654781173135668,
300833b2ddd9014000030001,1,1,1216,-50,1654781173136996,1654781173136996,
300833b2ddd9014000030008,1,1,3220,-43,1654781173138306,1654781173138306,
300833b2ddd9014000030009,1,1,2496,-44,1654781173139448,1654781173139448,
300833b2ddd9014000030009,1,1,2500,-44,1654781173144215,1654781173144215,
300833b2ddd9014000030002,1,1,144,-48,1654781173145921,1654781173145921,
300833b2ddd9014000030008,1,1,3204,-43,1654781173147457,1654781173147457,
300833b2ddd9014000030001,1,1,1240,-50,1654781173148631,1654781173148631,
300833b2ddd9014000030009,1,1,2488,-44,1654781173178946,1654781173178946,
300833b2ddd9014000030008,1,1,3208,-43,1654781173180055,1654781173180055,
300833b2ddd9014000030002,1,1,152,-48,1654781173182687,1654781173182687,
300833b2ddd9014000030001,1,1,1208,-50,1654781173183758,1654781173183758,
300833b2ddd9014000030002,1,1,148,-48,1654781173187633,1654781173187633,
300833b2ddd9014000030009,1,1,2472,-44,1654781173188690,1654781173188690,
300833b2ddd9014000030008,1,1,3204,-43,1654781173190025,1654781173190025,
300833b2ddd9014000030001,1,1,1220,-50,1654781173191598,1654781173191598,
300833b2ddd9014000030002,1,1,160,-48,1654781173222833,1654781173222833,
300833b2ddd9014000030001,1,1,1232,-50,1654781173223874,1654781173223874,
300833b2ddd9014000030009,1,1,2512,-44,1654781173225231,1654781173225231,
300833b2ddd9014000030008,1,1,3196,-43,1654781173226599,1654781173226599,
300833b2ddd9014000030001,1,1,1236,-50,1654781173231344,1654781173231344,
300833b2ddd9014000030009,1,1,2472,-44,1654781173232672,1654781173232672,
300833b2ddd9014000030008,1,1,3212,-43,1654781173234208,1654781173234208,
300833b2ddd9014000030002,1,1,156,-48,1654781173235319,1654781173235319,
300833b2ddd9014000030008,1,1,3208,-43,1654781173267236,1654781173267236,
300833b2ddd9014000030009,1,1,2468,-44,1654781173268678,1654781173268678,
300833b2ddd9014000030001,1,1,1224,-50,1654781173270669,1654781173270669,
300833b2ddd9014000030002,1,1,196,-48,1654781173271752,1654781173271752,
300833b2ddd9014000030009,1,1,2504,-44,1654781173275973,1654781173275973,
300833b2ddd9014000030008,1,1,3200,-43,1654781173277586,1654781173277586,
300833b2ddd9014000030002,1,1,144,-48,1654781173278697,1654781173278697,
300833b2ddd9014000030001,1,1,1228,-50,1654781173281091,1654781173281091,
300833b2ddd9014000030008,1,1,3220,-43,1654781173311830,1654781173311830,
300833b2ddd9014000030001,1,1,1244,-51,1654781173313188,1654781173313188,
300833b2ddd9014000030009,1,1,2468,-44,1654781173314500,1654781173314500,
300833b2ddd9014000030002,1,1,140,-48,1654781173315583,1654781173315583,
300833b2ddd9014000030002,1,1,136,-48,1654781173320370,1654781173320370,
300833b2ddd9014000030001,1,1,1220,-50,1654781173322308,1654781173322308,
300833b2ddd9014000030008,1,1,3208,-43,1654781173324057,1654781173324057,
300833b2ddd9014000030009,1,1,2468,-44,1654781173325172,1654781173325172,
300833b2ddd9014000030002,1,1,148,-48,1654781173356341,1654781173356341,
300833b2ddd9014000030001,1,1,1224,-50,1654781173357400,1654781173357400,
300833b2ddd9014000030009,1,1,2500,-44,1654781173360064,1654781173360064,
300833b2ddd9014000030008,1,1,3212,-44,1654781173361133,1654781173361133,
300833b2ddd9014000030008,1,1,3208,-43,1654781173363947,1654781173363947,
300833b2ddd9014000030009,1,1,2468,-44,1654781173366373,1654781173366373,
300833b2ddd9014000030002,1,1,148,-48,1654781173368095,1654781173368095,
300833b2ddd9014000030001,1,1,1196,-51,1654781173369395,1654781173369395,
300833b2ddd9014000030002,1,1,140,-48,1654781173401684,1654781173401684,
300833b2ddd9014000030001,1,1,1200,-51,1654781173402743,1654781173402743,
300833b2ddd9014000030008,1,1,3220,-44,1654781173404088,1654781173404088,
300833b2ddd9014000030009,1,1,2468,-43,1654781173405418,1654781173405418,
300833b2ddd9014000030008,1,1,3212,-43,1654781173410387,1654781173410387,
300833b2ddd9014000030009,1,1,2492,-44,1654781173411754,1654781173411754,
300833b2ddd9014000030001,1,1,1212,-51,1654781173413921,1654781173413921,
300833b2ddd9014000030002,1,1,184,-48,1654781173415501,1654781173415501,
300833b2ddd9014000030008,1,1,3224,-43,1654781173446063,1654781173446063,
300833b2ddd9014000030009,1,1,2492,-44,1654781173447447,1654781173447447,
300833b2ddd9014000030001,1,1,1176,-51,1654781173448761,1654781173448761,
300833b2ddd9014000030002,1,1,116,-48,1654781173449874,1654781173449874,
300833b2ddd9014000030002,1,1,136,-48,1654781173454363,1654781173454363,
300833b2ddd9014000030008,1,1,3232,-44,1654781173455506,1654781173455506,
300833b2ddd9014000030009,1,1,2472,-43,1654781173457284,1654781173457284,
300833b2ddd9014000030001,1,1,1176,-51,1654781173458941,1654781173458941,
300833b2ddd9014000030008,1,1,3236,-43,1654781173490026,1654781173490026,
300833b2ddd9014000030009,1,1,2468,-43,1654781173491313,1654781173491313,
300833b2ddd9014000030002,1,1,132,-48,1654781173492666,1654781173492666,
300833b2ddd9014000030001,1,1,1120,-51,1654781173493798,1654781173493798,
300833b2ddd9014000030009,1,1,2484,-43,1654781173499087,1654781173499087,
300833b2ddd9014000030008,1,1,3224,-43,1654781173500545,1654781173500545,
300833b2ddd9014000030002,1,1,156,-48,1654781173501671,1654781173501671,
300833b2ddd9014000030001,1,1,1160,-51,1654781173503384,1654781173503384,
300833b2ddd9014000030008,1,1,3244,-43,1654781173539687,1654781173539687,
300833b2ddd9014000030002,1,1,132,-47,1654781173541354,1654781173541354,
300833b2ddd9014000030009,1,1,2436,-43,1654781173542937,1654781173542937,
300833b2ddd9014000030001,1,1,1136,-51,1654781173544166,1654781173544166,
300833b2ddd9014000030001,1,1,1132,-51,1654781173547707,1654781173547707,
300833b2ddd9014000030009,1,1,2468,-43,1654781173549133,1654781173549133,
300833b2ddd9014000030002,1,1,160,-47,1654781173550243,1654781173550243,
300833b2ddd9014000030008,1,1,3256,-43,1654781173551286,1654781173551286,
300833b2ddd9014000030002,1,1,132,-47,1654781173581771,1654781173581771,
300833b2ddd9014000030001,1,1,1040,-52,1654781173583383,1654781173583383,
300833b2ddd9014000030008,1,1,3240,-43,1654781173584936,1654781173584936,
300833b2ddd9014000030009,1,1,2440,-43,1654781173586019,1654781173586019,
300833b2ddd9014000030009,1,1,2432,-43,1654781173590338,1654781173590338,
300833b2ddd9014000030001,1,1,1076,-52,1654781173591439,1654781173591439,
300833b2ddd9014000030002,1,1,128,-47,1654781173592973,1654781173592973,
300833b2ddd9014000030008,1,1,3244,-43,1654781173594542,1654781173594542,
300833b2ddd9014000030002,1,1,88,-47,1654781173625780,1654781173625780,
300833b2ddd9014000030009,1,1,2468,-43,1654781173627967,1654781173627967,
300833b2ddd9014000030008,1,1,3236,-43,1654781173629052,1654781173629052,
300833b2ddd9014000030001,1,1,1004,-52,1654781173630121,1654781173630121,
300833b2ddd9014000030002,1,1,124,-47,1654781173633498,1654781173633498,
300833b2ddd9014000030008,1,1,3248,-43,1654781173634583,1654781173634583,
300833b2ddd9014000030009,1,1,2412,-43,1654781173635669,1654781173635669,
300833b2ddd9014000030001,1,1,960,-53,1654781173636756,1654781173636756,
300833b2ddd9014000030008,1,1,3260,-43,1654781173669226,1654781173669226,
300833b2ddd9014000030001,1,1,1020,-53,1654781173671123,1654781173671123,
300833b2ddd9014000030002,1,1,96,-47,1654781173672221,1654781173672221,
300833b2ddd9014000030009,1,1,2436,-44,1654781173673307,1654781173673307,
300833b2ddd9014000030008,1,1,3260,-43,1654781173677377,1654781173677377,
300833b2ddd9014000030009,1,1,2396,-44,1654781173678534,1654781173678534,
300833b2ddd9014000030002,1,1,108,-47,1654781173679616,1654781173679616,
300833b2ddd9014000030001,1,1,1068,-53,1654781173680934,1654781173680934,
300833b2ddd9014000030002,1,1,72,-47,1654781173711478,1654781173711478,
300833b2ddd9014000030008,1,1,3244,-43,1654781173712490,1654781173712490,
300833b2ddd9014000030001,1,1,988,-54,1654781173714046,1654781173714046,
300833b2ddd9014000030009,1,1,2384,-44,1654781173715117,1654781173715117,
300833b2ddd9014000030001,1,1,1016,-54,1654781173719581,1654781173719581,
300833b2ddd9014000030002,1,1,68,-47,1654781173720607,1654781173720607,
300833b2ddd9014000030009,1,1,2392,-44,1654781173721962,1654781173721962,
300833b2ddd9014000030008,1,1,3228,-43,1654781173723554,1654781173723554,
300833b2ddd9014000030009,1,1,2360,-45,1654781173755776,1654781173755776,
300833b2ddd9014000030008,1,1,3236,-44,1654781173757200,1654781173757200,
300833b2ddd9014000030001,1,1,1004,-53,1654781173758288,1654781173758288,
300833b2ddd9014000030002,1,1,68,-48,1654781173760341,1654781173760341,
300833b2ddd9014000030008,1,1,3240,-44,1654781173763616,1654781173763616,
300833b2ddd9014000030001,1,1,988,-53,1654781173764704,1654781173764704,
300833b2ddd9014000030009,1,1,2380,-44,1654781173766854,1654781173766854,
300833b2ddd9014000030002,1,1,64,-48,1654781173768193,1654781173768193,
300833b2ddd9014000030009,1,1,2368,-45,1654781173798904,1654781173798904,
300833b2ddd9014000030002,1,1,52,-48,1654781173800442,1654781173800442,
300833b2ddd9014000030008,1,1,3228,-44,1654781173802008,1654781173802008,
300833b2ddd9014000030001,1,1,1056,-52,1654781173803083,1654781173803083,
300833b2ddd9014000030002,1,1,44,-48,1654781173809323,1654781173809323,
300833b2ddd9014000030008,1,1,3224,-44,1654781173811075,1654781173811075,
300833b2ddd9014000030009,1,1,2364,-45,1654781173812358,1654781173812358,
300833b2ddd9014000030001,1,1,1088,-52,1654781173813831,1654781173813831,
300833b2ddd9014000030009,1,1,2344,-45,1654781173851578,1654781173851578,
300833b2ddd9014000030002,1,1,60,-48,1654781173852645,1654781173852645,
300833b2ddd9014000030008,1,1,3220,-44,1654781173853957,1654781173853957,
300833b2ddd9014000030001,1,1,1172,-52,1654781173855173,1654781173855173,
300833b2ddd9014000030009,1,1,2360,-45,1654781173860206,1654781173860206,
300833b2ddd9014000030008,1,1,3196,-44,1654781173861332,1654781173861332,
300833b2ddd9014000030002,1,1,64,-48,1654781173862682,1654781173862682,
300833b2ddd9014000030001,1,1,1160,-51,1654781173865733,1654781173865733,
300833b2ddd9014000030001,1,1,1252,-51,1654781173897625,1654781173897625,
300833b2ddd9014000030008,1,1,3168,-44,1654781173898951,1654781173898951,
300833b2ddd9014000030009,1,1,2360,-46,1654781173900746,1654781173900746,
300833b2ddd9014000030002,1,1,60,-49,1654781173902211,1654781173902211,
300833b2ddd9014000030002,1,1,80,-49,1654781173906084,1654781173906084,
300833b2ddd9014000030008,1,1,3172,-44,1654781173908020,1654781173908020,
300833b2ddd9014000030009,1,1,2384,-46,1654781173909574,1654781173909574,
300833b2ddd9014000030001,1,1,1276,-50,1654781173911069,1654781173911069,
300833b2ddd9014000030001,1,1,1224,-49,1654781173946944,1654781173946944,
300833b2ddd9014000030008,1,1,3144,-44,1654781173948039,1654781173948039,
300833b2ddd9014000030009,1,1,2420,-46,1654781173949439,1654781173949439,
300833b2ddd9014000030002,1,1,24,-49,1654781173950495,1654781173950495,
300833b2ddd9014000030008,1,1,3140,-45,1654781173955776,1654781173955776,
300833b2ddd9014000030009,1,1,2416,-46,1654781173956878,1654781173956878,
300833b2ddd9014000030002,1,1,24,-49,1654781173958443,1654781173958443,
300833b2ddd9014000030001,1,1,1204,-49,1654781173959516,1654781173959516,
300833b2ddd9014000030008,1,1,3152,-45,1654781173992102,1654781173992102,
300833b2ddd9014000030009,1,1,2440,-46,1654781173993398,1654781173993398,
300833b2ddd9014000030002,1,1,60,-49,1654781173994625,1654781173994625,
300833b2ddd9014000030001,1,1,1072,-49,1654781173996098,1654781173996098,
300833b2ddd9014000030009,1,1,2444,-46,1654781173999097,1654781173999097,
300833b2ddd9014000030002,1,1,56,-49,1654781174001061,1654781174001061,
300833b2ddd9014000030008,1,1,3160,-44,1654781174002785,1654781174002785,
300833b2ddd9014000030001,1,1,1108,-49,1654781174003916,1654781174003916,
300833b2ddd9014000030009,1,1,2424,-45,1654781174039894,1654781174039894,
300833b2ddd9014000030002,1,1,96,-48,1654781174040950,1654781174040950,
300833b2ddd9014000030008,1,1,3180,-44,1654781174042501,1654781174042501,
300833b2ddd9014000030001,1,1,1080,-50,1654781174043857,1654781174043857,
300833b2ddd9014000030008,1,1,3184,-44,1654781174048346,1654781174048346,
300833b2ddd9014000030002,1,1,100,-48,1654781174049698,1654781174049698,
300833b2ddd9014000030001,1,1,1080,-50,1654781174051014,1654781174051014,
300833b2ddd9014000030009,1,1,2440,-45,1654781174052071,1654781174052071,
300833b2ddd9014000030002,1,1,116,-48,1654781174084805,1654781174084805,
300833b2ddd9014000030008,1,1,3172,-43,1654781174085904,1654781174085904,
300833b2ddd9014000030001,1,1,1136,-51,1654781174087006,1654781174087006,
300833b2ddd9014000030009,1,1,2440,-44,1654781174088134,1654781174088134,
300833b2ddd9014000030009,1,1,2444,-44,1654781174094114,1654781174094114,
300833b2ddd9014000030002,1,1,120,-48,1654781174095153,1654781174095153,
300833b2ddd9014000030008,1,1,3152,-43,1654781174096493,1654781174096493,
300833b2ddd9014000030001,1,1,1160,-52,1654781174097736,1654781174097736,
300833b2ddd9014000030002,1,1,84,-48,1654781174133603,1654781174133603,
300833b2ddd9014000030009,1,1,2440,-45,1654781174135114,1654781174135114,
300833b2ddd9014000030008,1,1,3140,-43,1654781174136153,1654781174136153,
300833b2ddd9014000030001,1,1,1256,-51,1654781174138535,1654781174138535,
300833b2ddd9014000030009,1,1,2448,-44,1654781174142319,1654781174142319,
300833b2ddd9014000030008,1,1,3156,-43,1654781174143999,1654781174143999,
300833b2ddd9014000030001,1,1,1236,-51,1654781174145130,1654781174145130,
300833b2ddd9014000030002,1,1,52,-48,1654781174146185,1654781174146185,
300833b2ddd9014000030008,1,1,3084,-44,1654781174178015,1654781174178015,
300833b2ddd9014000030001,1,1,1244,-50,1654781174179073,1654781174179073,
300833b2ddd9014000030009,1,1,2452,-44,1654781174180187,1654781174180187,
300833b2ddd9014000030002,1,1,88,-48,1654781174181883,1654781174181883,
300833b2ddd9014000030002,1,1,32,-49,1654781174185743,1654781174185743,
300833b2ddd9014000030009,1,1,2428,-44,1654781174186827,1654781174186827,
300833b2ddd9014000030001,1,1,1212,-50,1654781174187930,1654781174187930,
300833b2ddd9014000030008,1,1,3104,-44,1654781174189011,1654781174189011,
300833b2ddd9014000030002,1,1,44,-48,1654781174220089,1654781174220089,
300833b2ddd9014000030001,1,1,1212,-49,1654781174221825,1654781174221825,
300833b2ddd9014000030008,1,1,3056,-44,1654781174224364,1654781174224364,
300833b2ddd9014000030009,1,1,2420,-44,1654781174225448,1654781174225448,
300833b2ddd9014000030009,1,1,2420,-44,1654781174229287,1654781174229287,
300833b2ddd9014000030008,1,1,3052,-44,1654781174230878,1654781174230878,
300833b2ddd9014000030002,1,1,16,-48,1654781174232120,1654781174232120,
300833b2ddd9014000030001,1,1,1176,-50,1654781174233267,1654781174233267,
300833b2ddd9014000030001,1,1,1160,-49,1654781174263240,1654781174263240,
300833b2ddd9014000030009,1,1,2428,-44,1654781174264991,1654781174264991,
300833b2ddd9014000030008,1,1,3056,-44,1654781174266315,1654781174266315,
300833b2ddd9014000030002,1,1,56,-48,1654781174267399,1654781174267399,
300833b2ddd9014000030008,1,1,3052,-43,1654781174271276,1654781174271276,
300833b2ddd9014000030002,1,1,48,-48,1654781174272914,1654781174272914,
300833b2ddd9014000030009,1,1,2436,-44,1654781174274255,1654781174274255,
300833b2ddd9014000030001,1,1,1168,-49,1654781174275429,1654781174275429,
300833b2ddd9014000030001,1,1,1144,-49,1654781174305918,1654781174305918,
300833b2ddd9014000030002,1,1,80,-48,1654781174308246,1654781174308246,
300833b2ddd9014000030009,1,1,2444,-44,1654781174310223,1654781174310223,
300833b2ddd9014000030008,1,1,3084,-44,1654781174541124,1654781174541124,
300833b2ddd9014000030008,1,1,3072,-44,1654781174544896,1654781174544896,
300833b2ddd9014000030009,1,1,2328,-43,1654781174546023,1654781174546023,
300833b2ddd9014000030001,1,1,1120,-47,1654781174547564,1654781174547564,
300833b2ddd9014000030002,1,1,132,-48,1654781174548647,1654781174548647,
300833b2ddd9014000030008,1,1,3052,-44,1654781174586471,1654781174586471,
300833b2ddd9014000030001,1,1,1164,-47,1654781174587903,1654781174587903,
300833b2ddd9014000030009,1,1,2324,-43,1654781174588959,1654781174588959,
300833b2ddd9014000030002,1,1,156,-48,1654781174590071,1654781174590071,
300833b2ddd9014000030001,1,1,1160,-47,1654781174593792,1654781174593792,
300833b2ddd9014000030008,1,1,3052,-44,1654781174594819,1654781174594819,
300833b2ddd9014000030002,1,1,136,-47,1654781174595931,1654781174595931,
300833b2ddd9014000030009,1,1,2308,-43,1654781174597739,1654781174597739,
300833b2ddd9014000030001,1,1,1172,-47,1654781174630368,1654781174630368,
300833b2ddd9014000030002,1,1,136,-48,1654781174631971,1654781174631971,
300833b2ddd9014000030009,1,1,2296,-43,1654781174633156,1654781174633156,
300833b2ddd9014000030008,1,1,3056,-44,1654781174634224,1654781174634224,
300833b2ddd9014000030002,1,1,140,-48,1654781174637414,1654781174637414,
300833b2ddd9014000030008,1,1,3044,-44,1654781174638854,1654781174638854,
300833b2ddd9014000030001,1,1,1168,-47,1654781174640196,1654781174640196,
300833b2ddd9014000030009,1,1,2304,-43,1654781174641253,1654781174641253,
300833b2ddd9014000030001,1,1,1184,-47,1654781174671806,1654781174671806,
300833b2ddd9014000030009,1,1,2300,-43,1654781174673767,1654781174673767,
300833b2ddd9014000030002,1,1,156,-48,1654781174674849,1654781174674849,
300833b2ddd9014000030008,1,1,3028,-44,1654781174675932,1654781174675932,
300833b2ddd9014000030008,1,1,3052,-44,1654781174680422,1654781174680422,
300833b2ddd9014000030001,1,1,1184,-47,1654781174682442,1654781174682442,
300833b2ddd9014000030009,1,1,2304,-43,1654781174683554,1654781174683554,
300833b2ddd9014000030002,1,1,164,-48,1654781174684749,1654781174684749,
300833b2ddd9014000030009,1,1,2300,-42,1654781174714492,1654781174714492,
300833b2ddd9014000030008,1,1,3040,-44,1654781174715842,1654781174715842,
300833b2ddd9014000030001,1,1,1192,-46,1654781174717401,1654781174717401,
300833b2ddd9014000030002,1,1,156,-48,1654781174719563,1654781174719563,
300833b2ddd9014000030009,1,1,2288,-42,1654781174723403,1654781174723403,
300833b2ddd9014000030008,1,1,3032,-44,1654781174724457,1654781174724457,
300833b2ddd9014000030001,1,1,1204,-46,1654781174725798,1654781174725798,
300833b2ddd9014000030002,1,1,136,-48,1654781174728218,1654781174728218,
300833b2ddd9014000030009,1,1,2296,-43,1654781174759080,1654781174759080,
300833b2ddd9014000030002,1,1,176,-48,1654781174760418,1654781174760418,
300833b2ddd9014000030001,1,1,1216,-46,1654781174761732,1654781174761732,
300833b2ddd9014000030008,1,1,3044,-44,1654781174763070,1654781174763070,
300833b2ddd9014000030001,1,1,1196,-46,1654781174767332,1654781174767332,
300833b2ddd9014000030008,1,1,3036,-44,1654781174768869,1654781174768869,
300833b2ddd9014000030009,1,1,2304,-43,1654781174770634,1654781174770634,
300833b2ddd9014000030002,1,1,160,-48,1654781174772910,1654781174772910,
300833b2ddd9014000030001,1,1,1200,-46,1654781174803087,1654781174803087,
300833b2ddd9014000030009,1,1,2300,-42,1654781174804157,1654781174804157,
300833b2ddd9014000030008,1,1,3032,-44,1654781174805209,1654781174805209,
300833b2ddd9014000030002,1,1,172,-48,1654781174807047,1654781174807047,
300833b2ddd9014000030001,1,1,1196,-46,1654781174811260,1654781174811260,
300833b2ddd9014000030009,1,1,2292,-42,1654781174812585,1654781174812585,
300833b2ddd9014000030008,1,1,3040,-44,1654781174813711,1654781174813711,
300833b2ddd9014000030002,1,1,176,-48,1654781174816354,1654781174816354,
300833b2ddd9014000030008,1,1,3024,-44,1654781174847113,1654781174847113,
300833b2ddd9014000030009,1,1,2308,-42,1654781174848199,1654781174848199,
300833b2ddd9014000030002,1,1,156,-48,1654781174849806,1654781174849806,
300833b2ddd9014000030001,1,1,1232,-46,1654781174851718,1654781174851718,
300833b2ddd9014000030001,1,1,1224,-46,1654781174856322,1654781174856322,
300833b2ddd9014000030002,1,1,164,-48,1654781174857549,1654781174857549,
300833b2ddd9014000030008,1,1,3032,-44,1654781174860144,1654781174860144,
300833b2ddd9014000030009,1,1,2304,-42,1654781174861387,1654781174861387,
300833b2ddd9014000030002,1,1,168,-48,1654781174891433,1654781174891433,
300833b2ddd9014000030001,1,1,1224,-46,1654781174892562,1654781174892562,
300833b2ddd9014000030008,1,1,3024,-44,1654781174895471,1654781174895471,
300833b2ddd9014000030009,1,1,2292,-42,1654781174896571,1654781174896571,
300833b2ddd9014000030001,1,1,1220,-46,1654781174900199,1654781174900199,
300833b2ddd9014000030002,1,1,184,-48,1654781174901548,1654781174901548,
300833b2ddd9014000030009,1,1,2292,-43,1654781174903983,1654781174903983,
300833b2ddd9014000030008,1,1,3008,-44,1654781174905123,1654781174905123,
300833b2ddd9014000030008,1,1,3040,-44,1654781174936919,1654781174936919,
300833b2ddd9014000030002,1,1,164,-48,1654781174937947,1654781174937947,
300833b2ddd9014000030001,1,1,1212,-46,1654781174939247,1654781174939247,
300833b2ddd9014000030009,1,1,2292,-42,1654781174940345,1654781174940345,
300833b2ddd9014000030009,1,1,2292,-42,1654781174944814,1654781174944814,
300833b2ddd9014000030008,1,1,3032,-44,1654781174945911,1654781174945911,
300833b2ddd9014000030002,1,1,164,-48,1654781174947222,1654781174947222,
300833b2ddd9014000030001,1,1,1220,-46,1654781174948564,1654781174948564,
300833b2ddd9014000030008,1,1,3028,-44,1654781174981365,1654781174981365,
300833b2ddd9014000030001,1,1,1212,-46,1654781174985556,1654781174985556,
300833b2ddd9014000030008,1,1,3044,-44,1654781174989296,1654781174989296,
300833b2ddd9014000030009,1,1,2280,-42,1654781174990424,1654781174990424,
300833b2ddd9014000030002,1,1,180,-48,1654781174991676,1654781174991676,
300833b2ddd9014000030001,1,1,1216,-46,1654781175021674,1654781175021674,
300833b2ddd9014000030002,1,1,168,-48,1654781175023294,1654781175023294,
300833b2ddd9014000030008,1,1,3028,-44,1654781175024648,1654781175024648,
300833b2ddd9014000030009,1,1,2276,-42,1654781175025733,1654781175025733,
300833b2ddd9014000030009,1,1,2300,-42,1654781175030464,1654781175030464,
300833b2ddd9014000030001,1,1,1208,-46,1654781175032200,1654781175032200,
300833b2ddd9014000030008,1,1,3032,-44,1654781175033256,1654781175033256,
300833b2ddd9014000030002,1,1,168,-48,1654781175034565,1654781175034565,
300833b2ddd9014000030001,1,1,1192,-46,1654781175064780,1654781175064780,
300833b2ddd9014000030008,1,1,3024,-44,1654781175066359,1654781175066359,
300833b2ddd9014000030002,1,1,168,-48,1654781175067455,1654781175067455,
300833b2ddd9014000030009,1,1,2296,-43,1654781175068769,1654781175068769,
300833b2ddd9014000030002,1,1,168,-48,1654781175073226,1654781175073226,
300833b2ddd9014000030009,1,1,2296,-42,1654781175074566,1654781175074566,
300833b2ddd9014000030001,1,1,1224,-46,1654781175075852,1654781175075852,
300833b2ddd9014000030008,1,1,3036,-44,1654781175077176,1654781175077176,
300833b2ddd9014000030001,1,1,1204,-46,1654781175108616,1654781175108616,
300833b2ddd9014000030002,1,1,144,-48,1654781175110140,1654781175110140,
300833b2ddd9014000030008,1,1,3036,-44,1654781175111704,1654781175111704,
300833b2ddd9014000030002,1,1,156,-48,1654781175116365,1654781175116365,
300833b2ddd9014000030008,1,1,3036,-44,1654781175117448,1654781175117448,
300833b2ddd9014000030009,1,1,2300,-42,1654781175119243,1654781175119243,
300833b2ddd9014000030001,1,1,1208,-46,1654781175121050,1654781175121050,
300833b2ddd9014000030002,1,1,208,-48,1654781175152091,1654781175152091,
300833b2ddd9014000030001,1,1,1208,-46,1654781175153792,1654781175153792,
300833b2ddd9014000030009,1,1,2304,-42,1654781175155770,1654781175155770,
300833b2ddd9014000030008,1,1,3036,-44,1654781175157179,1654781175157179,
300833b2ddd9014000030009,1,1,2296,-43,1654781175160207,1654781175160207,
300833b2ddd9014000030002,1,1,180,-48,1654781175162525,1654781175162525,
300833b2ddd9014000030008,1,1,3032,-44,1654781175163961,1654781175163961,
300833b2ddd9014000030001,1,1,1204,-46,1654781175165094,1654781175165094,
300833b2ddd9014000030008,1,1,3036,-44,1654781175196956,1654781175196956,
300833b2ddd9014000030009,1,1,2288,-43,1654781175198044,1654781175198044,
300833b2ddd9014000030001,1,1,1216,-46,1654781175199273,1654781175199273,
300833b2ddd9014000030002,1,1,164,-48,1654781175200542,1654781175200542,
300833b2ddd9014000030001,1,1,1208,-46,1654781175204405,1654781175204405,
300833b2ddd9014000030008,1,1,3040,-44,1654781175205994,1654781175205994,
300833b2ddd9014000030009,1,1,2292,-43,1654781175207222,1654781175207222,
300833b2ddd9014000030002,1,1,168,-48,1654781175208649,1654781175208649,
300833b2ddd9014000030001,1,1,1216,-46,1654781175238946,1654781175238946,
300833b2ddd9014000030009,1,1,2296,-43,1654781175240033,1654781175240033,
300833b2ddd9014000030008,1,1,3024,-44,1654781175241370,1654781175241370,
300833b2ddd9014000030002,1,1,164,-48,1654781175243037,1654781175243037,
300833b2ddd9014000030001,1,1,1200,-46,1654781175247898,1654781175247898,
300833b2ddd9014000030009,1,1,2292,-42,1654781175249115,1654781175249115,
300833b2ddd9014000030008,1,1,3032,-44,1654781175250210,1654781175250210,
300833b2ddd9014000030002,1,1,164,-48,1654781175252164,1654781175252164,
300833b2ddd9014000030002,1,1,156,-48,1654781175281825,1654781175281825,
300833b2ddd9014000030009,1,1,2300,-42,1654781175282925,1654781175282925,
300833b2ddd9014000030008,1,1,3036,-44,1654781175284687,1654781175284687,
300833b2ddd9014000030001,1,1,1224,-46,1654781175286868,1654781175286868,
300833b2ddd9014000030009,1,1,2308,-42,1654781175291590,1654781175291590,
300833b2ddd9014000030008,1,1,3044,-44,1654781175292656,1654781175292656,
300833b2ddd9014000030002,1,1,156,-48,1654781175294042,1654781175294042,
300833b2ddd9014000030001,1,1,1196,-46,1654781175295285,1654781175295285,
300833b2ddd9014000030009,1,1,2296,-42,1654781175325585,1654781175325585,
300833b2ddd9014000030008,1,1,3036,-44,1654781175326921,1654781175326921,
300833b2ddd9014000030002,1,1,156,-48,1654781175328683,1654781175328683,
300833b2ddd9014000030001,1,1,1196,-46,1654781175329843,1654781175329843,
300833b2ddd9014000030009,1,1,2308,-43,1654781175333999,1654781175333999,
300833b2ddd9014000030002,1,1,160,-48,1654781175335906,1654781175335906,
300833b2ddd9014000030008,1,1,3036,-44,1654781175339217,1654781175339217,
300833b2ddd9014000030001,1,1,1212,-46,1654781175340475,1654781175340475,
300833b2ddd9014000030009,1,1,2316,-42,1654781175370099,1654781175370099,
300833b2ddd9014000030002,1,1,160,-48,1654781175371168,1654781175371168,
300833b2ddd9014000030001,1,1,1212,-46,1654781175374094,1654781175374094,
300833b2ddd9014000030008,1,1,3040,-44,1654781175375447,1654781175375447,
300833b2ddd9014000030002,1,1,164,-48,1654781175379346,1654781175379346,
300833b2ddd9014000030008,1,1,3044,-44,1654781175380459,1654781175380459,
300833b2ddd9014000030009,1,1,2308,-42,1654781175381515,1654781175381515,
300833b2ddd9014000030001,1,1,1220,-46,1654781175382560,1654781175382560,
300833b2ddd9014000030001,1,1,1224,-46,1654781175414246,1654781175414246,
300833b2ddd9014000030008,1,1,3036,-44,1654781175415326,1654781175415326,
300833b2ddd9014000030009,1,1,2304,-43,1654781175417677,1654781175417677,
300833b2ddd9014000030002,1,1,164,-48,1654781175419172,1654781175419172,
300833b2ddd9014000030009,1,1,2296,-43,1654781175423141,1654781175423141,
300833b2ddd9014000030002,1,1,160,-48,1654781175425421,1654781175425421,
300833b2ddd9014000030001,1,1,1212,-46,1654781175426537,1654781175426537,
300833b2ddd9014000030008,1,1,3032,-44,1654781175427634,1654781175427634,
300833b2ddd9014000030008,1,1,3032,-44,1654781175463436,1654781175463436,
300833b2ddd9014000030001,1,1,1204,-46,1654781175464494,1654781175464494,
300833b2ddd9014000030009,1,1,2296,-42,1654781175466091,1654781175466091,
300833b2ddd9014000030002,1,1,156,-48,1654781175467402,1654781175467402,
300833b2ddd9014000030009,1,1,2308,-43,1654781175471930,1654781175471930,
300833b2ddd9014000030001,1,1,1212,-46,1654781175473629,1654781175473629,
300833b2ddd9014000030008,1,1,3020,-44,1654781175474712,1654781175474712,
300833b2ddd9014000030002,1,1,156,-48,1654781175476577,1654781175476577,
300833b2ddd9014000030008,1,1,3028,-44,1654781175506272,1654781175506272,
300833b2ddd9014000030001,1,1,1212,-46,1654781175507628,1654781175507628,
300833b2ddd9014000030009,1,1,2304,-42,1654781175509661,1654781175509661,
300833b2ddd9014000030002,1,1,148,-48,1654781175511939,1654781175511939,
300833b2ddd9014000030002,1,1,168,-48,1654781175514933,1654781175514933,
300833b2ddd9014000030008,1,1,3036,-44,1654781175516229,1654781175516229,
300833b2ddd9014000030009,1,1,2316,-43,1654781175517782,1654781175517782,
300833b2ddd9014000030001,1,1,1200,-46,1654781175519481,1654781175519481,
300833b2ddd9014000030001,1,1,1208,-46,1654781175550656,1654781175550656,
300833b2ddd9014000030009,1,1,2300,-43,1654781175551729,1654781175551729,
300833b2ddd9014000030002,1,1,156,-48,1654781175553066,1654781175553066,
300833b2ddd9014000030008,1,1,3056,-44,1654781175554589,1654781175554589,
300833b2ddd9014000030001,1,1,1224,-46,1654781175559070,1654781175559070,
300833b2ddd9014000030008,1,1,3036,-44,1654781175560791,1654781175560791,
300833b2ddd9014000030009,1,1,2304,-42,1654781175562286,1654781175562286,
300833b2ddd9014000030002,1,1,148,-48,1654781175563747,1654781175563747,
300833b2ddd9014000030008,1,1,3040,-44,1654781175594667,1654781175594667,
300833b2ddd9014000030002,1,1,140,-48,1654781175595739,1654781175595739,
300833b2ddd9014000030001,1,1,1204,-46,1654781175596869,1654781175596869,
300833b2ddd9014000030009,1,1,2320,-42,1654781175597967,1654781175597967,
300833b2ddd9014000030002,1,1,152,-48,1654781175602021,1654781175602021,
300833b2ddd9014000030009,1,1,2316,-42,1654781175603504,1654781175603504,
300833b2ddd9014000030001,1,1,1236,-46,1654781175604592,1654781175604592,
300833b2ddd9014000030008,1,1,3044,-44,1654781175605675,1654781175605675,
300833b2ddd9014000030009,1,1,2324,-42,1654781175636045,1654781175636045,
300833b2ddd9014000030008,1,1,3044,-44,1654781175638464,1654781175638464,
300833b2ddd9014000030002,1,1,160,-48,1654781175639968,1654781175639968,
300833b2ddd9014000030001,1,1,1224,-46,1654781175641002,1654781175641002,
300833b2ddd9014000030002,1,1,152,-48,1654781175643845,1654781175643845,
300833b2ddd9014000030008,1,1,3036,-44,1654781175645774,1654781175645774,
300833b2ddd9014000030001,1,1,1192,-46,1654781175647106,1654781175647106,
300833b2ddd9014000030009,1,1,2308,-43,1654781175648189,1654781175648189,
300833b2ddd9014000030001,1,1,1204,-46,1654781175678628,1654781175678628,
300833b2ddd9014000030002,1,1,160,-48,1654781175680206,1654781175680206,
300833b2ddd9014000030009,1,1,2296,-42,1654781175683276,1654781175683276,
300833b2ddd9014000030008,1,1,3064,-44,1654781175684773,1654781175684773,
300833b2ddd9014000030008,1,1,3040,-44,1654781175687763,1654781175687763,
300833b2ddd9014000030009,1,1,2308,-43,1654781175689185,1654781175689185,
300833b2ddd9014000030001,1,1,1200,-46,1654781175690243,1654781175690243,
300833b2ddd9014000030002,1,1,156,-48,1654781175691355,1654781175691355,
300833b2ddd9014000030009,1,1,2300,-43,1654781175723055,1654781175723055,
300833b2ddd9014000030002,1,1,144,-48,1654781175724138,1654781175724138,
300833b2ddd9014000030008,1,1,3056,-44,1654781175725206,1654781175725206,
300833b2ddd9014000030001,1,1,1196,-46,1654781175726322,1654781175726322,
300833b2ddd9014000030009,1,1,2296,-43,1654781175732022,1654781175732022,
300833b2ddd9014000030001,1,1,1216,-46,1654781175733437,1654781175733437,
300833b2ddd9014000030008,1,1,3048,-44,1654781175734746,1654781175734746,
300833b2ddd9014000030002,1,1,152,-48,1654781175736426,1654781175736426,
300833b2ddd9014000030002,1,1,160,-48,1654781175766365,1654781175766365,
300833b2ddd9014000030001,1,1,1220,-46,1654781175768328,1654781175768328,
300833b2ddd9014000030009,1,1,2304,-43,1654781175769399,1654781175769399,
300833b2ddd9014000030008,1,1,3032,-44,1654781175771052,1654781175771052,
300833b2ddd9014000030009,1,1,2320,-43,1654781175774306,1654781175774306,
300833b2ddd9014000030001,1,1,1204,-46,1654781175775789,1654781175775789,
300833b2ddd9014000030002,1,1,152,-48,1654781175776847,1654781175776847,
300833b2ddd9014000030008,1,1,3036,-44,1654781175777888,1654781175777888,
300833b2ddd9014000030008,1,1,3056,-44,1654781175808609,1654781175808609,
300833b2ddd9014000030002,1,1,152,-48,1654781175809650,1654781175809650,
300833b2ddd9014000030001,1,1,1200,-46,1654781175810695,1654781175810695,
300833b2ddd9014000030009,1,1,2296,-42,1654781175813277,1654781175813277,
300833b2ddd9014000030008,1,1,3040,-44,1654781175817824,1654781175817824,
300833b2ddd9014000030009,1,1,2296,-42,1654781175820026,1654781175820026,
300833b2ddd9014000030001,1,1,1208,-46,1654781175821123,1654781175821123,
300833b2ddd9014000030002,1,1,152,-48,1654781175822575,1654781175822575,
300833b2ddd9014000030002,1,1,152,-48,1654781175856568,1654781175856568,
300833b2ddd9014000030008,1,1,3036,-44,1654781175857849,1654781175857849,
300833b2ddd9014000030009,1,1,2312,-43,1654781175858936,1654781175858936,
300833b2ddd9014000030001,1,1,1196,-46,1654781175860645,1654781175860645,
300833b2ddd9014000030008,1,1,3036,-44,1654781175863735,1654781175863735,
300833b2ddd9014000030002,1,1,164,-48,1654781175865750,1654781175865750,
300833b2ddd9014000030001,1,1,1208,-46,1654781175866838,1654781175866838,
300833b2ddd9014000030009,1,1,2300,-43,1654781175868137,1654781175868137,
300833b2ddd9014000030001,1,1,1196,-46,1654781175900553,1654781175900553,
300833b2ddd9014000030009,1,1,2304,-43,1654781175901654,1654781175901654,
300833b2ddd9014000030002,1,1,168,-48,1654781175903004,1654781175903004,
300833b2ddd9014000030008,1,1,3040,-44,1654781175904332,1654781175904332,
300833b2ddd9014000030009,1,1,2320,-43,1654781175910339,1654781175910339,
300833b2ddd9014000030001,1,1,1200,-46,1654781175912026,1654781175912026,
300833b2ddd9014000030008,1,1,3040,-44,1654781175913138,1654781175913138,
300833b2ddd9014000030002,1,1,148,-48,1654781175914562,1654781175914562,
300833b2ddd9014000030002,1,1,144,-48,1654781175945691,1654781175945691,
300833b2ddd9014000030009,1,1,2304,-42,1654781175947424,1654781175947424,
300833b2ddd9014000030001,1,1,1188,-46,1654781175948737,1654781175948737,
300833b2ddd9014000030008,1,1,3048,-44,1654781175952218,1654781175952218,
300833b2ddd9014000030002,1,1,176,-48,1654781175955753,1654781175955753,
300833b2ddd9014000030001,1,1,1196,-46,1654781175956954,1654781175956954,
300833b2ddd9014000030008,1,1,3040,-44,1654781175958066,1654781175958066,
300833b2ddd9014000030009,1,1,2300,-43,1654781175959152,1654781175959152,
300833b2ddd9014000030009,1,1,2304,-43,1654781175990153,1654781175990153,
300833b2ddd9014000030008,1,1,3040,-44,1654781175991594,1654781175991594,
300833b2ddd9014000030001,1,1,1200,-46,1654781175992681,1654781175992681,
300833b2ddd9014000030002,1,1,152,-48,1654781175994633,1654781175994633,
300833b2ddd9014000030009,1,1,2304,-43,1654781175997929,1654781175997929,
300833b2ddd9014000030008,1,1,3044,-44,1654781175998984,1654781175998984,
300833b2ddd9014000030001,1,1,1200,-47,1654781176000551,1654781176000551,
300833b2ddd9014000030002,1,1,160,-48,1654781176002278,1654781176002278,
300833b2ddd9014000030009,1,1,2312,-43,1654781176033234,1654781176033234,
300833b2ddd9014000030008,1,1,3032,-44,1654781176034545,1654781176034545,
300833b2ddd9014000030001,1,1,1216,-46,1654781176035633,1654781176035633,
300833b2ddd9014000030002,1,1,156,-48,1654781176038292,1654781176038292,
300833b2ddd9014000030008,1,1,3040,-44,1654781176041887,1654781176041887,
300833b2ddd9014000030009,1,1,2328,-43,1654781176044136,1654781176044136,
300833b2ddd9014000030002,1,1,164,-48,1654781176045806,1654781176045806,
300833b2ddd9014000030001,1,1,1204,-46,1654781176046918,1654781176046918,
300833b2ddd9014000030001,1,1,1204,-47,1654781176076638,1654781176076638,
300833b2ddd9014000030009,1,1,2292,-43,1654781176078577,1654781176078577,
300833b2ddd9014000030002,1,1,160,-48,1654781176079701,1654781176079701,
300833b2ddd9014000030008,1,1,3044,-44,1654781176081026,1654781176081026,
300833b2ddd9014000030009,1,1,2296,-43,1654781176084358,1654781176084358,
300833b2ddd9014000030008,1,1,3044,-44,1654781176085696,1654781176085696,
300833b2ddd9014000030002,1,1,152,-48,1654781176087262,1654781176087262,
300833b2ddd9014000030001,1,1,1208,-47,1654781176088974,1654781176088974,
300833b2ddd9014000030008,1,1,3044,-44,1654781176121125,1654781176121125,
300833b2ddd9014000030009,1,1,2320,-43,1654781176122195,1654781176122195,
300833b2ddd9014000030001,1,1,1200,-46,1654781176123239,1654781176123239,
300833b2ddd9014000030002,1,1,144,-48,1654781176124365,1654781176124365,
300833b2ddd9014000030009,1,1,2316,-43,1654781176128148,1654781176128148,
300833b2ddd9014000030001,1,1,1204,-46,1654781176129603,1654781176129603,
300833b2ddd9014000030002,1,1,168,-48,1654781176130688,1654781176130688,
300833b2ddd9014000030008,1,1,3044,-44,1654781176132085,1654781176132085,
300833b2ddd9014000030008,1,1,3056,-44,1654781176162747,1654781176162747,
300833b2ddd9014000030002,1,1,156,-48,1654781176163819,1654781176163819,
300833b2ddd9014000030009,1,1,2296,-43,1654781176164861,1654781176164861,
300833b2ddd9014000030001,1,1,1204,-47,1654781176167351,1654781176167351,