epc,atenda,atendanum,phase,RSS,timestamp,timestamp2,
300833b2ddd9014000030002,1,1,2680,-63,1654696314585986,1654696314585986,
300833b2ddd9014000030009,1,1,2300,-53,1654696314587086,1654696314587086,
300833b2ddd9014000030008,1,1,2028,-58,1654696314592485,1654696314592485,
300833b2ddd9014000030009,1,1,2296,-54,1654696314594426,1654696314594426,
300833b2ddd9014000030002,1,1,2756,-63,1654696314595498,1654696314595498,
300833b2ddd9014000030001,1,1,1544,-71,1654696314597306,1654696314597306,
300833b2ddd9014000030001,1,1,1456,-71,1654696314628853,1654696314628853,
300833b2ddd9014000030008,1,1,2044,-57,1654696314630263,1654696314630263,
300833b2ddd9014000030009,1,1,2336,-54,1654696314631349,1654696314631349,
300833b2ddd9014000030002,1,1,2756,-63,1654696314632479,1654696314632479,
300833b2ddd9014000030009,1,1,2312,-54,1654696314635825,1654696314635825,
300833b2ddd9014000030002,1,1,2600,-63,1654696314637736,1654696314637736,
300833b2ddd9014000030001,1,1,1492,-72,1654696314639095,1654696314639095,
300833b2ddd9014000030008,1,1,2012,-58,1654696314640178,1654696314640178,
300833b2ddd9014000030001,1,1,1480,-70,1654696314670935,1654696314670935,
300833b2ddd9014000030009,1,1,2288,-54,1654696314672004,1654696314672004,
300833b2ddd9014000030008,1,1,2020,-58,1654696314673077,1654696314673077,
300833b2ddd9014000030002,1,1,2632,-63,1654696314674377,1654696314674377,
300833b2ddd9014000030002,1,1,2692,-63,1654696314679107,1654696314679107,
300833b2ddd9014000030009,1,1,2320,-54,1654696314680478,1654696314680478,
300833b2ddd9014000030008,1,1,2012,-58,1654696314681505,1654696314681505,
300833b2ddd9014000030001,1,1,1492,-71,1654696314684002,1654696314684002,
300833b2ddd9014000030002,1,1,2688,-63,1654696314715746,1654696314715746,
300833b2ddd9014000030008,1,1,2028,-57,1654696314716776,1654696314716776,
300833b2ddd9014000030009,1,1,2356,-54,1654696314717891,1654696314717891,
300833b2ddd9014000030001,1,1,1684,-71,1654696314718984,1654696314718984,
300833b2ddd9014000030009,1,1,2316,-54,1654696314722310,1654696314722310,
300833b2ddd9014000030002,1,1,2684,-63,1654696314724288,1654696314724288,
300833b2ddd9014000030008,1,1,2044,-58,1654696314725602,1654696314725602,
300833b2ddd9014000030001,1,1,1624,-71,1654696314731286,1654696314731286,
300833b2ddd9014000030009,1,1,2328,-54,1654696314761555,1654696314761555,
300833b2ddd9014000030008,1,1,2004,-58,1654696314763253,1654696314763253,
300833b2ddd9014000030002,1,1,2652,-63,1654696314764550,1654696314764550,
300833b2ddd9014000030001,1,1,1552,-70,1654696314766036,1654696314766036,
300833b2ddd9014000030008,1,1,2036,-58,1654696314768978,1654696314768978,
300833b2ddd9014000030002,1,1,2736,-63,1654696314770732,1654696314770732,
300833b2ddd9014000030009,1,1,2312,-54,1654696314772058,1654696314772058,
300833b2ddd9014000030001,1,1,1408,-72,1654696314774860,1654696314774860,
300833b2ddd9014000030009,1,1,2392,-54,1654696314804586,1654696314804586,
300833b2ddd9014000030008,1,1,1988,-58,1654696314805657,1654696314805657,
300833b2ddd9014000030002,1,1,2708,-63,1654696314806757,1654696314806757,
300833b2ddd9014000030001,1,1,1576,-71,1654696314807861,1654696314807861,
300833b2ddd9014000030002,1,1,2692,-63,1654696314813310,1654696314813310,
300833b2ddd9014000030008,1,1,1992,-58,1654696314814949,1654696314814949,
300833b2ddd9014000030009,1,1,2332,-54,1654696314816062,1654696314816062,
300833b2ddd9014000030001,1,1,1340,-71,1654696314817750,1654696314817750,
300833b2ddd9014000030008,1,1,2040,-57,1654696314849119,1654696314849119,
300833b2ddd9014000030009,1,1,2344,-54,1654696314850446,1654696314850446,
300833b2ddd9014000030002,1,1,2692,-63,1654696314851658,1654696314851658,
300833b2ddd9014000030001,1,1,1624,-71,1654696314853977,1654696314853977,
300833b2ddd9014000030002,1,1,2688,-63,1654696314856959,1654696314856959,
300833b2ddd9014000030008,1,1,1992,-58,1654696314858899,1654696314858899,
300833b2ddd9014000030009,1,1,2316,-54,1654696314860208,1654696314860208,
300833b2ddd9014000030008,1,1,2052,-58,1654696314891803,1654696314891803,
300833b2ddd9014000030009,1,1,2296,-54,1654696314893130,1654696314893130,
300833b2ddd9014000030002,1,1,2672,-63,1654696314894328,1654696314894328,
300833b2ddd9014000030008,1,1,2008,-58,1654696314897957,1654696314897957,
300833b2ddd9014000030001,1,1,1424,-71,1654696314899189,1654696314899189,
300833b2ddd9014000030009,1,1,2344,-54,1654696314900768,1654696314900768,
300833b2ddd9014000030002,1,1,2692,-63,1654696314902239,1654696314902239,
300833b2ddd9014000030002,1,1,2648,-63,1654696314933037,1654696314933037,
300833b2ddd9014000030001,1,1,1436,-70,1654696314934142,1654696314934142,
300833b2ddd9014000030008,1,1,2024,-58,1654696314935196,1654696314935196,
300833b2ddd9014000030009,1,1,2324,-54,1654696314936237,1654696314936237,
300833b2ddd9014000030002,1,1,2704,-62,1654696314940737,1654696314940737,
300833b2ddd9014000030001,1,1,1640,-71,1654696314942693,1654696314942693,
300833b2ddd9014000030009,1,1,2348,-54,1654696314944215,1654696314944215,
300833b2ddd9014000030008,1,1,2004,-58,1654696314945555,1654696314945555,
300833b2ddd9014000030002,1,1,2776,-62,1654696314976742,1654696314976742,
300833b2ddd9014000030008,1,1,1980,-57,1654696314978495,1654696314978495,
300833b2ddd9014000030009,1,1,2376,-54,1654696314979577,1654696314979577,
300833b2ddd9014000030009,1,1,2320,-54,1654696314984361,1654696314984361,
300833b2ddd9014000030008,1,1,2012,-57,1654696314985488,1654696314985488,
300833b2ddd9014000030002,1,1,2696,-62,1654696314987400,1654696314987400,
300833b2ddd9014000030009,1,1,2300,-54,1654696315017075,1654696315017075,
300833b2ddd9014000030008,1,1,2064,-57,1654696315018103,1654696315018103,
300833b2ddd9014000030002,1,1,2708,-62,1654696315019201,1654696315019201,
300833b2ddd9014000030009,1,1,2324,-53,1654696315025952,1654696315025952,
300833b2ddd9014000030008,1,1,2000,-58,1654696315027021,1654696315027021,
300833b2ddd9014000030002,1,1,2644,-63,1654696315028094,1654696315028094,
300833b2ddd9014000030002,1,1,2672,-62,1654696315059985,1654696315059985,
300833b2ddd9014000030009,1,1,2340,-54,1654696315061070,1654696315061070,
300833b2ddd9014000030008,1,1,2036,-57,1654696315062271,1654696315062271,
300833b2ddd9014000030002,1,1,2600,-62,1654696315070335,1654696315070335,
300833b2ddd9014000030009,1,1,2340,-54,1654696315071828,1654696315071828,
300833b2ddd9014000030008,1,1,2036,-57,1654696315073153,1654696315073153,
300833b2ddd9014000030002,1,1,2656,-63,1654696315103819,1654696315103819,
300833b2ddd9014000030009,1,1,2336,-54,1654696315105369,1654696315105369,
300833b2ddd9014000030008,1,1,1972,-58,1654696315106470,1654696315106470,
300833b2ddd9014000030008,1,1,1964,-58,1654696315114496,1654696315114496,
300833b2ddd9014000030009,1,1,2360,-53,1654696315115920,1654696315115920,
300833b2ddd9014000030002,1,1,2716,-62,1654696315117294,1654696315117294,
300833b2ddd9014000030002,1,1,2720,-62,1654696315149093,1654696315149093,
300833b2ddd9014000030008,1,1,1972,-57,1654696315150220,1654696315150220,
300833b2ddd9014000030009,1,1,2356,-54,1654696315151304,1654696315151304,
300833b2ddd9014000030008,1,1,2052,-57,1654696315154908,1654696315154908,
300833b2ddd9014000030002,1,1,2692,-62,1654696315156023,1654696315156023,
300833b2ddd9014000030009,1,1,2344,-53,1654696315158087,1654696315158087,
300833b2ddd9014000030009,1,1,2332,-53,1654696315381333,1654696315381333,
300833b2ddd9014000030008,1,1,2020,-58,1654696315382658,1654696315382658,
300833b2ddd9014000030002,1,1,2688,-64,1654696315385717,1654696315385717,
300833b2ddd9014000030001,1,1,1496,-71,1654696315387151,1654696315387151,
300833b2ddd9014000030009,1,1,2308,-54,1654696315390469,1654696315390469,
300833b2ddd9014000030008,1,1,2048,-58,1654696315392165,1654696315392165,
300833b2ddd9014000030002,1,1,2664,-63,1654696315393505,1654696315393505,
300833b2ddd9014000030001,1,1,1612,-70,1654696315395302,1654696315395302,
300833b2ddd9014000030009,1,1,2344,-54,1654696315426848,1654696315426848,
300833b2ddd9014000030008,1,1,2028,-57,1654696315427976,1654696315427976,
300833b2ddd9014000030002,1,1,2804,-63,1654696315429320,1654696315429320,
300833b2ddd9014000030001,1,1,1712,-70,1654696315433012,1654696315433012,
300833b2ddd9014000030008,1,1,2032,-58,1654696315436634,1654696315436634,
300833b2ddd9014000030009,1,1,2336,-54,1654696315437748,1654696315437748,
300833b2ddd9014000030002,1,1,2632,-63,1654696315438850,1654696315438850,
300833b2ddd9014000030001,1,1,1548,-71,1654696315440391,1654696315440391,
300833b2ddd9014000030009,1,1,2324,-54,1654696315472708,1654696315472708,
300833b2ddd9014000030008,1,1,2008,-57,1654696315474449,1654696315474449,
300833b2ddd9014000030002,1,1,2696,-63,1654696315476187,1654696315476187,
300833b2ddd9014000030001,1,1,1616,-70,1654696315478028,1654696315478028,
300833b2ddd9014000030002,1,1,2660,-62,1654696315481660,1654696315481660,
300833b2ddd9014000030009,1,1,2328,-54,1654696315482817,1654696315482817,
300833b2ddd9014000030008,1,1,2012,-57,1654696315484153,1654696315484153,
300833b2ddd9014000030001,1,1,1492,-72,1654696315485588,1654696315485588,
300833b2ddd9014000030009,1,1,2336,-54,1654696315516875,1654696315516875,
300833b2ddd9014000030008,1,1,2040,-58,1654696315518386,1654696315518386,
300833b2ddd9014000030002,1,1,2676,-62,1654696315519727,1654696315519727,
300833b2ddd9014000030001,1,1,1588,-72,1654696315523557,1654696315523557,
300833b2ddd9014000030002,1,1,2636,-63,1654696315528322,1654696315528322,
300833b2ddd9014000030009,1,1,2332,-54,1654696315530300,1654696315530300,
300833b2ddd9014000030008,1,1,2076,-57,1654696315531371,1654696315531371,
300833b2ddd9014000030001,1,1,1608,-71,1654696315533531,1654696315533531,
300833b2ddd9014000030002,1,1,2660,-63,1654696315564265,1654696315564265,
300833b2ddd9014000030008,1,1,2060,-57,1654696315565309,1654696315565309,
300833b2ddd9014000030009,1,1,2340,-54,1654696315566407,1654696315566407,
300833b2ddd9014000030001,1,1,1472,-70,1654696315572770,1654696315572770,
300833b2ddd9014000030008,1,1,2028,-57,1654696315576409,1654696315576409,
300833b2ddd9014000030002,1,1,2716,-63,1654696315577506,1654696315577506,
300833b2ddd9014000030009,1,1,2356,-54,1654696315578819,1654696315578819,
300833b2ddd9014000030001,1,1,1448,-70,1654696315582092,1654696315582092,
300833b2ddd9014000030008,1,1,2052,-57,1654696315612393,1654696315612393,
300833b2ddd9014000030002,1,1,2696,-63,1654696315613733,1654696315613733,
300833b2ddd9014000030009,1,1,2348,-54,1654696315615259,1654696315615259,
300833b2ddd9014000030001,1,1,1520,-71,1654696315618171,1654696315618171,
300833b2ddd9014000030008,1,1,2032,-57,1654696315621628,1654696315621628,
300833b2ddd9014000030002,1,1,2644,-63,1654696315622827,1654696315622827,
300833b2ddd9014000030009,1,1,2328,-54,1654696315624168,1654696315624168,
300833b2ddd9014000030001,1,1,1088,-70,1654696315625913,1654696315625913,
300833b2ddd9014000030008,1,1,2048,-57,1654696315655722,1654696315655722,
300833b2ddd9014000030009,1,1,2328,-54,1654696315656794,1654696315656794,
300833b2ddd9014000030002,1,1,2660,-63,1654696315659042,1654696315659042,
300833b2ddd9014000030001,1,1,1500,-71,1654696315662198,1654696315662198,
300833b2ddd9014000030009,1,1,2324,-54,1654696315666261,1654696315666261,
300833b2ddd9014000030008,1,1,2032,-57,1654696315667346,1654696315667346,
300833b2ddd9014000030002,1,1,2640,-62,1654696315669854,1654696315669854,
300833b2ddd9014000030009,1,1,2336,-54,1654696315701214,1654696315701214,
300833b2ddd9014000030008,1,1,2008,-57,1654696315702343,1654696315702343,
300833b2ddd9014000030002,1,1,2552,-63,1654696315704732,1654696315704732,
300833b2ddd9014000030001,1,1,1548,-70,1654696315706883,1654696315706883,
300833b2ddd9014000030008,1,1,2024,-57,1654696315709637,1654696315709637,
300833b2ddd9014000030009,1,1,2320,-54,1654696315711189,1654696315711189,
300833b2ddd9014000030002,1,1,2680,-63,1654696315712515,1654696315712515,
300833b2ddd9014000030001,1,1,1764,-70,1654696315713622,1654696315713622,
300833b2ddd9014000030008,1,1,2044,-57,1654696315745618,1654696315745618,
300833b2ddd9014000030009,1,1,2332,-54,1654696315747395,1654696315747395,
300833b2ddd9014000030002,1,1,2668,-62,1654696315748452,1654696315748452,
300833b2ddd9014000030001,1,1,1692,-68,1654696315749900,1654696315749900,
300833b2ddd9014000030008,1,1,2036,-57,1654696315753157,1654696315753157,
300833b2ddd9014000030002,1,1,2652,-63,1654696315754497,1654696315754497,
300833b2ddd9014000030009,1,1,2356,-54,1654696315757083,1654696315757083,
300833b2ddd9014000030001,1,1,1536,-71,1654696315758784,1654696315758784,
300833b2ddd9014000030002,1,1,2676,-63,1654696315791187,1654696315791187,
300833b2ddd9014000030009,1,1,2324,-54,1654696315792638,1654696315792638,
300833b2ddd9014000030008,1,1,2064,-57,1654696315793737,1654696315793737,
300833b2ddd9014000030001,1,1,1436,-71,1654696315796029,1654696315796029,
300833b2ddd9014000030001,1,1,1696,-69,1654696315799465,1654696315799465,
300833b2ddd9014000030009,1,1,2328,-54,1654696315801255,1654696315801255,
300833b2ddd9014000030002,1,1,2772,-63,1654696315802571,1654696315802571,
300833b2ddd9014000030008,1,1,2024,-58,1654696315803725,1654696315803725,
300833b2ddd9014000030008,1,1,2036,-58,1654696315833706,1654696315833706,
300833b2ddd9014000030002,1,1,2648,-63,1654696315835899,1654696315835899,
300833b2ddd9014000030001,1,1,1668,-70,1654696315836976,1654696315836976,
300833b2ddd9014000030009,1,1,2328,-54,1654696315838044,1654696315838044,
300833b2ddd9014000030002,1,1,2620,-63,1654696315841927,1654696315841927,
300833b2ddd9014000030001,1,1,1856,-71,1654696315844524,1654696315844524,
300833b2ddd9014000030009,1,1,2344,-53,1654696315846172,1654696315846172,
300833b2ddd9014000030008,1,1,2052,-57,1654696315847273,1654696315847273,
300833b2ddd9014000030008,1,1,2072,-57,1654696315877565,1654696315877565,
300833b2ddd9014000030009,1,1,2352,-54,1654696315879528,1654696315879528,
300833b2ddd9014000030002,1,1,2632,-63,1654696315880584,1654696315880584,
300833b2ddd9014000030001,1,1,1720,-71,1654696315881646,1654696315881646,
300833b2ddd9014000030008,1,1,2060,-57,1654696315887172,1654696315887172,
300833b2ddd9014000030009,1,1,2328,-54,1654696315888416,1654696315888416,
300833b2ddd9014000030002,1,1,2640,-62,1654696315890023,1654696315890023,
300833b2ddd9014000030001,1,1,1676,-69,1654696315891268,1654696315891268,
300833b2ddd9014000030009,1,1,2324,-54,1654696315923198,1654696315923198,
300833b2ddd9014000030008,1,1,2044,-57,1654696315924950,1654696315924950,
300833b2ddd9014000030002,1,1,2708,-63,1654696315926065,1654696315926065,
300833b2ddd9014000030001,1,1,1376,-70,1654696315928534,1654696315928534,
300833b2ddd9014000030008,1,1,2012,-57,1654696315931790,1654696315931790,
300833b2ddd9014000030002,1,1,2712,-63,1654696315933474,1654696315933474,
300833b2ddd9014000030009,1,1,2324,-53,1654696315934857,1654696315934857,
300833b2ddd9014000030001,1,1,1588,-69,1654696315936275,1654696315936275,
300833b2ddd9014000030008,1,1,2044,-58,1654696315966215,1654696315966215,
300833b2ddd9014000030002,1,1,2732,-63,1654696315967527,1654696315967527,
300833b2ddd9014000030009,1,1,2328,-54,1654696315968779,1654696315968779,
300833b2ddd9014000030008,1,1,2064,-57,1654696315973528,1654696315973528,
300833b2ddd9014000030009,1,1,2324,-53,1654696315975154,1654696315975154,
300833b2ddd9014000030002,1,1,2692,-63,1654696315976196,1654696315976196,
300833b2ddd9014000030002,1,1,2584,-63,1654696316007983,1654696316007983,
300833b2ddd9014000030009,1,1,2320,-54,1654696316009563,1654696316009563,
300833b2ddd9014000030008,1,1,2056,-58,1654696316010900,1654696316010900,
300833b2ddd9014000030001,1,1,1576,-69,1654696316014134,1654696316014134,
300833b2ddd9014000030008,1,1,2012,-57,1654696316017247,1654696316017247,
300833b2ddd9014000030009,1,1,2336,-54,1654696316018362,1654696316018362,
300833b2ddd9014000030001,1,1,1708,-70,1654696316020476,1654696316020476,
300833b2ddd9014000030002,1,1,2684,-63,1654696316021955,1654696316021955,
300833b2ddd9014000030009,1,1,2352,-54,1654696316052763,1654696316052763,
300833b2ddd9014000030008,1,1,2048,-57,1654696316054375,1654696316054375,
300833b2ddd9014000030002,1,1,2716,-62,1654696316057115,1654696316057115,
300833b2ddd9014000030001,1,1,1528,-69,1654696316063150,1654696316063150,
300833b2ddd9014000030008,1,1,2040,-57,1654696316066414,1654696316066414,
300833b2ddd9014000030009,1,1,2324,-54,1654696316067484,1654696316067484,
300833b2ddd9014000030002,1,1,2664,-62,1654696316068797,1654696316068797,
300833b2ddd9014000030008,1,1,2044,-58,1654696316100861,1654696316100861,
300833b2ddd9014000030002,1,1,2672,-63,1654696316101919,1654696316101919,
300833b2ddd9014000030009,1,1,2320,-54,1654696316103256,1654696316103256,
300833b2ddd9014000030008,1,1,2008,-58,1654696316107959,1654696316107959,
300833b2ddd9014000030009,1,1,2340,-54,1654696316109031,1654696316109031,
300833b2ddd9014000030002,1,1,2612,-62,1654696316110601,1654696316110601,
300833b2ddd9014000030001,1,1,1396,-70,1654696316113052,1654696316113052,
300833b2ddd9014000030009,1,1,2336,-54,1654696316144416,1654696316144416,
300833b2ddd9014000030008,1,1,2008,-57,1654696316145660,1654696316145660,
300833b2ddd9014000030002,1,1,2708,-62,1654696316147255,1654696316147255,
300833b2ddd9014000030001,1,1,1648,-70,1654696316148714,1654696316148714,
300833b2ddd9014000030002,1,1,2664,-62,1654696316151946,1654696316151946,
300833b2ddd9014000030009,1,1,2320,-54,1654696316153061,1654696316153061,
300833b2ddd9014000030008,1,1,2036,-57,1654696316154614,1654696316154614,
300833b2ddd9014000030001,1,1,1488,-70,1654696316157550,1654696316157550,
300833b2ddd9014000030009,1,1,2336,-54,1654696316187688,1654696316187688,
300833b2ddd9014000030008,1,1,2044,-57,1654696316189015,1654696316189015,
300833b2ddd9014000030002,1,1,2716,-63,1654696316190636,1654696316190636,
300833b2ddd9014000030001,1,1,1584,-70,1654696316193994,1654696316193994,
300833b2ddd9014000030002,1,1,2656,-63,1654696316197508,1654696316197508,
300833b2ddd9014000030008,1,1,2032,-57,1654696316199015,1654696316199015,
300833b2ddd9014000030009,1,1,2312,-53,1654696316200400,1654696316200400,
300833b2ddd9014000030001,1,1,1620,-69,1654696316202555,1654696316202555,
300833b2ddd9014000030009,1,1,2328,-54,1654696316232605,1654696316232605,
300833b2ddd9014000030002,1,1,2664,-63,1654696316234274,1654696316234274,
300833b2ddd9014000030008,1,1,2028,-57,1654696316235908,1654696316235908,
300833b2ddd9014000030001,1,1,1488,-71,1654696316237791,1654696316237791,
300833b2ddd9014000030001,1,1,1660,-71,1654696316240536,1654696316240536,
300833b2ddd9014000030002,1,1,2772,-63,1654696316242116,1654696316242116,
300833b2ddd9014000030008,1,1,2084,-57,1654696316243230,1654696316243230,
300833b2ddd9014000030009,1,1,2316,-54,1654696316244852,1654696316244852,
300833b2ddd9014000030008,1,1,2028,-58,1654696316276011,1654696316276011,
300833b2ddd9014000030009,1,1,2316,-54,1654696316277125,1654696316277125,
300833b2ddd9014000030001,1,1,1644,-70,1654696316278456,1654696316278456,
300833b2ddd9014000030002,1,1,2696,-63,1654696316281724,1654696316281724,
300833b2ddd9014000030002,1,1,2756,-63,1654696316284986,1654696316284986,
300833b2ddd9014000030008,1,1,2044,-58,1654696316286099,1654696316286099,
300833b2ddd9014000030009,1,1,2356,-54,1654696316287867,1654696316287867,
300833b2ddd9014000030001,1,1,1544,-70,1654696316290229,1654696316290229,
300833b2ddd9014000030002,1,1,2616,-63,1654696316320215,1654696316320215,
300833b2ddd9014000030009,1,1,2320,-54,1654696316322188,1654696316322188,
300833b2ddd9014000030008,1,1,2040,-58,1654696316323488,1654696316323488,
300833b2ddd9014000030001,1,1,1636,-71,1654696316324946,1654696316324946,
300833b2ddd9014000030002,1,1,2604,-63,1654696316327675,1654696316327675,
300833b2ddd9014000030009,1,1,2340,-54,1654696316329596,1654696316329596,
300833b2ddd9014000030008,1,1,2020,-57,1654696316331531,1654696316331531,
300833b2ddd9014000030001,1,1,1604,-71,1654696316332651,1654696316332651,
300833b2ddd9014000030008,1,1,2056,-57,1654696316363041,1654696316363041,
300833b2ddd9014000030009,1,1,2328,-54,1654696316364738,1654696316364738,
300833b2ddd9014000030002,1,1,2644,-63,1654696316365837,1654696316365837,
300833b2ddd9014000030001,1,1,1440,-70,1654696316367283,1654696316367283,
300833b2ddd9014000030009,1,1,2320,-54,1654696316371153,1654696316371153,
300833b2ddd9014000030008,1,1,2040,-58,1654696316372192,1654696316372192,
300833b2ddd9014000030002,1,1,2672,-63,1654696316373506,1654696316373506,
300833b2ddd9014000030001,1,1,1512,-70,1654696316377336,1654696316377336,
300833b2ddd9014000030009,1,1,2336,-54,1654696316407447,1654696316407447,
300833b2ddd9014000030002,1,1,2664,-63,1654696316408517,1654696316408517,
300833b2ddd9014000030008,1,1,2052,-58,1654696316409602,1654696316409602,
300833b2ddd9014000030001,1,1,1268,-69,1654696316413087,1654696316413087,
300833b2ddd9014000030002,1,1,2668,-63,1654696316416406,1654696316416406,
300833b2ddd9014000030008,1,1,2044,-58,1654696316417861,1654696316417861,
300833b2ddd9014000030009,1,1,2324,-54,1654696316419400,1654696316419400,
300833b2ddd9014000030001,1,1,1720,-71,1654696316424231,1654696316424231,
300833b2ddd9014000030002,1,1,2604,-63,1654696316454466,1654696316454466,
300833b2ddd9014000030009,1,1,2336,-54,1654696316455520,1654696316455520,
300833b2ddd9014000030008,1,1,2024,-58,1654696316456817,1654696316456817,
300833b2ddd9014000030001,1,1,1816,-69,1654696316457823,1654696316457823,
300833b2ddd9014000030002,1,1,2712,-62,1654696316463005,1654696316463005,
300833b2ddd9014000030008,1,1,2020,-57,1654696316464246,1654696316464246,
300833b2ddd9014000030009,1,1,2304,-54,1654696316465333,1654696316465333,
300833b2ddd9014000030001,1,1,1676,-71,1654696316468758,1654696316468758,
300833b2ddd9014000030009,1,1,2300,-54,1654696316498973,1654696316498973,
300833b2ddd9014000030002,1,1,2628,-63,1654696316500653,1654696316500653,
300833b2ddd9014000030008,1,1,2032,-58,1654696316501765,1654696316501765,
300833b2ddd9014000030001,1,1,1472,-71,1654696316502871,1654696316502871,
300833b2ddd9014000030008,1,1,2020,-58,1654696316507573,1654696316507573,
300833b2ddd9014000030009,1,1,2320,-54,1654696316508674,1654696316508674,
300833b2ddd9014000030002,1,1,2628,-63,1654696316510408,1654696316510408,
300833b2ddd9014000030001,1,1,1680,-71,1654696316512452,1654696316512452,
300833b2ddd9014000030009,1,1,2328,-54,1654696316542387,1654696316542387,
300833b2ddd9014000030002,1,1,2736,-63,1654696316544594,1654696316544594,
300833b2ddd9014000030008,1,1,2068,-58,1654696316545691,1654696316545691,
300833b2ddd9014000030001,1,1,1656,-71,1654696316548393,1654696316548393,
300833b2ddd9014000030002,1,1,2688,-63,1654696316551110,1654696316551110,
300833b2ddd9014000030009,1,1,2336,-54,1654696316552223,1654696316552223,
300833b2ddd9014000030008,1,1,2040,-58,1654696316554480,1654696316554480,
300833b2ddd9014000030001,1,1,1516,-72,1654696316556184,1654696316556184,
300833b2ddd9014000030008,1,1,2060,-58,1654696316588095,1654696316588095,
300833b2ddd9014000030009,1,1,2356,-54,1654696316589418,1654696316589418,
300833b2ddd9014000030002,1,1,2736,-63,1654696316590605,1654696316590605,
300833b2ddd9014000030001,1,1,1576,-70,1654696316592079,1654696316592079,
300833b2ddd9014000030009,1,1,2320,-54,1654696316595184,1654696316595184,
300833b2ddd9014000030001,1,1,1588,-71,1654696316596929,1654696316596929,
300833b2ddd9014000030002,1,1,2736,-64,1654696316598013,1654696316598013,
300833b2ddd9014000030008,1,1,2068,-58,1654696316599379,1654696316599379,
300833b2ddd9014000030002,1,1,2636,-63,1654696316629936,1654696316629936,
300833b2ddd9014000030009,1,1,2316,-54,1654696316631051,1654696316631051,
300833b2ddd9014000030008,1,1,2044,-58,1654696316632912,1654696316632912,
300833b2ddd9014000030001,1,1,1548,-70,1654696316635467,1654696316635467,
300833b2ddd9014000030008,1,1,2044,-58,1654696316638430,1654696316638430,
300833b2ddd9014000030009,1,1,2352,-54,1654696316639533,1654696316639533,
300833b2ddd9014000030002,1,1,2676,-63,1654696316641326,1654696316641326,
300833b2ddd9014000030001,1,1,1684,-70,1654696316643934,1654696316643934,
300833b2ddd9014000030001,1,1,1664,-70,1654696316674852,1654696316674852,
300833b2ddd9014000030008,1,1,2052,-58,1654696316675933,1654696316675933,
300833b2ddd9014000030009,1,1,2332,-53,1654696316677007,1654696316677007,
300833b2ddd9014000030002,1,1,2608,-63,1654696316678519,1654696316678519,
300833b2ddd9014000030001,1,1,1716,-70,1654696316681942,1654696316681942,
300833b2ddd9014000030002,1,1,2604,-64,1654696316683367,1654696316683367,
300833b2ddd9014000030009,1,1,2300,-54,1654696316684438,1654696316684438,
300833b2ddd9014000030008,1,1,2068,-57,1654696316685747,1654696316685747,
300833b2ddd9014000030008,1,1,2008,-57,1654696316716110,1654696316716110,
300833b2ddd9014000030009,1,1,2348,-54,1654696316717674,1654696316717674,
300833b2ddd9014000030002,1,1,2712,-64,1654696316718776,1654696316718776,
300833b2ddd9014000030001,1,1,1676,-70,1654696316719851,1654696316719851,
300833b2ddd9014000030009,1,1,2324,-53,1654696316724780,1654696316724780,
300833b2ddd9014000030001,1,1,1652,-70,1654696316725870,1654696316725870,
300833b2ddd9014000030008,1,1,2040,-57,1654696316727221,1654696316727221,
300833b2ddd9014000030002,1,1,2572,-64,1654696316729146,1654696316729146,
300833b2ddd9014000030008,1,1,2032,-57,1654696316760009,1654696316760009,
300833b2ddd9014000030009,1,1,2308,-53,1654696316762229,1654696316762229,
300833b2ddd9014000030002,1,1,2704,-65,1654696316763303,1654696316763303,
300833b2ddd9014000030001,1,1,1440,-69,1654696316764958,1654696316764958,
300833b2ddd9014000030009,1,1,2308,-53,1654696316767745,1654696316767745,
300833b2ddd9014000030008,1,1,2024,-56,1654696316769099,1654696316769099,
300833b2ddd9014000030001,1,1,1484,-70,1654696316770671,1654696316770671,
300833b2ddd9014000030002,1,1,2532,-64,1654696316773235,1654696316773235,
300833b2ddd9014000030008,1,1,2008,-57,1654696316803262,1654696316803262,
300833b2ddd9014000030009,1,1,2300,-53,1654696316804308,1654696316804308,
300833b2ddd9014000030002,1,1,2548,-64,1654696316806302,1654696316806302,
300833b2ddd9014000030001,1,1,1528,-69,1654696316808645,1654696316808645,
300833b2ddd9014000030008,1,1,2012,-57,1654696316812735,1654696316812735,
300833b2ddd9014000030009,1,1,2272,-54,1654696316813822,1654696316813822,
300833b2ddd9014000030001,1,1,1468,-70,1654696316814913,1654696316814913,
300833b2ddd9014000030002,1,1,2548,-64,1654696316816325,1654696316816325,
300833b2ddd9014000030002,1,1,2544,-64,1654696316846256,1654696316846256,
300833b2ddd9014000030009,1,1,2260,-53,1654696316847297,1654696316847297,
300833b2ddd9014000030008,1,1,1960,-57,1654696316848383,1654696316848383,
300833b2ddd9014000030001,1,1,1368,-71,1654696316851314,1654696316851314,
300833b2ddd9014000030008,1,1,1940,-57,1654696316855559,1654696316855559,
300833b2ddd9014000030009,1,1,2260,-53,1654696316856657,1654696316856657,
300833b2ddd9014000030001,1,1,1336,-71,1654696316857960,1654696316857960,
300833b2ddd9014000030002,1,1,2632,-64,1654696316859271,1654696316859271,
300833b2ddd9014000030008,1,1,1900,-56,1654696316891089,1654696316891089,
300833b2ddd9014000030009,1,1,2212,-53,1654696316892530,1654696316892530,
300833b2ddd9014000030002,1,1,2624,-63,1654696316893603,1654696316893603,
300833b2ddd9014000030001,1,1,1228,-70,1654696316895611,1654696316895611,
300833b2ddd9014000030008,1,1,1920,-56,1654696316898431,1654696316898431,
300833b2ddd9014000030009,1,1,2228,-53,1654696316900633,1654696316900633,
300833b2ddd9014000030002,1,1,2648,-63,1654696316901693,1654696316901693,
300833b2ddd9014000030001,1,1,1112,-71,1654696316903381,1654696316903381,
300833b2ddd9014000030009,1,1,2212,-54,1654696316933122,1654696316933122,
300833b2ddd9014000030002,1,1,2700,-62,1654696316934434,1654696316934434,
300833b2ddd9014000030008,1,1,1924,-56,1654696316936213,1654696316936213,
300833b2ddd9014000030001,1,1,1052,-74,1654696316939288,1654696316939288,
300833b2ddd9014000030008,1,1,1900,-56,1654696316942547,1654696316942547,
300833b2ddd9014000030009,1,1,2236,-53,1654696316944200,1654696316944200,
300833b2ddd9014000030002,1,1,2744,-62,1654696316945483,1654696316945483,
300833b2ddd9014000030009,1,1,2220,-53,1654696316975697,1654696316975697,
300833b2ddd9014000030008,1,1,1968,-57,1654696316977051,1654696316977051,
300833b2ddd9014000030002,1,1,2852,-61,1654696316979086,1654696316979086,
300833b2ddd9014000030002,1,1,2836,-61,1654696316983504,1654696316983504,
300833b2ddd9014000030008,1,1,1928,-57,1654696316985185,1654696316985185,
300833b2ddd9014000030009,1,1,2244,-53,1654696316986301,1654696316986301,
300833b2ddd9014000030008,1,1,1900,-57,1654696317017759,1654696317017759,
300833b2ddd9014000030002,1,1,2832,-60,1654696317018901,1654696317018901,
300833b2ddd9014000030009,1,1,2288,-54,1654696317020469,1654696317020469,
300833b2ddd9014000030008,1,1,1940,-57,1654696317024012,1654696317024012,
300833b2ddd9014000030009,1,1,2276,-54,1654696317025353,1654696317025353,
300833b2ddd9014000030002,1,1,2836,-61,1654696317028027,1654696317028027,
300833b2ddd9014000030002,1,1,2820,-61,1654696317058878,1654696317058878,
300833b2ddd9014000030009,1,1,2284,-54,1654696317061423,1654696317061423,
300833b2ddd9014000030008,1,1,1940,-58,1654696317062508,1654696317062508,
300833b2ddd9014000030009,1,1,2292,-54,1654696317065203,1654696317065203,
300833b2ddd9014000030002,1,1,2872,-61,1654696317066545,1654696317066545,
300833b2ddd9014000030008,1,1,1908,-57,1654696317068122,1654696317068122,
300833b2ddd9014000030002,1,1,2796,-62,1654696317100149,1654696317100149,
300833b2ddd9014000030008,1,1,1864,-58,1654696317101246,1654696317101246,
300833b2ddd9014000030009,1,1,2252,-54,1654696317102348,1654696317102348,
300833b2ddd9014000030008,1,1,1872,-57,1654696317107245,1654696317107245,
300833b2ddd9014000030002,1,1,2776,-62,1654696317109353,1654696317109353,
300833b2ddd9014000030009,1,1,2280,-54,1654696317110424,1654696317110424,
300833b2ddd9014000030009,1,1,2300,-54,1654696317143278,1654696317143278,
300833b2ddd9014000030002,1,1,2788,-63,1654696317144718,1654696317144718,
300833b2ddd9014000030008,1,1,1836,-57,1654696317146042,1654696317146042,
300833b2ddd9014000030009,1,1,2272,-54,1654696317149585,1654696317149585,
300833b2ddd9014000030002,1,1,2772,-62,1654696317151282,1654696317151282,
300833b2ddd9014000030008,1,1,1788,-58,1654696317152383,1654696317152383,
300833b2ddd9014000030002,1,1,2832,-62,1654696317183266,1654696317183266,
300833b2ddd9014000030009,1,1,2332,-54,1654696317184381,1654696317184381,
300833b2ddd9014000030008,1,1,1844,-58,1654696317186659,1654696317186659,
300833b2ddd9014000030009,1,1,2308,-54,1654696317191136,1654696317191136,
300833b2ddd9014000030008,1,1,1796,-58,1654696317192265,1654696317192265,
300833b2ddd9014000030002,1,1,2776,-62,1654696317194684,1654696317194684,
300833b2ddd9014000030008,1,1,1824,-58,1654696317228901,1654696317228901,
300833b2ddd9014000030009,1,1,2268,-54,1654696317230856,1654696317230856,
300833b2ddd9014000030002,1,1,2856,-62,1654696317232297,1654696317232297,
300833b2ddd9014000030008,1,1,1824,-58,1654696317235731,1654696317235731,
300833b2ddd9014000030009,1,1,2312,-54,1654696317237157,1654696317237157,
300833b2ddd9014000030002,1,1,2832,-62,1654696317238486,1654696317238486,
300833b2ddd9014000030002,1,1,2940,-61,1654696317269390,1654696317269390,
300833b2ddd9014000030008,1,1,1816,-58,1654696317270714,1654696317270714,
300833b2ddd9014000030009,1,1,2308,-54,1654696317271839,1654696317271839,
300833b2ddd9014000030009,1,1,2328,-54,1654696317276813,1654696317276813,
300833b2ddd9014000030002,1,1,2784,-61,1654696317278096,1654696317278096,
300833b2ddd9014000030008,1,1,1828,-58,1654696317279367,1654696317279367,
300833b2ddd9014000030009,1,1,2320,-54,1654696317311718,1654696317311718,
300833b2ddd9014000030002,1,1,2780,-61,1654696317312788,1654696317312788,
300833b2ddd9014000030008,1,1,1844,-58,1654696317315264,1654696317315264,
300833b2ddd9014000030009,1,1,2320,-54,1654696317319612,1654696317319612,
300833b2ddd9014000030002,1,1,2820,-61,1654696317320714,1654696317320714,
300833b2ddd9014000030008,1,1,1880,-58,1654696317323942,1654696317323942,
300833b2ddd9014000030009,1,1,2344,-53,1654696317353843,1654696317353843,
300833b2ddd9014000030008,1,1,1808,-58,1654696317356051,1654696317356051,
300833b2ddd9014000030002,1,1,2744,-60,1654696317357121,1654696317357121,
300833b2ddd9014000030008,1,1,1864,-58,1654696317360399,1654696317360399,
300833b2ddd9014000030002,1,1,2788,-60,1654696317362322,1654696317362322,
300833b2ddd9014000030009,1,1,2352,-53,1654696317363663,1654696317363663,
300833b2ddd9014000030009,1,1,2360,-54,1654696317395221,1654696317395221,
300833b2ddd9014000030002,1,1,2788,-60,1654696317396281,1654696317396281,
300833b2ddd9014000030008,1,1,1864,-59,1654696317398289,1654696317398289,
300833b2ddd9014000030002,1,1,2748,-60,1654696317401073,1654696317401073,
300833b2ddd9014000030008,1,1,1848,-58,1654696317402584,1654696317402584,
300833b2ddd9014000030009,1,1,2360,-54,1654696317404121,1654696317404121,
300833b2ddd9014000030002,1,1,2784,-60,1654696317436293,1654696317436293,
300833b2ddd9014000030008,1,1,1900,-59,1654696317437464,1654696317437464,
300833b2ddd9014000030009,1,1,2420,-54,1654696317438748,1654696317438748,
300833b2ddd9014000030002,1,1,2836,-60,1654696317442558,1654696317442558,
300833b2ddd9014000030008,1,1,1880,-59,1654696317444268,1654696317444268,
300833b2ddd9014000030009,1,1,2396,-54,1654696317445821,1654696317445821,
300833b2ddd9014000030009,1,1,2396,-55,1654696317476289,1654696317476289,
300833b2ddd9014000030002,1,1,2824,-60,1654696317477359,1654696317477359,
300833b2ddd9014000030008,1,1,1960,-59,1654696317479430,1654696317479430,
300833b2ddd9014000030002,1,1,2816,-60,1654696317484011,1654696317484011,
300833b2ddd9014000030009,1,1,2436,-54,1654696317485978,1654696317485978,
300833b2ddd9014000030008,1,1,1956,-60,1654696317487675,1654696317487675,
300833b2ddd9014000030008,1,1,1968,-60,1654696317518062,1654696317518062,
300833b2ddd9014000030002,1,1,2892,-60,1654696317519161,1654696317519161,
300833b2ddd9014000030009,1,1,2436,-54,1654696317520262,1654696317520262,
300833b2ddd9014000030002,1,1,2964,-60,1654696317525148,1654696317525148,
300833b2ddd9014000030009,1,1,2436,-55,1654696317526667,1654696317526667,
300833b2ddd9014000030008,1,1,1936,-61,1654696317527770,1654696317527770,
300833b2ddd9014000030009,1,1,2460,-55,1654696317559512,1654696317559512,
300833b2ddd9014000030008,1,1,1972,-61,1654696317561091,1654696317561091,
300833b2ddd9014000030002,1,1,2880,-61,1654696317562914,1654696317562914,
300833b2ddd9014000030009,1,1,2432,-55,1654696317567867,1654696317567867,
300833b2ddd9014000030008,1,1,1956,-62,1654696317569082,1654696317569082,
300833b2ddd9014000030002,1,1,2908,-60,1654696317570152,1654696317570152,
300833b2ddd9014000030008,1,1,1988,-61,1654696317601242,1654696317601242,
300833b2ddd9014000030002,1,1,2956,-60,1654696317602925,1654696317602925,
300833b2ddd9014000030009,1,1,2472,-54,1654696317604280,1654696317604280,
300833b2ddd9014000030009,1,1,2428,-55,1654696317608301,1654696317608301,
300833b2ddd9014000030002,1,1,2924,-61,1654696317609757,1654696317609757,
300833b2ddd9014000030008,1,1,2040,-61,1654696317610829,1654696317610829,
300833b2ddd9014000030009,1,1,2448,-54,1654696317642419,1654696317642419,
300833b2ddd9014000030002,1,1,2928,-61,1654696317643531,1654696317643531,
300833b2ddd9014000030008,1,1,1988,-62,1654696317644588,1654696317644588,
300833b2ddd9014000030008,1,1,1992,-62,1654696317648357,1654696317648357,
300833b2ddd9014000030009,1,1,2444,-54,1654696317649413,1654696317649413,
300833b2ddd9014000030002,1,1,2892,-61,1654696317650513,1654696317650513,
300833b2ddd9014000030008,1,1,2012,-62,1654696317682392,1654696317682392,
300833b2ddd9014000030002,1,1,2960,-61,1654696317683701,1654696317683701,
300833b2ddd9014000030009,1,1,2460,-54,1654696317685720,1654696317685720,
300833b2ddd9014000030002,1,1,2908,-61,1654696317690020,1654696317690020,
300833b2ddd9014000030008,1,1,2008,-62,1654696317691546,1654696317691546,
300833b2ddd9014000030009,1,1,2428,-54,1654696317692915,1654696317692915,
300833b2ddd9014000030009,1,1,2508,-54,1654696317724885,1654696317724885,
300833b2ddd9014000030008,1,1,2048,-62,1654696317726539,1654696317726539,
300833b2ddd9014000030002,1,1,2940,-61,1654696317728719,1654696317728719,
300833b2ddd9014000030002,1,1,2892,-61,1654696317731420,1654696317731420,
300833b2ddd9014000030009,1,1,2496,-54,1654696317732987,1654696317732987,
300833b2ddd9014000030008,1,1,2024,-62,1654696317735151,1654696317735151,
300833b2ddd9014000030009,1,1,2512,-54,1654696317766367,1654696317766367,
300833b2ddd9014000030008,1,1,2040,-62,1654696317767508,1654696317767508,
300833b2ddd9014000030002,1,1,2960,-61,1654696317769045,1654696317769045,
300833b2ddd9014000030008,1,1,2000,-62,1654696317774457,1654696317774457,
300833b2ddd9014000030009,1,1,2528,-54,1654696317776139,1654696317776139,
300833b2ddd9014000030002,1,1,2924,-61,1654696317777579,1654696317777579,
300833b2ddd9014000030008,1,1,2064,-62,1654696317808353,1654696317808353,
300833b2ddd9014000030002,1,1,3024,-61,1654696317809552,1654696317809552,
300833b2ddd9014000030009,1,1,2508,-54,1654696317810919,1654696317810919,
300833b2ddd9014000030008,1,1,2120,-62,1654696317814938,1654696317814938,
300833b2ddd9014000030002,1,1,2936,-61,1654696317815967,1654696317815967,
300833b2ddd9014000030009,1,1,2512,-55,1654696317817266,1654696317817266,
300833b2ddd9014000030002,1,1,2908,-61,1654696317849421,1654696317849421,
300833b2ddd9014000030008,1,1,2140,-62,1654696317851740,1654696317851740,
300833b2ddd9014000030009,1,1,2532,-55,1654696317852799,1654696317852799,
300833b2ddd9014000030008,1,1,2132,-62,1654696317855491,1654696317855491,
300833b2ddd9014000030009,1,1,2528,-55,1654696317856817,1654696317856817,
300833b2ddd9014000030002,1,1,3048,-62,1654696317858655,1654696317858655,
300833b2ddd9014000030008,1,1,2116,-62,1654696317890057,1654696317890057,
300833b2ddd9014000030002,1,1,2972,-61,1654696317891382,1654696317891382,
300833b2ddd9014000030009,1,1,2548,-54,1654696317893147,1654696317893147,
300833b2ddd9014000030002,1,1,3028,-61,1654696317897527,1654696317897527,
300833b2ddd9014000030008,1,1,2132,-62,1654696317898847,1654696317898847,
300833b2ddd9014000030009,1,1,2552,-55,1654696317900899,1654696317900899,
300833b2ddd9014000030008,1,1,2148,-62,1654696317932377,1654696317932377,
300833b2ddd9014000030009,1,1,2552,-55,1654696317933464,1654696317933464,
300833b2ddd9014000030002,1,1,2996,-62,1654696317935241,1654696317935241,
300833b2ddd9014000030002,1,1,2996,-62,1654696317940314,1654696317940314,
300833b2ddd9014000030008,1,1,2192,-62,1654696317941727,1654696317941727,
300833b2ddd9014000030009,1,1,2572,-54,1654696317943068,1654696317943068,
300833b2ddd9014000030008,1,1,2092,-62,1654696317973912,1654696317973912,
300833b2ddd9014000030009,1,1,2532,-55,1654696317975594,1654696317975594,
300833b2ddd9014000030002,1,1,2992,-62,1654696317976936,1654696317976936,
300833b2ddd9014000030009,1,1,2524,-55,1654696317980485,1654696317980485,
300833b2ddd9014000030002,1,1,3028,-62,1654696317986668,1654696317986668,
300833b2ddd9014000030008,1,1,2148,-62,1654696317987751,1654696317987751,
300833b2ddd9014000030008,1,1,2124,-62,1654696318018244,1654696318018244,
300833b2ddd9014000030002,1,1,3028,-61,1654696318019699,1654696318019699,
300833b2ddd9014000030009,1,1,2568,-55,1654696318020784,1654696318020784,
300833b2ddd9014000030008,1,1,2128,-63,1654696318024364,1654696318024364,
300833b2ddd9014000030009,1,1,2540,-54,1654696318026271,1654696318026271,
300833b2ddd9014000030002,1,1,2972,-62,1654696318027572,1654696318027572,
300833b2ddd9014000030002,1,1,2916,-62,1654696318059307,1654696318059307,
300833b2ddd9014000030009,1,1,2544,-54,1654696318060407,1654696318060407,
300833b2ddd9014000030008,1,1,2156,-62,1654696318061494,1654696318061494,
300833b2ddd9014000030002,1,1,2940,-62,1654696318065510,1654696318065510,
300833b2ddd9014000030008,1,1,2168,-63,1654696318066534,1654696318066534,
300833b2ddd9014000030009,1,1,2560,-54,1654696318068092,1654696318068092,
300833b2ddd9014000030008,1,1,2156,-62,1654696318099552,1654696318099552,
300833b2ddd9014000030009,1,1,2544,-55,1654696318102356,1654696318102356,
300833b2ddd9014000030002,1,1,2944,-61,1654696318103783,1654696318103783,
300833b2ddd9014000030009,1,1,2540,-55,1654696318106740,1654696318106740,
300833b2ddd9014000030002,1,1,2980,-61,1654696318108067,1654696318108067,
300833b2ddd9014000030008,1,1,2140,-62,1654696318109616,1654696318109616,
300833b2ddd9014000030009,1,1,2584,-55,1654696318142385,1654696318142385,
300833b2ddd9014000030002,1,1,2972,-62,1654696318143484,1654696318143484,
300833b2ddd9014000030008,1,1,2152,-62,1654696318144796,1654696318144796,
300833b2ddd9014000030002,1,1,2936,-62,1654696318148335,1654696318148335,
300833b2ddd9014000030009,1,1,2540,-55,1654696318149960,1654696318149960,
300833b2ddd9014000030008,1,1,2156,-62,1654696318151511,1654696318151511,
300833b2ddd9014000030008,1,1,2128,-62,1654696318183022,1654696318183022,
300833b2ddd9014000030002,1,1,2932,-61,1654696318184392,1654696318184392,
300833b2ddd9014000030009,1,1,2560,-55,1654696318185462,1654696318185462,
300833b2ddd9014000030009,1,1,2540,-54,1654696318189079,1654696318189079,
300833b2ddd9014000030008,1,1,2120,-61,1654696318190132,1654696318190132,
300833b2ddd9014000030002,1,1,3056,-62,1654696318191675,1654696318191675,
300833b2ddd9014000030008,1,1,2216,-62,1654696318223347,1654696318223347,
300833b2ddd9014000030009,1,1,2564,-54,1654696318224928,1654696318224928,
300833b2ddd9014000030002,1,1,2964,-61,1654696318228197,1654696318228197,
300833b2ddd9014000030009,1,1,2568,-55,1654696318231416,1654696318231416,
300833b2ddd9014000030002,1,1,2896,-61,1654696318232516,1654696318232516,
300833b2ddd9014000030008,1,1,2272,-62,1654696318234167,1654696318234167,
300833b2ddd9014000030009,1,1,2576,-55,1654696318265850,1654696318265850,
300833b2ddd9014000030008,1,1,2152,-62,1654696318270114,1654696318270114,
300833b2ddd9014000030002,1,1,2996,-61,1654696318271186,1654696318271186,
300833b2ddd9014000030002,1,1,2992,-62,1654696318274155,1654696318274155,
300833b2ddd9014000030009,1,1,2556,-55,1654696318276333,1654696318276333,
300833b2ddd9014000030008,1,1,2136,-62,1654696318277475,1654696318277475,
300833b2ddd9014000030009,1,1,2560,-55,1654696318309469,1654696318309469,
300833b2ddd9014000030002,1,1,2964,-62,1654696318310849,1654696318310849,
300833b2ddd9014000030008,1,1,2148,-62,1654696318312686,1654696318312686,
300833b2ddd9014000030009,1,1,2556,-54,1654696318317554,1654696318317554,
300833b2ddd9014000030002,1,1,2928,-61,1654696318319548,1654696318319548,
300833b2ddd9014000030008,1,1,2096,-62,1654696318320947,1654696318320947,
300833b2ddd9014000030008,1,1,2184,-62,1654696318351613,1654696318351613,
300833b2ddd9014000030002,1,1,2960,-61,1654696318352927,1654696318352927,
300833b2ddd9014000030009,1,1,2552,-54,1654696318354252,1654696318354252,
300833b2ddd9014000030009,1,1,2564,-54,1654696318360281,1654696318360281,
300833b2ddd9014000030002,1,1,2960,-62,1654696318361380,1654696318361380,
300833b2ddd9014000030008,1,1,2176,-62,1654696318363128,1654696318363128,
300833b2ddd9014000030009,1,1,2552,-54,1654696318393170,1654696318393170,
300833b2ddd9014000030002,1,1,2928,-61,1654696318394453,1654696318394453,
300833b2ddd9014000030008,1,1,2180,-61,1654696318396291,1654696318396291,
300833b2ddd9014000030009,1,1,2548,-54,1654696318400463,1654696318400463,
300833b2ddd9014000030008,1,1,2220,-62,1654696318401505,1654696318401505,
300833b2ddd9014000030002,1,1,3012,-61,1654696318404379,1654696318404379,
300833b2ddd9014000030009,1,1,2540,-55,1654696318439488,1654696318439488,
300833b2ddd9014000030002,1,1,2952,-61,1654696318440573,1654696318440573,
300833b2ddd9014000030008,1,1,2168,-62,1654696318441925,1654696318441925,
300833b2ddd9014000030008,1,1,2180,-62,1654696318445252,1654696318445252,
300833b2ddd9014000030009,1,1,2552,-54,1654696318446589,1654696318446589,
300833b2ddd9014000030002,1,1,2884,-61,1654696318449887,1654696318449887,
300833b2ddd9014000030009,1,1,2540,-54,1654696318481199,1654696318481199,
300833b2ddd9014000030008,1,1,2208,-62,1654696318482497,1654696318482497,
300833b2ddd9014000030002,1,1,2932,-61,1654696318484959,1654696318484959,
300833b2ddd9014000030009,1,1,2528,-55,1654696318488769,1654696318488769,
300833b2ddd9014000030008,1,1,2244,-62,1654696318491271,1654696318491271,
300833b2ddd9014000030002,1,1,2952,-61,1654696318492352,1654696318492352,
300833b2ddd9014000030002,1,1,2940,-61,1654696318522933,1654696318522933,
300833b2ddd9014000030009,1,1,2528,-54,1654696318524316,1654696318524316,
300833b2ddd9014000030008,1,1,2208,-62,1654696318526093,1654696318526093,
300833b2ddd9014000030009,1,1,2552,-54,1654696318530909,1654696318530909,
300833b2ddd9014000030002,1,1,2972,-61,1654696318532859,1654696318532859,
300833b2ddd9014000030008,1,1,2152,-62,1654696318533932,1654696318533932,
300833b2ddd9014000030009,1,1,2548,-54,1654696318564760,1654696318564760,
300833b2ddd9014000030002,1,1,2932,-62,1654696318566233,1654696318566233,
300833b2ddd9014000030008,1,1,2116,-62,1654696318567377,1654696318567377,
300833b2ddd9014000030002,1,1,2936,-61,1654696318571145,1654696318571145,
300833b2ddd9014000030009,1,1,2540,-54,1654696318573081,1654696318573081,
300833b2ddd9014000030008,1,1,2220,-62,1654696318575064,1654696318575064,
300833b2ddd9014000030009,1,1,2504,-54,1654696318605438,1654696318605438,
300833b2ddd9014000030008,1,1,2184,-62,1654696318606540,1654696318606540,
300833b2ddd9014000030002,1,1,2912,-61,1654696318607853,1654696318607853,
300833b2ddd9014000030009,1,1,2552,-54,1654696318612715,1654696318612715,
300833b2ddd9014000030008,1,1,2176,-61,1654696318614675,1654696318614675,
300833b2ddd9014000030002,1,1,2960,-61,1654696318615805,1654696318615805,
300833b2ddd9014000030002,1,1,2932,-61,1654696318649662,1654696318649662,
300833b2ddd9014000030009,1,1,2532,-54,1654696318650717,1654696318650717,
300833b2ddd9014000030008,1,1,2224,-61,1654696318651947,1654696318651947,
300833b2ddd9014000030008,1,1,2168,-61,1654696318655622,1654696318655622,
300833b2ddd9014000030002,1,1,2916,-61,1654696318657316,1654696318657316,
300833b2ddd9014000030009,1,1,2536,-54,1654696318658373,1654696318658373,
300833b2ddd9014000030008,1,1,2152,-62,1654696318688636,1654696318688636,
300833b2ddd9014000030002,1,1,2884,-61,1654696318689793,1654696318689793,
300833b2ddd9014000030009,1,1,2548,-54,1654696318691160,1654696318691160,
300833b2ddd9014000030009,1,1,2556,-54,1654696318697415,1654696318697415,
300833b2ddd9014000030008,1,1,2144,-61,1654696318698501,1654696318698501,
300833b2ddd9014000030002,1,1,2976,-61,1654696318699869,1654696318699869,
300833b2ddd9014000030009,1,1,2588,-54,1654696318732342,1654696318732342,
300833b2ddd9014000030008,1,1,2132,-61,1654696318733838,1654696318733838,
300833b2ddd9014000030002,1,1,2928,-61,1654696318734925,1654696318734925,
300833b2ddd9014000030009,1,1,2588,-54,1654696318738549,1654696318738549,
300833b2ddd9014000030002,1,1,2988,-61,1654696318739604,1654696318739604,
300833b2ddd9014000030008,1,1,2232,-61,1654696318741142,1654696318741142,
300833b2ddd9014000030009,1,1,2580,-54,1654696318774648,1654696318774648,
300833b2ddd9014000030008,1,1,2128,-61,1654696318776797,1654696318776797,
300833b2ddd9014000030002,1,1,2940,-61,1654696318778150,1654696318778150,
300833b2ddd9014000030008,1,1,2148,-61,1654696318781510,1654696318781510,
300833b2ddd9014000030002,1,1,2928,-61,1654696318782859,1654696318782859,
300833b2ddd9014000030009,1,1,2520,-54,1654696318783974,1654696318783974,
300833b2ddd9014000030002,1,1,2952,-61,1654696319037825,1654696319037825,
300833b2ddd9014000030009,1,1,2540,-54,1654696319039254,1654696319039254,
300833b2ddd9014000030008,1,1,2180,-61,1654696319041163,1654696319041163,
300833b2ddd9014000030002,1,1,2896,-61,1654696319044360,1654696319044360,
300833b2ddd9014000030009,1,1,2560,-54,1654696319045504,1654696319045504,
300833b2ddd9014000030008,1,1,2160,-61,1654696319046847,1654696319046847,
300833b2ddd9014000030008,1,1,2148,-61,1654696319079557,1654696319079557,
300833b2ddd9014000030009,1,1,2548,-54,1654696319080888,1654696319080888,
300833b2ddd9014000030002,1,1,2976,-61,1654696319081973,1654696319081973,
300833b2ddd9014000030009,1,1,2528,-54,1654696319086899,1654696319086899,
300833b2ddd9014000030008,1,1,2200,-61,1654696319091169,1654696319091169,
300833b2ddd9014000030002,1,1,2904,-61,1654696319092238,1654696319092238,
300833b2ddd9014000030008,1,1,2128,-61,1654696319124999,1654696319124999,
300833b2ddd9014000030009,1,1,2552,-54,1654696319126084,1654696319126084,
300833b2ddd9014000030002,1,1,2944,-61,1654696319127439,1654696319127439,
300833b2ddd9014000030002,1,1,2904,-62,1654696319133847,1654696319133847,
300833b2ddd9014000030009,1,1,2540,-54,1654696319135203,1654696319135203,
300833b2ddd9014000030008,1,1,2140,-61,1654696319136871,1654696319136871,
300833b2ddd9014000030002,1,1,2884,-61,1654696319167831,1654696319167831,
300833b2ddd9014000030009,1,1,2532,-54,1654696319168916,1654696319168916,
300833b2ddd9014000030008,1,1,2128,-61,1654696319170043,1654696319170043,
300833b2ddd9014000030002,1,1,2932,-61,1654696319173652,1654696319173652,
300833b2ddd9014000030008,1,1,2168,-61,1654696319175801,1654696319175801,
300833b2ddd9014000030009,1,1,2548,-54,1654696319177099,1654696319177099,
300833b2ddd9014000030009,1,1,2532,-54,1654696319207536,1654696319207536,
300833b2ddd9014000030002,1,1,2944,-61,1654696319209074,1654696319209074,
300833b2ddd9014000030008,1,1,2180,-61,1654696319210885,1654696319210885,
300833b2ddd9014000030009,1,1,2540,-54,1654696319215061,1654696319215061,
300833b2ddd9014000030002,1,1,2900,-61,1654696319216643,1654696319216643,
300833b2ddd9014000030008,1,1,2172,-61,1654696319219284,1654696319219284,
300833b2ddd9014000030009,1,1,2512,-54,1654696319250127,1654696319250127,
300833b2ddd9014000030002,1,1,2924,-61,1654696319252442,1654696319252442,
300833b2ddd9014000030008,1,1,2164,-62,1654696319253499,1654696319253499,
300833b2ddd9014000030008,1,1,2148,-61,1654696319257021,1654696319257021,
300833b2ddd9014000030009,1,1,2536,-55,1654696319258732,1654696319258732,
300833b2ddd9014000030002,1,1,2948,-61,1654696319260113,1654696319260113,
300833b2ddd9014000030001,1,1,3172,-75,1654696319267721,1654696319267721,
300833b2ddd9014000030009,1,1,2536,-54,1654696319298047,1654696319298047,
300833b2ddd9014000030002,1,1,3016,-61,1654696319299520,1654696319299520,
300833b2ddd9014000030008,1,1,2116,-61,1654696319301705,1654696319301705,
300833b2ddd9014000030008,1,1,2128,-62,1654696319304716,1654696319304716,
300833b2ddd9014000030009,1,1,2508,-54,1654696319306470,1654696319306470,
300833b2ddd9014000030002,1,1,2916,-61,1654696319308022,1654696319308022,
300833b2ddd9014000030002,1,1,2936,-61,1654696319339101,1654696319339101,
300833b2ddd9014000030009,1,1,2544,-54,1654696319340613,1654696319340613,
300833b2ddd9014000030008,1,1,2112,-61,1654696319342571,1654696319342571,
300833b2ddd9014000030002,1,1,2912,-61,1654696319345842,1654696319345842,
300833b2ddd9014000030009,1,1,2532,-54,1654696319346928,1654696319346928,
300833b2ddd9014000030008,1,1,2124,-61,1654696319349361,1654696319349361,
300833b2ddd9014000030008,1,1,2108,-62,1654696319380515,1654696319380515,
300833b2ddd9014000030009,1,1,2544,-54,1654696319382723,1654696319382723,
300833b2ddd9014000030002,1,1,2912,-61,1654696319384471,1654696319384471,
300833b2ddd9014000030008,1,1,2188,-61,1654696319387955,1654696319387955,
300833b2ddd9014000030009,1,1,2540,-54,1654696319389153,1654696319389153,
300833b2ddd9014000030002,1,1,2968,-61,1654696319390493,1654696319390493,
300833b2ddd9014000030009,1,1,2532,-54,1654696319421727,1654696319421727,
300833b2ddd9014000030008,1,1,2080,-61,1654696319422973,1654696319422973,
300833b2ddd9014000030002,1,1,2936,-61,1654696319424282,1654696319424282,
300833b2ddd9014000030008,1,1,2152,-61,1654696319427966,1654696319427966,
300833b2ddd9014000030002,1,1,2940,-61,1654696319429093,1654696319429093,
300833b2ddd9014000030009,1,1,2520,-54,1654696319430642,1654696319430642,
300833b2ddd9014000030008,1,1,2200,-62,1654696319463040,1654696319463040,
300833b2ddd9014000030009,1,1,2532,-54,1654696319464268,1654696319464268,
300833b2ddd9014000030002,1,1,2984,-61,1654696319465367,1654696319465367,
300833b2ddd9014000030009,1,1,2524,-54,1654696319469501,1654696319469501,
300833b2ddd9014000030008,1,1,2100,-61,1654696319470830,1654696319470830,
300833b2ddd9014000030002,1,1,2964,-61,1654696319472637,1654696319472637,
300833b2ddd9014000030002,1,1,2932,-61,1654696319504241,1654696319504241,
300833b2ddd9014000030009,1,1,2552,-54,1654696319505686,1654696319505686,
300833b2ddd9014000030008,1,1,2160,-61,1654696319506755,1654696319506755,
300833b2ddd9014000030008,1,1,2112,-62,1654696319510585,1654696319510585,
300833b2ddd9014000030009,1,1,2536,-54,1654696319512121,1654696319512121,
300833b2ddd9014000030002,1,1,2988,-61,1654696319514767,1654696319514767,
300833b2ddd9014000030002,1,1,2944,-61,1654696319546064,1654696319546064,
300833b2ddd9014000030009,1,1,2556,-55,1654696319547265,1654696319547265,
300833b2ddd9014000030008,1,1,2148,-62,1654696319549230,1654696319549230,
300833b2ddd9014000030002,1,1,2900,-61,1654696319552438,1654696319552438,
300833b2ddd9014000030008,1,1,2156,-61,1654696319553736,1654696319553736,
300833b2ddd9014000030009,1,1,2544,-54,1654696319555574,1654696319555574,
300833b2ddd9014000030009,1,1,2532,-54,1654696319588136,1654696319588136,
300833b2ddd9014000030008,1,1,2160,-61,1654696319589828,1654696319589828,
300833b2ddd9014000030002,1,1,2976,-61,1654696319590897,1654696319590897,
300833b2ddd9014000030009,1,1,2524,-54,1654696319593653,1654696319593653,
300833b2ddd9014000030002,1,1,3024,-61,1654696319594740,1654696319594740,
300833b2ddd9014000030008,1,1,2136,-61,1654696319597650,1654696319597650,
300833b2ddd9014000030008,1,1,2132,-61,1654696319628612,1654696319628612,
300833b2ddd9014000030009,1,1,2524,-54,1654696319630578,1654696319630578,
300833b2ddd9014000030002,1,1,2892,-61,1654696319633006,1654696319633006,
300833b2ddd9014000030002,1,1,3028,-61,1654696319638936,1654696319638936,
300833b2ddd9014000030009,1,1,2532,-54,1654696319640062,1654696319640062,
300833b2ddd9014000030008,1,1,2112,-61,1654696319642127,1654696319642127,
300833b2ddd9014000030008,1,1,2172,-61,1654696319674943,1654696319674943,
300833b2ddd9014000030009,1,1,2528,-54,1654696319675985,1654696319675985,
300833b2ddd9014000030002,1,1,2924,-61,1654696319677525,1654696319677525,
300833b2ddd9014000030008,1,1,2120,-62,1654696319680761,1654696319680761,
300833b2ddd9014000030009,1,1,2532,-54,1654696319682231,1654696319682231,
300833b2ddd9014000030002,1,1,2920,-62,1654696319683345,1654696319683345,
300833b2ddd9014000030008,1,1,2168,-61,1654696319714563,1654696319714563,
300833b2ddd9014000030009,1,1,2540,-54,1654696319715991,1654696319715991,
300833b2ddd9014000030002,1,1,2940,-61,1654696319717938,1654696319717938,
300833b2ddd9014000030009,1,1,2484,-54,1654696319721161,1654696319721161,
300833b2ddd9014000030008,1,1,2124,-61,1654696319722515,1654696319722515,
300833b2ddd9014000030002,1,1,2972,-61,1654696319724344,1654696319724344,