epc,atenda,atendanum,phase,RSS,timestamp,timestamp2,
300833b2ddd9014000030009,1,1,2504,-45,1654781367063664,1654781367063664,
300833b2ddd9014000030002,1,1,196,-47,1654781367066547,1654781367066547,
300833b2ddd9014000030002,1,1,216,-47,1654781367069251,1654781367069251,
300833b2ddd9014000030008,1,1,3220,-43,1654781367071653,1654781367071653,
300833b2ddd9014000030009,1,1,2508,-45,1654781367072724,1654781367072724,
300833b2ddd9014000030001,1,1,1048,-52,1654781367074180,1654781367074180,
300833b2ddd9014000030008,1,1,3224,-43,1654781367104217,1654781367104217,
300833b2ddd9014000030002,1,1,224,-47,1654781367332080,1654781367332080,
300833b2ddd9014000030001,1,1,1012,-52,1654781367333256,1654781367333256,
300833b2ddd9014000030009,1,1,2520,-45,1654781367334581,1654781367334581,
300833b2ddd9014000030001,1,1,1056,-52,1654781367338154,1654781367338154,
300833b2ddd9014000030002,1,1,204,-47,1654781367339197,1654781367339197,
300833b2ddd9014000030008,1,1,3212,-43,1654781367340550,1654781367340550,
300833b2ddd9014000030009,1,1,2524,-45,1654781367342384,1654781367342384,
300833b2ddd9014000030008,1,1,3216,-43,1654781367373845,1654781367373845,
300833b2ddd9014000030002,1,1,208,-47,1654781367375182,1654781367375182,
300833b2ddd9014000030009,1,1,2524,-45,1654781367376678,1654781367376678,
300833b2ddd9014000030001,1,1,1036,-52,1654781367378974,1654781367378974,
300833b2ddd9014000030009,1,1,2532,-45,1654781367382561,1654781367382561,
300833b2ddd9014000030002,1,1,212,-47,1654781367384031,1654781367384031,
300833b2ddd9014000030008,1,1,3228,-43,1654781367385110,1654781367385110,
300833b2ddd9014000030001,1,1,1040,-52,1654781367386812,1654781367386812,
300833b2ddd9014000030008,1,1,3232,-43,1654781367417220,1654781367417220,
300833b2ddd9014000030002,1,1,216,-47,1654781367418702,1654781367418702,
300833b2ddd9014000030009,1,1,2532,-46,1654781367420053,1654781367420053,
300833b2ddd9014000030001,1,1,1052,-52,1654781367421542,1654781367421542,
300833b2ddd9014000030009,1,1,2552,-45,1654781367425026,1654781367425026,
300833b2ddd9014000030008,1,1,3240,-43,1654781367426125,1654781367426125,
300833b2ddd9014000030001,1,1,1056,-52,1654781367427680,1654781367427680,
300833b2ddd9014000030002,1,1,204,-47,1654781367428707,1654781367428707,
300833b2ddd9014000030009,1,1,2516,-45,1654781367460409,1654781367460409,
300833b2ddd9014000030008,1,1,3220,-43,1654781367461877,1654781367461877,
300833b2ddd9014000030002,1,1,204,-47,1654781367463398,1654781367463398,
300833b2ddd9014000030001,1,1,1056,-52,1654781367464601,1654781367464601,
300833b2ddd9014000030008,1,1,3228,-43,1654781367468100,1654781367468100,
300833b2ddd9014000030009,1,1,2520,-45,1654781367469528,1654781367469528,
300833b2ddd9014000030002,1,1,208,-47,1654781367471133,1654781367471133,
300833b2ddd9014000030001,1,1,1044,-52,1654781367472334,1654781367472334,
300833b2ddd9014000030009,1,1,2532,-45,1654781367502772,1654781367502772,
300833b2ddd9014000030008,1,1,3224,-43,1654781367503927,1654781367503927,
300833b2ddd9014000030002,1,1,212,-47,1654781367505521,1654781367505521,
300833b2ddd9014000030001,1,1,1076,-52,1654781367507235,1654781367507235,
300833b2ddd9014000030001,1,1,1044,-52,1654781367511088,1654781367511088,
300833b2ddd9014000030008,1,1,3236,-43,1654781367512609,1654781367512609,
300833b2ddd9014000030009,1,1,2520,-46,1654781367513934,1654781367513934,
300833b2ddd9014000030002,1,1,200,-47,1654781367515257,1654781367515257,
300833b2ddd9014000030002,1,1,208,-47,1654781367546737,1654781367546737,
300833b2ddd9014000030008,1,1,3216,-43,1654781367548541,1654781367548541,
300833b2ddd9014000030009,1,1,2528,-45,1654781367549838,1654781367549838,
300833b2ddd9014000030001,1,1,1056,-52,1654781367551362,1654781367551362,
300833b2ddd9014000030001,1,1,1040,-52,1654781367554569,1654781367554569,
300833b2ddd9014000030009,1,1,2516,-45,1654781367555923,1654781367555923,
300833b2ddd9014000030008,1,1,3224,-43,1654781367557217,1654781367557217,
300833b2ddd9014000030002,1,1,204,-47,1654781367558557,1654781367558557,
300833b2ddd9014000030001,1,1,1048,-52,1654781367589748,1654781367589748,
300833b2ddd9014000030009,1,1,2524,-45,1654781367590776,1654781367590776,
300833b2ddd9014000030008,1,1,3236,-43,1654781367592041,1654781367592041,
300833b2ddd9014000030002,1,1,212,-47,1654781367594476,1654781367594476,
300833b2ddd9014000030009,1,1,2516,-45,1654781367599814,1654781367599814,
300833b2ddd9014000030008,1,1,3236,-43,1654781367600867,1654781367600867,
300833b2ddd9014000030002,1,1,224,-47,1654781367603198,1654781367603198,
300833b2ddd9014000030001,1,1,1044,-52,1654781367604628,1654781367604628,
300833b2ddd9014000030009,1,1,2508,-45,1654781367635411,1654781367635411,
300833b2ddd9014000030001,1,1,1056,-52,1654781367636994,1654781367636994,
300833b2ddd9014000030002,1,1,220,-47,1654781367638317,1654781367638317,
300833b2ddd9014000030008,1,1,3220,-43,1654781367639627,1654781367639627,
300833b2ddd9014000030002,1,1,224,-47,1654781367645190,1654781367645190,
300833b2ddd9014000030009,1,1,2516,-45,1654781367646277,1654781367646277,
300833b2ddd9014000030008,1,1,3232,-43,1654781367647331,1654781367647331,
300833b2ddd9014000030001,1,1,1040,-52,1654781367648577,1654781367648577,
300833b2ddd9014000030002,1,1,228,-47,1654781367680246,1654781367680246,
300833b2ddd9014000030001,1,1,1068,-52,1654781367681785,1654781367681785,
300833b2ddd9014000030008,1,1,3224,-43,1654781367682883,1654781367682883,
300833b2ddd9014000030009,1,1,2528,-45,1654781367684097,1654781367684097,
300833b2ddd9014000030008,1,1,3224,-43,1654781367687597,1654781367687597,
300833b2ddd9014000030009,1,1,2524,-45,1654781367690758,1654781367690758,
300833b2ddd9014000030002,1,1,220,-47,1654781367691813,1654781367691813,
300833b2ddd9014000030001,1,1,1060,-52,1654781367693043,1654781367693043,
300833b2ddd9014000030001,1,1,1064,-52,1654781367722754,1654781367722754,
300833b2ddd9014000030002,1,1,220,-47,1654781367724332,1654781367724332,
300833b2ddd9014000030009,1,1,2528,-45,1654781367725474,1654781367725474,
300833b2ddd9014000030008,1,1,3228,-43,1654781367726809,1654781367726809,
300833b2ddd9014000030002,1,1,212,-47,1654781367732749,1654781367732749,
300833b2ddd9014000030009,1,1,2516,-45,1654781367733863,1654781367733863,
300833b2ddd9014000030008,1,1,3224,-43,1654781367734975,1654781367734975,
300833b2ddd9014000030001,1,1,1036,-52,1654781367736438,1654781367736438,
300833b2ddd9014000030009,1,1,2508,-45,1654781367766398,1654781367766398,
300833b2ddd9014000030001,1,1,1048,-52,1654781367767456,1654781367767456,
300833b2ddd9014000030008,1,1,3232,-43,1654781367768780,1654781367768780,
300833b2ddd9014000030002,1,1,224,-47,1654781367770702,1654781367770702,
300833b2ddd9014000030001,1,1,1040,-52,1654781367775520,1654781367775520,
300833b2ddd9014000030008,1,1,3228,-43,1654781367776774,1654781367776774,
300833b2ddd9014000030002,1,1,220,-47,1654781367778382,1654781367778382,
300833b2ddd9014000030009,1,1,2516,-45,1654781367779852,1654781367779852,
300833b2ddd9014000030008,1,1,3224,-43,1654781367810675,1654781367810675,
300833b2ddd9014000030001,1,1,1064,-52,1654781367813958,1654781367813958,
300833b2ddd9014000030002,1,1,216,-47,1654781367818838,1654781367818838,
300833b2ddd9014000030009,1,1,2528,-45,1654781367819953,1654781367819953,
300833b2ddd9014000030001,1,1,1036,-52,1654781367822837,1654781367822837,
300833b2ddd9014000030002,1,1,236,-47,1654781367824165,1654781367824165,
300833b2ddd9014000030008,1,1,3232,-43,1654781367826647,1654781367826647,
300833b2ddd9014000030009,1,1,2528,-45,1654781367827932,1654781367827932,
300833b2ddd9014000030008,1,1,3220,-43,1654781367858932,1654781367858932,
300833b2ddd9014000030002,1,1,216,-47,1654781367860029,1654781367860029,
300833b2ddd9014000030001,1,1,1048,-52,1654781367861117,1654781367861117,
300833b2ddd9014000030009,1,1,2532,-45,1654781367862967,1654781367862967,
300833b2ddd9014000030001,1,1,1072,-52,1654781367867271,1654781367867271,
300833b2ddd9014000030002,1,1,216,-47,1654781367868352,1654781367868352,
300833b2ddd9014000030009,1,1,2516,-45,1654781367870403,1654781367870403,
300833b2ddd9014000030008,1,1,3224,-43,1654781367871499,1654781367871499,
300833b2ddd9014000030009,1,1,2532,-45,1654781367902748,1654781367902748,
300833b2ddd9014000030008,1,1,3224,-43,1654781367903831,1654781367903831,
300833b2ddd9014000030001,1,1,1084,-52,1654781367905897,1654781367905897,
300833b2ddd9014000030002,1,1,224,-47,1654781367907336,1654781367907336,
300833b2ddd9014000030001,1,1,1072,-52,1654781367911440,1654781367911440,
300833b2ddd9014000030008,1,1,3240,-43,1654781367912765,1654781367912765,
300833b2ddd9014000030002,1,1,200,-47,1654781367914543,1654781367914543,
300833b2ddd9014000030009,1,1,2528,-45,1654781367917104,1654781367917104,
300833b2ddd9014000030008,1,1,3224,-43,1654781367947088,1654781367947088,
300833b2ddd9014000030009,1,1,2508,-45,1654781367948386,1654781367948386,
300833b2ddd9014000030001,1,1,1056,-52,1654781367949458,1654781367949458,
300833b2ddd9014000030008,1,1,3228,-43,1654781367954446,1654781367954446,
300833b2ddd9014000030002,1,1,228,-47,1654781367957245,1654781367957245,
300833b2ddd9014000030009,1,1,2520,-45,1654781367958274,1654781367958274,
300833b2ddd9014000030001,1,1,1056,-52,1654781367959475,1654781367959475,
300833b2ddd9014000030008,1,1,3236,-43,1654781367989233,1654781367989233,
300833b2ddd9014000030002,1,1,232,-47,1654781367990299,1654781367990299,
300833b2ddd9014000030009,1,1,2528,-45,1654781367992350,1654781367992350,
300833b2ddd9014000030001,1,1,1060,-52,1654781367993434,1654781367993434,
300833b2ddd9014000030002,1,1,216,-47,1654781367997730,1654781367997730,
300833b2ddd9014000030001,1,1,1048,-52,1654781367999316,1654781367999316,
300833b2ddd9014000030008,1,1,3216,-43,1654781368000412,1654781368000412,
300833b2ddd9014000030009,1,1,2508,-45,1654781368001980,1654781368001980,
300833b2ddd9014000030001,1,1,1080,-52,1654781368033328,1654781368033328,
300833b2ddd9014000030002,1,1,208,-47,1654781368034695,1654781368034695,
300833b2ddd9014000030009,1,1,2508,-45,1654781368036094,1654781368036094,
300833b2ddd9014000030008,1,1,3244,-43,1654781368041748,1654781368041748,
300833b2ddd9014000030002,1,1,232,-47,1654781368042931,1654781368042931,
300833b2ddd9014000030009,1,1,2524,-45,1654781368044015,1654781368044015,
300833b2ddd9014000030001,1,1,1048,-52,1654781368045074,1654781368045074,
300833b2ddd9014000030009,1,1,2496,-45,1654781368076300,1654781368076300,
300833b2ddd9014000030001,1,1,1064,-52,1654781368077487,1654781368077487,
300833b2ddd9014000030008,1,1,3220,-43,1654781368078797,1654781368078797,
300833b2ddd9014000030002,1,1,224,-47,1654781368080530,1654781368080530,
300833b2ddd9014000030009,1,1,2512,-45,1654781368083308,1654781368083308,
300833b2ddd9014000030008,1,1,3224,-43,1654781368084364,1654781368084364,
300833b2ddd9014000030001,1,1,1044,-52,1654781368086402,1654781368086402,
300833b2ddd9014000030002,1,1,216,-47,1654781368087482,1654781368087482,
300833b2ddd9014000030008,1,1,3228,-43,1654781368118809,1654781368118809,
300833b2ddd9014000030009,1,1,2528,-45,1654781368120120,1654781368120120,
300833b2ddd9014000030001,1,1,1040,-52,1654781368121434,1654781368121434,
300833b2ddd9014000030002,1,1,212,-47,1654781368122773,1654781368122773,
300833b2ddd9014000030001,1,1,1056,-52,1654781368127036,1654781368127036,
300833b2ddd9014000030009,1,1,2516,-45,1654781368128365,1654781368128365,
300833b2ddd9014000030008,1,1,3228,-43,1654781368129898,1654781368129898,
300833b2ddd9014000030002,1,1,212,-47,1654781368132404,1654781368132404,
300833b2ddd9014000030001,1,1,1048,-52,1654781368162969,1654781368162969,
300833b2ddd9014000030002,1,1,212,-47,1654781368164919,1654781368164919,
300833b2ddd9014000030008,1,1,3220,-43,1654781368166016,1654781368166016,
300833b2ddd9014000030009,1,1,2528,-45,1654781368167230,1654781368167230,
300833b2ddd9014000030002,1,1,220,-47,1654781368170252,1654781368170252,
300833b2ddd9014000030008,1,1,3236,-43,1654781368171549,1654781368171549,
300833b2ddd9014000030009,1,1,2532,-45,1654781368172619,1654781368172619,
300833b2ddd9014000030001,1,1,1068,-52,1654781368174833,1654781368174833,
300833b2ddd9014000030001,1,1,1052,-52,1654781368207143,1654781368207143,
300833b2ddd9014000030002,1,1,216,-47,1654781368208747,1654781368208747,
300833b2ddd9014000030008,1,1,3228,-43,1654781368209933,1654781368209933,
300833b2ddd9014000030009,1,1,2544,-46,1654781368211018,1654781368211018,
300833b2ddd9014000030008,1,1,3220,-43,1654781368214482,1654781368214482,
300833b2ddd9014000030001,1,1,1036,-52,1654781368216167,1654781368216167,
300833b2ddd9014000030009,1,1,2536,-46,1654781368217700,1654781368217700,
300833b2ddd9014000030002,1,1,216,-47,1654781368219156,1654781368219156,
300833b2ddd9014000030008,1,1,3220,-43,1654781368249130,1654781368249130,
300833b2ddd9014000030009,1,1,2516,-45,1654781368250456,1654781368250456,
300833b2ddd9014000030002,1,1,204,-47,1654781368251497,1654781368251497,
300833b2ddd9014000030001,1,1,1036,-52,1654781368254543,1654781368254543,
300833b2ddd9014000030009,1,1,2540,-46,1654781368257975,1654781368257975,
300833b2ddd9014000030002,1,1,216,-47,1654781368259625,1654781368259625,
300833b2ddd9014000030008,1,1,3236,-43,1654781368260680,1654781368260680,
300833b2ddd9014000030001,1,1,1072,-52,1654781368261884,1654781368261884,
300833b2ddd9014000030009,1,1,2544,-45,1654781368293192,1654781368293192,
300833b2ddd9014000030002,1,1,208,-46,1654781368294261,1654781368294261,
300833b2ddd9014000030008,1,1,3228,-43,1654781368295331,1654781368295331,
300833b2ddd9014000030001,1,1,1040,-52,1654781368296532,1654781368296532,
300833b2ddd9014000030008,1,1,3232,-43,1654781368299755,1654781368299755,
300833b2ddd9014000030002,1,1,220,-47,1654781368300810,1654781368300810,
300833b2ddd9014000030009,1,1,2540,-45,1654781368302123,1654781368302123,
300833b2ddd9014000030001,1,1,1052,-52,1654781368303467,1654781368303467,
300833b2ddd9014000030002,1,1,228,-46,1654781368335650,1654781368335650,
300833b2ddd9014000030008,1,1,3228,-43,1654781368338416,1654781368338416,
300833b2ddd9014000030009,1,1,2508,-45,1654781368339630,1654781368339630,
300833b2ddd9014000030001,1,1,1028,-52,1654781368340859,1654781368340859,
300833b2ddd9014000030008,1,1,3232,-43,1654781368343631,1654781368343631,
300833b2ddd9014000030009,1,1,2524,-45,1654781368344971,1654781368344971,
300833b2ddd9014000030002,1,1,220,-46,1654781368346310,1654781368346310,
300833b2ddd9014000030001,1,1,1032,-52,1654781368347440,1654781368347440,
300833b2ddd9014000030002,1,1,216,-47,1654781368379668,1654781368379668,
300833b2ddd9014000030008,1,1,3228,-43,1654781368381082,1654781368381082,
300833b2ddd9014000030009,1,1,2524,-45,1654781368382152,1654781368382152,
300833b2ddd9014000030001,1,1,1004,-52,1654781368384064,1654781368384064,
300833b2ddd9014000030002,1,1,200,-46,1654781368386757,1654781368386757,
300833b2ddd9014000030001,1,1,1016,-52,1654781368388057,1654781368388057,
300833b2ddd9014000030009,1,1,2508,-45,1654781368389639,1654781368389639,
300833b2ddd9014000030008,1,1,3240,-43,1654781368390718,1654781368390718,
300833b2ddd9014000030001,1,1,1020,-53,1654781368422151,1654781368422151,
300833b2ddd9014000030009,1,1,2504,-45,1654781368424089,1654781368424089,
300833b2ddd9014000030008,1,1,3236,-43,1654781368425369,1654781368425369,
300833b2ddd9014000030002,1,1,196,-47,1654781368426412,1654781368426412,
300833b2ddd9014000030002,1,1,216,-46,1654781368429999,1654781368429999,
300833b2ddd9014000030008,1,1,3228,-43,1654781368431892,1654781368431892,
300833b2ddd9014000030001,1,1,960,-53,1654781368433221,1654781368433221,
300833b2ddd9014000030009,1,1,2508,-45,1654781368434448,1654781368434448,
300833b2ddd9014000030008,1,1,3244,-43,1654781368464353,1654781368464353,
300833b2ddd9014000030009,1,1,2504,-45,1654781368465693,1654781368465693,
300833b2ddd9014000030001,1,1,1012,-53,1654781368466738,1654781368466738,
300833b2ddd9014000030002,1,1,192,-46,1654781368468065,1654781368468065,
300833b2ddd9014000030001,1,1,1020,-53,1654781368473055,1654781368473055,
300833b2ddd9014000030008,1,1,3232,-43,1654781368474422,1654781368474422,
300833b2ddd9014000030009,1,1,2512,-45,1654781368477501,1654781368477501,
300833b2ddd9014000030002,1,1,176,-46,1654781368478983,1654781368478983,
300833b2ddd9014000030008,1,1,3224,-43,1654781368508983,1654781368508983,
300833b2ddd9014000030009,1,1,2472,-45,1654781368510295,1654781368510295,
300833b2ddd9014000030002,1,1,176,-46,1654781368511348,1654781368511348,
300833b2ddd9014000030001,1,1,964,-54,1654781368512932,1654781368512932,
300833b2ddd9014000030009,1,1,2504,-45,1654781368517951,1654781368517951,
300833b2ddd9014000030008,1,1,3232,-43,1654781368519117,1654781368519117,
300833b2ddd9014000030002,1,1,160,-46,1654781368520220,1654781368520220,
300833b2ddd9014000030001,1,1,964,-53,1654781368521920,1654781368521920,
300833b2ddd9014000030002,1,1,148,-46,1654781368558890,1654781368558890,
300833b2ddd9014000030001,1,1,928,-54,1654781368560235,1654781368560235,
300833b2ddd9014000030008,1,1,3232,-43,1654781368562010,1654781368562010,
300833b2ddd9014000030009,1,1,2460,-45,1654781368563194,1654781368563194,
300833b2ddd9014000030002,1,1,168,-46,1654781368566175,1654781368566175,
300833b2ddd9014000030001,1,1,928,-54,1654781368567504,1654781368567504,
300833b2ddd9014000030009,1,1,2484,-45,1654781368569947,1654781368569947,
300833b2ddd9014000030008,1,1,3216,-43,1654781368571257,1654781368571257,
300833b2ddd9014000030009,1,1,2452,-45,1654781368601651,1654781368601651,
300833b2ddd9014000030008,1,1,3208,-43,1654781368603857,1654781368603857,
300833b2ddd9014000030002,1,1,124,-47,1654781368604899,1654781368604899,
300833b2ddd9014000030001,1,1,940,-55,1654781368606370,1654781368606370,
300833b2ddd9014000030002,1,1,112,-47,1654781368609341,1654781368609341,
300833b2ddd9014000030008,1,1,3220,-43,1654781368610410,1654781368610410,
300833b2ddd9014000030009,1,1,2460,-45,1654781368611538,1654781368611538,
300833b2ddd9014000030001,1,1,972,-55,1654781368613348,1654781368613348,
300833b2ddd9014000030002,1,1,132,-47,1654781368645073,1654781368645073,
300833b2ddd9014000030009,1,1,2444,-45,1654781368646174,1654781368646174,
300833b2ddd9014000030001,1,1,1004,-55,1654781368647773,1654781368647773,
300833b2ddd9014000030008,1,1,3224,-44,1654781368649097,1654781368649097,
300833b2ddd9014000030001,1,1,984,-55,1654781368653277,1654781368653277,
300833b2ddd9014000030008,1,1,3220,-44,1654781368654560,1654781368654560,
300833b2ddd9014000030009,1,1,2460,-45,1654781368655644,1654781368655644,
300833b2ddd9014000030002,1,1,92,-47,1654781368656712,1654781368656712,
300833b2ddd9014000030001,1,1,952,-55,1654781368689019,1654781368689019,
300833b2ddd9014000030008,1,1,3236,-44,1654781368690130,1654781368690130,
300833b2ddd9014000030009,1,1,2440,-46,1654781368691655,1654781368691655,
300833b2ddd9014000030002,1,1,60,-47,1654781368692739,1654781368692739,
300833b2ddd9014000030009,1,1,2436,-46,1654781368697680,1654781368697680,
300833b2ddd9014000030008,1,1,3212,-44,1654781368699118,1654781368699118,
300833b2ddd9014000030002,1,1,64,-47,1654781368700428,1654781368700428,
300833b2ddd9014000030001,1,1,956,-55,1654781368701516,1654781368701516,
300833b2ddd9014000030001,1,1,1000,-55,1654781368732142,1654781368732142,
300833b2ddd9014000030009,1,1,2428,-46,1654781368733469,1654781368733469,
300833b2ddd9014000030008,1,1,3240,-44,1654781368734808,1654781368734808,
300833b2ddd9014000030002,1,1,52,-48,1654781368737034,1654781368737034,
300833b2ddd9014000030009,1,1,2452,-46,1654781368742617,1654781368742617,
300833b2ddd9014000030008,1,1,3244,-44,1654781368744029,1654781368744029,
300833b2ddd9014000030001,1,1,980,-55,1654781368745343,1654781368745343,
300833b2ddd9014000030002,1,1,84,-48,1654781368746414,1654781368746414,
300833b2ddd9014000030009,1,1,2436,-46,1654781368777217,1654781368777217,
300833b2ddd9014000030008,1,1,3268,-44,1654781368778926,1654781368778926,
300833b2ddd9014000030002,1,1,60,-48,1654781368780023,1654781368780023,
300833b2ddd9014000030001,1,1,1084,-55,1654781368781510,1654781368781510,
300833b2ddd9014000030001,1,1,1104,-55,1654781368784660,1654781368784660,
300833b2ddd9014000030002,1,1,68,-47,1654781368786632,1654781368786632,
300833b2ddd9014000030008,1,1,3196,-44,1654781368789355,1654781368789355,
300833b2ddd9014000030009,1,1,2428,-46,1654781368790583,1654781368790583,
300833b2ddd9014000030002,1,1,28,-48,1654781368827193,1654781368827193,
300833b2ddd9014000030008,1,1,3168,-44,1654781368828260,1654781368828260,
300833b2ddd9014000030009,1,1,2468,-47,1654781368829588,1654781368829588,
300833b2ddd9014000030001,1,1,1224,-54,1654781368830716,1654781368830716,
300833b2ddd9014000030001,1,1,1268,-54,1654781368835571,1654781368835571,
300833b2ddd9014000030008,1,1,3144,-44,1654781368836683,1654781368836683,
300833b2ddd9014000030002,1,1,4084,-48,1654781368838236,1654781368838236,
300833b2ddd9014000030009,1,1,2464,-47,1654781368841057,1654781368841057,
300833b2ddd9014000030009,1,1,2532,-47,1654781368871331,1654781368871331,
300833b2ddd9014000030008,1,1,3124,-44,1654781368872883,1654781368872883,
300833b2ddd9014000030002,1,1,44,-49,1654781368873970,1654781368873970,
300833b2ddd9014000030001,1,1,1304,-53,1654781368876127,1654781368876127,
300833b2ddd9014000030008,1,1,3120,-44,1654781368883149,1654781368883149,
300833b2ddd9014000030009,1,1,2532,-47,1654781368884635,1654781368884635,
300833b2ddd9014000030001,1,1,1244,-53,1654781368885965,1654781368885965,
300833b2ddd9014000030002,1,1,4084,-49,1654781368887018,1654781368887018,
300833b2ddd9014000030009,1,1,2592,-47,1654781368918951,1654781368918951,
300833b2ddd9014000030008,1,1,3112,-44,1654781368920019,1654781368920019,
300833b2ddd9014000030001,1,1,1132,-52,1654781368921095,1654781368921095,
300833b2ddd9014000030002,1,1,28,-49,1654781368922787,1654781368922787,
300833b2ddd9014000030001,1,1,1156,-52,1654781368925890,1654781368925890,
300833b2ddd9014000030009,1,1,2588,-47,1654781368927000,1654781368927000,
300833b2ddd9014000030008,1,1,3132,-44,1654781368928115,1654781368928115,
300833b2ddd9014000030002,1,1,56,-49,1654781368929921,1654781368929921,
300833b2ddd9014000030008,1,1,3156,-44,1654781368973631,1654781368973631,
300833b2ddd9014000030002,1,1,92,-48,1654781368975213,1654781368975213,
300833b2ddd9014000030001,1,1,1012,-53,1654781368976797,1654781368976797,
300833b2ddd9014000030009,1,1,2604,-46,1654781368978801,1654781368978801,
300833b2ddd9014000030002,1,1,84,-48,1654781368982663,1654781368982663,
300833b2ddd9014000030001,1,1,976,-53,1654781368983960,1654781368983960,
300833b2ddd9014000030008,1,1,3168,-44,1654781368986659,1654781368986659,
300833b2ddd9014000030009,1,1,2592,-46,1654781368988313,1654781368988313,
300833b2ddd9014000030002,1,1,128,-47,1654781369020128,1654781369020128,
300833b2ddd9014000030001,1,1,1016,-55,1654781369021219,1654781369021219,
300833b2ddd9014000030008,1,1,3188,-43,1654781369022823,1654781369022823,
300833b2ddd9014000030009,1,1,2592,-45,1654781369023896,1654781369023896,
300833b2ddd9014000030002,1,1,104,-47,1654781369028455,1654781369028455,
300833b2ddd9014000030008,1,1,3184,-43,1654781369029523,1654781369029523,
300833b2ddd9014000030001,1,1,1024,-55,1654781369031096,1654781369031096,
300833b2ddd9014000030009,1,1,2596,-45,1654781369032146,1654781369032146,
300833b2ddd9014000030001,1,1,1072,-56,1654781369070232,1654781369070232,
300833b2ddd9014000030002,1,1,120,-48,1654781369071673,1654781369071673,
300833b2ddd9014000030008,1,1,3164,-43,1654781369076180,1654781369076180,
300833b2ddd9014000030009,1,1,2584,-45,1654781369077239,1654781369077239,
300833b2ddd9014000030002,1,1,96,-48,1654781369081180,1654781369081180,
300833b2ddd9014000030001,1,1,1144,-56,1654781369082239,1654781369082239,
300833b2ddd9014000030008,1,1,3172,-43,1654781369084726,1654781369084726,
300833b2ddd9014000030009,1,1,2580,-45,1654781369085782,1654781369085782,
300833b2ddd9014000030002,1,1,40,-48,1654781369116904,1654781369116904,
300833b2ddd9014000030008,1,1,3160,-44,1654781369118017,1654781369118017,
300833b2ddd9014000030009,1,1,2548,-45,1654781369119159,1654781369119159,
300833b2ddd9014000030001,1,1,1144,-55,1654781369121310,1654781369121310,
300833b2ddd9014000030002,1,1,64,-48,1654781369125137,1654781369125137,
300833b2ddd9014000030009,1,1,2552,-45,1654781369127063,1654781369127063,
300833b2ddd9014000030001,1,1,1224,-55,1654781369128108,1654781369128108,
300833b2ddd9014000030008,1,1,3128,-44,1654781369129162,1654781369129162,
300833b2ddd9014000030008,1,1,3088,-44,1654781369160281,1654781369160281,
300833b2ddd9014000030002,1,1,12,-48,1654781369161365,1654781369161365,
300833b2ddd9014000030009,1,1,2528,-45,1654781369162422,1654781369162422,
300833b2ddd9014000030001,1,1,1220,-54,1654781369164874,1654781369164874,
300833b2ddd9014000030008,1,1,3092,-44,1654781369168791,1654781369168791,
300833b2ddd9014000030009,1,1,2524,-45,1654781369169918,1654781369169918,
300833b2ddd9014000030001,1,1,1160,-54,1654781369171686,1654781369171686,
300833b2ddd9014000030002,1,1,4092,-48,1654781369173124,1654781369173124,
300833b2ddd9014000030008,1,1,3064,-44,1654781369205433,1654781369205433,
300833b2ddd9014000030001,1,1,1180,-54,1654781369206449,1654781369206449,
300833b2ddd9014000030009,1,1,2528,-45,1654781369207532,1654781369207532,
300833b2ddd9014000030002,1,1,12,-48,1654781369208590,1654781369208590,
300833b2ddd9014000030002,1,1,0,-48,1654781369211906,1654781369211906,
300833b2ddd9014000030001,1,1,1156,-53,1654781369213069,1654781369213069,
300833b2ddd9014000030008,1,1,3044,-44,1654781369214873,1654781369214873,
300833b2ddd9014000030009,1,1,2524,-45,1654781369216213,1654781369216213,
300833b2ddd9014000030002,1,1,4092,-48,1654781369247828,1654781369247828,
300833b2ddd9014000030001,1,1,1140,-54,1654781369249484,1654781369249484,
300833b2ddd9014000030009,1,1,2548,-45,1654781369250610,1654781369250610,
300833b2ddd9014000030008,1,1,3056,-44,1654781369251722,1654781369251722,
300833b2ddd9014000030008,1,1,3064,-44,1654781369255088,1654781369255088,
300833b2ddd9014000030001,1,1,1116,-54,1654781369256159,1654781369256159,
300833b2ddd9014000030002,1,1,8,-48,1654781369257697,1654781369257697,
300833b2ddd9014000030009,1,1,2544,-45,1654781369259052,1654781369259052,
300833b2ddd9014000030008,1,1,3076,-44,1654781369290396,1654781369290396,
300833b2ddd9014000030002,1,1,32,-48,1654781369291507,1654781369291507,
300833b2ddd9014000030001,1,1,1020,-54,1654781369293559,1654781369293559,
300833b2ddd9014000030009,1,1,2548,-45,1654781369294674,1654781369294674,
300833b2ddd9014000030009,1,1,2576,-45,1654781369298926,1654781369298926,
300833b2ddd9014000030008,1,1,3060,-44,1654781369299993,1654781369299993,
300833b2ddd9014000030002,1,1,36,-47,1654781369301815,1654781369301815,
300833b2ddd9014000030001,1,1,996,-54,1654781369304010,1654781369304010,
300833b2ddd9014000030001,1,1,1004,-54,1654781369335104,1654781369335104,
300833b2ddd9014000030002,1,1,16,-47,1654781369336880,1654781369336880,
300833b2ddd9014000030008,1,1,3088,-43,1654781369338018,1654781369338018,
300833b2ddd9014000030009,1,1,2560,-45,1654781369339104,1654781369339104,
300833b2ddd9014000030009,1,1,2580,-45,1654781369342953,1654781369342953,
300833b2ddd9014000030008,1,1,3104,-44,1654781369344098,1654781369344098,
300833b2ddd9014000030001,1,1,880,-54,1654781369345741,1654781369345741,
300833b2ddd9014000030002,1,1,44,-47,1654781369347431,1654781369347431,
300833b2ddd9014000030009,1,1,2544,-45,1654781369378479,1654781369378479,
300833b2ddd9014000030001,1,1,892,-53,1654781369379766,1654781369379766,
300833b2ddd9014000030008,1,1,3096,-44,1654781369381511,1654781369381511,
300833b2ddd9014000030002,1,1,32,-47,1654781369382980,1654781369382980,
300833b2ddd9014000030002,1,1,20,-47,1654781369387096,1654781369387096,
300833b2ddd9014000030009,1,1,2552,-45,1654781369388153,1654781369388153,
300833b2ddd9014000030008,1,1,3088,-44,1654781369389988,1654781369389988,
300833b2ddd9014000030001,1,1,888,-53,1654781369391389,1654781369391389,
300833b2ddd9014000030001,1,1,924,-52,1654781369429016,1654781369429016,
300833b2ddd9014000030008,1,1,3092,-44,1654781369431277,1654781369431277,
300833b2ddd9014000030009,1,1,2464,-45,1654781369432406,1654781369432406,
300833b2ddd9014000030002,1,1,16,-47,1654781369435135,1654781369435135,
300833b2ddd9014000030009,1,1,2468,-46,1654781369437125,1654781369437125,
300833b2ddd9014000030008,1,1,3088,-44,1654781369438476,1654781369438476,
300833b2ddd9014000030001,1,1,904,-52,1654781369439949,1654781369439949,
300833b2ddd9014000030009,1,1,2444,-45,1654781369469958,1654781369469958,
300833b2ddd9014000030001,1,1,900,-51,1654781369471300,1654781369471300,
300833b2ddd9014000030002,1,1,4088,-47,1654781369472639,1654781369472639,
300833b2ddd9014000030008,1,1,3072,-44,1654781369474159,1654781369474159,
300833b2ddd9014000030008,1,1,3080,-44,1654781369479984,1654781369479984,
300833b2ddd9014000030009,1,1,2436,-45,1654781369481412,1654781369481412,
300833b2ddd9014000030001,1,1,920,-51,1654781369482725,1654781369482725,
300833b2ddd9014000030002,1,1,8,-47,1654781369484406,1654781369484406,
300833b2ddd9014000030001,1,1,936,-51,1654781369514096,1654781369514096,
300833b2ddd9014000030009,1,1,2404,-45,1654781369515339,1654781369515339,
300833b2ddd9014000030008,1,1,3048,-44,1654781369516391,1654781369516391,
300833b2ddd9014000030001,1,1,936,-51,1654781369522266,1654781369522266,
300833b2ddd9014000030008,1,1,3064,-44,1654781369523492,1654781369523492,
300833b2ddd9014000030009,1,1,2424,-44,1654781369524860,1654781369524860,
300833b2ddd9014000030002,1,1,8,-47,1654781369525930,1654781369525930,
300833b2ddd9014000030008,1,1,3052,-44,1654781369556375,1654781369556375,
300833b2ddd9014000030002,1,1,8,-47,1654781369557489,1654781369557489,
300833b2ddd9014000030009,1,1,2400,-45,1654781369558800,1654781369558800,
300833b2ddd9014000030001,1,1,972,-50,1654781369559873,1654781369559873,
300833b2ddd9014000030009,1,1,2400,-45,1654781369576446,1654781369576446,
300833b2ddd9014000030002,1,1,28,-47,1654781369578743,1654781369578743,
300833b2ddd9014000030008,1,1,3052,-44,1654781369579828,1654781369579828,
300833b2ddd9014000030001,1,1,980,-50,1654781369581156,1654781369581156,
300833b2ddd9014000030008,1,1,3032,-44,1654781369613450,1654781369613450,
300833b2ddd9014000030002,1,1,52,-47,1654781369614521,1654781369614521,
300833b2ddd9014000030009,1,1,2384,-44,1654781369615790,1654781369615790,
300833b2ddd9014000030001,1,1,1008,-50,1654781369617848,1654781369617848,
300833b2ddd9014000030008,1,1,3052,-44,1654781369625831,1654781369625831,
300833b2ddd9014000030009,1,1,2380,-44,1654781369626917,1654781369626917,
300833b2ddd9014000030002,1,1,44,-47,1654781369627957,1654781369627957,
300833b2ddd9014000030001,1,1,1020,-50,1654781369629145,1654781369629145,
300833b2ddd9014000030001,1,1,1040,-50,1654781369660826,1654781369660826,
300833b2ddd9014000030002,1,1,36,-46,1654781369662748,1654781369662748,
300833b2ddd9014000030008,1,1,3036,-44,1654781369664750,1654781369664750,
300833b2ddd9014000030009,1,1,2368,-44,1654781369665807,1654781369665807,
300833b2ddd9014000030009,1,1,2380,-44,1654781369669974,1654781369669974,
300833b2ddd9014000030002,1,1,48,-46,1654781369672122,1654781369672122,
300833b2ddd9014000030008,1,1,3036,-43,1654781369673275,1654781369673275,
300833b2ddd9014000030001,1,1,1056,-50,1654781369674349,1654781369674349,
300833b2ddd9014000030008,1,1,3028,-43,1654781369705225,1654781369705225,
300833b2ddd9014000030001,1,1,1064,-50,1654781369706329,1654781369706329,
300833b2ddd9014000030009,1,1,2376,-44,1654781369708619,1654781369708619,
300833b2ddd9014000030002,1,1,52,-46,1654781369709956,1654781369709956,
300833b2ddd9014000030001,1,1,1084,-50,1654781369714111,1654781369714111,
300833b2ddd9014000030008,1,1,3072,-43,1654781369715858,1654781369715858,
300833b2ddd9014000030002,1,1,52,-46,1654781369716969,1654781369716969,
300833b2ddd9014000030009,1,1,2348,-44,1654781369718126,1654781369718126,
300833b2ddd9014000030008,1,1,3028,-43,1654781369748328,1654781369748328,
300833b2ddd9014000030002,1,1,44,-46,1654781369749954,1654781369749954,
300833b2ddd9014000030001,1,1,1100,-50,1654781369751027,1654781369751027,
300833b2ddd9014000030009,1,1,2356,-44,1654781369752593,1654781369752593,
300833b2ddd9014000030001,1,1,1088,-50,1654781369756812,1654781369756812,
300833b2ddd9014000030009,1,1,2364,-44,1654781369758111,1654781369758111,
300833b2ddd9014000030008,1,1,3040,-43,1654781369759443,1654781369759443,
300833b2ddd9014000030002,1,1,52,-47,1654781369761861,1654781369761861,
300833b2ddd9014000030002,1,1,56,-46,1654781369792466,1654781369792466,
300833b2ddd9014000030008,1,1,3036,-43,1654781369795334,1654781369795334,
300833b2ddd9014000030009,1,1,2348,-44,1654781369796392,1654781369796392,
300833b2ddd9014000030001,1,1,1084,-50,1654781369797608,1654781369797608,
300833b2ddd9014000030009,1,1,2388,-44,1654781369801037,1654781369801037,
300833b2ddd9014000030002,1,1,56,-47,1654781369802279,1654781369802279,
300833b2ddd9014000030008,1,1,3044,-43,1654781369803392,1654781369803392,
300833b2ddd9014000030001,1,1,1116,-50,1654781369804719,1654781369804719,
300833b2ddd9014000030008,1,1,3032,-44,1654781369835788,1654781369835788,
300833b2ddd9014000030002,1,1,52,-46,1654781369837220,1654781369837220,
300833b2ddd9014000030001,1,1,1104,-50,1654781369838279,1654781369838279,
300833b2ddd9014000030009,1,1,2348,-44,1654781369839322,1654781369839322,
300833b2ddd9014000030008,1,1,3044,-43,1654781369842981,1654781369842981,
300833b2ddd9014000030002,1,1,48,-46,1654781369844094,1654781369844094,
300833b2ddd9014000030009,1,1,2368,-44,1654781369846135,1654781369846135,
300833b2ddd9014000030001,1,1,1128,-50,1654781369848490,1654781369848490,
300833b2ddd9014000030002,1,1,56,-46,1654781369878744,1654781369878744,
300833b2ddd9014000030009,1,1,2356,-44,1654781369879831,1654781369879831,
300833b2ddd9014000030001,1,1,1140,-50,1654781369881173,1654781369881173,
300833b2ddd9014000030008,1,1,3052,-43,1654781369882256,1654781369882256,
300833b2ddd9014000030002,1,1,56,-46,1654781369886964,1654781369886964,
300833b2ddd9014000030009,1,1,2348,-44,1654781369889185,1654781369889185,
300833b2ddd9014000030008,1,1,3048,-43,1654781369890523,1654781369890523,
300833b2ddd9014000030001,1,1,1100,-50,1654781369892022,1654781369892022,
300833b2ddd9014000030009,1,1,2376,-44,1654781369921966,1654781369921966,
300833b2ddd9014000030008,1,1,3052,-43,1654781369923333,1654781369923333,
300833b2ddd9014000030002,1,1,72,-47,1654781369924941,1654781369924941,
300833b2ddd9014000030001,1,1,1108,-49,1654781369926438,1654781369926438,
300833b2ddd9014000030008,1,1,3036,-43,1654781369930587,1654781369930587,
300833b2ddd9014000030009,1,1,2352,-44,1654781369932173,1654781369932173,
300833b2ddd9014000030002,1,1,60,-47,1654781369933737,1654781369933737,
300833b2ddd9014000030001,1,1,1132,-50,1654781369935450,1654781369935450,
300833b2ddd9014000030009,1,1,2348,-44,1654781369966223,1654781369966223,
300833b2ddd9014000030002,1,1,44,-46,1654781369967320,1654781369967320,
300833b2ddd9014000030008,1,1,3048,-43,1654781369968686,1654781369968686,
300833b2ddd9014000030001,1,1,1112,-50,1654781369971985,1654781369971985,
300833b2ddd9014000030009,1,1,2368,-44,1654781369974684,1654781369974684,
300833b2ddd9014000030002,1,1,64,-46,1654781369976606,1654781369976606,
300833b2ddd9014000030008,1,1,3036,-43,1654781369978173,1654781369978173,
300833b2ddd9014000030001,1,1,1128,-50,1654781369979418,1654781369979418,
300833b2ddd9014000030002,1,1,48,-46,1654781370011032,1654781370011032,
300833b2ddd9014000030008,1,1,3024,-43,1654781370012801,1654781370012801,
300833b2ddd9014000030009,1,1,2348,-44,1654781370013888,1654781370013888,
300833b2ddd9014000030001,1,1,1104,-50,1654781370015812,1654781370015812,
300833b2ddd9014000030002,1,1,72,-46,1654781370018630,1654781370018630,
300833b2ddd9014000030008,1,1,3016,-43,1654781370019713,1654781370019713,
300833b2ddd9014000030009,1,1,2376,-44,1654781370020996,1654781370020996,
300833b2ddd9014000030001,1,1,1116,-49,1654781370022806,1654781370022806,
300833b2ddd9014000030008,1,1,3044,-44,1654781370054865,1654781370054865,
300833b2ddd9014000030009,1,1,2356,-44,1654781370056604,1654781370056604,
300833b2ddd9014000030002,1,1,76,-47,1654781370057673,1654781370057673,
300833b2ddd9014000030001,1,1,1104,-49,1654781370058874,1654781370058874,
300833b2ddd9014000030008,1,1,3020,-44,1654781370061947,1654781370061947,
300833b2ddd9014000030009,1,1,2388,-44,1654781370064161,1654781370064161,
300833b2ddd9014000030002,1,1,48,-46,1654781370065216,1654781370065216,
300833b2ddd9014000030001,1,1,1096,-50,1654781370066740,1654781370066740,
300833b2ddd9014000030008,1,1,3024,-44,1654781370096728,1654781370096728,
300833b2ddd9014000030009,1,1,2376,-44,1654781370098722,1654781370098722,
300833b2ddd9014000030002,1,1,52,-47,1654781370099848,1654781370099848,
300833b2ddd9014000030001,1,1,1116,-50,1654781370100964,1654781370100964,
300833b2ddd9014000030009,1,1,2368,-44,1654781370104806,1654781370104806,
300833b2ddd9014000030001,1,1,1096,-50,1654781370106519,1654781370106519,
300833b2ddd9014000030008,1,1,3040,-43,1654781370107857,1654781370107857,
300833b2ddd9014000030002,1,1,60,-47,1654781370109541,1654781370109541,
300833b2ddd9014000030002,1,1,52,-46,1654781370139322,1654781370139322,
300833b2ddd9014000030009,1,1,2360,-44,1654781370141232,1654781370141232,
300833b2ddd9014000030001,1,1,1096,-50,1654781370142333,1654781370142333,
300833b2ddd9014000030008,1,1,3040,-43,1654781370144039,1654781370144039,
300833b2ddd9014000030002,1,1,48,-47,1654781370147031,1654781370147031,
300833b2ddd9014000030009,1,1,2384,-44,1654781370148144,1654781370148144,
300833b2ddd9014000030008,1,1,3040,-44,1654781370149511,1654781370149511,
300833b2ddd9014000030001,1,1,1092,-50,1654781370151125,1654781370151125,
300833b2ddd9014000030002,1,1,60,-47,1654781370182824,1654781370182824,
300833b2ddd9014000030001,1,1,1076,-50,1654781370184125,1654781370184125,
300833b2ddd9014000030008,1,1,3040,-44,1654781370185713,1654781370185713,
300833b2ddd9014000030009,1,1,2372,-44,1654781370186813,1654781370186813,
300833b2ddd9014000030009,1,1,2376,-44,1654781370192157,1654781370192157,
300833b2ddd9014000030002,1,1,52,-46,1654781370193466,1654781370193466,
300833b2ddd9014000030008,1,1,3044,-43,1654781370194564,1654781370194564,
300833b2ddd9014000030001,1,1,1092,-50,1654781370196007,1654781370196007,
300833b2ddd9014000030009,1,1,2388,-44,1654781370225773,1654781370225773,
300833b2ddd9014000030002,1,1,44,-47,1654781370226829,1654781370226829,
300833b2ddd9014000030008,1,1,3036,-44,1654781370228633,1654781370228633,
300833b2ddd9014000030001,1,1,1068,-50,1654781370229978,1654781370229978,
300833b2ddd9014000030001,1,1,1076,-50,1654781370234426,1654781370234426,
300833b2ddd9014000030002,1,1,60,-46,1654781370235494,1654781370235494,
300833b2ddd9014000030009,1,1,2372,-44,1654781370238193,1654781370238193,
300833b2ddd9014000030008,1,1,3040,-44,1654781370239248,1654781370239248,
300833b2ddd9014000030008,1,1,3052,-44,1654781370270664,1654781370270664,
300833b2ddd9014000030009,1,1,2368,-44,1654781370272123,1654781370272123,
300833b2ddd9014000030002,1,1,68,-46,1654781370273176,1654781370273176,
300833b2ddd9014000030001,1,1,1060,-50,1654781370274634,1654781370274634,
300833b2ddd9014000030002,1,1,40,-46,1654781370279294,1654781370279294,
300833b2ddd9014000030001,1,1,1072,-50,1654781370281003,1654781370281003,
300833b2ddd9014000030009,1,1,2360,-44,1654781370282728,1654781370282728,
300833b2ddd9014000030008,1,1,3060,-44,1654781370283797,1654781370283797,
300833b2ddd9014000030009,1,1,2372,-44,1654781370315325,1654781370315325,
300833b2ddd9014000030008,1,1,3056,-44,1654781370316391,1654781370316391,
300833b2ddd9014000030002,1,1,64,-46,1654781370317714,1654781370317714,
300833b2ddd9014000030001,1,1,1048,-50,1654781370318803,1654781370318803,
300833b2ddd9014000030008,1,1,3048,-44,1654781370323957,1654781370323957,
300833b2ddd9014000030001,1,1,1048,-50,1654781370326825,1654781370326825,
300833b2ddd9014000030002,1,1,56,-46,1654781370328025,1654781370328025,
300833b2ddd9014000030009,1,1,2372,-44,1654781370329364,1654781370329364,
300833b2ddd9014000030008,1,1,3072,-44,1654781370359988,1654781370359988,
300833b2ddd9014000030001,1,1,1040,-50,1654781370361288,1654781370361288,
300833b2ddd9014000030009,1,1,2368,-44,1654781370362373,1654781370362373,
300833b2ddd9014000030002,1,1,44,-46,1654781370363682,1654781370363682,
300833b2ddd9014000030002,1,1,32,-46,1654781370368463,1654781370368463,
300833b2ddd9014000030001,1,1,1032,-50,1654781370369833,1654781370369833,
300833b2ddd9014000030008,1,1,3056,-44,1654781370371169,1654781370371169,
300833b2ddd9014000030009,1,1,2380,-44,1654781370372482,1654781370372482,
300833b2ddd9014000030008,1,1,3056,-44,1654781370404217,1654781370404217,
300833b2ddd9014000030001,1,1,1024,-50,1654781370405362,1654781370405362,
300833b2ddd9014000030002,1,1,60,-46,1654781370406442,1654781370406442,
300833b2ddd9014000030009,1,1,2384,-44,1654781370408273,1654781370408273,
300833b2ddd9014000030008,1,1,3068,-43,1654781370412510,1654781370412510,
300833b2ddd9014000030009,1,1,2388,-44,1654781370413902,1654781370413902,
300833b2ddd9014000030002,1,1,56,-46,1654781370414986,1654781370414986,
300833b2ddd9014000030001,1,1,1032,-50,1654781370416756,1654781370416756,
300833b2ddd9014000030008,1,1,3068,-44,1654781370448328,1654781370448328,
300833b2ddd9014000030009,1,1,2384,-44,1654781370449967,1654781370449967,
300833b2ddd9014000030002,1,1,60,-47,1654781370451277,1654781370451277,
300833b2ddd9014000030001,1,1,1028,-50,1654781370452493,1654781370452493,
300833b2ddd9014000030002,1,1,40,-46,1654781370455511,1654781370455511,
300833b2ddd9014000030008,1,1,3044,-44,1654781370457132,1654781370457132,
300833b2ddd9014000030009,1,1,2380,-44,1654781370458458,1654781370458458,
300833b2ddd9014000030001,1,1,1020,-50,1654781370459797,1654781370459797,
300833b2ddd9014000030002,1,1,48,-46,1654781370491555,1654781370491555,
300833b2ddd9014000030008,1,1,3064,-44,1654781370493036,1654781370493036,
300833b2ddd9014000030009,1,1,2376,-44,1654781370494137,1654781370494137,
300833b2ddd9014000030001,1,1,1016,-50,1654781370495436,1654781370495436,
300833b2ddd9014000030008,1,1,3056,-44,1654781370501026,1654781370501026,
300833b2ddd9014000030009,1,1,2388,-44,1654781370502126,1654781370502126,
300833b2ddd9014000030002,1,1,40,-47,1654781370503210,1654781370503210,
300833b2ddd9014000030001,1,1,1012,-50,1654781370504312,1654781370504312,
300833b2ddd9014000030001,1,1,1024,-51,1654781370536151,1654781370536151,
300833b2ddd9014000030009,1,1,2368,-44,1654781370537267,1654781370537267,
300833b2ddd9014000030002,1,1,44,-46,1654781370538602,1654781370538602,
300833b2ddd9014000030008,1,1,3052,-44,1654781370539930,1654781370539930,
300833b2ddd9014000030002,1,1,52,-46,1654781370545110,1654781370545110,
300833b2ddd9014000030001,1,1,988,-50,1654781370546850,1654781370546850,
300833b2ddd9014000030008,1,1,3064,-44,1654781370549023,1654781370549023,
300833b2ddd9014000030009,1,1,2384,-44,1654781370550139,1654781370550139,
300833b2ddd9014000030002,1,1,44,-46,1654781370583025,1654781370583025,
300833b2ddd9014000030008,1,1,3056,-43,1654781370584903,1654781370584903,
300833b2ddd9014000030009,1,1,2388,-44,1654781370585975,1654781370585975,
300833b2ddd9014000030001,1,1,1016,-51,1654781370587414,1654781370587414,
300833b2ddd9014000030009,1,1,2400,-44,1654781370590687,1654781370590687,
300833b2ddd9014000030002,1,1,60,-46,1654781370592409,1654781370592409,
300833b2ddd9014000030008,1,1,3060,-44,1654781370593508,1654781370593508,
300833b2ddd9014000030001,1,1,1020,-50,1654781370595177,1654781370595177,
300833b2ddd9014000030008,1,1,3076,-43,1654781370624850,1654781370624850,
300833b2ddd9014000030001,1,1,1004,-51,1654781370625938,1654781370625938,
300833b2ddd9014000030002,1,1,40,-46,1654781370627066,1654781370627066,
300833b2ddd9014000030009,1,1,2380,-44,1654781370628179,1654781370628179,
300833b2ddd9014000030009,1,1,2384,-44,1654781370633818,1654781370633818,
300833b2ddd9014000030008,1,1,3064,-44,1654781370634902,1654781370634902,
300833b2ddd9014000030001,1,1,1028,-51,1654781370635990,1654781370635990,
300833b2ddd9014000030002,1,1,44,-46,1654781370638392,1654781370638392,
300833b2ddd9014000030001,1,1,1000,-50,1654781370668930,1654781370668930,
300833b2ddd9014000030008,1,1,3072,-44,1654781370671175,1654781370671175,
300833b2ddd9014000030002,1,1,48,-46,1654781370672243,1654781370672243,
300833b2ddd9014000030009,1,1,2392,-44,1654781370673288,1654781370673288,
300833b2ddd9014000030001,1,1,1032,-50,1654781370676697,1654781370676697,
300833b2ddd9014000030002,1,1,60,-46,1654781370678050,1654781370678050,
300833b2ddd9014000030009,1,1,2384,-44,1654781370679148,1654781370679148,
300833b2ddd9014000030008,1,1,3076,-44,1654781370680260,1654781370680260,
300833b2ddd9014000030001,1,1,1064,-50,1654781370712550,1654781370712550,
300833b2ddd9014000030008,1,1,3068,-44,1654781370713648,1654781370713648,
300833b2ddd9014000030009,1,1,2388,-44,1654781370715005,1654781370715005,
300833b2ddd9014000030002,1,1,44,-46,1654781370716342,1654781370716342,
300833b2ddd9014000030008,1,1,3080,-44,1654781370722864,1654781370722864,
300833b2ddd9014000030009,1,1,2392,-44,1654781370724346,1654781370724346,
300833b2ddd9014000030001,1,1,1032,-50,1654781370725391,1654781370725391,
300833b2ddd9014000030002,1,1,40,-46,1654781370726489,1654781370726489,
300833b2ddd9014000030002,1,1,48,-46,1654781370955434,1654781370955434,
300833b2ddd9014000030009,1,1,2372,-44,1654781370957147,1654781370957147,
300833b2ddd9014000030008,1,1,3056,-44,1654781370958215,1654781370958215,
300833b2ddd9014000030001,1,1,1008,-50,1654781370959885,1654781370959885,
300833b2ddd9014000030009,1,1,2392,-44,1654781370963111,1654781370963111,
300833b2ddd9014000030008,1,1,3076,-43,1654781370964813,1654781370964813,
300833b2ddd9014000030001,1,1,1012,-51,1654781370966070,1654781370966070,
300833b2ddd9014000030002,1,1,64,-46,1654781370967181,1654781370967181,
300833b2ddd9014000030008,1,1,3068,-44,1654781370997739,1654781370997739,
300833b2ddd9014000030002,1,1,40,-46,1654781370999676,1654781370999676,
300833b2ddd9014000030009,1,1,2380,-44,1654781371001016,1654781371001016,
300833b2ddd9014000030001,1,1,1008,-50,1654781371002472,1654781371002472,
300833b2ddd9014000030008,1,1,3056,-43,1654781371005468,1654781371005468,
300833b2ddd9014000030002,1,1,60,-46,1654781371006508,1654781371006508,
300833b2ddd9014000030009,1,1,2384,-44,1654781371007836,1654781371007836,
300833b2ddd9014000030001,1,1,1032,-50,1654781371009434,1654781371009434,
300833b2ddd9014000030001,1,1,1028,-50,1654781371041477,1654781371041477,
300833b2ddd9014000030009,1,1,2388,-44,1654781371042676,1654781371042676,
300833b2ddd9014000030008,1,1,3064,-44,1654781371043759,1654781371043759,
300833b2ddd9014000030002,1,1,60,-46,1654781371044801,1654781371044801,
300833b2ddd9014000030008,1,1,3064,-43,1654781371048672,1654781371048672,
300833b2ddd9014000030001,1,1,1016,-50,1654781371049761,1654781371049761,
300833b2ddd9014000030009,1,1,2384,-44,1654781371051599,1654781371051599,
300833b2ddd9014000030002,1,1,52,-46,1654781371052666,1654781371052666,
300833b2ddd9014000030001,1,1,1024,-50,1654781371084409,1654781371084409,
300833b2ddd9014000030002,1,1,40,-46,1654781371085508,1654781371085508,
300833b2ddd9014000030009,1,1,2376,-44,1654781371086808,1654781371086808,
300833b2ddd9014000030008,1,1,3060,-44,1654781371087875,1654781371087875,
300833b2ddd9014000030008,1,1,3060,-43,1654781371092437,1654781371092437,
300833b2ddd9014000030002,1,1,40,-46,1654781371093790,1654781371093790,
300833b2ddd9014000030009,1,1,2384,-44,1654781371095116,1654781371095116,
300833b2ddd9014000030001,1,1,1032,-51,1654781371096458,1654781371096458,
300833b2ddd9014000030009,1,1,2396,-44,1654781371127916,1654781371127916,
300833b2ddd9014000030008,1,1,3068,-44,1654781371129465,1654781371129465,
300833b2ddd9014000030001,1,1,1040,-50,1654781371130752,1654781371130752,
300833b2ddd9014000030002,1,1,48,-46,1654781371131807,1654781371131807,
300833b2ddd9014000030008,1,1,3056,-43,1654781371136538,1654781371136538,
300833b2ddd9014000030001,1,1,1036,-50,1654781371137641,1654781371137641,
300833b2ddd9014000030009,1,1,2368,-44,1654781371138755,1654781371138755,
300833b2ddd9014000030002,1,1,60,-46,1654781371139835,1654781371139835,
300833b2ddd9014000030008,1,1,3068,-44,1654781371171807,1654781371171807,
300833b2ddd9014000030009,1,1,2376,-44,1654781371172922,1654781371172922,
300833b2ddd9014000030002,1,1,44,-46,1654781371174033,1654781371174033,
300833b2ddd9014000030001,1,1,1016,-50,1654781371176709,1654781371176709,
300833b2ddd9014000030008,1,1,3072,-44,1654781371180788,1654781371180788,
300833b2ddd9014000030009,1,1,2364,-44,1654781371181878,1654781371181878,
300833b2ddd9014000030002,1,1,40,-46,1654781371183386,1654781371183386,
300833b2ddd9014000030001,1,1,1004,-50,1654781371185099,1654781371185099,
300833b2ddd9014000030008,1,1,3056,-43,1654781371216393,1654781371216393,
300833b2ddd9014000030002,1,1,32,-46,1654781371217494,1654781371217494,
300833b2ddd9014000030009,1,1,2396,-44,1654781371219287,1654781371219287,
300833b2ddd9014000030001,1,1,1004,-51,1654781371221014,1654781371221014,
300833b2ddd9014000030002,1,1,60,-46,1654781371224888,1654781371224888,
300833b2ddd9014000030009,1,1,2392,-44,1654781371226427,1654781371226427,
300833b2ddd9014000030008,1,1,3064,-44,1654781371227991,1654781371227991,
300833b2ddd9014000030001,1,1,988,-51,1654781371230317,1654781371230317,
300833b2ddd9014000030002,1,1,48,-46,1654781371260402,1654781371260402,
300833b2ddd9014000030009,1,1,2376,-44,1654781371261488,1654781371261488,
300833b2ddd9014000030008,1,1,3068,-43,1654781371262839,1654781371262839,
300833b2ddd9014000030001,1,1,1016,-50,1654781371263870,1654781371263870,
300833b2ddd9014000030002,1,1,40,-46,1654781371269141,1654781371269141,
300833b2ddd9014000030001,1,1,1012,-51,1654781371270469,1654781371270469,
300833b2ddd9014000030009,1,1,2400,-44,1654781371272020,1654781371272020,
300833b2ddd9014000030008,1,1,3056,-44,1654781371273120,1654781371273120,
300833b2ddd9014000030008,1,1,3048,-44,1654781371304816,1654781371304816,
300833b2ddd9014000030009,1,1,2364,-44,1654781371306845,1654781371306845,
300833b2ddd9014000030002,1,1,44,-46,1654781371307898,1654781371307898,
300833b2ddd9014000030001,1,1,1008,-51,1654781371309356,1654781371309356,
300833b2ddd9014000030002,1,1,60,-46,1654781371312596,1654781371312596,
300833b2ddd9014000030008,1,1,3060,-44,1654781371314091,1654781371314091,
300833b2ddd9014000030009,1,1,2368,-44,1654781371315475,1654781371315475,
300833b2ddd9014000030001,1,1,940,-50,1654781371317159,1654781371317159,
300833b2ddd9014000030001,1,1,1032,-51,1654781371346905,1654781371346905,
300833b2ddd9014000030008,1,1,3076,-44,1654781371348186,1654781371348186,
300833b2ddd9014000030002,1,1,52,-46,1654781371349483,1654781371349483,
300833b2ddd9014000030009,1,1,2368,-44,1654781371350839,1654781371350839,
300833b2ddd9014000030009,1,1,2368,-44,1654781371355344,1654781371355344,
300833b2ddd9014000030002,1,1,60,-46,1654781371356481,1654781371356481,
300833b2ddd9014000030001,1,1,1016,-51,1654781371357798,1654781371357798,
300833b2ddd9014000030008,1,1,3060,-44,1654781371359389,1654781371359389,
300833b2ddd9014000030009,1,1,2372,-44,1654781371391116,1654781371391116,
300833b2ddd9014000030002,1,1,52,-46,1654781371393036,1654781371393036,