epc,atenda,atendanum,phase,RSS,timestamp,timestamp2,
300833b2ddd9014000030001,1,1,1088,-50,1654781237011575,1654781237011575,
300833b2ddd9014000030009,1,1,2380,-44,1654781237013456,1654781237013456,
300833b2ddd9014000030008,1,1,3136,-43,1654781237015039,1654781237015039,
300833b2ddd9014000030002,1,1,148,-47,1654781237018807,1654781237018807,
300833b2ddd9014000030001,1,1,1088,-50,1654781237019838,1654781237019838,
300833b2ddd9014000030008,1,1,3144,-43,1654781237021163,1654781237021163,
300833b2ddd9014000030009,1,1,2384,-44,1654781237023656,1654781237023656,
300833b2ddd9014000030002,1,1,156,-47,1654781237053716,1654781237053716,
300833b2ddd9014000030001,1,1,1076,-50,1654781237055059,1654781237055059,
300833b2ddd9014000030008,1,1,3148,-43,1654781237056382,1654781237056382,
300833b2ddd9014000030009,1,1,2392,-44,1654781237057807,1654781237057807,
300833b2ddd9014000030009,1,1,2388,-44,1654781237062256,1654781237062256,
300833b2ddd9014000030001,1,1,1084,-50,1654781237064501,1654781237064501,
300833b2ddd9014000030008,1,1,3132,-43,1654781237065855,1654781237065855,
300833b2ddd9014000030002,1,1,160,-47,1654781237067307,1654781237067307,
300833b2ddd9014000030009,1,1,2412,-44,1654781237097253,1654781237097253,
300833b2ddd9014000030002,1,1,164,-47,1654781237099175,1654781237099175,
300833b2ddd9014000030001,1,1,1052,-50,1654781237100278,1654781237100278,
300833b2ddd9014000030008,1,1,3144,-43,1654781237101344,1654781237101344,
300833b2ddd9014000030008,1,1,3140,-43,1654781237108002,1654781237108002,
300833b2ddd9014000030002,1,1,160,-47,1654781237109102,1654781237109102,
300833b2ddd9014000030001,1,1,1068,-50,1654781237110218,1654781237110218,
300833b2ddd9014000030009,1,1,2404,-44,1654781237111448,1654781237111448,
300833b2ddd9014000030009,1,1,2404,-44,1654781237141894,1654781237141894,
300833b2ddd9014000030008,1,1,3148,-43,1654781237143274,1654781237143274,
300833b2ddd9014000030002,1,1,172,-48,1654781237144586,1654781237144586,
300833b2ddd9014000030001,1,1,1076,-50,1654781237145658,1654781237145658,
300833b2ddd9014000030008,1,1,3152,-43,1654781237149259,1654781237149259,
300833b2ddd9014000030002,1,1,184,-47,1654781237150613,1654781237150613,
300833b2ddd9014000030001,1,1,1080,-50,1654781237151943,1654781237151943,
300833b2ddd9014000030009,1,1,2404,-44,1654781237153299,1654781237153299,
300833b2ddd9014000030001,1,1,1080,-50,1654781237186582,1654781237186582,
300833b2ddd9014000030008,1,1,3144,-43,1654781237187893,1654781237187893,
300833b2ddd9014000030002,1,1,160,-47,1654781237189234,1654781237189234,
300833b2ddd9014000030009,1,1,2400,-44,1654781237190560,1654781237190560,
300833b2ddd9014000030002,1,1,168,-47,1654781237195678,1654781237195678,
300833b2ddd9014000030001,1,1,1092,-50,1654781237196795,1654781237196795,
300833b2ddd9014000030009,1,1,2420,-44,1654781237197924,1654781237197924,
300833b2ddd9014000030008,1,1,3152,-43,1654781237199004,1654781237199004,
300833b2ddd9014000030002,1,1,196,-47,1654781237231011,1654781237231011,
300833b2ddd9014000030009,1,1,2408,-44,1654781237232708,1654781237232708,
300833b2ddd9014000030008,1,1,3156,-43,1654781237234031,1654781237234031,
300833b2ddd9014000030001,1,1,1080,-50,1654781237235768,1654781237235768,
300833b2ddd9014000030009,1,1,2404,-44,1654781237238798,1654781237238798,
300833b2ddd9014000030008,1,1,3144,-43,1654781237241942,1654781237241942,
300833b2ddd9014000030002,1,1,176,-47,1654781237242953,1654781237242953,
300833b2ddd9014000030001,1,1,1068,-50,1654781237244751,1654781237244751,
300833b2ddd9014000030008,1,1,3124,-43,1654781237276675,1654781237276675,
300833b2ddd9014000030009,1,1,2404,-44,1654781237278328,1654781237278328,
300833b2ddd9014000030002,1,1,160,-48,1654781237279624,1654781237279624,
300833b2ddd9014000030001,1,1,1084,-50,1654781237281294,1654781237281294,
300833b2ddd9014000030008,1,1,3148,-43,1654781237284041,1654781237284041,
300833b2ddd9014000030009,1,1,2420,-44,1654781237285952,1654781237285952,
300833b2ddd9014000030001,1,1,1064,-50,1654781237287011,1654781237287011,
300833b2ddd9014000030002,1,1,156,-47,1654781237288676,1654781237288676,
300833b2ddd9014000030001,1,1,1064,-50,1654781237319302,1654781237319302,
300833b2ddd9014000030008,1,1,3164,-43,1654781237320741,1654781237320741,
300833b2ddd9014000030008,1,1,3148,-43,1654781237324993,1654781237324993,
300833b2ddd9014000030009,1,1,2404,-44,1654781237326732,1654781237326732,
300833b2ddd9014000030002,1,1,180,-48,1654781237328000,1654781237328000,
300833b2ddd9014000030001,1,1,1068,-50,1654781237329485,1654781237329485,
300833b2ddd9014000030002,1,1,180,-48,1654781237359197,1654781237359197,
300833b2ddd9014000030001,1,1,1060,-50,1654781237360271,1654781237360271,
300833b2ddd9014000030009,1,1,2392,-44,1654781237362336,1654781237362336,
300833b2ddd9014000030008,1,1,3160,-43,1654781237363432,1654781237363432,
300833b2ddd9014000030008,1,1,3148,-43,1654781237367644,1654781237367644,
300833b2ddd9014000030009,1,1,2412,-44,1654781237369611,1654781237369611,
300833b2ddd9014000030001,1,1,1056,-50,1654781237370670,1654781237370670,
300833b2ddd9014000030002,1,1,168,-48,1654781237372007,1654781237372007,
300833b2ddd9014000030009,1,1,2408,-44,1654781237403725,1654781237403725,
300833b2ddd9014000030008,1,1,3152,-43,1654781237404795,1654781237404795,
300833b2ddd9014000030001,1,1,1060,-50,1654781237405911,1654781237405911,
300833b2ddd9014000030009,1,1,2404,-44,1654781237409252,1654781237409252,
300833b2ddd9014000030008,1,1,3152,-43,1654781237410307,1654781237410307,
300833b2ddd9014000030001,1,1,1072,-50,1654781237411919,1654781237411919,
300833b2ddd9014000030002,1,1,184,-47,1654781237412988,1654781237412988,
300833b2ddd9014000030001,1,1,1036,-50,1654781237444666,1654781237444666,
300833b2ddd9014000030008,1,1,3152,-43,1654781237446665,1654781237446665,
300833b2ddd9014000030002,1,1,172,-47,1654781237448599,1654781237448599,
300833b2ddd9014000030008,1,1,3152,-43,1654781237451789,1654781237451789,
300833b2ddd9014000030001,1,1,1056,-50,1654781237453931,1654781237453931,
300833b2ddd9014000030009,1,1,2416,-44,1654781237455001,1654781237455001,
300833b2ddd9014000030002,1,1,180,-47,1654781237456169,1654781237456169,
300833b2ddd9014000030008,1,1,3152,-43,1654781237486088,1654781237486088,
300833b2ddd9014000030009,1,1,2412,-44,1654781237487161,1654781237487161,
300833b2ddd9014000030001,1,1,1060,-50,1654781237489015,1654781237489015,
300833b2ddd9014000030002,1,1,172,-47,1654781237490084,1654781237490084,
300833b2ddd9014000030001,1,1,1056,-50,1654781237495092,1654781237495092,
300833b2ddd9014000030008,1,1,3160,-43,1654781237496192,1654781237496192,
300833b2ddd9014000030002,1,1,176,-47,1654781237497306,1654781237497306,
300833b2ddd9014000030009,1,1,2424,-44,1654781237498362,1654781237498362,
300833b2ddd9014000030001,1,1,1064,-50,1654781237530287,1654781237530287,
300833b2ddd9014000030008,1,1,3152,-43,1654781237531390,1654781237531390,
300833b2ddd9014000030002,1,1,168,-47,1654781237532739,1654781237532739,
300833b2ddd9014000030009,1,1,2420,-44,1654781237534036,1654781237534036,
300833b2ddd9014000030002,1,1,172,-47,1654781237539137,1654781237539137,
300833b2ddd9014000030009,1,1,2424,-44,1654781237540834,1654781237540834,
300833b2ddd9014000030001,1,1,1064,-50,1654781237541908,1654781237541908,
300833b2ddd9014000030008,1,1,3152,-43,1654781237543002,1654781237543002,
300833b2ddd9014000030009,1,1,2408,-44,1654781237573238,1654781237573238,
300833b2ddd9014000030002,1,1,164,-47,1654781237574280,1654781237574280,
300833b2ddd9014000030001,1,1,1076,-50,1654781237575367,1654781237575367,
300833b2ddd9014000030008,1,1,3164,-43,1654781237576475,1654781237576475,
300833b2ddd9014000030008,1,1,3156,-43,1654781237581670,1654781237581670,
300833b2ddd9014000030009,1,1,2412,-44,1654781237582814,1654781237582814,
300833b2ddd9014000030002,1,1,176,-47,1654781237584107,1654781237584107,
300833b2ddd9014000030001,1,1,1060,-50,1654781237585648,1654781237585648,
300833b2ddd9014000030008,1,1,3164,-43,1654781237617506,1654781237617506,
300833b2ddd9014000030002,1,1,200,-47,1654781237619515,1654781237619515,
300833b2ddd9014000030001,1,1,1056,-50,1654781237620589,1654781237620589,
300833b2ddd9014000030009,1,1,2408,-44,1654781237621661,1654781237621661,
300833b2ddd9014000030001,1,1,1044,-50,1654781237625282,1654781237625282,
300833b2ddd9014000030002,1,1,180,-47,1654781237627823,1654781237627823,
300833b2ddd9014000030009,1,1,2408,-44,1654781237631382,1654781237631382,
300833b2ddd9014000030008,1,1,3168,-43,1654781237632421,1654781237632421,
300833b2ddd9014000030008,1,1,3168,-43,1654781237662428,1654781237662428,
300833b2ddd9014000030009,1,1,2420,-44,1654781237663571,1654781237663571,
300833b2ddd9014000030001,1,1,1080,-50,1654781237664659,1654781237664659,
300833b2ddd9014000030002,1,1,180,-47,1654781237667034,1654781237667034,
300833b2ddd9014000030008,1,1,3164,-43,1654781237671382,1654781237671382,
300833b2ddd9014000030009,1,1,2412,-44,1654781237672853,1654781237672853,
300833b2ddd9014000030001,1,1,1076,-50,1654781237673925,1654781237673925,
300833b2ddd9014000030002,1,1,176,-47,1654781237675902,1654781237675902,
300833b2ddd9014000030001,1,1,1064,-50,1654781237705767,1654781237705767,
300833b2ddd9014000030002,1,1,176,-47,1654781237706854,1654781237706854,
300833b2ddd9014000030008,1,1,3172,-43,1654781237708163,1654781237708163,
300833b2ddd9014000030009,1,1,2416,-44,1654781237709221,1654781237709221,
300833b2ddd9014000030002,1,1,168,-47,1654781237714460,1654781237714460,
300833b2ddd9014000030001,1,1,1080,-50,1654781237715492,1654781237715492,
300833b2ddd9014000030009,1,1,2408,-44,1654781237716536,1654781237716536,
300833b2ddd9014000030008,1,1,3164,-43,1654781237717817,1654781237717817,
300833b2ddd9014000030008,1,1,3164,-43,1654781237750832,1654781237750832,
300833b2ddd9014000030009,1,1,2424,-44,1654781237752227,1654781237752227,
300833b2ddd9014000030002,1,1,184,-47,1654781237753680,1654781237753680,
300833b2ddd9014000030001,1,1,1076,-50,1654781237754928,1654781237754928,
300833b2ddd9014000030002,1,1,196,-47,1654781237757707,1654781237757707,
300833b2ddd9014000030001,1,1,1064,-50,1654781237758797,1654781237758797,
300833b2ddd9014000030008,1,1,3172,-43,1654781237760120,1654781237760120,
300833b2ddd9014000030009,1,1,2420,-44,1654781237761673,1654781237761673,
300833b2ddd9014000030009,1,1,2436,-44,1654781237794452,1654781237794452,
300833b2ddd9014000030002,1,1,176,-47,1654781237795537,1654781237795537,
300833b2ddd9014000030008,1,1,3176,-43,1654781237796675,1654781237796675,
300833b2ddd9014000030001,1,1,1068,-51,1654781237798077,1654781237798077,
300833b2ddd9014000030001,1,1,1068,-50,1654781237800851,1654781237800851,
300833b2ddd9014000030008,1,1,3168,-43,1654781237802177,1654781237802177,
300833b2ddd9014000030009,1,1,2420,-44,1654781237803281,1654781237803281,
300833b2ddd9014000030002,1,1,192,-47,1654781237804632,1654781237804632,
300833b2ddd9014000030009,1,1,2424,-44,1654781237837548,1654781237837548,
300833b2ddd9014000030008,1,1,3164,-43,1654781237838872,1654781237838872,
300833b2ddd9014000030002,1,1,188,-47,1654781237839967,1654781237839967,
300833b2ddd9014000030001,1,1,1084,-50,1654781237841201,1654781237841201,
300833b2ddd9014000030002,1,1,180,-47,1654781237846214,1654781237846214,
300833b2ddd9014000030008,1,1,3164,-43,1654781237847269,1654781237847269,
300833b2ddd9014000030009,1,1,2432,-44,1654781237848325,1654781237848325,
300833b2ddd9014000030001,1,1,1068,-50,1654781237850194,1654781237850194,
300833b2ddd9014000030009,1,1,2428,-44,1654781237881303,1654781237881303,
300833b2ddd9014000030008,1,1,3168,-43,1654781237883208,1654781237883208,
300833b2ddd9014000030002,1,1,184,-47,1654781237884307,1654781237884307,
300833b2ddd9014000030001,1,1,1084,-50,1654781237886036,1654781237886036,
300833b2ddd9014000030008,1,1,3164,-43,1654781237890151,1654781237890151,
300833b2ddd9014000030001,1,1,1060,-50,1654781237891227,1654781237891227,
300833b2ddd9014000030009,1,1,2420,-44,1654781237893328,1654781237893328,
300833b2ddd9014000030002,1,1,168,-47,1654781237894412,1654781237894412,
300833b2ddd9014000030001,1,1,1064,-50,1654781237925947,1654781237925947,
300833b2ddd9014000030008,1,1,3168,-43,1654781237927630,1654781237927630,
300833b2ddd9014000030009,1,1,2416,-44,1654781237928969,1654781237928969,
300833b2ddd9014000030002,1,1,192,-47,1654781237930678,1654781237930678,
300833b2ddd9014000030008,1,1,3156,-43,1654781237933682,1654781237933682,
300833b2ddd9014000030009,1,1,2436,-44,1654781237934781,1654781237934781,
300833b2ddd9014000030002,1,1,172,-47,1654781237935867,1654781237935867,
300833b2ddd9014000030001,1,1,1060,-50,1654781237937479,1654781237937479,
300833b2ddd9014000030002,1,1,172,-47,1654781237970834,1654781237970834,
300833b2ddd9014000030008,1,1,3172,-43,1654781237971960,1654781237971960,
300833b2ddd9014000030009,1,1,2424,-44,1654781237973275,1654781237973275,
300833b2ddd9014000030001,1,1,1068,-50,1654781237975251,1654781237975251,
300833b2ddd9014000030002,1,1,176,-47,1654781237985936,1654781237985936,
300833b2ddd9014000030009,1,1,2428,-44,1654781237987006,1654781237987006,
300833b2ddd9014000030008,1,1,3188,-43,1654781237988119,1654781237988119,
300833b2ddd9014000030001,1,1,1072,-50,1654781237989207,1654781237989207,
300833b2ddd9014000030008,1,1,3168,-43,1654781238019645,1654781238019645,
300833b2ddd9014000030001,1,1,1068,-51,1654781238020733,1654781238020733,
300833b2ddd9014000030009,1,1,2444,-44,1654781238022273,1654781238022273,
300833b2ddd9014000030002,1,1,176,-47,1654781238023385,1654781238023385,
300833b2ddd9014000030001,1,1,1072,-50,1654781238029170,1654781238029170,
300833b2ddd9014000030008,1,1,3168,-43,1654781238030750,1654781238030750,
300833b2ddd9014000030009,1,1,2428,-44,1654781238032251,1654781238032251,
300833b2ddd9014000030002,1,1,176,-47,1654781238033718,1654781238033718,
300833b2ddd9014000030008,1,1,3180,-43,1654781238064866,1654781238064866,
300833b2ddd9014000030009,1,1,2432,-44,1654781238066521,1654781238066521,
300833b2ddd9014000030002,1,1,176,-47,1654781238067603,1654781238067603,
300833b2ddd9014000030001,1,1,1048,-50,1654781238069314,1654781238069314,
300833b2ddd9014000030008,1,1,3188,-43,1654781238073471,1654781238073471,
300833b2ddd9014000030001,1,1,1064,-51,1654781238074531,1654781238074531,
300833b2ddd9014000030009,1,1,2440,-44,1654781238075558,1654781238075558,
300833b2ddd9014000030002,1,1,172,-47,1654781238076643,1654781238076643,
300833b2ddd9014000030008,1,1,3184,-43,1654781238106952,1654781238106952,
300833b2ddd9014000030002,1,1,176,-47,1654781238108021,1654781238108021,
300833b2ddd9014000030001,1,1,1060,-51,1654781238109589,1654781238109589,
300833b2ddd9014000030009,1,1,2432,-44,1654781238110917,1654781238110917,
300833b2ddd9014000030009,1,1,2432,-44,1654781238116442,1654781238116442,
300833b2ddd9014000030008,1,1,3180,-43,1654781238117468,1654781238117468,
300833b2ddd9014000030002,1,1,180,-47,1654781238119107,1654781238119107,
300833b2ddd9014000030001,1,1,1048,-51,1654781238120552,1654781238120552,
300833b2ddd9014000030002,1,1,172,-47,1654781238150429,1654781238150429,
300833b2ddd9014000030009,1,1,2412,-44,1654781238151501,1654781238151501,
300833b2ddd9014000030001,1,1,1044,-51,1654781238152872,1654781238152872,
300833b2ddd9014000030008,1,1,3180,-43,1654781238154167,1654781238154167,
300833b2ddd9014000030001,1,1,1052,-51,1654781238158969,1654781238158969,
300833b2ddd9014000030008,1,1,3180,-43,1654781238161119,1654781238161119,
300833b2ddd9014000030009,1,1,2412,-44,1654781238162204,1654781238162204,
300833b2ddd9014000030002,1,1,160,-47,1654781238163671,1654781238163671,
300833b2ddd9014000030002,1,1,144,-47,1654781238194129,1654781238194129,
300833b2ddd9014000030001,1,1,1040,-51,1654781238195374,1654781238195374,
300833b2ddd9014000030009,1,1,2416,-44,1654781238196446,1654781238196446,
300833b2ddd9014000030008,1,1,3184,-43,1654781238197572,1654781238197572,
300833b2ddd9014000030009,1,1,2424,-44,1654781238201443,1654781238201443,
300833b2ddd9014000030008,1,1,3180,-43,1654781238203095,1654781238203095,
300833b2ddd9014000030002,1,1,132,-47,1654781238204420,1654781238204420,
300833b2ddd9014000030001,1,1,1060,-51,1654781238205466,1654781238205466,
300833b2ddd9014000030009,1,1,2408,-44,1654781238236185,1654781238236185,
300833b2ddd9014000030008,1,1,3172,-43,1654781238237311,1654781238237311,
300833b2ddd9014000030002,1,1,140,-47,1654781238239089,1654781238239089,
300833b2ddd9014000030001,1,1,1028,-51,1654781238240732,1654781238240732,
300833b2ddd9014000030008,1,1,3176,-43,1654781238244894,1654781238244894,
300833b2ddd9014000030009,1,1,2400,-44,1654781238246208,1654781238246208,
300833b2ddd9014000030002,1,1,136,-47,1654781238247287,1654781238247287,
300833b2ddd9014000030001,1,1,1036,-51,1654781238248391,1654781238248391,
300833b2ddd9014000030002,1,1,104,-47,1654781238280270,1654781238280270,
300833b2ddd9014000030008,1,1,3164,-43,1654781238281966,1654781238281966,
300833b2ddd9014000030009,1,1,2388,-44,1654781238283308,1654781238283308,
300833b2ddd9014000030001,1,1,1024,-52,1654781238284808,1654781238284808,
300833b2ddd9014000030001,1,1,1052,-52,1654781238288233,1654781238288233,
300833b2ddd9014000030009,1,1,2376,-44,1654781238290526,1654781238290526,
300833b2ddd9014000030008,1,1,3164,-43,1654781238291637,1654781238291637,
300833b2ddd9014000030002,1,1,116,-47,1654781238292805,1654781238292805,
300833b2ddd9014000030009,1,1,2368,-44,1654781238322517,1654781238322517,
300833b2ddd9014000030002,1,1,96,-47,1654781238323809,1654781238323809,
300833b2ddd9014000030001,1,1,1036,-52,1654781238324871,1654781238324871,
300833b2ddd9014000030008,1,1,3156,-43,1654781238326165,1654781238326165,
300833b2ddd9014000030009,1,1,2364,-44,1654781238331126,1654781238331126,
300833b2ddd9014000030008,1,1,3156,-43,1654781238332180,1654781238332180,
300833b2ddd9014000030002,1,1,84,-47,1654781238333461,1654781238333461,
300833b2ddd9014000030001,1,1,1040,-51,1654781238335418,1654781238335418,
300833b2ddd9014000030002,1,1,64,-48,1654781238366979,1654781238366979,
300833b2ddd9014000030009,1,1,2356,-44,1654781238368486,1654781238368486,
300833b2ddd9014000030008,1,1,3152,-44,1654781238370095,1654781238370095,
300833b2ddd9014000030001,1,1,1068,-51,1654781238371553,1654781238371553,
300833b2ddd9014000030008,1,1,3168,-44,1654781238375742,1654781238375742,
300833b2ddd9014000030009,1,1,2336,-44,1654781238376842,1654781238376842,
300833b2ddd9014000030002,1,1,76,-48,1654781238378651,1654781238378651,
300833b2ddd9014000030001,1,1,1008,-51,1654781238379753,1654781238379753,
300833b2ddd9014000030001,1,1,1020,-51,1654781238411484,1654781238411484,
300833b2ddd9014000030009,1,1,2316,-44,1654781238412599,1654781238412599,
300833b2ddd9014000030008,1,1,3192,-44,1654781238414405,1654781238414405,
300833b2ddd9014000030002,1,1,56,-48,1654781238415873,1654781238415873,
300833b2ddd9014000030002,1,1,80,-48,1654781238420273,1654781238420273,
300833b2ddd9014000030001,1,1,1032,-50,1654781238421619,1654781238421619,
300833b2ddd9014000030009,1,1,2312,-44,1654781238422762,1654781238422762,
300833b2ddd9014000030008,1,1,3192,-44,1654781238424326,1654781238424326,
300833b2ddd9014000030002,1,1,60,-48,1654781238456370,1654781238456370,
300833b2ddd9014000030009,1,1,2300,-44,1654781238457484,1654781238457484,
300833b2ddd9014000030008,1,1,3176,-44,1654781238458809,1654781238458809,
300833b2ddd9014000030001,1,1,1024,-51,1654781238459941,1654781238459941,
300833b2ddd9014000030008,1,1,3192,-44,1654781238464927,1654781238464927,
300833b2ddd9014000030001,1,1,904,-50,1654781238466003,1654781238466003,
300833b2ddd9014000030002,1,1,80,-49,1654781238467113,1654781238467113,
300833b2ddd9014000030009,1,1,2288,-44,1654781238468215,1654781238468215,
300833b2ddd9014000030009,1,1,2308,-44,1654781238505716,1654781238505716,
300833b2ddd9014000030001,1,1,1124,-50,1654781238507641,1654781238507641,
300833b2ddd9014000030002,1,1,56,-49,1654781238508740,1654781238508740,
300833b2ddd9014000030008,1,1,3160,-44,1654781238509836,1654781238509836,
300833b2ddd9014000030009,1,1,2304,-45,1654781238514208,1654781238514208,
300833b2ddd9014000030002,1,1,48,-49,1654781238515463,1654781238515463,
300833b2ddd9014000030001,1,1,1160,-50,1654781238516736,1654781238516736,
300833b2ddd9014000030008,1,1,3172,-45,1654781238517820,1654781238517820,
300833b2ddd9014000030002,1,1,24,-49,1654781238548209,1654781238548209,
300833b2ddd9014000030001,1,1,1220,-50,1654781238549582,1654781238549582,
300833b2ddd9014000030009,1,1,2308,-45,1654781238550950,1654781238550950,
300833b2ddd9014000030008,1,1,3100,-45,1654781238552290,1654781238552290,
300833b2ddd9014000030008,1,1,3124,-45,1654781238556721,1654781238556721,
300833b2ddd9014000030009,1,1,2312,-45,1654781238558659,1654781238558659,
300833b2ddd9014000030002,1,1,44,-49,1654781238559728,1654781238559728,
300833b2ddd9014000030001,1,1,1308,-50,1654781238560845,1654781238560845,
300833b2ddd9014000030002,1,1,4072,-50,1654781238597731,1654781238597731,
300833b2ddd9014000030009,1,1,2364,-46,1654781238599216,1654781238599216,
300833b2ddd9014000030008,1,1,3076,-45,1654781238600539,1654781238600539,
300833b2ddd9014000030001,1,1,1312,-49,1654781238601613,1654781238601613,
300833b2ddd9014000030001,1,1,1280,-49,1654781238605226,1654781238605226,
300833b2ddd9014000030008,1,1,3072,-46,1654781238606920,1654781238606920,
300833b2ddd9014000030002,1,1,4076,-50,1654781238608880,1654781238608880,
300833b2ddd9014000030009,1,1,2376,-46,1654781238609964,1654781238609964,
300833b2ddd9014000030001,1,1,1232,-48,1654781238639879,1654781238639879,
300833b2ddd9014000030009,1,1,2392,-46,1654781238640993,1654781238640993,
300833b2ddd9014000030008,1,1,3072,-45,1654781238642572,1654781238642572,
300833b2ddd9014000030002,1,1,24,-50,1654781238645347,1654781238645347,
300833b2ddd9014000030009,1,1,2428,-46,1654781238648648,1654781238648648,
300833b2ddd9014000030002,1,1,0,-50,1654781238649775,1654781238649775,
300833b2ddd9014000030001,1,1,1204,-48,1654781238651942,1654781238651942,
300833b2ddd9014000030008,1,1,3076,-45,1654781238653051,1654781238653051,
300833b2ddd9014000030001,1,1,1160,-48,1654781238690014,1654781238690014,
300833b2ddd9014000030009,1,1,2440,-45,1654781238691013,1654781238691013,
300833b2ddd9014000030008,1,1,3100,-45,1654781238692125,1654781238692125,
300833b2ddd9014000030002,1,1,44,-50,1654781238694229,1654781238694229,
300833b2ddd9014000030002,1,1,64,-49,1654781238698785,1654781238698785,
300833b2ddd9014000030009,1,1,2428,-45,1654781238699884,1654781238699884,
300833b2ddd9014000030008,1,1,3104,-45,1654781238701718,1654781238701718,
300833b2ddd9014000030001,1,1,1160,-48,1654781238702879,1654781238702879,
300833b2ddd9014000030008,1,1,3116,-44,1654781238734097,1654781238734097,
300833b2ddd9014000030009,1,1,2452,-44,1654781238735184,1654781238735184,
300833b2ddd9014000030002,1,1,112,-49,1654781238736776,1654781238736776,
300833b2ddd9014000030001,1,1,1204,-50,1654781238738151,1654781238738151,
300833b2ddd9014000030001,1,1,1180,-50,1654781238742686,1654781238742686,
300833b2ddd9014000030009,1,1,2460,-44,1654781238744879,1654781238744879,
300833b2ddd9014000030008,1,1,3132,-44,1654781238746246,1654781238746246,
300833b2ddd9014000030002,1,1,96,-49,1654781238747728,1654781238747728,
300833b2ddd9014000030001,1,1,1184,-51,1654781238783774,1654781238783774,
300833b2ddd9014000030008,1,1,3124,-44,1654781238785257,1654781238785257,
300833b2ddd9014000030009,1,1,2464,-44,1654781238786314,1654781238786314,
300833b2ddd9014000030002,1,1,80,-49,1654781238788276,1654781238788276,
300833b2ddd9014000030002,1,1,92,-49,1654781238790978,1654781238790978,
300833b2ddd9014000030008,1,1,3116,-44,1654781238792045,1654781238792045,
300833b2ddd9014000030001,1,1,1228,-51,1654781238793377,1654781238793377,
300833b2ddd9014000030009,1,1,2464,-44,1654781238794433,1654781238794433,
300833b2ddd9014000030008,1,1,3068,-44,1654781238826359,1654781238826359,
300833b2ddd9014000030009,1,1,2444,-44,1654781238827699,1654781238827699,
300833b2ddd9014000030001,1,1,1264,-51,1654781238829552,1654781238829552,
300833b2ddd9014000030002,1,1,48,-49,1654781238831470,1654781238831470,
300833b2ddd9014000030009,1,1,2440,-43,1654781238835105,1654781238835105,
300833b2ddd9014000030001,1,1,1240,-50,1654781238836647,1654781238836647,
300833b2ddd9014000030008,1,1,3060,-44,1654781238838238,1654781238838238,
300833b2ddd9014000030002,1,1,28,-49,1654781238839294,1654781238839294,
300833b2ddd9014000030009,1,1,2400,-43,1654781239068838,1654781239068838,
300833b2ddd9014000030001,1,1,1168,-48,1654781239069954,1654781239069954,
300833b2ddd9014000030002,1,1,76,-48,1654781239071503,1654781239071503,
300833b2ddd9014000030008,1,1,3028,-44,1654781239072803,1654781239072803,
300833b2ddd9014000030009,1,1,2400,-43,1654781239077779,1654781239077779,
300833b2ddd9014000030001,1,1,1156,-48,1654781239078834,1654781239078834,
300833b2ddd9014000030008,1,1,3028,-44,1654781239080417,1654781239080417,
300833b2ddd9014000030002,1,1,76,-48,1654781239082352,1654781239082352,
300833b2ddd9014000030002,1,1,80,-48,1654781239113387,1654781239113387,
300833b2ddd9014000030001,1,1,1188,-48,1654781239114520,1654781239114520,
300833b2ddd9014000030009,1,1,2376,-43,1654781239115636,1654781239115636,
300833b2ddd9014000030008,1,1,3024,-44,1654781239117426,1654781239117426,
300833b2ddd9014000030002,1,1,88,-48,1654781239121662,1654781239121662,
300833b2ddd9014000030008,1,1,3028,-44,1654781239123227,1654781239123227,
300833b2ddd9014000030001,1,1,1188,-47,1654781239124811,1654781239124811,
300833b2ddd9014000030009,1,1,2376,-43,1654781239125898,1654781239125898,
300833b2ddd9014000030009,1,1,2344,-43,1654781239158369,1654781239158369,
300833b2ddd9014000030001,1,1,1172,-47,1654781239159570,1654781239159570,
300833b2ddd9014000030002,1,1,88,-48,1654781239160656,1654781239160656,
300833b2ddd9014000030008,1,1,3000,-44,1654781239161936,1654781239161936,
300833b2ddd9014000030002,1,1,92,-48,1654781239165862,1654781239165862,
300833b2ddd9014000030008,1,1,3012,-44,1654781239166929,1654781239166929,
300833b2ddd9014000030009,1,1,2340,-43,1654781239168725,1654781239168725,
300833b2ddd9014000030001,1,1,1188,-47,1654781239170452,1654781239170452,
300833b2ddd9014000030008,1,1,3008,-44,1654781239201528,1654781239201528,
300833b2ddd9014000030001,1,1,1212,-47,1654781239204402,1654781239204402,
300833b2ddd9014000030009,1,1,2332,-43,1654781239205516,1654781239205516,
300833b2ddd9014000030002,1,1,104,-48,1654781239206742,1654781239206742,
300833b2ddd9014000030001,1,1,1212,-47,1654781239210099,1654781239210099,
300833b2ddd9014000030002,1,1,116,-48,1654781239211612,1654781239211612,
300833b2ddd9014000030009,1,1,2324,-43,1654781239213011,1654781239213011,
300833b2ddd9014000030008,1,1,2992,-44,1654781239214465,1654781239214465,
300833b2ddd9014000030009,1,1,2340,-42,1654781239244986,1654781239244986,
300833b2ddd9014000030001,1,1,1220,-46,1654781239246914,1654781239246914,
300833b2ddd9014000030008,1,1,2976,-44,1654781239248027,1654781239248027,
300833b2ddd9014000030002,1,1,124,-48,1654781239249349,1654781239249349,
300833b2ddd9014000030008,1,1,2976,-44,1654781239252868,1654781239252868,
300833b2ddd9014000030009,1,1,2320,-42,1654781239256393,1654781239256393,
300833b2ddd9014000030001,1,1,1232,-47,1654781239257638,1654781239257638,
300833b2ddd9014000030002,1,1,140,-48,1654781239258892,1654781239258892,
300833b2ddd9014000030009,1,1,2328,-42,1654781239289932,1654781239289932,
300833b2ddd9014000030001,1,1,1240,-46,1654781239291431,1654781239291431,
300833b2ddd9014000030002,1,1,132,-48,1654781239292531,1654781239292531,
300833b2ddd9014000030008,1,1,2984,-44,1654781239293840,1654781239293840,
300833b2ddd9014000030002,1,1,132,-48,1654781239297329,1654781239297329,
300833b2ddd9014000030009,1,1,2320,-42,1654781239298911,1654781239298911,
300833b2ddd9014000030001,1,1,1248,-46,1654781239300182,1654781239300182,
300833b2ddd9014000030008,1,1,2972,-44,1654781239301479,1654781239301479,
300833b2ddd9014000030002,1,1,120,-48,1654781239333253,1654781239333253,
300833b2ddd9014000030009,1,1,2336,-42,1654781239335432,1654781239335432,
300833b2ddd9014000030001,1,1,1264,-46,1654781239336506,1654781239336506,
300833b2ddd9014000030008,1,1,2988,-44,1654781239337989,1654781239337989,
300833b2ddd9014000030009,1,1,2324,-42,1654781239340735,1654781239340735,
300833b2ddd9014000030002,1,1,152,-48,1654781239341773,1654781239341773,
300833b2ddd9014000030001,1,1,1264,-46,1654781239343796,1654781239343796,
300833b2ddd9014000030008,1,1,2960,-44,1654781239344883,1654781239344883,
300833b2ddd9014000030002,1,1,152,-48,1654781239376582,1654781239376582,
300833b2ddd9014000030009,1,1,2316,-42,1654781239377728,1654781239377728,
300833b2ddd9014000030001,1,1,1268,-46,1654781239379085,1654781239379085,
300833b2ddd9014000030008,1,1,2972,-44,1654781239380137,1654781239380137,
300833b2ddd9014000030001,1,1,1280,-46,1654781239384896,1654781239384896,
300833b2ddd9014000030008,1,1,2980,-44,1654781239386262,1654781239386262,
300833b2ddd9014000030009,1,1,2316,-42,1654781239387812,1654781239387812,
300833b2ddd9014000030002,1,1,156,-48,1654781239388906,1654781239388906,
300833b2ddd9014000030001,1,1,1284,-46,1654781239420290,1654781239420290,
300833b2ddd9014000030008,1,1,2984,-44,1654781239421405,1654781239421405,
300833b2ddd9014000030009,1,1,2328,-42,1654781239423778,1654781239423778,
300833b2ddd9014000030002,1,1,160,-48,1654781239425117,1654781239425117,
300833b2ddd9014000030009,1,1,2332,-42,1654781239429935,1654781239429935,
300833b2ddd9014000030008,1,1,2988,-43,1654781239431004,1654781239431004,
300833b2ddd9014000030001,1,1,1272,-46,1654781239432093,1654781239432093,
300833b2ddd9014000030002,1,1,152,-48,1654781239433519,1654781239433519,
300833b2ddd9014000030001,1,1,1272,-46,1654781239464689,1654781239464689,
300833b2ddd9014000030002,1,1,160,-48,1654781239466912,1654781239466912,
300833b2ddd9014000030009,1,1,2324,-42,1654781239468635,1654781239468635,
300833b2ddd9014000030008,1,1,2984,-43,1654781239469717,1654781239469717,
300833b2ddd9014000030002,1,1,160,-48,1654781239473098,1654781239473098,
300833b2ddd9014000030001,1,1,1272,-46,1654781239474438,1654781239474438,
300833b2ddd9014000030008,1,1,2984,-43,1654781239476883,1654781239476883,
300833b2ddd9014000030009,1,1,2328,-42,1654781239478407,1654781239478407,
300833b2ddd9014000030008,1,1,2976,-43,1654781239508832,1654781239508832,
300833b2ddd9014000030001,1,1,1264,-46,1654781239511289,1654781239511289,
300833b2ddd9014000030009,1,1,2332,-42,1654781239512747,1654781239512747,
300833b2ddd9014000030002,1,1,152,-48,1654781239513832,1654781239513832,
300833b2ddd9014000030002,1,1,160,-48,1654781239517399,1654781239517399,
300833b2ddd9014000030008,1,1,2988,-43,1654781239518655,1654781239518655,
300833b2ddd9014000030009,1,1,2324,-42,1654781239520025,1654781239520025,
300833b2ddd9014000030001,1,1,1260,-46,1654781239521072,1654781239521072,
300833b2ddd9014000030009,1,1,2328,-42,1654781239551378,1654781239551378,
300833b2ddd9014000030008,1,1,2972,-43,1654781239552672,1654781239552672,
300833b2ddd9014000030002,1,1,164,-48,1654781239554026,1654781239554026,
300833b2ddd9014000030001,1,1,1280,-46,1654781239555366,1654781239555366,
300833b2ddd9014000030008,1,1,2992,-44,1654781239560572,1654781239560572,
300833b2ddd9014000030001,1,1,1292,-46,1654781239561803,1654781239561803,
300833b2ddd9014000030009,1,1,2324,-42,1654781239562860,1654781239562860,
300833b2ddd9014000030002,1,1,156,-48,1654781239564199,1654781239564199,
300833b2ddd9014000030002,1,1,160,-48,1654781239596802,1654781239596802,
300833b2ddd9014000030008,1,1,2972,-43,1654781239597998,1654781239597998,
300833b2ddd9014000030009,1,1,2336,-42,1654781239599325,1654781239599325,
300833b2ddd9014000030001,1,1,1280,-46,1654781239600456,1654781239600456,
300833b2ddd9014000030008,1,1,2972,-43,1654781239605569,1654781239605569,
300833b2ddd9014000030009,1,1,2332,-42,1654781239606852,1654781239606852,
300833b2ddd9014000030001,1,1,1272,-46,1654781239607952,1654781239607952,
300833b2ddd9014000030002,1,1,168,-48,1654781239609535,1654781239609535,
300833b2ddd9014000030002,1,1,148,-48,1654781239640946,1654781239640946,
300833b2ddd9014000030008,1,1,2976,-43,1654781239642642,1654781239642642,
300833b2ddd9014000030001,1,1,1284,-46,1654781239643744,1654781239643744,
300833b2ddd9014000030009,1,1,2308,-42,1654781239644871,1654781239644871,
300833b2ddd9014000030008,1,1,2984,-43,1654781239648538,1654781239648538,
300833b2ddd9014000030009,1,1,2316,-42,1654781239651096,1654781239651096,
300833b2ddd9014000030001,1,1,1276,-46,1654781239652590,1654781239652590,
300833b2ddd9014000030002,1,1,176,-48,1654781239653644,1654781239653644,
300833b2ddd9014000030001,1,1,1276,-46,1654781239683502,1654781239683502,
300833b2ddd9014000030009,1,1,2304,-42,1654781239684587,1654781239684587,
300833b2ddd9014000030008,1,1,2988,-43,1654781239686634,1654781239686634,
300833b2ddd9014000030002,1,1,168,-48,1654781239688118,1654781239688118,
300833b2ddd9014000030001,1,1,1284,-46,1654781239691951,1654781239691951,
300833b2ddd9014000030009,1,1,2312,-42,1654781239693519,1654781239693519,
300833b2ddd9014000030008,1,1,2976,-43,1654781239695337,1654781239695337,
300833b2ddd9014000030002,1,1,160,-48,1654781239697403,1654781239697403,
300833b2ddd9014000030001,1,1,1284,-46,1654781239727698,1654781239727698,
300833b2ddd9014000030008,1,1,2992,-43,1654781239728782,1654781239728782,
300833b2ddd9014000030002,1,1,164,-48,1654781239729880,1654781239729880,
300833b2ddd9014000030009,1,1,2308,-42,1654781239731208,1654781239731208,
300833b2ddd9014000030008,1,1,2960,-43,1654781239736639,1654781239736639,
300833b2ddd9014000030009,1,1,2320,-42,1654781239737866,1654781239737866,
300833b2ddd9014000030002,1,1,152,-48,1654781239738982,1654781239738982,
300833b2ddd9014000030001,1,1,1284,-46,1654781239740080,1654781239740080,
300833b2ddd9014000030008,1,1,2988,-43,1654781239773280,1654781239773280,
300833b2ddd9014000030002,1,1,164,-48,1654781239775171,1654781239775171,
300833b2ddd9014000030001,1,1,1280,-46,1654781239776318,1654781239776318,
300833b2ddd9014000030001,1,1,1284,-46,1654781239780341,1654781239780341,
300833b2ddd9014000030008,1,1,2992,-44,1654781239781836,1654781239781836,
300833b2ddd9014000030009,1,1,2312,-42,1654781239783775,1654781239783775,
300833b2ddd9014000030002,1,1,164,-48,1654781239784958,1654781239784958,
300833b2ddd9014000030008,1,1,2972,-43,1654781239814662,1654781239814662,
300833b2ddd9014000030002,1,1,160,-48,1654781239815699,1654781239815699,
300833b2ddd9014000030001,1,1,1284,-46,1654781239817017,1654781239817017,
300833b2ddd9014000030009,1,1,2312,-42,1654781239818144,1654781239818144,
300833b2ddd9014000030001,1,1,1272,-46,1654781239824300,1654781239824300,
300833b2ddd9014000030002,1,1,152,-48,1654781239825626,1654781239825626,
300833b2ddd9014000030009,1,1,2304,-42,1654781239827478,1654781239827478,
300833b2ddd9014000030008,1,1,2984,-44,1654781239828573,1654781239828573,
300833b2ddd9014000030009,1,1,2308,-42,1654781239869535,1654781239869535,
300833b2ddd9014000030002,1,1,144,-48,1654781239870871,1654781239870871,
300833b2ddd9014000030001,1,1,1288,-46,1654781239872087,1654781239872087,
300833b2ddd9014000030009,1,1,2316,-42,1654781239876350,1654781239876350,
300833b2ddd9014000030002,1,1,160,-48,1654781239877389,1654781239877389,
300833b2ddd9014000030008,1,1,2956,-44,1654781239879151,1654781239879151,
300833b2ddd9014000030001,1,1,1260,-46,1654781239880423,1654781239880423,
300833b2ddd9014000030009,1,1,2312,-42,1654781239910912,1654781239910912,
300833b2ddd9014000030001,1,1,1276,-47,1654781239912154,1654781239912154,
300833b2ddd9014000030008,1,1,2976,-44,1654781239913467,1654781239913467,
300833b2ddd9014000030002,1,1,152,-48,1654781239914935,1654781239914935,
300833b2ddd9014000030001,1,1,1260,-46,1654781239917915,1654781239917915,
300833b2ddd9014000030009,1,1,2316,-42,1654781239919836,1654781239919836,
300833b2ddd9014000030008,1,1,2988,-43,1654781239920963,1654781239920963,
300833b2ddd9014000030002,1,1,144,-48,1654781239922019,1654781239922019,
300833b2ddd9014000030002,1,1,160,-48,1654781239952944,1654781239952944,
300833b2ddd9014000030001,1,1,1276,-46,1654781239954630,1654781239954630,
300833b2ddd9014000030008,1,1,2992,-44,1654781239958227,1654781239958227,
300833b2ddd9014000030009,1,1,2304,-42,1654781239959256,1654781239959256,
300833b2ddd9014000030001,1,1,1284,-46,1654781239962034,1654781239962034,
300833b2ddd9014000030009,1,1,2312,-42,1654781239963319,1654781239963319,
300833b2ddd9014000030008,1,1,2976,-44,1654781239964373,1654781239964373,
300833b2ddd9014000030002,1,1,160,-48,1654781239966790,1654781239966790,
300833b2ddd9014000030001,1,1,1272,-47,1654781239999250,1654781239999250,
300833b2ddd9014000030008,1,1,2988,-44,1654781240000876,1654781240000876,
300833b2ddd9014000030009,1,1,2312,-42,1654781240002132,1654781240002132,
300833b2ddd9014000030002,1,1,144,-48,1654781240003229,1654781240003229,
300833b2ddd9014000030001,1,1,1284,-46,1654781240007952,1654781240007952,
300833b2ddd9014000030002,1,1,148,-48,1654781240009247,1654781240009247,
300833b2ddd9014000030008,1,1,2972,-43,1654781240011392,1654781240011392,
300833b2ddd9014000030009,1,1,2308,-42,1654781240012490,1654781240012490,
300833b2ddd9014000030008,1,1,2992,-43,1654781240044652,1654781240044652,
300833b2ddd9014000030002,1,1,144,-48,1654781240045766,1654781240045766,
300833b2ddd9014000030001,1,1,1280,-46,1654781240046852,1654781240046852,
300833b2ddd9014000030009,1,1,2308,-42,1654781240048153,1654781240048153,
300833b2ddd9014000030001,1,1,1280,-46,1654781240053610,1654781240053610,
300833b2ddd9014000030002,1,1,160,-48,1654781240054794,1654781240054794,
300833b2ddd9014000030009,1,1,2328,-42,1654781240056078,1654781240056078,
300833b2ddd9014000030008,1,1,2988,-44,1654781240057164,1654781240057164,
300833b2ddd9014000030001,1,1,1256,-46,1654781240087564,1654781240087564,
300833b2ddd9014000030008,1,1,2984,-43,1654781240089143,1654781240089143,
300833b2ddd9014000030009,1,1,2320,-42,1654781240090710,1654781240090710,
300833b2ddd9014000030002,1,1,148,-48,1654781240091808,1654781240091808,
300833b2ddd9014000030008,1,1,2988,-43,1654781240096721,1654781240096721,
300833b2ddd9014000030009,1,1,2316,-43,1654781240098134,1654781240098134,
300833b2ddd9014000030001,1,1,1272,-46,1654781240099829,1654781240099829,
300833b2ddd9014000030002,1,1,144,-48,1654781240100974,1654781240100974,
300833b2ddd9014000030008,1,1,2988,-44,1654781240131203,1654781240131203,
300833b2ddd9014000030009,1,1,2312,-42,1654781240132321,1654781240132321,
300833b2ddd9014000030001,1,1,1296,-47,1654781240134174,1654781240134174,
300833b2ddd9014000030002,1,1,148,-48,1654781240135840,1654781240135840,
300833b2ddd9014000030002,1,1,168,-48,1654781240139830,1654781240139830,
300833b2ddd9014000030009,1,1,2304,-42,1654781240141173,1654781240141173,
300833b2ddd9014000030008,1,1,2996,-43,1654781240142241,1654781240142241,
300833b2ddd9014000030001,1,1,1272,-46,1654781240143541,1654781240143541,
300833b2ddd9014000030008,1,1,2976,-43,1654781240175303,1654781240175303,
300833b2ddd9014000030001,1,1,1272,-46,1654781240176615,1654781240176615,
300833b2ddd9014000030009,1,1,2316,-42,1654781240177942,1654781240177942,
300833b2ddd9014000030009,1,1,2304,-42,1654781240184207,1654781240184207,
300833b2ddd9014000030008,1,1,3004,-43,1654781240185318,1654781240185318,
300833b2ddd9014000030001,1,1,1276,-46,1654781240186578,1654781240186578,
300833b2ddd9014000030002,1,1,152,-48,1654781240187633,1654781240187633,
300833b2ddd9014000030008,1,1,3000,-43,1654781240217780,1654781240217780,
300833b2ddd9014000030009,1,1,2392,-41,1654781240220085,1654781240220085,
300833b2ddd9014000030002,1,1,164,-48,1654781240225994,1654781240225994,
300833b2ddd9014000030008,1,1,2980,-44,1654781240227501,1654781240227501,
300833b2ddd9014000030009,1,1,2312,-42,1654781240228615,1654781240228615,
300833b2ddd9014000030008,1,1,3008,-44,1654781240262332,1654781240262332,
300833b2ddd9014000030001,1,1,1264,-46,1654781240263548,1654781240263548,
300833b2ddd9014000030008,1,1,2968,-44,1654781240266236,1654781240266236,
300833b2ddd9014000030001,1,1,1280,-46,1654781240267295,1654781240267295,
300833b2ddd9014000030009,1,1,2316,-43,1654781240268480,1654781240268480,
300833b2ddd9014000030002,1,1,164,-48,1654781240270239,1654781240270239,
300833b2ddd9014000030001,1,1,1248,-46,1654781240301725,1654781240301725,
300833b2ddd9014000030008,1,1,2988,-43,1654781240303632,1654781240303632,
300833b2ddd9014000030002,1,1,172,-48,1654781240304991,1654781240304991,
300833b2ddd9014000030002,1,1,192,-48,1654781240308645,1654781240308645,
300833b2ddd9014000030001,1,1,1296,-46,1654781240311062,1654781240311062,
300833b2ddd9014000030008,1,1,3004,-44,1654781240312472,1654781240312472,
300833b2ddd9014000030009,1,1,2312,-42,1654781240313585,1654781240313585,
300833b2ddd9014000030001,1,1,1260,-46,1654781240344031,1654781240344031,
300833b2ddd9014000030008,1,1,2992,-43,1654781240345394,1654781240345394,
300833b2ddd9014000030002,1,1,116,-48,1654781240347136,1654781240347136,
300833b2ddd9014000030001,1,1,1256,-46,1654781240350444,1654781240350444,
300833b2ddd9014000030009,1,1,2304,-42,1654781240351517,1654781240351517,
300833b2ddd9014000030002,1,1,160,-48,1654781240352630,1654781240352630,
300833b2ddd9014000030008,1,1,2996,-43,1654781240354210,1654781240354210,
300833b2ddd9014000030001,1,1,1236,-46,1654781240386200,1654781240386200,
300833b2ddd9014000030008,1,1,2996,-43,1654781240387310,1654781240387310,
300833b2ddd9014000030002,1,1,156,-48,1654781240388353,1654781240388353,
300833b2ddd9014000030009,1,1,2304,-42,1654781240389961,1654781240389961,
300833b2ddd9014000030001,1,1,1256,-47,1654781240394682,1654781240394682,
300833b2ddd9014000030002,1,1,208,-48,1654781240396137,1654781240396137,
300833b2ddd9014000030008,1,1,2976,-44,1654781240397248,1654781240397248,
300833b2ddd9014000030009,1,1,2296,-42,1654781240398306,1654781240398306,
300833b2ddd9014000030001,1,1,1268,-46,1654781240429073,1654781240429073,
300833b2ddd9014000030009,1,1,2300,-42,1654781240430128,1654781240430128,
300833b2ddd9014000030002,1,1,176,-48,1654781240431481,1654781240431481,
300833b2ddd9014000030008,1,1,2992,-43,1654781240432817,1654781240432817,
300833b2ddd9014000030008,1,1,2988,-44,1654781240437755,1654781240437755,
300833b2ddd9014000030001,1,1,1260,-46,1654781240438828,1654781240438828,
300833b2ddd9014000030009,1,1,2304,-42,1654781240440182,1654781240440182,
300833b2ddd9014000030002,1,1,172,-48,1654781240442355,1654781240442355,
300833b2ddd9014000030002,1,1,156,-48,1654781240472886,1654781240472886,
300833b2ddd9014000030008,1,1,2996,-43,1654781240473952,1654781240473952,
300833b2ddd9014000030001,1,1,1272,-47,1654781240475073,1654781240475073,
300833b2ddd9014000030009,1,1,2328,-42,1654781240477151,1654781240477151,
300833b2ddd9014000030001,1,1,1252,-46,1654781240481387,1654781240481387,
300833b2ddd9014000030009,1,1,2316,-42,1654781240483311,1654781240483311,
300833b2ddd9014000030008,1,1,3000,-43,1654781240484394,1654781240484394,
300833b2ddd9014000030002,1,1,132,-48,1654781240485748,1654781240485748,
300833b2ddd9014000030008,1,1,3012,-44,1654781240516433,1654781240516433,
300833b2ddd9014000030009,1,1,2328,-42,1654781240517730,1654781240517730,
300833b2ddd9014000030002,1,1,160,-48,1654781240519960,1654781240519960,
300833b2ddd9014000030001,1,1,1276,-46,1654781240521540,1654781240521540,
300833b2ddd9014000030001,1,1,1276,-46,1654781240524987,1654781240524987,
300833b2ddd9014000030008,1,1,3012,-44,1654781240526088,1654781240526088,
300833b2ddd9014000030009,1,1,2308,-42,1654781240527641,1654781240527641,
300833b2ddd9014000030002,1,1,168,-48,1654781240528963,1654781240528963,
300833b2ddd9014000030002,1,1,160,-48,1654781240560495,1654781240560495,
300833b2ddd9014000030008,1,1,3012,-43,1654781240562460,1654781240562460,
300833b2ddd9014000030001,1,1,1264,-46,1654781240563803,1654781240563803,
300833b2ddd9014000030009,1,1,2312,-42,1654781240564846,1654781240564846,
300833b2ddd9014000030002,1,1,148,-48,1654781240568437,1654781240568437,
300833b2ddd9014000030001,1,1,1272,-46,1654781240570135,1654781240570135,
300833b2ddd9014000030008,1,1,2992,-44,1654781240571471,1654781240571471,
300833b2ddd9014000030009,1,1,2336,-42,1654781240572560,1654781240572560,
300833b2ddd9014000030002,1,1,164,-48,1654781240603398,1654781240603398,
300833b2ddd9014000030009,1,1,2328,-42,1654781240604468,1654781240604468,
300833b2ddd9014000030001,1,1,1264,-46,1654781240606238,1654781240606238,
300833b2ddd9014000030008,1,1,2984,-44,1654781240607676,1654781240607676,
300833b2ddd9014000030001,1,1,1264,-47,1654781240611575,1654781240611575,
300833b2ddd9014000030009,1,1,2336,-42,1654781240613512,1654781240613512,
300833b2ddd9014000030008,1,1,3008,-43,1654781240614581,1654781240614581,
300833b2ddd9014000030002,1,1,164,-48,1654781240616260,1654781240616260,
300833b2ddd9014000030009,1,1,2312,-42,1654781240646163,1654781240646163,
300833b2ddd9014000030001,1,1,1284,-46,1654781240647760,1654781240647760,
300833b2ddd9014000030008,1,1,2996,-43,1654781240649596,1654781240649596,
300833b2ddd9014000030002,1,1,164,-48,1654781240651290,1654781240651290,
300833b2ddd9014000030008,1,1,3004,-43,1654781240654936,1654781240654936,
300833b2ddd9014000030009,1,1,2324,-42,1654781240656261,1654781240656261,
300833b2ddd9014000030001,1,1,1272,-46,1654781240657575,1654781240657575,
300833b2ddd9014000030002,1,1,164,-48,1654781240658644,1654781240658644,
300833b2ddd9014000030008,1,1,3032,-43,1654781240691354,1654781240691354,
300833b2ddd9014000030009,1,1,2312,-42,1654781240692724,1654781240692724,
300833b2ddd9014000030001,1,1,1284,-46,1654781240694416,1654781240694416,
300833b2ddd9014000030002,1,1,160,-48,1654781240695644,1654781240695644,
300833b2ddd9014000030009,1,1,2332,-42,1654781240698991,1654781240698991,
300833b2ddd9014000030002,1,1,176,-48,1654781240700075,1654781240700075,
300833b2ddd9014000030001,1,1,1284,-46,1654781240701400,1654781240701400,
300833b2ddd9014000030008,1,1,3004,-43,1654781240702686,1654781240702686,
300833b2ddd9014000030008,1,1,3012,-44,1654781240733941,1654781240733941,
300833b2ddd9014000030002,1,1,156,-48,1654781240735207,1654781240735207,
300833b2ddd9014000030001,1,1,1280,-46,1654781240736534,1654781240736534,
300833b2ddd9014000030009,1,1,2320,-42,1654781240737620,1654781240737620,
300833b2ddd9014000030001,1,1,1276,-47,1654781240742656,1654781240742656,
300833b2ddd9014000030009,1,1,2316,-42,1654781240743938,1654781240743938,
300833b2ddd9014000030008,1,1,3004,-43,1654781240745007,1654781240745007,
300833b2ddd9014000030002,1,1,168,-48,1654781240747239,1654781240747239,
300833b2ddd9014000030002,1,1,156,-48,1654781240778105,1654781240778105,
300833b2ddd9014000030001,1,1,1272,-46,1654781240779434,1654781240779434,
300833b2ddd9014000030008,1,1,3004,-44,1654781240780787,1654781240780787,
300833b2ddd9014000030009,1,1,2324,-42,1654781240781901,1654781240781901,
300833b2ddd9014000030009,1,1,2312,-42,1654781240790158,1654781240790158,
300833b2ddd9014000030008,1,1,3000,-44,1654781240791400,1654781240791400,
300833b2ddd9014000030001,1,1,1272,-46,1654781240792700,1654781240792700,
300833b2ddd9014000030002,1,1,164,-48,1654781240794463,1654781240794463,
300833b2ddd9014000030008,1,1,3004,-44,1654781240828226,1654781240828226,
300833b2ddd9014000030009,1,1,2324,-42,1654781240829540,1654781240829540,
300833b2ddd9014000030001,1,1,1284,-46,1654781240831081,1654781240831081,
300833b2ddd9014000030002,1,1,152,-48,1654781240832223,1654781240832223,
300833b2ddd9014000030009,1,1,2312,-42,1654781240837953,1654781240837953,
300833b2ddd9014000030002,1,1,144,-48,1654781240839009,1654781240839009,
300833b2ddd9014000030001,1,1,1292,-46,1654781240841104,1654781240841104,
300833b2ddd9014000030008,1,1,3008,-43,1654781240842159,1654781240842159,
300833b2ddd9014000030002,1,1,168,-48,1654781240873576,1654781240873576,
300833b2ddd9014000030009,1,1,2316,-42,1654781240875273,1654781240875273,
300833b2ddd9014000030008,1,1,2992,-43,1654781240876650,1654781240876650,
300833b2ddd9014000030001,1,1,1248,-47,1654781240879801,1654781240879801,
300833b2ddd9014000030002,1,1,152,-48,1654781240886256,1654781240886256,
300833b2ddd9014000030009,1,1,2308,-42,1654781240887355,1654781240887355,
300833b2ddd9014000030001,1,1,1260,-46,1654781240889069,1654781240889069,
300833b2ddd9014000030008,1,1,2996,-44,1654781240890151,1654781240890151,
300833b2ddd9014000030001,1,1,1280,-47,1654781240920382,1654781240920382,
300833b2ddd9014000030008,1,1,3012,-43,1654781240922081,1654781240922081,
300833b2ddd9014000030002,1,1,164,-48,1654781240923132,1654781240923132,
300833b2ddd9014000030009,1,1,2312,-42,1654781240924207,1654781240924207,
300833b2ddd9014000030008,1,1,3008,-43,1654781240929802,1654781240929802,
300833b2ddd9014000030009,1,1,2304,-42,1654781240932540,1654781240932540,
300833b2ddd9014000030001,1,1,1276,-47,1654781240933643,1654781240933643,
300833b2ddd9014000030002,1,1,156,-48,1654781240935336,1654781240935336,
300833b2ddd9014000030009,1,1,2308,-42,1654781240965384,1654781240965384,
300833b2ddd9014000030002,1,1,164,-48,1654781240966679,1654781240966679,
300833b2ddd9014000030008,1,1,2992,-44,1654781240968480,1654781240968480,
300833b2ddd9014000030001,1,1,1292,-46,1654781240969697,1654781240969697,
300833b2ddd9014000030001,1,1,1268,-46,1654781240974522,1654781240974522,
300833b2ddd9014000030009,1,1,2308,-42,1654781240975722,1654781240975722,
300833b2ddd9014000030002,1,1,184,-48,1654781240976802,1654781240976802,
300833b2ddd9014000030008,1,1,3008,-43,1654781240978100,1654781240978100,