epc,atenda,atendanum,phase,RSS,timestamp,timestamp2,
300833b2ddd9014000030009,1,1,2360,-44,1654781415597954,1654781415597954,
300833b2ddd9014000030008,1,1,3152,-44,1654781415599196,1654781415599196,
300833b2ddd9014000030002,1,1,80,-48,1654781415601372,1654781415601372,
300833b2ddd9014000030008,1,1,3152,-44,1654781415605546,1654781415605546,
300833b2ddd9014000030002,1,1,100,-48,1654781415606587,1654781415606587,
300833b2ddd9014000030009,1,1,2368,-44,1654781415607686,1654781415607686,
300833b2ddd9014000030001,1,1,1068,-50,1654781415609154,1654781415609154,
300833b2ddd9014000030002,1,1,84,-48,1654781415639594,1654781415639594,
300833b2ddd9014000030009,1,1,2372,-44,1654781415641670,1654781415641670,
300833b2ddd9014000030008,1,1,3164,-45,1654781415642807,1654781415642807,
300833b2ddd9014000030001,1,1,1060,-50,1654781415643997,1654781415643997,
300833b2ddd9014000030009,1,1,2360,-44,1654781415646967,1654781415646967,
300833b2ddd9014000030001,1,1,1068,-50,1654781415648026,1654781415648026,
300833b2ddd9014000030008,1,1,3156,-45,1654781415649138,1654781415649138,
300833b2ddd9014000030002,1,1,88,-48,1654781415650902,1654781415650902,
300833b2ddd9014000030001,1,1,1072,-51,1654781415682387,1654781415682387,
300833b2ddd9014000030009,1,1,2388,-44,1654781415683458,1654781415683458,
300833b2ddd9014000030002,1,1,120,-48,1654781415684839,1654781415684839,
300833b2ddd9014000030008,1,1,3156,-44,1654781415685952,1654781415685952,
300833b2ddd9014000030009,1,1,2376,-44,1654781415691819,1654781415691819,
300833b2ddd9014000030008,1,1,3168,-44,1654781415693170,1654781415693170,
300833b2ddd9014000030001,1,1,1036,-50,1654781415694260,1654781415694260,
300833b2ddd9014000030002,1,1,88,-48,1654781415696841,1654781415696841,
300833b2ddd9014000030002,1,1,84,-48,1654781415728899,1654781415728899,
300833b2ddd9014000030009,1,1,2376,-45,1654781415730239,1654781415730239,
300833b2ddd9014000030008,1,1,3168,-44,1654781415731362,1654781415731362,
300833b2ddd9014000030001,1,1,1064,-51,1654781415732607,1654781415732607,
300833b2ddd9014000030008,1,1,3168,-44,1654781415735852,1654781415735852,
300833b2ddd9014000030009,1,1,2368,-44,1654781415737123,1654781415737123,
300833b2ddd9014000030002,1,1,68,-48,1654781415738519,1654781415738519,
300833b2ddd9014000030001,1,1,1064,-51,1654781415739591,1654781415739591,
300833b2ddd9014000030009,1,1,2380,-44,1654781415772234,1654781415772234,
300833b2ddd9014000030008,1,1,3160,-44,1654781415773587,1654781415773587,
300833b2ddd9014000030001,1,1,1076,-51,1654781415775201,1654781415775201,
300833b2ddd9014000030002,1,1,80,-48,1654781415776283,1654781415776283,
300833b2ddd9014000030009,1,1,2392,-44,1654781415780807,1654781415780807,
300833b2ddd9014000030008,1,1,3168,-45,1654781415782127,1654781415782127,
300833b2ddd9014000030002,1,1,88,-48,1654781415783213,1654781415783213,
300833b2ddd9014000030001,1,1,1056,-51,1654781415784514,1654781415784514,
300833b2ddd9014000030001,1,1,1040,-51,1654781415816339,1654781415816339,
300833b2ddd9014000030008,1,1,3156,-44,1654781415818033,1654781415818033,
300833b2ddd9014000030002,1,1,52,-48,1654781415819117,1654781415819117,
300833b2ddd9014000030009,1,1,2376,-44,1654781415820457,1654781415820457,
300833b2ddd9014000030002,1,1,88,-48,1654781415824059,1654781415824059,
300833b2ddd9014000030001,1,1,1076,-51,1654781415826730,1654781415826730,
300833b2ddd9014000030009,1,1,2376,-44,1654781415828676,1654781415828676,
300833b2ddd9014000030008,1,1,3148,-44,1654781415829717,1654781415829717,
300833b2ddd9014000030002,1,1,104,-48,1654781415860294,1654781415860294,
300833b2ddd9014000030009,1,1,2376,-44,1654781415861648,1654781415861648,
300833b2ddd9014000030008,1,1,3152,-44,1654781415863454,1654781415863454,
300833b2ddd9014000030001,1,1,1072,-51,1654781415865380,1654781415865380,
300833b2ddd9014000030009,1,1,2376,-44,1654781415870105,1654781415870105,
300833b2ddd9014000030008,1,1,3160,-44,1654781415871482,1654781415871482,
300833b2ddd9014000030002,1,1,88,-48,1654781415873191,1654781415873191,
300833b2ddd9014000030001,1,1,1048,-50,1654781415874407,1654781415874407,
300833b2ddd9014000030001,1,1,1036,-50,1654781415904605,1654781415904605,
300833b2ddd9014000030002,1,1,108,-48,1654781415905703,1654781415905703,
300833b2ddd9014000030008,1,1,3180,-44,1654781415906999,1654781415906999,
300833b2ddd9014000030009,1,1,2376,-44,1654781415908340,1654781415908340,
300833b2ddd9014000030009,1,1,2380,-44,1654781415912650,1654781415912650,
300833b2ddd9014000030001,1,1,1060,-51,1654781415913979,1654781415913979,
300833b2ddd9014000030002,1,1,104,-48,1654781415915553,1654781415915553,
300833b2ddd9014000030008,1,1,3152,-44,1654781415916635,1654781415916635,
300833b2ddd9014000030002,1,1,76,-48,1654781415949400,1654781415949400,
300833b2ddd9014000030008,1,1,3152,-44,1654781415950494,1654781415950494,
300833b2ddd9014000030009,1,1,2380,-44,1654781415951581,1654781415951581,
300833b2ddd9014000030001,1,1,1060,-51,1654781415953082,1654781415953082,
300833b2ddd9014000030008,1,1,3168,-44,1654781415956558,1654781415956558,
300833b2ddd9014000030002,1,1,64,-48,1654781415957771,1654781415957771,
300833b2ddd9014000030001,1,1,1080,-51,1654781415958830,1654781415958830,
300833b2ddd9014000030009,1,1,2388,-44,1654781415960084,1654781415960084,
300833b2ddd9014000030008,1,1,3168,-44,1654781415991069,1654781415991069,
300833b2ddd9014000030009,1,1,2384,-44,1654781415992503,1654781415992503,
300833b2ddd9014000030002,1,1,80,-47,1654781415994932,1654781415994932,
300833b2ddd9014000030001,1,1,1052,-51,1654781415996120,1654781415996120,
300833b2ddd9014000030002,1,1,76,-47,1654781415998874,1654781415998874,
300833b2ddd9014000030001,1,1,1072,-51,1654781416000005,1654781416000005,
300833b2ddd9014000030008,1,1,3160,-44,1654781416001060,1654781416001060,
300833b2ddd9014000030009,1,1,2360,-45,1654781416003976,1654781416003976,
300833b2ddd9014000030009,1,1,2368,-44,1654781416034980,1654781416034980,
300833b2ddd9014000030008,1,1,3164,-44,1654781416036732,1654781416036732,
300833b2ddd9014000030002,1,1,88,-48,1654781416038281,1654781416038281,
300833b2ddd9014000030001,1,1,1068,-51,1654781416039486,1654781416039486,
300833b2ddd9014000030001,1,1,1036,-51,1654781416043023,1654781416043023,
300833b2ddd9014000030009,1,1,2364,-44,1654781416044465,1654781416044465,
300833b2ddd9014000030008,1,1,3168,-44,1654781416045817,1654781416045817,
300833b2ddd9014000030002,1,1,108,-47,1654781416047455,1654781416047455,
300833b2ddd9014000030008,1,1,3168,-44,1654781416077591,1654781416077591,
300833b2ddd9014000030009,1,1,2388,-44,1654781416078662,1654781416078662,
300833b2ddd9014000030001,1,1,1044,-51,1654781416079693,1654781416079693,
300833b2ddd9014000030002,1,1,96,-48,1654781416080776,1654781416080776,
300833b2ddd9014000030002,1,1,64,-47,1654781416085465,1654781416085465,
300833b2ddd9014000030009,1,1,2412,-44,1654781416087072,1654781416087072,
300833b2ddd9014000030008,1,1,3156,-44,1654781416088837,1654781416088837,
300833b2ddd9014000030001,1,1,1092,-51,1654781416090097,1654781416090097,
300833b2ddd9014000030008,1,1,3168,-44,1654781416121221,1654781416121221,
300833b2ddd9014000030009,1,1,2396,-44,1654781416122787,1654781416122787,
300833b2ddd9014000030002,1,1,88,-47,1654781416124156,1654781416124156,
300833b2ddd9014000030001,1,1,1060,-51,1654781416125243,1654781416125243,
300833b2ddd9014000030001,1,1,1064,-51,1654781416129983,1654781416129983,
300833b2ddd9014000030002,1,1,96,-47,1654781416131039,1654781416131039,
300833b2ddd9014000030008,1,1,3176,-44,1654781416132149,1654781416132149,
300833b2ddd9014000030009,1,1,2400,-44,1654781416133520,1654781416133520,
300833b2ddd9014000030008,1,1,3180,-44,1654781416165410,1654781416165410,
300833b2ddd9014000030002,1,1,96,-47,1654781416166497,1654781416166497,
300833b2ddd9014000030001,1,1,1048,-51,1654781416168081,1654781416168081,
300833b2ddd9014000030009,1,1,2384,-44,1654781416169406,1654781416169406,
300833b2ddd9014000030009,1,1,2392,-44,1654781416173865,1654781416173865,
300833b2ddd9014000030002,1,1,112,-48,1654781416175473,1654781416175473,
300833b2ddd9014000030001,1,1,1032,-51,1654781416176546,1654781416176546,
300833b2ddd9014000030008,1,1,3180,-44,1654781416177657,1654781416177657,
300833b2ddd9014000030009,1,1,2380,-44,1654781416209416,1654781416209416,
300833b2ddd9014000030002,1,1,104,-48,1654781416211407,1654781416211407,
300833b2ddd9014000030008,1,1,3168,-45,1654781416212446,1654781416212446,
300833b2ddd9014000030001,1,1,1016,-51,1654781416213761,1654781416213761,
300833b2ddd9014000030008,1,1,3168,-44,1654781416221280,1654781416221280,
300833b2ddd9014000030009,1,1,2384,-44,1654781416222379,1654781416222379,
300833b2ddd9014000030002,1,1,124,-48,1654781416223744,1654781416223744,
300833b2ddd9014000030001,1,1,1044,-51,1654781416224960,1654781416224960,
300833b2ddd9014000030008,1,1,3404,-42,1654781416254943,1654781416254943,
300833b2ddd9014000030009,1,1,2380,-44,1654781416257180,1654781416257180,
300833b2ddd9014000030001,1,1,1020,-51,1654781416258523,1654781416258523,
300833b2ddd9014000030009,1,1,2396,-45,1654781416262111,1654781416262111,
300833b2ddd9014000030008,1,1,3168,-44,1654781416263420,1654781416263420,
300833b2ddd9014000030001,1,1,1036,-51,1654781416264720,1654781416264720,
300833b2ddd9014000030001,1,1,1036,-51,1654781416296893,1654781416296893,
300833b2ddd9014000030009,1,1,2388,-44,1654781416297992,1654781416297992,
300833b2ddd9014000030008,1,1,3160,-44,1654781416299075,1654781416299075,
300833b2ddd9014000030002,1,1,96,-48,1654781416300169,1654781416300169,
300833b2ddd9014000030008,1,1,3164,-44,1654781416305707,1654781416305707,
300833b2ddd9014000030001,1,1,1040,-51,1654781416306954,1654781416306954,
300833b2ddd9014000030009,1,1,2376,-44,1654781416308295,1654781416308295,
300833b2ddd9014000030002,1,1,112,-48,1654781416309348,1654781416309348,
300833b2ddd9014000030001,1,1,1008,-51,1654781416340367,1654781416340367,
300833b2ddd9014000030008,1,1,3164,-44,1654781416341535,1654781416341535,
300833b2ddd9014000030009,1,1,2380,-44,1654781416342593,1654781416342593,
300833b2ddd9014000030001,1,1,1036,-51,1654781416346396,1654781416346396,
300833b2ddd9014000030002,1,1,108,-48,1654781416348046,1654781416348046,
300833b2ddd9014000030009,1,1,2396,-44,1654781416350459,1654781416350459,
300833b2ddd9014000030008,1,1,3160,-44,1654781416351806,1654781416351806,
300833b2ddd9014000030009,1,1,2364,-44,1654781416382197,1654781416382197,
300833b2ddd9014000030001,1,1,1032,-51,1654781416383525,1654781416383525,
300833b2ddd9014000030008,1,1,3168,-44,1654781416384608,1654781416384608,
300833b2ddd9014000030002,1,1,104,-48,1654781416385687,1654781416385687,
300833b2ddd9014000030002,1,1,84,-48,1654781416390874,1654781416390874,
300833b2ddd9014000030001,1,1,1040,-51,1654781416392202,1654781416392202,
300833b2ddd9014000030009,1,1,2372,-44,1654781416393302,1654781416393302,
300833b2ddd9014000030008,1,1,3156,-44,1654781416394905,1654781416394905,
300833b2ddd9014000030009,1,1,2380,-44,1654781416426383,1654781416426383,
300833b2ddd9014000030008,1,1,3152,-44,1654781416427466,1654781416427466,
300833b2ddd9014000030002,1,1,84,-48,1654781416428593,1654781416428593,
300833b2ddd9014000030001,1,1,1048,-51,1654781416430427,1654781416430427,
300833b2ddd9014000030001,1,1,1032,-51,1654781416435063,1654781416435063,
300833b2ddd9014000030009,1,1,2360,-44,1654781416436362,1654781416436362,
300833b2ddd9014000030002,1,1,100,-48,1654781416437700,1654781416437700,
300833b2ddd9014000030008,1,1,3156,-44,1654781416438798,1654781416438798,
300833b2ddd9014000030008,1,1,3188,-44,1654781416470561,1654781416470561,
300833b2ddd9014000030009,1,1,2372,-44,1654781416471900,1654781416471900,
300833b2ddd9014000030002,1,1,112,-48,1654781416474086,1654781416474086,
300833b2ddd9014000030001,1,1,1028,-51,1654781416475444,1654781416475444,
300833b2ddd9014000030008,1,1,3176,-44,1654781416479046,1654781416479046,
300833b2ddd9014000030002,1,1,104,-48,1654781416480343,1654781416480343,
300833b2ddd9014000030001,1,1,1036,-51,1654781416482384,1654781416482384,
300833b2ddd9014000030009,1,1,2380,-44,1654781416484086,1654781416484086,
300833b2ddd9014000030001,1,1,1068,-51,1654781416514641,1654781416514641,
300833b2ddd9014000030008,1,1,3172,-44,1654781416516574,1654781416516574,
300833b2ddd9014000030009,1,1,2372,-44,1654781416517687,1654781416517687,
300833b2ddd9014000030002,1,1,96,-48,1654781416519012,1654781416519012,
300833b2ddd9014000030008,1,1,3184,-44,1654781416522394,1654781416522394,
300833b2ddd9014000030001,1,1,1036,-51,1654781416523710,1654781416523710,
300833b2ddd9014000030009,1,1,2364,-44,1654781416524810,1654781416524810,
300833b2ddd9014000030002,1,1,104,-47,1654781416526636,1654781416526636,
300833b2ddd9014000030009,1,1,2360,-44,1654781416557891,1654781416557891,
300833b2ddd9014000030008,1,1,3176,-44,1654781416559856,1654781416559856,
300833b2ddd9014000030002,1,1,100,-48,1654781416560958,1654781416560958,
300833b2ddd9014000030001,1,1,1040,-51,1654781416562313,1654781416562313,
300833b2ddd9014000030009,1,1,2368,-44,1654781416567959,1654781416567959,
300833b2ddd9014000030002,1,1,108,-48,1654781416570045,1654781416570045,
300833b2ddd9014000030008,1,1,3188,-44,1654781416571126,1654781416571126,
300833b2ddd9014000030001,1,1,1044,-51,1654781416572302,1654781416572302,
300833b2ddd9014000030001,1,1,1036,-51,1654781416602063,1654781416602063,
300833b2ddd9014000030002,1,1,104,-48,1654781416603571,1654781416603571,
300833b2ddd9014000030009,1,1,2364,-44,1654781416606655,1654781416606655,
300833b2ddd9014000030008,1,1,3180,-44,1654781416607721,1654781416607721,
300833b2ddd9014000030002,1,1,120,-48,1654781416611811,1654781416611811,
300833b2ddd9014000030009,1,1,2376,-44,1654781416613095,1654781416613095,
300833b2ddd9014000030001,1,1,1048,-51,1654781416614439,1654781416614439,
300833b2ddd9014000030008,1,1,3172,-44,1654781416615523,1654781416615523,
300833b2ddd9014000030008,1,1,3164,-44,1654781416648521,1654781416648521,
300833b2ddd9014000030009,1,1,2368,-44,1654781416649619,1654781416649619,
300833b2ddd9014000030002,1,1,96,-48,1654781416650716,1654781416650716,
300833b2ddd9014000030001,1,1,1056,-51,1654781416651989,1654781416651989,
300833b2ddd9014000030009,1,1,2364,-44,1654781416657431,1654781416657431,
300833b2ddd9014000030002,1,1,116,-48,1654781416658929,1654781416658929,
300833b2ddd9014000030008,1,1,3184,-44,1654781416660510,1654781416660510,
300833b2ddd9014000030001,1,1,1048,-50,1654781416661726,1654781416661726,
300833b2ddd9014000030001,1,1,1044,-50,1654781416694684,1654781416694684,
300833b2ddd9014000030009,1,1,2368,-44,1654781416695811,1654781416695811,
300833b2ddd9014000030002,1,1,112,-48,1654781416697458,1654781416697458,
300833b2ddd9014000030008,1,1,3188,-44,1654781416699024,1654781416699024,
300833b2ddd9014000030001,1,1,1052,-51,1654781416703469,1654781416703469,
300833b2ddd9014000030009,1,1,2376,-44,1654781416704540,1654781416704540,
300833b2ddd9014000030008,1,1,3172,-45,1654781416705610,1654781416705610,
300833b2ddd9014000030002,1,1,100,-48,1654781416707175,1654781416707175,
300833b2ddd9014000030008,1,1,3172,-44,1654781416738673,1654781416738673,
300833b2ddd9014000030009,1,1,2352,-44,1654781416740898,1654781416740898,
300833b2ddd9014000030002,1,1,92,-48,1654781416742635,1654781416742635,
300833b2ddd9014000030001,1,1,1040,-51,1654781416744093,1654781416744093,
300833b2ddd9014000030002,1,1,84,-48,1654781416746838,1654781416746838,
300833b2ddd9014000030009,1,1,2348,-44,1654781416747865,1654781416747865,
300833b2ddd9014000030008,1,1,3168,-45,1654781416749217,1654781416749217,
300833b2ddd9014000030001,1,1,1056,-51,1654781416750772,1654781416750772,
300833b2ddd9014000030009,1,1,2368,-44,1654781416782323,1654781416782323,
300833b2ddd9014000030008,1,1,3192,-45,1654781416784259,1654781416784259,
300833b2ddd9014000030002,1,1,84,-48,1654781416785554,1654781416785554,
300833b2ddd9014000030001,1,1,1072,-51,1654781416786671,1654781416786671,
300833b2ddd9014000030009,1,1,2348,-44,1654781416790299,1654781416790299,
300833b2ddd9014000030008,1,1,3148,-45,1654781416791397,1654781416791397,
300833b2ddd9014000030002,1,1,88,-49,1654781416793770,1654781416793770,
300833b2ddd9014000030001,1,1,1028,-51,1654781416795131,1654781416795131,
300833b2ddd9014000030009,1,1,2316,-44,1654781416829820,1654781416829820,
300833b2ddd9014000030001,1,1,1032,-50,1654781416831376,1654781416831376,
300833b2ddd9014000030009,1,1,2312,-44,1654781416835419,1654781416835419,
300833b2ddd9014000030001,1,1,1064,-50,1654781416836863,1654781416836863,
300833b2ddd9014000030008,1,1,3160,-45,1654781416838196,1654781416838196,
300833b2ddd9014000030002,1,1,40,-49,1654781416839412,1654781416839412,
300833b2ddd9014000030008,1,1,3144,-45,1654781416898299,1654781416898299,
300833b2ddd9014000030002,1,1,28,-49,1654781416899781,1654781416899781,
300833b2ddd9014000030009,1,1,2288,-45,1654781416901091,1654781416901091,
300833b2ddd9014000030001,1,1,1096,-51,1654781416902577,1654781416902577,
300833b2ddd9014000030002,1,1,4,-49,1654781416905791,1654781416905791,
300833b2ddd9014000030009,1,1,2316,-45,1654781416906873,1654781416906873,
300833b2ddd9014000030008,1,1,3148,-45,1654781416907972,1654781416907972,
300833b2ddd9014000030001,1,1,1120,-50,1654781416909087,1654781416909087,
300833b2ddd9014000030008,1,1,3120,-45,1654781416947631,1654781416947631,
300833b2ddd9014000030009,1,1,2292,-45,1654781416948830,1654781416948830,
300833b2ddd9014000030002,1,1,4092,-49,1654781416950367,1654781416950367,
300833b2ddd9014000030001,1,1,1172,-51,1654781416951882,1654781416951882,
300833b2ddd9014000030008,1,1,3152,-45,1654781416955715,1654781416955715,
300833b2ddd9014000030001,1,1,1240,-51,1654781416957309,1654781416957309,
300833b2ddd9014000030009,1,1,2272,-45,1654781416959639,1654781416959639,
300833b2ddd9014000030002,1,1,4,-49,1654781416960737,1654781416960737,
300833b2ddd9014000030009,1,1,2292,-46,1654781416990920,1654781416990920,
300833b2ddd9014000030002,1,1,4084,-50,1654781416992345,1654781416992345,
300833b2ddd9014000030008,1,1,3076,-45,1654781416993641,1654781416993641,
300833b2ddd9014000030001,1,1,1308,-50,1654781416994673,1654781416994673,
300833b2ddd9014000030002,1,1,4048,-50,1654781416998261,1654781416998261,
300833b2ddd9014000030009,1,1,2296,-46,1654781416999971,1654781416999971,
300833b2ddd9014000030008,1,1,3084,-45,1654781417001039,1654781417001039,
300833b2ddd9014000030001,1,1,1308,-50,1654781417002141,1654781417002141,
300833b2ddd9014000030001,1,1,1328,-49,1654781417039422,1654781417039422,
300833b2ddd9014000030002,1,1,24,-49,1654781417040876,1654781417040876,
300833b2ddd9014000030009,1,1,2408,-46,1654781417042197,1654781417042197,
300833b2ddd9014000030009,1,1,2356,-46,1654781417045551,1654781417045551,
300833b2ddd9014000030008,1,1,3040,-45,1654781417047157,1654781417047157,
300833b2ddd9014000030001,1,1,1300,-49,1654781417048259,1654781417048259,
300833b2ddd9014000030002,1,1,4076,-49,1654781417049767,1654781417049767,
300833b2ddd9014000030009,1,1,2396,-46,1654781417081007,1654781417081007,
300833b2ddd9014000030001,1,1,1188,-48,1654781417083757,1654781417083757,
300833b2ddd9014000030002,1,1,4084,-50,1654781417084869,1654781417084869,
300833b2ddd9014000030001,1,1,1160,-48,1654781417087508,1654781417087508,
300833b2ddd9014000030008,1,1,3020,-45,1654781417088572,1654781417088572,
300833b2ddd9014000030009,1,1,2436,-46,1654781417090354,1654781417090354,
300833b2ddd9014000030002,1,1,4084,-49,1654781417091437,1654781417091437,
300833b2ddd9014000030009,1,1,2400,-45,1654781417129177,1654781417129177,
300833b2ddd9014000030001,1,1,1148,-50,1654781417130831,1654781417130831,
300833b2ddd9014000030002,1,1,68,-49,1654781417132184,1654781417132184,
300833b2ddd9014000030009,1,1,2476,-45,1654781417136501,1654781417136501,
300833b2ddd9014000030002,1,1,64,-49,1654781417137716,1654781417137716,
300833b2ddd9014000030008,1,1,3076,-44,1654781417139041,1654781417139041,
300833b2ddd9014000030001,1,1,1048,-50,1654781417140727,1654781417140727,
300833b2ddd9014000030008,1,1,3104,-44,1654781417170961,1654781417170961,
300833b2ddd9014000030002,1,1,104,-49,1654781417172474,1654781417172474,
300833b2ddd9014000030009,1,1,2436,-45,1654781417174012,1654781417174012,
300833b2ddd9014000030001,1,1,1120,-51,1654781417175227,1654781417175227,
300833b2ddd9014000030009,1,1,2468,-45,1654781417178202,1654781417178202,
300833b2ddd9014000030001,1,1,1180,-51,1654781417179275,1654781417179275,
300833b2ddd9014000030002,1,1,36,-49,1654781417180528,1654781417180528,
300833b2ddd9014000030008,1,1,3064,-44,1654781417182303,1654781417182303,
300833b2ddd9014000030008,1,1,3064,-44,1654781417219961,1654781417219961,
300833b2ddd9014000030009,1,1,2432,-44,1654781417221644,1654781417221644,
300833b2ddd9014000030002,1,1,32,-49,1654781417222712,1654781417222712,
300833b2ddd9014000030001,1,1,1284,-51,1654781417224182,1654781417224182,
300833b2ddd9014000030001,1,1,1300,-51,1654781417227154,1654781417227154,
300833b2ddd9014000030002,1,1,8,-49,1654781417228720,1654781417228720,
300833b2ddd9014000030009,1,1,2420,-45,1654781417229776,1654781417229776,
300833b2ddd9014000030008,1,1,3064,-44,1654781417230886,1654781417230886,
300833b2ddd9014000030002,1,1,4,-49,1654781417262563,1654781417262563,
300833b2ddd9014000030008,1,1,3004,-44,1654781417263604,1654781417263604,
300833b2ddd9014000030009,1,1,2404,-44,1654781417265895,1654781417265895,
300833b2ddd9014000030001,1,1,1324,-50,1654781417267548,1654781417267548,
300833b2ddd9014000030008,1,1,3024,-44,1654781417272373,1654781417272373,
300833b2ddd9014000030001,1,1,1300,-50,1654781417273914,1654781417273914,
300833b2ddd9014000030009,1,1,2404,-44,1654781417275169,1654781417275169,
300833b2ddd9014000030002,1,1,4080,-49,1654781417276237,1654781417276237,
300833b2ddd9014000030008,1,1,2972,-44,1654781417305984,1654781417305984,
300833b2ddd9014000030002,1,1,4076,-49,1654781417307036,1654781417307036,
300833b2ddd9014000030009,1,1,2404,-44,1654781417308873,1654781417308873,
300833b2ddd9014000030001,1,1,1320,-50,1654781417310143,1654781417310143,
300833b2ddd9014000030009,1,1,2400,-44,1654781417314601,1654781417314601,
300833b2ddd9014000030008,1,1,2960,-45,1654781417315710,1654781417315710,
300833b2ddd9014000030001,1,1,1320,-49,1654781417317064,1654781417317064,
300833b2ddd9014000030002,1,1,4048,-50,1654781417318362,1654781417318362,
300833b2ddd9014000030002,1,1,4060,-49,1654781417350230,1654781417350230,
300833b2ddd9014000030008,1,1,2968,-44,1654781417351950,1654781417351950,
300833b2ddd9014000030001,1,1,1292,-49,1654781417353026,1654781417353026,
300833b2ddd9014000030009,1,1,2416,-44,1654781417354112,1654781417354112,
300833b2ddd9014000030001,1,1,1280,-49,1654781417357754,1654781417357754,
300833b2ddd9014000030008,1,1,2992,-44,1654781417358796,1654781417358796,
300833b2ddd9014000030009,1,1,2436,-44,1654781417360361,1654781417360361,
300833b2ddd9014000030002,1,1,4084,-49,1654781417362069,1654781417362069,
300833b2ddd9014000030001,1,1,1264,-49,1654781417393404,1654781417393404,
300833b2ddd9014000030008,1,1,2980,-44,1654781417395120,1654781417395120,
300833b2ddd9014000030002,1,1,4036,-49,1654781417396475,1654781417396475,
300833b2ddd9014000030009,1,1,2464,-44,1654781417397530,1654781417397530,
300833b2ddd9014000030001,1,1,1268,-49,1654781417401144,1654781417401144,
300833b2ddd9014000030008,1,1,2996,-44,1654781417402269,1654781417402269,
300833b2ddd9014000030002,1,1,4080,-49,1654781417403820,1654781417403820,
300833b2ddd9014000030009,1,1,2464,-44,1654781417405146,1654781417405146,
300833b2ddd9014000030002,1,1,4092,-49,1654781417436584,1654781417436584,
300833b2ddd9014000030008,1,1,3000,-44,1654781417437893,1654781417437893,
300833b2ddd9014000030009,1,1,2420,-44,1654781417438965,1654781417438965,
300833b2ddd9014000030001,1,1,1180,-49,1654781417440519,1654781417440519,
300833b2ddd9014000030009,1,1,2436,-44,1654781417446064,1654781417446064,
300833b2ddd9014000030008,1,1,3024,-44,1654781417447105,1654781417447105,
300833b2ddd9014000030002,1,1,4092,-49,1654781417448827,1654781417448827,
300833b2ddd9014000030001,1,1,1156,-49,1654781417450017,1654781417450017,
300833b2ddd9014000030008,1,1,3040,-44,1654781417480234,1654781417480234,
300833b2ddd9014000030002,1,1,4084,-48,1654781417481914,1654781417481914,
300833b2ddd9014000030009,1,1,2416,-44,1654781417483212,1654781417483212,
300833b2ddd9014000030001,1,1,1176,-49,1654781417484699,1654781417484699,
300833b2ddd9014000030009,1,1,2412,-44,1654781417487497,1654781417487497,
300833b2ddd9014000030001,1,1,1192,-49,1654781417488628,1654781417488628,
300833b2ddd9014000030002,1,1,8,-48,1654781417489924,1654781417489924,
300833b2ddd9014000030008,1,1,3028,-44,1654781417491475,1654781417491475,
300833b2ddd9014000030008,1,1,3008,-45,1654781417529031,1654781417529031,
300833b2ddd9014000030009,1,1,2380,-43,1654781417530102,1654781417530102,
300833b2ddd9014000030001,1,1,1172,-48,1654781417531132,1654781417531132,
300833b2ddd9014000030002,1,1,12,-48,1654781417532715,1654781417532715,
300833b2ddd9014000030009,1,1,2384,-44,1654781417537659,1654781417537659,
300833b2ddd9014000030002,1,1,12,-48,1654781417538785,1654781417538785,
300833b2ddd9014000030008,1,1,3012,-45,1654781417540139,1654781417540139,
300833b2ddd9014000030001,1,1,1176,-48,1654781417542306,1654781417542306,
300833b2ddd9014000030008,1,1,2996,-44,1654781417573120,1654781417573120,
300833b2ddd9014000030001,1,1,1180,-48,1654781417574196,1654781417574196,
300833b2ddd9014000030002,1,1,8,-48,1654781417575477,1654781417575477,
300833b2ddd9014000030009,1,1,2348,-43,1654781417576789,1654781417576789,
300833b2ddd9014000030008,1,1,2988,-44,1654781417582337,1654781417582337,
300833b2ddd9014000030009,1,1,2356,-43,1654781417583609,1654781417583609,
300833b2ddd9014000030002,1,1,24,-48,1654781417585629,1654781417585629,
300833b2ddd9014000030001,1,1,1176,-48,1654781417586814,1654781417586814,
300833b2ddd9014000030002,1,1,28,-48,1654781417621391,1654781417621391,
300833b2ddd9014000030001,1,1,1176,-47,1654781417622493,1654781417622493,
300833b2ddd9014000030009,1,1,2328,-43,1654781417623835,1654781417623835,
300833b2ddd9014000030008,1,1,2988,-44,1654781417624844,1654781417624844,
300833b2ddd9014000030002,1,1,20,-48,1654781417629610,1654781417629610,
300833b2ddd9014000030009,1,1,2340,-43,1654781417630964,1654781417630964,
300833b2ddd9014000030008,1,1,2984,-44,1654781417632017,1654781417632017,
300833b2ddd9014000030001,1,1,1184,-47,1654781417635095,1654781417635095,
300833b2ddd9014000030002,1,1,20,-48,1654781417666176,1654781417666176,
300833b2ddd9014000030008,1,1,2980,-44,1654781417667458,1654781417667458,
300833b2ddd9014000030009,1,1,2324,-43,1654781417668559,1654781417668559,
300833b2ddd9014000030001,1,1,1208,-47,1654781417669819,1654781417669819,
300833b2ddd9014000030009,1,1,2308,-43,1654781417673884,1654781417673884,
300833b2ddd9014000030008,1,1,2964,-44,1654781417674984,1654781417674984,
300833b2ddd9014000030001,1,1,1268,-47,1654781417676342,1654781417676342,
300833b2ddd9014000030002,1,1,36,-48,1654781417677540,1654781417677540,
300833b2ddd9014000030008,1,1,2976,-44,1654781417707637,1654781417707637,
300833b2ddd9014000030002,1,1,44,-48,1654781417709217,1654781417709217,
300833b2ddd9014000030009,1,1,2332,-43,1654781417710499,1654781417710499,
300833b2ddd9014000030001,1,1,1192,-47,1654781417711818,1654781417711818,
300833b2ddd9014000030002,1,1,32,-48,1654781417717181,1654781417717181,
300833b2ddd9014000030008,1,1,2956,-44,1654781417718251,1654781417718251,
300833b2ddd9014000030001,1,1,1204,-47,1654781417719296,1654781417719296,
300833b2ddd9014000030009,1,1,2304,-43,1654781417720379,1654781417720379,
300833b2ddd9014000030001,1,1,1220,-47,1654781417750948,1654781417750948,
300833b2ddd9014000030009,1,1,2324,-43,1654781417752218,1654781417752218,
300833b2ddd9014000030008,1,1,2956,-44,1654781417753571,1654781417753571,
300833b2ddd9014000030002,1,1,44,-47,1654781417755760,1654781417755760,
300833b2ddd9014000030002,1,1,36,-48,1654781417759377,1654781417759377,
300833b2ddd9014000030009,1,1,2316,-43,1654781417760674,1654781417760674,
300833b2ddd9014000030008,1,1,2956,-44,1654781417762252,1654781417762252,
300833b2ddd9014000030001,1,1,1240,-47,1654781417763341,1654781417763341,
300833b2ddd9014000030001,1,1,1248,-47,1654781417794774,1654781417794774,
300833b2ddd9014000030002,1,1,24,-48,1654781417795815,1654781417795815,
300833b2ddd9014000030008,1,1,2944,-44,1654781417796924,1654781417796924,
300833b2ddd9014000030009,1,1,2332,-43,1654781417798732,1654781417798732,
300833b2ddd9014000030009,1,1,2344,-43,1654781417803208,1654781417803208,
300833b2ddd9014000030001,1,1,1264,-47,1654781417805403,1654781417805403,
300833b2ddd9014000030008,1,1,2940,-44,1654781417806458,1654781417806458,
300833b2ddd9014000030002,1,1,40,-48,1654781417808182,1654781417808182,
300833b2ddd9014000030002,1,1,52,-48,1654781418037924,1654781418037924,
300833b2ddd9014000030008,1,1,2952,-44,1654781418039262,1654781418039262,
300833b2ddd9014000030009,1,1,2312,-43,1654781418040362,1654781418040362,
300833b2ddd9014000030001,1,1,1200,-47,1654781418042349,1654781418042349,
300833b2ddd9014000030001,1,1,1220,-47,1654781418050658,1654781418050658,
300833b2ddd9014000030002,1,1,20,-48,1654781418053649,1654781418053649,
300833b2ddd9014000030009,1,1,2332,-43,1654781418055373,1654781418055373,
300833b2ddd9014000030008,1,1,2968,-44,1654781418056909,1654781418056909,
300833b2ddd9014000030001,1,1,1216,-47,1654781418087296,1654781418087296,
300833b2ddd9014000030008,1,1,2964,-44,1654781418088576,1654781418088576,
300833b2ddd9014000030002,1,1,20,-48,1654781418090155,1654781418090155,
300833b2ddd9014000030009,1,1,2324,-43,1654781418091509,1654781418091509,
300833b2ddd9014000030008,1,1,2976,-44,1654781418096863,1654781418096863,
300833b2ddd9014000030002,1,1,48,-48,1654781418098812,1654781418098812,
300833b2ddd9014000030009,1,1,2316,-43,1654781418099913,1654781418099913,
300833b2ddd9014000030001,1,1,1216,-47,1654781418101635,1654781418101635,
300833b2ddd9014000030008,1,1,2988,-44,1654781418132340,1654781418132340,
300833b2ddd9014000030002,1,1,40,-48,1654781418133395,1654781418133395,
300833b2ddd9014000030009,1,1,2312,-43,1654781418134480,1654781418134480,
300833b2ddd9014000030001,1,1,1216,-47,1654781418136645,1654781418136645,
300833b2ddd9014000030002,1,1,40,-47,1654781418140541,1654781418140541,
300833b2ddd9014000030009,1,1,2320,-43,1654781418141626,1654781418141626,
300833b2ddd9014000030001,1,1,1208,-47,1654781418143194,1654781418143194,
300833b2ddd9014000030008,1,1,2976,-44,1654781418144744,1654781418144744,
300833b2ddd9014000030008,1,1,2996,-44,1654781418175975,1654781418175975,
300833b2ddd9014000030002,1,1,48,-48,1654781418177058,1654781418177058,
300833b2ddd9014000030009,1,1,2312,-43,1654781418178188,1654781418178188,
300833b2ddd9014000030001,1,1,1204,-47,1654781418181061,1654781418181061,
300833b2ddd9014000030001,1,1,1212,-47,1654781418184647,1654781418184647,
300833b2ddd9014000030008,1,1,2980,-44,1654781418186612,1654781418186612,
300833b2ddd9014000030009,1,1,2304,-43,1654781418187698,1654781418187698,
300833b2ddd9014000030002,1,1,48,-48,1654781418188795,1654781418188795,
300833b2ddd9014000030002,1,1,40,-47,1654781418220471,1654781418220471,
300833b2ddd9014000030009,1,1,2320,-43,1654781418221545,1654781418221545,
300833b2ddd9014000030008,1,1,2992,-44,1654781418222883,1654781418222883,
300833b2ddd9014000030001,1,1,1208,-48,1654781418224155,1654781418224155,
300833b2ddd9014000030002,1,1,36,-47,1654781418227163,1654781418227163,
300833b2ddd9014000030001,1,1,1208,-47,1654781418228537,1654781418228537,
300833b2ddd9014000030008,1,1,2984,-44,1654781418229665,1654781418229665,
300833b2ddd9014000030009,1,1,2316,-43,1654781418231246,1654781418231246,
300833b2ddd9014000030002,1,1,40,-47,1654781418262678,1654781418262678,
300833b2ddd9014000030001,1,1,1216,-48,1654781418264247,1654781418264247,
300833b2ddd9014000030009,1,1,2320,-43,1654781418266407,1654781418266407,
300833b2ddd9014000030008,1,1,3000,-44,1654781418267687,1654781418267687,
300833b2ddd9014000030009,1,1,2316,-43,1654781418272663,1654781418272663,
300833b2ddd9014000030008,1,1,3008,-44,1654781418274820,1654781418274820,
300833b2ddd9014000030001,1,1,1192,-48,1654781418275926,1654781418275926,
300833b2ddd9014000030002,1,1,64,-47,1654781418277149,1654781418277149,
300833b2ddd9014000030008,1,1,3000,-44,1654781418307064,1654781418307064,
300833b2ddd9014000030009,1,1,2316,-43,1654781418309002,1654781418309002,
300833b2ddd9014000030001,1,1,1192,-48,1654781418310984,1654781418310984,
300833b2ddd9014000030001,1,1,1200,-48,1654781418314183,1654781418314183,
300833b2ddd9014000030002,1,1,48,-48,1654781418316104,1654781418316104,
300833b2ddd9014000030009,1,1,2328,-43,1654781418317458,1654781418317458,
300833b2ddd9014000030008,1,1,2988,-44,1654781418318713,1654781418318713,
300833b2ddd9014000030001,1,1,1168,-48,1654781418358711,1654781418358711,
300833b2ddd9014000030009,1,1,2340,-43,1654781418359753,1654781418359753,
300833b2ddd9014000030008,1,1,3008,-44,1654781418361120,1654781418361120,
300833b2ddd9014000030002,1,1,40,-47,1654781418362631,1654781418362631,
300833b2ddd9014000030002,1,1,48,-47,1654781418365665,1654781418365665,
300833b2ddd9014000030001,1,1,1204,-48,1654781418367605,1654781418367605,
300833b2ddd9014000030008,1,1,2996,-44,1654781418368730,1654781418368730,
300833b2ddd9014000030009,1,1,2316,-43,1654781418369817,1654781418369817,
300833b2ddd9014000030009,1,1,2336,-43,1654781418401892,1654781418401892,
300833b2ddd9014000030001,1,1,1220,-48,1654781418403053,1654781418403053,
300833b2ddd9014000030008,1,1,3024,-44,1654781418404092,1654781418404092,
300833b2ddd9014000030002,1,1,52,-47,1654781418405996,1654781418405996,
300833b2ddd9014000030002,1,1,32,-47,1654781418408843,1654781418408843,
300833b2ddd9014000030009,1,1,2316,-43,1654781418409898,1654781418409898,
300833b2ddd9014000030008,1,1,2980,-44,1654781418410940,1654781418410940,
300833b2ddd9014000030001,1,1,1156,-48,1654781418412707,1654781418412707,
300833b2ddd9014000030009,1,1,2320,-43,1654781418444483,1654781418444483,
300833b2ddd9014000030008,1,1,3008,-44,1654781418446188,1654781418446188,
300833b2ddd9014000030001,1,1,1156,-48,1654781418447293,1654781418447293,
300833b2ddd9014000030001,1,1,1160,-48,1654781418451054,1654781418451054,
300833b2ddd9014000030002,1,1,36,-48,1654781418452591,1654781418452591,
300833b2ddd9014000030008,1,1,3016,-44,1654781418453957,1654781418453957,
300833b2ddd9014000030009,1,1,2300,-43,1654781418455255,1654781418455255,
300833b2ddd9014000030009,1,1,2312,-43,1654781418488765,1654781418488765,
300833b2ddd9014000030001,1,1,1120,-48,1654781418490278,1654781418490278,
300833b2ddd9014000030008,1,1,3024,-44,1654781418492012,1654781418492012,
300833b2ddd9014000030002,1,1,40,-47,1654781418494058,1654781418494058,
300833b2ddd9014000030001,1,1,1164,-48,1654781418498126,1654781418498126,
300833b2ddd9014000030002,1,1,32,-48,1654781418499705,1654781418499705,
300833b2ddd9014000030009,1,1,2316,-43,1654781418500803,1654781418500803,
300833b2ddd9014000030008,1,1,3024,-44,1654781418502114,1654781418502114,
300833b2ddd9014000030002,1,1,44,-47,1654781418533875,1654781418533875,
300833b2ddd9014000030008,1,1,3036,-44,1654781418534887,1654781418534887,
300833b2ddd9014000030009,1,1,2320,-43,1654781418537892,1654781418537892,
300833b2ddd9014000030001,1,1,1172,-48,1654781418539135,1654781418539135,
300833b2ddd9014000030008,1,1,3024,-44,1654781418545512,1654781418545512,
300833b2ddd9014000030009,1,1,2308,-43,1654781418546601,1654781418546601,
300833b2ddd9014000030002,1,1,40,-47,1654781418547712,1654781418547712,
300833b2ddd9014000030001,1,1,1156,-48,1654781418549012,1654781418549012,
300833b2ddd9014000030008,1,1,3032,-44,1654781418586278,1654781418586278,
300833b2ddd9014000030009,1,1,2316,-43,1654781418587377,1654781418587377,
300833b2ddd9014000030002,1,1,64,-47,1654781418589156,1654781418589156,
300833b2ddd9014000030001,1,1,1148,-48,1654781418590357,1654781418590357,
300833b2ddd9014000030001,1,1,1152,-48,1654781418595269,1654781418595269,
300833b2ddd9014000030002,1,1,40,-47,1654781418597074,1654781418597074,
300833b2ddd9014000030008,1,1,3024,-44,1654781418598555,1654781418598555,
300833b2ddd9014000030009,1,1,2324,-43,1654781418599641,1654781418599641,
300833b2ddd9014000030009,1,1,2336,-43,1654781418629559,1654781418629559,
300833b2ddd9014000030008,1,1,3036,-44,1654781418630642,1654781418630642,
300833b2ddd9014000030002,1,1,48,-47,1654781418632194,1654781418632194,
300833b2ddd9014000030001,1,1,1164,-48,1654781418633335,1654781418633335,
300833b2ddd9014000030009,1,1,2312,-43,1654781418637797,1654781418637797,
300833b2ddd9014000030002,1,1,36,-47,1654781418638853,1654781418638853,
300833b2ddd9014000030008,1,1,3028,-44,1654781418640176,1654781418640176,
300833b2ddd9014000030001,1,1,1164,-48,1654781418641292,1654781418641292,
300833b2ddd9014000030002,1,1,76,-47,1654781418674491,1654781418674491,
300833b2ddd9014000030008,1,1,3032,-44,1654781418675571,1654781418675571,
300833b2ddd9014000030009,1,1,2320,-43,1654781418676689,1654781418676689,
300833b2ddd9014000030001,1,1,1160,-48,1654781418678484,1654781418678484,
300833b2ddd9014000030008,1,1,3052,-44,1654781418688157,1654781418688157,
300833b2ddd9014000030002,1,1,64,-47,1654781418690527,1654781418690527,
300833b2ddd9014000030009,1,1,2316,-43,1654781418691642,1654781418691642,
300833b2ddd9014000030001,1,1,1164,-48,1654781418692842,1654781418692842,
300833b2ddd9014000030001,1,1,1148,-48,1654781418750607,1654781418750607,
300833b2ddd9014000030008,1,1,3028,-44,1654781418752034,1654781418752034,
300833b2ddd9014000030002,1,1,72,-47,1654781418753386,1654781418753386,
300833b2ddd9014000030001,1,1,1148,-48,1654781418757155,1654781418757155,
300833b2ddd9014000030008,1,1,3036,-44,1654781418758266,1654781418758266,
300833b2ddd9014000030009,1,1,2336,-43,1654781418759592,1654781418759592,
300833b2ddd9014000030002,1,1,64,-47,1654781418760945,1654781418760945,
300833b2ddd9014000030008,1,1,3024,-44,1654781418792582,1654781418792582,
300833b2ddd9014000030009,1,1,2316,-43,1654781418794426,1654781418794426,
300833b2ddd9014000030002,1,1,64,-47,1654781418796666,1654781418796666,
300833b2ddd9014000030001,1,1,1156,-48,1654781418797927,1654781418797927,
300833b2ddd9014000030008,1,1,3028,-44,1654781418800776,1654781418800776,
300833b2ddd9014000030001,1,1,1156,-48,1654781418801907,1654781418801907,
300833b2ddd9014000030009,1,1,2328,-43,1654781418802921,1654781418802921,
300833b2ddd9014000030002,1,1,76,-47,1654781418804542,1654781418804542,
300833b2ddd9014000030008,1,1,3032,-44,1654781418836532,1654781418836532,
300833b2ddd9014000030009,1,1,2320,-43,1654781418837648,1654781418837648,
300833b2ddd9014000030001,1,1,1160,-48,1654781418840083,1654781418840083,
300833b2ddd9014000030002,1,1,52,-47,1654781418841648,1654781418841648,
300833b2ddd9014000030001,1,1,1120,-48,1654781418845749,1654781418845749,
300833b2ddd9014000030009,1,1,2344,-43,1654781418847156,1654781418847156,
300833b2ddd9014000030002,1,1,56,-47,1654781418848257,1654781418848257,
300833b2ddd9014000030008,1,1,3028,-44,1654781418849297,1654781418849297,
300833b2ddd9014000030001,1,1,1168,-48,1654781418879546,1654781418879546,
300833b2ddd9014000030002,1,1,60,-47,1654781418880880,1654781418880880,
300833b2ddd9014000030008,1,1,3024,-44,1654781418883722,1654781418883722,
300833b2ddd9014000030009,1,1,2328,-43,1654781418884780,1654781418884780,
300833b2ddd9014000030009,1,1,2332,-43,1654781418888114,1654781418888114,
300833b2ddd9014000030008,1,1,3020,-44,1654781418889196,1654781418889196,
300833b2ddd9014000030002,1,1,76,-47,1654781418890249,1654781418890249,
300833b2ddd9014000030001,1,1,1148,-48,1654781418891353,1654781418891353,
300833b2ddd9014000030009,1,1,2316,-43,1654781418925817,1654781418925817,