epc,atenda,atendanum,phase,RSS,timestamp,timestamp2,
300833b2ddd9014000030009,1,1,2488,-45,1654781376621564,1654781376621564,
300833b2ddd9014000030008,1,1,3212,-43,1654781376623515,1654781376623515,
300833b2ddd9014000030002,1,1,208,-47,1654781376624641,1654781376624641,
300833b2ddd9014000030001,1,1,964,-51,1654781376625957,1654781376625957,
300833b2ddd9014000030002,1,1,196,-47,1654781376630017,1654781376630017,
300833b2ddd9014000030001,1,1,1000,-51,1654781376631233,1654781376631233,
300833b2ddd9014000030008,1,1,3204,-43,1654781376632784,1654781376632784,
300833b2ddd9014000030009,1,1,2484,-45,1654781376634249,1654781376634249,
300833b2ddd9014000030002,1,1,212,-46,1654781376664184,1654781376664184,
300833b2ddd9014000030001,1,1,1044,-51,1654781376665285,1654781376665285,
300833b2ddd9014000030008,1,1,3224,-43,1654781376666325,1654781376666325,
300833b2ddd9014000030009,1,1,2500,-45,1654781376668701,1654781376668701,
300833b2ddd9014000030008,1,1,3216,-43,1654781376673003,1654781376673003,
300833b2ddd9014000030009,1,1,2504,-45,1654781376674671,1654781376674671,
300833b2ddd9014000030002,1,1,216,-46,1654781376675982,1654781376675982,
300833b2ddd9014000030001,1,1,1068,-51,1654781376677483,1654781376677483,
300833b2ddd9014000030001,1,1,1044,-51,1654781376707229,1654781376707229,
300833b2ddd9014000030008,1,1,3220,-43,1654781376708284,1654781376708284,
300833b2ddd9014000030002,1,1,216,-46,1654781376709593,1654781376709593,
300833b2ddd9014000030009,1,1,2476,-45,1654781376711388,1654781376711388,
300833b2ddd9014000030008,1,1,3220,-43,1654781376726865,1654781376726865,
300833b2ddd9014000030001,1,1,1040,-51,1654781376729130,1654781376729130,
300833b2ddd9014000030002,1,1,204,-46,1654781376732357,1654781376732357,
300833b2ddd9014000030009,1,1,2484,-45,1654781376733429,1654781376733429,
300833b2ddd9014000030009,1,1,2512,-45,1654781376776107,1654781376776107,
300833b2ddd9014000030008,1,1,3224,-43,1654781376777816,1654781376777816,
300833b2ddd9014000030002,1,1,208,-46,1654781376779361,1654781376779361,
300833b2ddd9014000030001,1,1,1048,-52,1654781376780622,1654781376780622,
300833b2ddd9014000030008,1,1,3224,-43,1654781376784385,1654781376784385,
300833b2ddd9014000030002,1,1,200,-46,1654781376785853,1654781376785853,
300833b2ddd9014000030009,1,1,2468,-45,1654781376787180,1654781376787180,
300833b2ddd9014000030001,1,1,988,-51,1654781376788667,1654781376788667,
300833b2ddd9014000030001,1,1,1048,-51,1654781376820333,1654781376820333,
300833b2ddd9014000030002,1,1,228,-47,1654781376821545,1654781376821545,
300833b2ddd9014000030008,1,1,3208,-43,1654781376822945,1654781376822945,
300833b2ddd9014000030009,1,1,2492,-45,1654781376824001,1654781376824001,
300833b2ddd9014000030009,1,1,2496,-44,1654781376828657,1654781376828657,
300833b2ddd9014000030008,1,1,3224,-43,1654781376829964,1654781376829964,
300833b2ddd9014000030002,1,1,208,-47,1654781376831377,1654781376831377,
300833b2ddd9014000030001,1,1,1044,-51,1654781376832636,1654781376832636,
300833b2ddd9014000030009,1,1,2500,-45,1654781376862666,1654781376862666,
300833b2ddd9014000030008,1,1,3216,-43,1654781376864020,1654781376864020,
300833b2ddd9014000030002,1,1,212,-47,1654781376866719,1654781376866719,
300833b2ddd9014000030001,1,1,1064,-52,1654781376868389,1654781376868389,
300833b2ddd9014000030002,1,1,208,-47,1654781376871448,1654781376871448,
300833b2ddd9014000030009,1,1,2472,-45,1654781376872547,1654781376872547,
300833b2ddd9014000030008,1,1,3220,-43,1654781376873629,1654781376873629,
300833b2ddd9014000030001,1,1,1028,-51,1654781376876291,1654781376876291,
300833b2ddd9014000030008,1,1,3224,-43,1654781376907969,1654781376907969,
300833b2ddd9014000030001,1,1,1016,-52,1654781376909343,1654781376909343,
300833b2ddd9014000030002,1,1,212,-47,1654781376910426,1654781376910426,
300833b2ddd9014000030009,1,1,2480,-45,1654781376911698,1654781376911698,
300833b2ddd9014000030001,1,1,1024,-51,1654781376921676,1654781376921676,
300833b2ddd9014000030008,1,1,3228,-43,1654781376922775,1654781376922775,
300833b2ddd9014000030009,1,1,2488,-45,1654781376924505,1654781376924505,
300833b2ddd9014000030002,1,1,188,-46,1654781376925589,1654781376925589,
300833b2ddd9014000030008,1,1,3228,-43,1654781376955382,1654781376955382,
300833b2ddd9014000030009,1,1,2480,-45,1654781376956483,1654781376956483,
300833b2ddd9014000030001,1,1,1040,-51,1654781376958491,1654781376958491,
300833b2ddd9014000030002,1,1,200,-47,1654781376959987,1654781376959987,
300833b2ddd9014000030009,1,1,2500,-45,1654781376966831,1654781376966831,
300833b2ddd9014000030008,1,1,3220,-43,1654781376968042,1654781376968042,
300833b2ddd9014000030002,1,1,208,-47,1654781376969139,1654781376969139,
300833b2ddd9014000030001,1,1,1016,-52,1654781376970171,1654781376970171,
300833b2ddd9014000030001,1,1,1048,-51,1654781377001016,1654781377001016,
300833b2ddd9014000030002,1,1,192,-46,1654781377002682,1654781377002682,
300833b2ddd9014000030008,1,1,3228,-43,1654781377003977,1654781377003977,
300833b2ddd9014000030009,1,1,2512,-45,1654781377005048,1654781377005048,
300833b2ddd9014000030002,1,1,204,-47,1654781377016039,1654781377016039,
300833b2ddd9014000030008,1,1,3216,-43,1654781377017451,1654781377017451,
300833b2ddd9014000030009,1,1,2496,-45,1654781377019032,1654781377019032,
300833b2ddd9014000030001,1,1,1020,-52,1654781377020261,1654781377020261,
300833b2ddd9014000030001,1,1,1068,-51,1654781377051048,1654781377051048,
300833b2ddd9014000030008,1,1,3220,-43,1654781377053107,1654781377053107,
300833b2ddd9014000030002,1,1,200,-46,1654781377054583,1654781377054583,
300833b2ddd9014000030009,1,1,2512,-45,1654781377056179,1654781377056179,
300833b2ddd9014000030009,1,1,2492,-45,1654781377059859,1654781377059859,
300833b2ddd9014000030008,1,1,3232,-43,1654781377060942,1654781377060942,
300833b2ddd9014000030002,1,1,196,-47,1654781377062039,1654781377062039,
300833b2ddd9014000030001,1,1,1048,-51,1654781377063140,1654781377063140,
300833b2ddd9014000030001,1,1,1044,-51,1654781377095743,1654781377095743,
300833b2ddd9014000030008,1,1,3208,-43,1654781377096811,1654781377096811,
300833b2ddd9014000030002,1,1,208,-46,1654781377098134,1654781377098134,
300833b2ddd9014000030009,1,1,2472,-45,1654781377099264,1654781377099264,
300833b2ddd9014000030002,1,1,184,-47,1654781377103982,1654781377103982,
300833b2ddd9014000030009,1,1,2456,-45,1654781377105876,1654781377105876,
300833b2ddd9014000030008,1,1,3192,-43,1654781377107158,1654781377107158,
300833b2ddd9014000030001,1,1,1044,-51,1654781377108359,1654781377108359,
300833b2ddd9014000030009,1,1,2504,-45,1654781377138381,1654781377138381,
300833b2ddd9014000030002,1,1,204,-47,1654781377139470,1654781377139470,
300833b2ddd9014000030008,1,1,3224,-43,1654781377141573,1654781377141573,
300833b2ddd9014000030001,1,1,1048,-51,1654781377143501,1654781377143501,
300833b2ddd9014000030008,1,1,3224,-43,1654781377147603,1654781377147603,
300833b2ddd9014000030002,1,1,208,-46,1654781377149301,1654781377149301,
300833b2ddd9014000030009,1,1,2500,-45,1654781377150399,1654781377150399,
300833b2ddd9014000030001,1,1,1024,-51,1654781377151829,1654781377151829,
300833b2ddd9014000030009,1,1,2508,-45,1654781377181721,1654781377181721,
300833b2ddd9014000030002,1,1,204,-47,1654781377183287,1654781377183287,
300833b2ddd9014000030001,1,1,1060,-51,1654781377184560,1654781377184560,
300833b2ddd9014000030008,1,1,3204,-43,1654781377185629,1654781377185629,
300833b2ddd9014000030008,1,1,3212,-43,1654781377190073,1654781377190073,
300833b2ddd9014000030002,1,1,216,-47,1654781377191642,1654781377191642,
300833b2ddd9014000030009,1,1,2516,-45,1654781377193464,1654781377193464,
300833b2ddd9014000030001,1,1,1020,-51,1654781377194909,1654781377194909,
300833b2ddd9014000030008,1,1,3204,-43,1654781377225956,1654781377225956,
300833b2ddd9014000030001,1,1,1016,-51,1654781377227298,1654781377227298,
300833b2ddd9014000030002,1,1,232,-46,1654781377228875,1654781377228875,
300833b2ddd9014000030009,1,1,2488,-45,1654781377230201,1654781377230201,
300833b2ddd9014000030008,1,1,3208,-43,1654781377234675,1654781377234675,
300833b2ddd9014000030001,1,1,1016,-52,1654781377236034,1654781377236034,
300833b2ddd9014000030009,1,1,2504,-45,1654781377237827,1654781377237827,
300833b2ddd9014000030002,1,1,180,-47,1654781377240133,1654781377240133,
300833b2ddd9014000030002,1,1,220,-47,1654781377470552,1654781377470552,
300833b2ddd9014000030008,1,1,3220,-43,1654781377472728,1654781377472728,
300833b2ddd9014000030001,1,1,1016,-52,1654781377474155,1654781377474155,
300833b2ddd9014000030009,1,1,2492,-45,1654781377477125,1654781377477125,
300833b2ddd9014000030008,1,1,3212,-43,1654781377478433,1654781377478433,
300833b2ddd9014000030002,1,1,216,-47,1654781377479489,1654781377479489,
300833b2ddd9014000030001,1,1,1000,-52,1654781377480590,1654781377480590,
300833b2ddd9014000030008,1,1,3220,-43,1654781377513913,1654781377513913,
300833b2ddd9014000030009,1,1,2508,-45,1654781377515224,1654781377515224,
300833b2ddd9014000030001,1,1,1016,-51,1654781377516652,1654781377516652,
300833b2ddd9014000030008,1,1,3208,-43,1654781377520505,1654781377520505,
300833b2ddd9014000030009,1,1,2496,-45,1654781377521532,1654781377521532,
300833b2ddd9014000030002,1,1,220,-47,1654781377522616,1654781377522616,
300833b2ddd9014000030001,1,1,1004,-52,1654781377524302,1654781377524302,
300833b2ddd9014000030009,1,1,2492,-45,1654781377554305,1654781377554305,
300833b2ddd9014000030008,1,1,3216,-43,1654781377556014,1654781377556014,
300833b2ddd9014000030001,1,1,1016,-51,1654781377557646,1654781377557646,
300833b2ddd9014000030008,1,1,3228,-43,1654781377560979,1654781377560979,
300833b2ddd9014000030009,1,1,2500,-45,1654781377562517,1654781377562517,
300833b2ddd9014000030001,1,1,1000,-52,1654781377563846,1654781377563846,
300833b2ddd9014000030002,1,1,216,-47,1654781377564900,1654781377564900,
300833b2ddd9014000030002,1,1,224,-47,1654781377596649,1654781377596649,
300833b2ddd9014000030001,1,1,1004,-52,1654781377598034,1654781377598034,
300833b2ddd9014000030008,1,1,3232,-43,1654781377599585,1654781377599585,
300833b2ddd9014000030009,1,1,2508,-45,1654781377600670,1654781377600670,
300833b2ddd9014000030002,1,1,228,-47,1654781377605616,1654781377605616,
300833b2ddd9014000030008,1,1,3236,-43,1654781377607096,1654781377607096,
300833b2ddd9014000030001,1,1,1020,-51,1654781377608169,1654781377608169,
300833b2ddd9014000030009,1,1,2520,-45,1654781377609635,1654781377609635,
300833b2ddd9014000030002,1,1,220,-47,1654781377639740,1654781377639740,
300833b2ddd9014000030008,1,1,3216,-43,1654781377640853,1654781377640853,
300833b2ddd9014000030009,1,1,2516,-45,1654781377643142,1654781377643142,
300833b2ddd9014000030001,1,1,988,-51,1654781377644315,1654781377644315,
300833b2ddd9014000030002,1,1,216,-46,1654781377649625,1654781377649625,
300833b2ddd9014000030008,1,1,3232,-43,1654781377650693,1654781377650693,
300833b2ddd9014000030009,1,1,2508,-45,1654781377652403,1654781377652403,
300833b2ddd9014000030001,1,1,1036,-52,1654781377653920,1654781377653920,
300833b2ddd9014000030001,1,1,1008,-52,1654781377683909,1654781377683909,
300833b2ddd9014000030009,1,1,2512,-45,1654781377685248,1654781377685248,
300833b2ddd9014000030008,1,1,3232,-43,1654781377686843,1654781377686843,
300833b2ddd9014000030002,1,1,220,-47,1654781377687940,1654781377687940,
300833b2ddd9014000030002,1,1,244,-47,1654781377692429,1654781377692429,
300833b2ddd9014000030009,1,1,2520,-45,1654781377693767,1654781377693767,
300833b2ddd9014000030008,1,1,3248,-43,1654781377694854,1654781377694854,
300833b2ddd9014000030001,1,1,996,-52,1654781377696751,1654781377696751,
300833b2ddd9014000030008,1,1,3220,-43,1654781377727842,1654781377727842,
300833b2ddd9014000030001,1,1,1000,-52,1654781377729381,1654781377729381,
300833b2ddd9014000030009,1,1,2516,-45,1654781377730766,1654781377730766,
300833b2ddd9014000030002,1,1,224,-47,1654781377732973,1654781377732973,
300833b2ddd9014000030001,1,1,1012,-52,1654781377737070,1654781377737070,
300833b2ddd9014000030008,1,1,3224,-43,1654781377738156,1654781377738156,
300833b2ddd9014000030002,1,1,208,-46,1654781377739721,1654781377739721,
300833b2ddd9014000030009,1,1,2508,-45,1654781377742504,1654781377742504,
300833b2ddd9014000030008,1,1,3228,-43,1654781377775143,1654781377775143,
300833b2ddd9014000030009,1,1,2504,-45,1654781377776214,1654781377776214,
300833b2ddd9014000030001,1,1,1016,-52,1654781377777344,1654781377777344,
300833b2ddd9014000030002,1,1,212,-47,1654781377778416,1654781377778416,
300833b2ddd9014000030009,1,1,2500,-45,1654781377782341,1654781377782341,
300833b2ddd9014000030008,1,1,3248,-43,1654781377783837,1654781377783837,
300833b2ddd9014000030002,1,1,200,-46,1654781377785374,1654781377785374,
300833b2ddd9014000030001,1,1,1024,-52,1654781377786874,1654781377786874,
300833b2ddd9014000030008,1,1,3240,-43,1654781377816835,1654781377816835,
300833b2ddd9014000030002,1,1,212,-46,1654781377818519,1654781377818519,
300833b2ddd9014000030009,1,1,2508,-45,1654781377820042,1654781377820042,
300833b2ddd9014000030001,1,1,988,-52,1654781377821438,1654781377821438,
300833b2ddd9014000030009,1,1,2496,-45,1654781377824602,1654781377824602,
300833b2ddd9014000030002,1,1,204,-46,1654781377827729,1654781377827729,
300833b2ddd9014000030001,1,1,1044,-52,1654781377829072,1654781377829072,
300833b2ddd9014000030008,1,1,3232,-43,1654781377830171,1654781377830171,
300833b2ddd9014000030009,1,1,2492,-45,1654781377861986,1654781377861986,
300833b2ddd9014000030008,1,1,3216,-43,1654781377863069,1654781377863069,
300833b2ddd9014000030002,1,1,196,-46,1654781377864406,1654781377864406,
300833b2ddd9014000030001,1,1,960,-52,1654781377865480,1654781377865480,
300833b2ddd9014000030002,1,1,204,-46,1654781377870869,1654781377870869,
300833b2ddd9014000030009,1,1,2488,-45,1654781377871953,1654781377871953,
300833b2ddd9014000030008,1,1,3224,-43,1654781377873292,1654781377873292,
300833b2ddd9014000030001,1,1,1020,-52,1654781377874394,1654781377874394,
300833b2ddd9014000030009,1,1,2464,-45,1654781377906330,1654781377906330,
300833b2ddd9014000030002,1,1,208,-46,1654781377907665,1654781377907665,
300833b2ddd9014000030001,1,1,1008,-52,1654781377908755,1654781377908755,
300833b2ddd9014000030008,1,1,3232,-43,1654781377910333,1654781377910333,
300833b2ddd9014000030009,1,1,2488,-45,1654781377915077,1654781377915077,
300833b2ddd9014000030002,1,1,188,-46,1654781377916188,1654781377916188,
300833b2ddd9014000030008,1,1,3232,-43,1654781377917738,1654781377917738,
300833b2ddd9014000030001,1,1,1028,-52,1654781377919935,1654781377919935,
300833b2ddd9014000030002,1,1,172,-47,1654781377958730,1654781377958730,
300833b2ddd9014000030008,1,1,3244,-43,1654781377960182,1654781377960182,
300833b2ddd9014000030001,1,1,956,-52,1654781377961299,1654781377961299,
300833b2ddd9014000030009,1,1,2464,-45,1654781377964874,1654781377964874,
300833b2ddd9014000030001,1,1,956,-53,1654781377966239,1654781377966239,
300833b2ddd9014000030008,1,1,3248,-43,1654781377968316,1654781377968316,
300833b2ddd9014000030002,1,1,172,-47,1654781377970009,1654781377970009,
300833b2ddd9014000030008,1,1,3228,-43,1654781378000812,1654781378000812,
300833b2ddd9014000030009,1,1,2464,-45,1654781378001870,1654781378001870,
300833b2ddd9014000030001,1,1,960,-52,1654781378002928,1654781378002928,
300833b2ddd9014000030002,1,1,148,-46,1654781378003996,1654781378003996,
300833b2ddd9014000030008,1,1,3240,-43,1654781378009204,1654781378009204,
300833b2ddd9014000030009,1,1,2452,-45,1654781378010858,1654781378010858,
300833b2ddd9014000030001,1,1,972,-52,1654781378012156,1654781378012156,
300833b2ddd9014000030002,1,1,148,-47,1654781378013881,1654781378013881,
300833b2ddd9014000030001,1,1,940,-52,1654781378043722,1654781378043722,
300833b2ddd9014000030008,1,1,3232,-44,1654781378046525,1654781378046525,
300833b2ddd9014000030002,1,1,132,-47,1654781378047979,1654781378047979,
300833b2ddd9014000030008,1,1,3232,-44,1654781378051467,1654781378051467,
300833b2ddd9014000030001,1,1,948,-52,1654781378052701,1654781378052701,
300833b2ddd9014000030002,1,1,136,-47,1654781378058013,1654781378058013,
300833b2ddd9014000030009,1,1,2452,-45,1654781378059099,1654781378059099,
300833b2ddd9014000030009,1,1,2440,-45,1654781378089478,1654781378089478,
300833b2ddd9014000030008,1,1,3236,-44,1654781378090590,1654781378090590,
300833b2ddd9014000030002,1,1,136,-47,1654781378091645,1654781378091645,
300833b2ddd9014000030001,1,1,948,-52,1654781378092945,1654781378092945,
300833b2ddd9014000030009,1,1,2436,-45,1654781378097911,1654781378097911,
300833b2ddd9014000030008,1,1,3256,-44,1654781378098980,1654781378098980,
300833b2ddd9014000030001,1,1,952,-52,1654781378100492,1654781378100492,
300833b2ddd9014000030002,1,1,140,-47,1654781378101591,1654781378101591,
300833b2ddd9014000030008,1,1,3248,-44,1654781378133409,1654781378133409,
300833b2ddd9014000030001,1,1,952,-52,1654781378134525,1654781378134525,
300833b2ddd9014000030002,1,1,104,-47,1654781378135878,1654781378135878,
300833b2ddd9014000030009,1,1,2424,-46,1654781378137174,1654781378137174,
300833b2ddd9014000030002,1,1,92,-48,1654781378144872,1654781378144872,
300833b2ddd9014000030008,1,1,3256,-44,1654781378145941,1654781378145941,
300833b2ddd9014000030009,1,1,2420,-45,1654781378146997,1654781378146997,
300833b2ddd9014000030001,1,1,976,-52,1654781378148497,1654781378148497,
300833b2ddd9014000030002,1,1,92,-48,1654781378178801,1654781378178801,
300833b2ddd9014000030008,1,1,3260,-44,1654781378179885,1654781378179885,
300833b2ddd9014000030009,1,1,2400,-46,1654781378180971,1654781378180971,
300833b2ddd9014000030001,1,1,960,-52,1654781378184249,1654781378184249,
300833b2ddd9014000030002,1,1,88,-48,1654781378187773,1654781378187773,
300833b2ddd9014000030008,1,1,3256,-44,1654781378188911,1654781378188911,
300833b2ddd9014000030009,1,1,2392,-46,1654781378189942,1654781378189942,
300833b2ddd9014000030001,1,1,992,-52,1654781378191199,1654781378191199,
300833b2ddd9014000030002,1,1,76,-48,1654781378221572,1654781378221572,
300833b2ddd9014000030008,1,1,3224,-44,1654781378222683,1654781378222683,
300833b2ddd9014000030009,1,1,2380,-46,1654781378224450,1654781378224450,
300833b2ddd9014000030001,1,1,1136,-52,1654781378225763,1654781378225763,
300833b2ddd9014000030009,1,1,2376,-46,1654781378230015,1654781378230015,
300833b2ddd9014000030001,1,1,1152,-52,1654781378231116,1654781378231116,
300833b2ddd9014000030008,1,1,3204,-44,1654781378232214,1654781378232214,
300833b2ddd9014000030002,1,1,64,-48,1654781378234289,1654781378234289,
300833b2ddd9014000030002,1,1,40,-48,1654781378271820,1654781378271820,
300833b2ddd9014000030001,1,1,1180,-52,1654781378272893,1654781378272893,
300833b2ddd9014000030009,1,1,2408,-47,1654781378274418,1654781378274418,
300833b2ddd9014000030008,1,1,3160,-44,1654781378275457,1654781378275457,
300833b2ddd9014000030008,1,1,3148,-44,1654781378279870,1654781378279870,
300833b2ddd9014000030001,1,1,1128,-52,1654781378282012,1654781378282012,
300833b2ddd9014000030009,1,1,2400,-47,1654781378283038,1654781378283038,
300833b2ddd9014000030002,1,1,28,-48,1654781378284135,1654781378284135,
300833b2ddd9014000030008,1,1,3124,-44,1654781378314447,1654781378314447,
300833b2ddd9014000030002,1,1,32,-49,1654781378315502,1654781378315502,
300833b2ddd9014000030009,1,1,2440,-47,1654781378317083,1654781378317083,
300833b2ddd9014000030001,1,1,1124,-51,1654781378318383,1654781378318383,
300833b2ddd9014000030002,1,1,24,-49,1654781378323119,1654781378323119,
300833b2ddd9014000030001,1,1,1092,-51,1654781378324804,1654781378324804,
300833b2ddd9014000030008,1,1,3112,-44,1654781378326156,1654781378326156,
300833b2ddd9014000030009,1,1,2440,-47,1654781378327912,1654781378327912,
300833b2ddd9014000030002,1,1,36,-48,1654781378363955,1654781378363955,
300833b2ddd9014000030009,1,1,2456,-47,1654781378365040,1654781378365040,
300833b2ddd9014000030008,1,1,3120,-44,1654781378366094,1654781378366094,
300833b2ddd9014000030001,1,1,1008,-52,1654781378367665,1654781378367665,
300833b2ddd9014000030001,1,1,992,-52,1654781378372204,1654781378372204,
300833b2ddd9014000030008,1,1,3116,-43,1654781378373302,1654781378373302,
300833b2ddd9014000030002,1,1,56,-48,1654781378376026,1654781378376026,
300833b2ddd9014000030009,1,1,2444,-47,1654781378377128,1654781378377128,
300833b2ddd9014000030001,1,1,1012,-53,1654781378408840,1654781378408840,
300833b2ddd9014000030008,1,1,3136,-43,1654781378409950,1654781378409950,
300833b2ddd9014000030009,1,1,2456,-47,1654781378411661,1654781378411661,
300833b2ddd9014000030002,1,1,96,-47,1654781378412745,1654781378412745,
300833b2ddd9014000030001,1,1,976,-53,1654781378416545,1654781378416545,
300833b2ddd9014000030008,1,1,3124,-43,1654781378417630,1654781378417630,
300833b2ddd9014000030009,1,1,2476,-46,1654781378418927,1654781378418927,
300833b2ddd9014000030002,1,1,116,-48,1654781378420154,1654781378420154,
300833b2ddd9014000030002,1,1,140,-48,1654781378456528,1654781378456528,
300833b2ddd9014000030009,1,1,2476,-46,1654781378457613,1654781378457613,
300833b2ddd9014000030001,1,1,1088,-54,1654781378458940,1654781378458940,
300833b2ddd9014000030008,1,1,3172,-43,1654781378460237,1654781378460237,
300833b2ddd9014000030001,1,1,1144,-54,1654781378465579,1654781378465579,
300833b2ddd9014000030009,1,1,2504,-46,1654781378466663,1654781378466663,
300833b2ddd9014000030002,1,1,132,-48,1654781378467789,1654781378467789,
300833b2ddd9014000030008,1,1,3148,-43,1654781378468887,1654781378468887,
300833b2ddd9014000030001,1,1,1224,-54,1654781378499766,1654781378499766,
300833b2ddd9014000030008,1,1,3124,-43,1654781378500862,1654781378500862,
300833b2ddd9014000030002,1,1,108,-48,1654781378502484,1654781378502484,
300833b2ddd9014000030009,1,1,2488,-46,1654781378503541,1654781378503541,
300833b2ddd9014000030009,1,1,2484,-46,1654781378509231,1654781378509231,
300833b2ddd9014000030008,1,1,3104,-44,1654781378511232,1654781378511232,
300833b2ddd9014000030002,1,1,96,-48,1654781378512572,1654781378512572,
300833b2ddd9014000030001,1,1,1232,-54,1654781378513615,1654781378513615,
300833b2ddd9014000030002,1,1,48,-48,1654781378556791,1654781378556791,
300833b2ddd9014000030008,1,1,3048,-44,1654781378558468,1654781378558468,
300833b2ddd9014000030009,1,1,2504,-46,1654781378559556,1654781378559556,
300833b2ddd9014000030001,1,1,1180,-52,1654781378560999,1654781378560999,
300833b2ddd9014000030009,1,1,2512,-47,1654781378563697,1654781378563697,
300833b2ddd9014000030008,1,1,3044,-44,1654781378564979,1654781378564979,
300833b2ddd9014000030002,1,1,16,-48,1654781378566063,1654781378566063,
300833b2ddd9014000030001,1,1,1212,-52,1654781378567618,1654781378567618,
300833b2ddd9014000030002,1,1,4,-48,1654781378599647,1654781378599647,
300833b2ddd9014000030009,1,1,2512,-46,1654781378601131,1654781378601131,
300833b2ddd9014000030008,1,1,3024,-44,1654781378602214,1654781378602214,
300833b2ddd9014000030001,1,1,1160,-52,1654781378603963,1654781378603963,
300833b2ddd9014000030008,1,1,3016,-43,1654781378607435,1654781378607435,
300833b2ddd9014000030009,1,1,2516,-46,1654781378608922,1654781378608922,
300833b2ddd9014000030001,1,1,1168,-52,1654781378610238,1654781378610238,
300833b2ddd9014000030002,1,1,4,-48,1654781378611292,1654781378611292,
300833b2ddd9014000030008,1,1,3064,-43,1654781378641764,1654781378641764,
300833b2ddd9014000030001,1,1,1012,-52,1654781378642883,1654781378642883,
300833b2ddd9014000030009,1,1,2592,-46,1654781378644192,1654781378644192,
300833b2ddd9014000030002,1,1,20,-47,1654781378645967,1654781378645967,
300833b2ddd9014000030002,1,1,4088,-47,1654781378650429,1654781378650429,
300833b2ddd9014000030001,1,1,1104,-52,1654781378652986,1654781378652986,
300833b2ddd9014000030008,1,1,3036,-43,1654781378655342,1654781378655342,
300833b2ddd9014000030009,1,1,2532,-46,1654781378656427,1654781378656427,
300833b2ddd9014000030008,1,1,3068,-43,1654781378686430,1654781378686430,
300833b2ddd9014000030009,1,1,2564,-46,1654781378688096,1654781378688096,
300833b2ddd9014000030002,1,1,20,-47,1654781378689649,1654781378689649,
300833b2ddd9014000030009,1,1,2588,-46,1654781378693088,1654781378693088,
300833b2ddd9014000030008,1,1,3060,-43,1654781378694185,1654781378694185,
300833b2ddd9014000030001,1,1,1044,-52,1654781378695726,1654781378695726,
300833b2ddd9014000030002,1,1,56,-47,1654781378698102,1654781378698102,
300833b2ddd9014000030001,1,1,1000,-52,1654781378728960,1654781378728960,
300833b2ddd9014000030008,1,1,3088,-43,1654781378731147,1654781378731147,
300833b2ddd9014000030009,1,1,2536,-46,1654781378732843,1654781378732843,
300833b2ddd9014000030002,1,1,84,-47,1654781378734071,1654781378734071,
300833b2ddd9014000030001,1,1,1008,-52,1654781378737078,1654781378737078,
300833b2ddd9014000030009,1,1,2524,-46,1654781378738771,1654781378738771,
300833b2ddd9014000030002,1,1,80,-47,1654781378739869,1654781378739869,
300833b2ddd9014000030008,1,1,3100,-43,1654781378740982,1654781378740982,
300833b2ddd9014000030009,1,1,2504,-46,1654781378771992,1654781378771992,
300833b2ddd9014000030008,1,1,3104,-43,1654781378773418,1654781378773418,
300833b2ddd9014000030001,1,1,1000,-52,1654781378774958,1654781378774958,
300833b2ddd9014000030002,1,1,80,-48,1654781378776425,1654781378776425,
300833b2ddd9014000030008,1,1,3124,-43,1654781378779460,1654781378779460,
300833b2ddd9014000030009,1,1,2476,-46,1654781378780572,1654781378780572,
300833b2ddd9014000030002,1,1,96,-47,1654781378782195,1654781378782195,
300833b2ddd9014000030001,1,1,996,-52,1654781378783893,1654781378783893,
300833b2ddd9014000030008,1,1,3128,-43,1654781378814926,1654781378814926,
300833b2ddd9014000030002,1,1,108,-47,1654781378816859,1654781378816859,
300833b2ddd9014000030009,1,1,2412,-46,1654781378818459,1654781378818459,
300833b2ddd9014000030009,1,1,2440,-46,1654781378821770,1654781378821770,
300833b2ddd9014000030002,1,1,108,-48,1654781378823126,1654781378823126,
300833b2ddd9014000030008,1,1,3128,-44,1654781378824677,1654781378824677,
300833b2ddd9014000030001,1,1,984,-51,1654781378826006,1654781378826006,
300833b2ddd9014000030009,1,1,2360,-45,1654781378857643,1654781378857643,
300833b2ddd9014000030008,1,1,3104,-44,1654781378859321,1654781378859321,
300833b2ddd9014000030002,1,1,88,-48,1654781378860392,1654781378860392,
300833b2ddd9014000030009,1,1,2344,-45,1654781378864179,1654781378864179,
300833b2ddd9014000030001,1,1,1000,-51,1654781378865324,1654781378865324,
300833b2ddd9014000030002,1,1,96,-47,1654781378867086,1654781378867086,
300833b2ddd9014000030008,1,1,3112,-44,1654781378868127,1654781378868127,
300833b2ddd9014000030002,1,1,108,-48,1654781378899765,1654781378899765,
300833b2ddd9014000030008,1,1,3116,-43,1654781378901103,1654781378901103,
300833b2ddd9014000030009,1,1,2328,-45,1654781378902402,1654781378902402,
300833b2ddd9014000030001,1,1,1044,-50,1654781378905251,1654781378905251,
300833b2ddd9014000030008,1,1,3100,-44,1654781378908034,1654781378908034,
300833b2ddd9014000030009,1,1,2320,-45,1654781378909149,1654781378909149,
300833b2ddd9014000030002,1,1,116,-47,1654781378910699,1654781378910699,
300833b2ddd9014000030001,1,1,1052,-50,1654781378912027,1654781378912027,
300833b2ddd9014000030001,1,1,1068,-50,1654781378943502,1654781378943502,
300833b2ddd9014000030009,1,1,2316,-45,1654781378944573,1654781378944573,
300833b2ddd9014000030008,1,1,3100,-43,1654781378945642,1654781378945642,
300833b2ddd9014000030002,1,1,132,-47,1654781378947645,1654781378947645,
300833b2ddd9014000030008,1,1,3100,-43,1654781378952124,1654781378952124,
300833b2ddd9014000030002,1,1,128,-47,1654781378953814,1654781378953814,
300833b2ddd9014000030001,1,1,1084,-50,1654781378954915,1654781378954915,
300833b2ddd9014000030009,1,1,2292,-45,1654781378956015,1654781378956015,
300833b2ddd9014000030009,1,1,2316,-44,1654781378986801,1654781378986801,
300833b2ddd9014000030008,1,1,3100,-43,1654781378987899,1654781378987899,
300833b2ddd9014000030002,1,1,136,-47,1654781378989254,1654781378989254,
300833b2ddd9014000030001,1,1,1124,-50,1654781378991460,1654781378991460,
300833b2ddd9014000030009,1,1,2304,-45,1654781378995353,1654781378995353,
300833b2ddd9014000030008,1,1,3096,-43,1654781378996704,1654781378996704,
300833b2ddd9014000030002,1,1,156,-47,1654781378998752,1654781378998752,
300833b2ddd9014000030001,1,1,1144,-49,1654781379000248,1654781379000248,
300833b2ddd9014000030009,1,1,2320,-44,1654781379032339,1654781379032339,
300833b2ddd9014000030008,1,1,3092,-43,1654781379033448,1654781379033448,
300833b2ddd9014000030002,1,1,172,-47,1654781379034790,1654781379034790,
300833b2ddd9014000030001,1,1,1152,-50,1654781379035949,1654781379035949,
300833b2ddd9014000030008,1,1,3104,-43,1654781379039659,1654781379039659,
300833b2ddd9014000030009,1,1,2300,-44,1654781379041057,1654781379041057,
300833b2ddd9014000030002,1,1,188,-47,1654781379042365,1654781379042365,
300833b2ddd9014000030001,1,1,1172,-49,1654781379043524,1654781379043524,
300833b2ddd9014000030001,1,1,1188,-49,1654781379073902,1654781379073902,
300833b2ddd9014000030009,1,1,2332,-44,1654781379075415,1654781379075415,
300833b2ddd9014000030002,1,1,212,-47,1654781379076513,1654781379076513,
300833b2ddd9014000030008,1,1,3104,-43,1654781379077607,1654781379077607,
300833b2ddd9014000030009,1,1,2344,-44,1654781379082320,1654781379082320,
300833b2ddd9014000030008,1,1,3108,-43,1654781379083429,1654781379083429,
300833b2ddd9014000030002,1,1,220,-47,1654781379084742,1654781379084742,
300833b2ddd9014000030001,1,1,1204,-49,1654781379086199,1654781379086199,
300833b2ddd9014000030008,1,1,3112,-43,1654781379115983,1654781379115983,
300833b2ddd9014000030001,1,1,1232,-50,1654781379117967,1654781379117967,
300833b2ddd9014000030009,1,1,2320,-44,1654781379119293,1654781379119293,
300833b2ddd9014000030002,1,1,224,-47,1654781379120419,1654781379120419,
300833b2ddd9014000030008,1,1,3100,-43,1654781379124316,1654781379124316,
300833b2ddd9014000030002,1,1,232,-47,1654781379126024,1654781379126024,
300833b2ddd9014000030001,1,1,1204,-49,1654781379127084,1654781379127084,
300833b2ddd9014000030009,1,1,2308,-44,1654781379128184,1654781379128184,
300833b2ddd9014000030008,1,1,3108,-43,1654781379159856,1654781379159856,
300833b2ddd9014000030002,1,1,248,-47,1654781379160984,1654781379160984,
300833b2ddd9014000030001,1,1,1228,-50,1654781379162356,1654781379162356,
300833b2ddd9014000030009,1,1,2340,-44,1654781379163783,1654781379163783,
300833b2ddd9014000030009,1,1,2352,-44,1654781379167380,1654781379167380,
300833b2ddd9014000030001,1,1,1264,-49,1654781379168625,1654781379168625,
300833b2ddd9014000030008,1,1,3108,-43,1654781379169892,1654781379169892,
300833b2ddd9014000030002,1,1,240,-47,1654781379170934,1654781379170934,
300833b2ddd9014000030002,1,1,252,-47,1654781379202048,1654781379202048,
300833b2ddd9014000030009,1,1,2344,-44,1654781379203388,1654781379203388,
300833b2ddd9014000030008,1,1,3120,-42,1654781379204472,1654781379204472,
300833b2ddd9014000030001,1,1,1248,-49,1654781379205559,1654781379205559,
300833b2ddd9014000030008,1,1,3116,-42,1654781379210638,1654781379210638,
300833b2ddd9014000030009,1,1,2304,-44,1654781379213268,1654781379213268,
300833b2ddd9014000030002,1,1,244,-47,1654781379215284,1654781379215284,
300833b2ddd9014000030001,1,1,1260,-49,1654781379216371,1654781379216371,
300833b2ddd9014000030009,1,1,2356,-44,1654781379247301,1654781379247301,
300833b2ddd9014000030001,1,1,1296,-49,1654781379248419,1654781379248419,
300833b2ddd9014000030008,1,1,3108,-43,1654781379249501,1654781379249501,
300833b2ddd9014000030002,1,1,252,-47,1654781379250827,1654781379250827,
300833b2ddd9014000030009,1,1,2336,-44,1654781379256087,1654781379256087,
300833b2ddd9014000030008,1,1,3104,-43,1654781379257753,1654781379257753,
300833b2ddd9014000030001,1,1,1276,-50,1654781379259140,1654781379259140,
300833b2ddd9014000030002,1,1,248,-48,1654781379260196,1654781379260196,
300833b2ddd9014000030001,1,1,1268,-49,1654781379291505,1654781379291505,
300833b2ddd9014000030002,1,1,272,-47,1654781379292603,1654781379292603,
300833b2ddd9014000030008,1,1,3136,-42,1654781379294255,1654781379294255,
300833b2ddd9014000030009,1,1,2340,-44,1654781379296219,1654781379296219,
300833b2ddd9014000030002,1,1,260,-47,1654781379300396,1654781379300396,
300833b2ddd9014000030009,1,1,2340,-44,1654781379302331,1654781379302331,
300833b2ddd9014000030008,1,1,3120,-43,1654781379303442,1654781379303442,
300833b2ddd9014000030001,1,1,1268,-49,1654781379304702,1654781379304702,
300833b2ddd9014000030001,1,1,1276,-49,1654781379336492,1654781379336492,
300833b2ddd9014000030008,1,1,3104,-43,1654781379337590,1654781379337590,
300833b2ddd9014000030009,1,1,2332,-44,1654781379338646,1654781379338646,
300833b2ddd9014000030002,1,1,264,-48,1654781379340309,1654781379340309,
300833b2ddd9014000030009,1,1,2324,-44,1654781379343165,1654781379343165,
300833b2ddd9014000030002,1,1,268,-48,1654781379344261,1654781379344261,
300833b2ddd9014000030008,1,1,3116,-42,1654781379345375,1654781379345375,
300833b2ddd9014000030001,1,1,1276,-49,1654781379346703,1654781379346703,
300833b2ddd9014000030002,1,1,256,-47,1654781379378655,1654781379378655,
300833b2ddd9014000030008,1,1,3112,-43,1654781379379951,1654781379379951,
300833b2ddd9014000030001,1,1,1304,-49,1654781379381038,1654781379381038,
300833b2ddd9014000030009,1,1,2348,-44,1654781379382392,1654781379382392,
300833b2ddd9014000030009,1,1,2352,-44,1654781379387057,1654781379387057,
300833b2ddd9014000030002,1,1,248,-48,1654781379388115,1654781379388115,
300833b2ddd9014000030008,1,1,3108,-43,1654781379390202,1654781379390202,
300833b2ddd9014000030001,1,1,1280,-49,1654781379391334,1654781379391334,
300833b2ddd9014000030009,1,1,2344,-43,1654781379423038,1654781379423038,
300833b2ddd9014000030008,1,1,3108,-43,1654781379424447,1654781379424447,
300833b2ddd9014000030002,1,1,260,-48,1654781379426656,1654781379426656,
300833b2ddd9014000030001,1,1,1292,-49,1654781379429897,1654781379429897,
300833b2ddd9014000030002,1,1,272,-47,1654781379431007,1654781379431007,
300833b2ddd9014000030009,1,1,2352,-44,1654781379433215,1654781379433215,
300833b2ddd9014000030008,1,1,3108,-43,1654781379434313,1654781379434313,
300833b2ddd9014000030002,1,1,248,-47,1654781379465194,1654781379465194,
300833b2ddd9014000030008,1,1,3096,-42,1654781379466532,1654781379466532,
300833b2ddd9014000030009,1,1,2352,-43,1654781379467646,1654781379467646,
300833b2ddd9014000030001,1,1,1320,-49,1654781379469173,1654781379469173,
300833b2ddd9014000030002,1,1,268,-47,1654781379474041,1654781379474041,
300833b2ddd9014000030001,1,1,1316,-49,1654781379475727,1654781379475727,
300833b2ddd9014000030008,1,1,3108,-43,1654781379477051,1654781379477051,
300833b2ddd9014000030009,1,1,2364,-44,1654781379478235,1654781379478235,
300833b2ddd9014000030009,1,1,2336,-44,1654781379509826,1654781379509826,
300833b2ddd9014000030008,1,1,3124,-43,1654781379510909,1654781379510909,
300833b2ddd9014000030002,1,1,292,-48,1654781379512164,1654781379512164,
300833b2ddd9014000030001,1,1,1300,-49,1654781379513266,1654781379513266,
300833b2ddd9014000030008,1,1,3104,-43,1654781379517065,1654781379517065,
300833b2ddd9014000030009,1,1,2352,-44,1654781379519040,1654781379519040,
300833b2ddd9014000030002,1,1,256,-47,1654781379520081,1654781379520081,
300833b2ddd9014000030001,1,1,1312,-49,1654781379521324,1654781379521324,
300833b2ddd9014000030001,1,1,1300,-49,1654781379551067,1654781379551067,
300833b2ddd9014000030008,1,1,3100,-43,1654781379552647,1654781379552647,
300833b2ddd9014000030002,1,1,268,-47,1654781379554170,1654781379554170,
300833b2ddd9014000030009,1,1,2336,-44,1654781379555225,1654781379555225,
300833b2ddd9014000030008,1,1,3108,-42,1654781379560139,1654781379560139,
300833b2ddd9014000030009,1,1,2328,-44,1654781379561611,1654781379561611,
300833b2ddd9014000030002,1,1,268,-47,1654781379562991,1654781379562991,
300833b2ddd9014000030001,1,1,1292,-49,1654781379564194,1654781379564194,
300833b2ddd9014000030009,1,1,2344,-44,1654781379594211,1654781379594211,
300833b2ddd9014000030008,1,1,3108,-43,1654781379595237,1654781379595237,
300833b2ddd9014000030001,1,1,1300,-49,1654781379596580,1654781379596580,
300833b2ddd9014000030002,1,1,248,-47,1654781379597949,1654781379597949,
300833b2ddd9014000030001,1,1,1304,-49,1654781379604229,1654781379604229,
300833b2ddd9014000030008,1,1,3088,-42,1654781379605372,1654781379605372,
300833b2ddd9014000030009,1,1,2324,-44,1654781379606588,1654781379606588,
300833b2ddd9014000030002,1,1,252,-47,1654781379607656,1654781379607656,
300833b2ddd9014000030008,1,1,3100,-43,1654781379637800,1654781379637800,
300833b2ddd9014000030002,1,1,280,-48,1654781379639215,1654781379639215,
300833b2ddd9014000030009,1,1,2332,-44,1654781379640512,1654781379640512,
300833b2ddd9014000030001,1,1,1272,-49,1654781379641571,1654781379641571,
300833b2ddd9014000030008,1,1,3096,-42,1654781379645410,1654781379645410,
300833b2ddd9014000030009,1,1,2344,-44,1654781379647385,1654781379647385,
300833b2ddd9014000030002,1,1,272,-47,1654781379648867,1654781379648867,
300833b2ddd9014000030001,1,1,1312,-49,1654781379650296,1654781379650296,
300833b2ddd9014000030001,1,1,1304,-49,1654781379680242,1654781379680242,
300833b2ddd9014000030008,1,1,3128,-42,1654781379681553,1654781379681553,
300833b2ddd9014000030009,1,1,2344,-44,1654781379683403,1654781379683403,
300833b2ddd9014000030002,1,1,248,-48,1654781379684659,1654781379684659,
300833b2ddd9014000030001,1,1,1288,-50,1654781379689363,1654781379689363,
300833b2ddd9014000030009,1,1,2348,-43,1654781379691071,1654781379691071,
300833b2ddd9014000030002,1,1,256,-47,1654781379692183,1654781379692183,
300833b2ddd9014000030008,1,1,3104,-43,1654781379693265,1654781379693265,
300833b2ddd9014000030009,1,1,2320,-44,1654781379724133,1654781379724133,
300833b2ddd9014000030008,1,1,3120,-42,1654781379725243,1654781379725243,
300833b2ddd9014000030002,1,1,264,-47,1654781379726582,1654781379726582,
300833b2ddd9014000030001,1,1,1304,-49,1654781379728761,1654781379728761,
300833b2ddd9014000030001,1,1,1276,-49,1654781379732819,1654781379732819,
300833b2ddd9014000030009,1,1,2324,-43,1654781379734276,1654781379734276,
300833b2ddd9014000030008,1,1,3116,-43,1654781379735400,1654781379735400,
300833b2ddd9014000030002,1,1,256,-47,1654781379737280,1654781379737280,
300833b2ddd9014000030001,1,1,1300,-50,1654781379767079,1654781379767079,
300833b2ddd9014000030008,1,1,3124,-42,1654781379768652,1654781379768652,
300833b2ddd9014000030009,1,1,2332,-43,1654781379770830,1654781379770830,
300833b2ddd9014000030002,1,1,264,-47,1654781379772382,1654781379772382,
300833b2ddd9014000030009,1,1,2328,-44,1654781379775847,1654781379775847,
300833b2ddd9014000030008,1,1,3104,-43,1654781379777396,1654781379777396,
300833b2ddd9014000030001,1,1,1312,-49,1654781379778526,1654781379778526,
300833b2ddd9014000030002,1,1,256,-47,1654781379779796,1654781379779796,
300833b2ddd9014000030009,1,1,2328,-44,1654781379811279,1654781379811279,
300833b2ddd9014000030008,1,1,3116,-43,1654781379812332,1654781379812332,
300833b2ddd9014000030002,1,1,268,-48,1654781379813388,1654781379813388,
300833b2ddd9014000030001,1,1,1288,-49,1654781379815197,1654781379815197,
300833b2ddd9014000030009,1,1,2336,-44,1654781379819905,1654781379819905,
300833b2ddd9014000030001,1,1,1276,-49,1654781379821590,1654781379821590,
300833b2ddd9014000030008,1,1,3116,-43,1654781379822672,1654781379822672,
300833b2ddd9014000030002,1,1,264,-47,1654781379824551,1654781379824551,
300833b2ddd9014000030002,1,1,248,-47,1654781379855821,1654781379855821,
300833b2ddd9014000030001,1,1,1288,-50,1654781379857390,1654781379857390,
300833b2ddd9014000030009,1,1,2332,-44,1654781379858518,1654781379858518,
300833b2ddd9014000030008,1,1,3092,-42,1654781379859827,1654781379859827,
300833b2ddd9014000030002,1,1,252,-48,1654781379864305,1654781379864305,
300833b2ddd9014000030008,1,1,3112,-43,1654781379865842,1654781379865842,
300833b2ddd9014000030001,1,1,1284,-49,1654781379866930,1654781379866930,
300833b2ddd9014000030009,1,1,2360,-44,1654781379868001,1654781379868001,
300833b2ddd9014000030001,1,1,1284,-50,1654781379899904,1654781379899904,
300833b2ddd9014000030008,1,1,3108,-43,1654781379901002,1654781379901002,
300833b2ddd9014000030002,1,1,256,-47,1654781379902525,1654781379902525,
300833b2ddd9014000030009,1,1,2324,-44,1654781379903640,1654781379903640,
300833b2ddd9014000030008,1,1,3116,-43,1654781379908343,1654781379908343,
300833b2ddd9014000030002,1,1,260,-48,1654781379909443,1654781379909443,
300833b2ddd9014000030009,1,1,2344,-44,1654781379911250,1654781379911250,
300833b2ddd9014000030001,1,1,1320,-49,1654781379912338,1654781379912338,
300833b2ddd9014000030008,1,1,3104,-43,1654781379943479,1654781379943479,
300833b2ddd9014000030002,1,1,248,-47,1654781379944550,1654781379944550,
300833b2ddd9014000030009,1,1,2360,-44,1654781379946325,1654781379946325,
300833b2ddd9014000030001,1,1,1268,-49,1654781379948894,1654781379948894,
300833b2ddd9014000030001,1,1,1312,-49,1654781379952271,1654781379952271,
300833b2ddd9014000030009,1,1,2316,-44,1654781379954434,1654781379954434,
300833b2ddd9014000030008,1,1,3100,-43,1654781379955559,1654781379955559,
300833b2ddd9014000030002,1,1,276,-48,1654781379956774,1654781379956774,
300833b2ddd9014000030008,1,1,3092,-43,1654781379986981,1654781379986981,
300833b2ddd9014000030009,1,1,2364,-43,1654781379988278,1654781379988278,
300833b2ddd9014000030002,1,1,260,-48,1654781379989316,1654781379989316,
300833b2ddd9014000030001,1,1,1292,-49,1654781379990407,1654781379990407,
300833b2ddd9014000030008,1,1,3100,-43,1654781379995136,1654781379995136,
300833b2ddd9014000030002,1,1,252,-47,1654781379996489,1654781379996489,
300833b2ddd9014000030009,1,1,2336,-44,1654781379998340,1654781379998340,
300833b2ddd9014000030001,1,1,1280,-49,1654781380000252,1654781380000252,
300833b2ddd9014000030002,1,1,248,-48,1654781380031046,1654781380031046,
300833b2ddd9014000030001,1,1,1288,-49,1654781380032175,1654781380032175,
300833b2ddd9014000030008,1,1,3104,-43,1654781380033216,1654781380033216,
300833b2ddd9014000030009,1,1,2340,-44,1654781380034570,1654781380034570,
300833b2ddd9014000030002,1,1,236,-48,1654781380039504,1654781380039504,
300833b2ddd9014000030008,1,1,3104,-43,1654781380040799,1654781380040799,
300833b2ddd9014000030009,1,1,2316,-44,1654781380041901,1654781380041901,
300833b2ddd9014000030001,1,1,1288,-50,1654781380045174,1654781380045174,
300833b2ddd9014000030001,1,1,1268,-49,1654781380074959,1654781380074959,
300833b2ddd9014000030009,1,1,2332,-43,1654781380076011,1654781380076011,
300833b2ddd9014000030008,1,1,3096,-43,1654781380077096,1654781380077096,
300833b2ddd9014000030002,1,1,248,-48,1654781380078662,1654781380078662,
300833b2ddd9014000030009,1,1,2332,-44,1654781380083595,1654781380083595,
300833b2ddd9014000030008,1,1,3096,-43,1654781380084636,1654781380084636,
300833b2ddd9014000030001,1,1,1256,-49,1654781380085951,1654781380085951,
300833b2ddd9014000030002,1,1,240,-48,1654781380087064,1654781380087064,
300833b2ddd9014000030009,1,1,2344,-44,1654781380118689,1654781380118689,
300833b2ddd9014000030002,1,1,228,-48,1654781380120018,1654781380120018,
300833b2ddd9014000030008,1,1,3088,-43,1654781380121848,1654781380121848,
300833b2ddd9014000030001,1,1,1256,-50,1654781380124431,1654781380124431,
300833b2ddd9014000030008,1,1,3088,-43,1654781380127498,1654781380127498,
300833b2ddd9014000030002,1,1,232,-48,1654781380129209,1654781380129209,
300833b2ddd9014000030009,1,1,2324,-44,1654781380130762,1654781380130762,
300833b2ddd9014000030001,1,1,1272,-49,1654781380131991,1654781380131991,
300833b2ddd9014000030002,1,1,248,-48,1654781380162513,1654781380162513,
300833b2ddd9014000030008,1,1,3084,-43,1654781380163924,1654781380163924,
300833b2ddd9014000030009,1,1,2332,-44,1654781380165493,1654781380165493,
300833b2ddd9014000030001,1,1,1256,-49,1654781380166950,1654781380166950,
300833b2ddd9014000030008,1,1,3084,-43,1654781380170734,1654781380170734,
300833b2ddd9014000030001,1,1,1280,-49,1654781380171867,1654781380171867,
300833b2ddd9014000030009,1,1,2348,-44,1654781380172936,1654781380172936,
300833b2ddd9014000030002,1,1,236,-48,1654781380173950,1654781380173950,
300833b2ddd9014000030008,1,1,3096,-43,1654781380205587,1654781380205587,
300833b2ddd9014000030009,1,1,2348,-44,1654781380206883,1654781380206883,
300833b2ddd9014000030002,1,1,248,-47,1654781380208094,1654781380208094,
300833b2ddd9014000030001,1,1,1276,-49,1654781380209139,1654781380209139,
300833b2ddd9014000030002,1,1,248,-48,1654781380212131,1654781380212131,
300833b2ddd9014000030001,1,1,1264,-49,1654781380214086,1654781380214086,
300833b2ddd9014000030009,1,1,2332,-43,1654781380215170,1654781380215170,
300833b2ddd9014000030008,1,1,3080,-43,1654781380216296,1654781380216296,
300833b2ddd9014000030001,1,1,1280,-49,1654781380247725,1654781380247725,
300833b2ddd9014000030008,1,1,3076,-43,1654781380248813,1654781380248813,
300833b2ddd9014000030009,1,1,2328,-44,1654781380249912,1654781380249912,
300833b2ddd9014000030002,1,1,244,-48,1654781380251650,1654781380251650,
300833b2ddd9014000030009,1,1,2320,-43,1654781380254420,1654781380254420,
300833b2ddd9014000030008,1,1,3080,-43,1654781380255742,1654781380255742,
300833b2ddd9014000030001,1,1,1248,-49,1654781380256831,1654781380256831,
300833b2ddd9014000030002,1,1,232,-48,1654781380258382,1654781380258382,
300833b2ddd9014000030001,1,1,1268,-49,1654781380289780,1654781380289780,
300833b2ddd9014000030008,1,1,3072,-43,1654781380291404,1654781380291404,
300833b2ddd9014000030009,1,1,2336,-43,1654781380293808,1654781380293808,
300833b2ddd9014000030002,1,1,224,-48,1654781380295118,1654781380295118,
300833b2ddd9014000030009,1,1,2312,-44,1654781380299020,1654781380299020,
300833b2ddd9014000030002,1,1,232,-48,1654781380300075,1654781380300075,
300833b2ddd9014000030001,1,1,1264,-49,1654781380301162,1654781380301162,
300833b2ddd9014000030008,1,1,3064,-43,1654781380302276,1654781380302276,
300833b2ddd9014000030009,1,1,2328,-44,1654781380334404,1654781380334404,
300833b2ddd9014000030002,1,1,236,-48,1654781380335872,1654781380335872,
300833b2ddd9014000030008,1,1,3068,-43,1654781380337193,1654781380337193,
300833b2ddd9014000030001,1,1,1276,-49,1654781380338327,1654781380338327,
300833b2ddd9014000030008,1,1,3080,-43,1654781380341676,1654781380341676,
300833b2ddd9014000030002,1,1,236,-48,1654781380342775,1654781380342775,
300833b2ddd9014000030009,1,1,2324,-44,1654781380343874,1654781380343874,
300833b2ddd9014000030001,1,1,1284,-49,1654781380346293,1654781380346293,
300833b2ddd9014000030009,1,1,2332,-43,1654781380377952,1654781380377952,
300833b2ddd9014000030002,1,1,220,-48,1654781380379335,1654781380379335,
300833b2ddd9014000030008,1,1,3092,-43,1654781380380476,1654781380380476,
300833b2ddd9014000030001,1,1,1244,-49,1654781380382446,1654781380382446,
300833b2ddd9014000030008,1,1,3068,-43,1654781380385176,1654781380385176,
300833b2ddd9014000030002,1,1,232,-48,1654781380386262,1654781380386262,
300833b2ddd9014000030009,1,1,2332,-43,1654781380387574,1654781380387574,
300833b2ddd9014000030001,1,1,1292,-49,1654781380390220,1654781380390220,
300833b2ddd9014000030008,1,1,3072,-43,1654781380426743,1654781380426743,
300833b2ddd9014000030002,1,1,228,-48,1654781380427815,1654781380427815,
300833b2ddd9014000030001,1,1,1272,-49,1654781380428916,1654781380428916,
300833b2ddd9014000030009,1,1,2312,-43,1654781380430242,1654781380430242,
300833b2ddd9014000030001,1,1,1284,-49,1654781380435916,1654781380435916,
300833b2ddd9014000030002,1,1,248,-48,1654781380437366,1654781380437366,
300833b2ddd9014000030009,1,1,2320,-43,1654781380439060,1654781380439060,
300833b2ddd9014000030008,1,1,3084,-43,1654781380440114,1654781380440114,
300833b2ddd9014000030002,1,1,220,-48,1654781380470116,1654781380470116,
300833b2ddd9014000030001,1,1,1280,-49,1654781380471910,1654781380471910,
300833b2ddd9014000030008,1,1,3084,-43,1654781380473476,1654781380473476,
300833b2ddd9014000030009,1,1,2324,-43,1654781380474888,1654781380474888,
300833b2ddd9014000030008,1,1,3064,-43,1654781380477598,1654781380477598,
300833b2ddd9014000030009,1,1,2328,-43,1654781380478682,1654781380478682,
300833b2ddd9014000030002,1,1,252,-48,1654781380481605,1654781380481605,
300833b2ddd9014000030001,1,1,1264,-49,1654781380482921,1654781380482921,
300833b2ddd9014000030001,1,1,1272,-49,1654781380513461,1654781380513461,
300833b2ddd9014000030002,1,1,240,-48,1654781380514544,1654781380514544,
300833b2ddd9014000030009,1,1,2332,-43,1654781380515870,1654781380515870,
300833b2ddd9014000030008,1,1,3084,-43,1654781380517407,1654781380517407,
300833b2ddd9014000030002,1,1,248,-48,1654781380521908,1654781380521908,
300833b2ddd9014000030008,1,1,3068,-43,1654781380523247,1654781380523247,
300833b2ddd9014000030001,1,1,1288,-49,1654781380525838,1654781380525838,
300833b2ddd9014000030009,1,1,2308,-43,1654781380526938,1654781380526938,
300833b2ddd9014000030008,1,1,3076,-43,1654781380557668,1654781380557668,
300833b2ddd9014000030009,1,1,2320,-43,1654781380559978,1654781380559978,
300833b2ddd9014000030001,1,1,1300,-49,1654781380561037,1654781380561037,
300833b2ddd9014000030002,1,1,240,-48,1654781380562263,1654781380562263,
300833b2ddd9014000030002,1,1,236,-48,1654781380565281,1654781380565281,
300833b2ddd9014000030009,1,1,2304,-43,1654781380566621,1654781380566621,
300833b2ddd9014000030008,1,1,3064,-43,1654781380567703,1654781380567703,
300833b2ddd9014000030001,1,1,1308,-49,1654781380569044,1654781380569044,
300833b2ddd9014000030001,1,1,1280,-49,1654781380600805,1654781380600805,
300833b2ddd9014000030002,1,1,236,-48,1654781380602086,1654781380602086,
300833b2ddd9014000030009,1,1,2316,-43,1654781380603427,1654781380603427,
300833b2ddd9014000030008,1,1,3068,-43,1654781380604778,1654781380604778,
300833b2ddd9014000030008,1,1,3080,-43,1654781380609677,1654781380609677,
300833b2ddd9014000030001,1,1,1288,-49,1654781380610865,1654781380610865,
300833b2ddd9014000030009,1,1,2328,-43,1654781380612404,1654781380612404,
300833b2ddd9014000030002,1,1,220,-48,1654781380613631,1654781380613631,
300833b2ddd9014000030008,1,1,3084,-43,1654781380643807,1654781380643807,
300833b2ddd9014000030001,1,1,1276,-49,1654781380646329,1654781380646329,
300833b2ddd9014000030008,1,1,3068,-43,1654781380649475,1654781380649475,
300833b2ddd9014000030009,1,1,2312,-43,1654781380651187,1654781380651187,
300833b2ddd9014000030002,1,1,244,-48,1654781380652269,1654781380652269,
300833b2ddd9014000030001,1,1,1288,-49,1654781380653899,1654781380653899,
300833b2ddd9014000030009,1,1,2304,-43,1654781380684902,1654781380684902,
300833b2ddd9014000030001,1,1,1292,-49,1654781380685988,1654781380685988,
300833b2ddd9014000030008,1,1,3056,-43,1654781380687312,1654781380687312,
300833b2ddd9014000030008,1,1,3080,-43,1654781380690678,1654781380690678,
300833b2ddd9014000030009,1,1,2300,-43,1654781380692245,1654781380692245,
300833b2ddd9014000030001,1,1,1272,-49,1654781380693332,1654781380693332,
300833b2ddd9014000030009,1,1,2320,-43,1654781380726109,1654781380726109,
300833b2ddd9014000030001,1,1,1296,-49,1654781380727339,1654781380727339,
300833b2ddd9014000030008,1,1,3076,-43,1654781380728436,1654781380728436,
300833b2ddd9014000030002,1,1,236,-48,1654781380730132,1654781380730132,
300833b2ddd9014000030009,1,1,2312,-43,1654781380733106,1654781380733106,
300833b2ddd9014000030008,1,1,3076,-43,1654781380734613,1654781380734613,
300833b2ddd9014000030001,1,1,1300,-49,1654781380736479,1654781380736479,
300833b2ddd9014000030002,1,1,248,-48,1654781380738174,1654781380738174,
300833b2ddd9014000030001,1,1,1288,-49,1654781380768736,1654781380768736,
300833b2ddd9014000030008,1,1,3060,-43,1654781380770117,1654781380770117,
300833b2ddd9014000030009,1,1,2296,-43,1654781380771203,1654781380771203,
300833b2ddd9014000030002,1,1,224,-48,1654781380772739,1654781380772739,
300833b2ddd9014000030008,1,1,3068,-43,1654781380777900,1654781380777900,
300833b2ddd9014000030009,1,1,2336,-43,1654781380779932,1654781380779932,
300833b2ddd9014000030001,1,1,1312,-49,1654781380781034,1654781380781034,
300833b2ddd9014000030002,1,1,244,-48,1654781380782274,1654781380782274,
300833b2ddd9014000030009,1,1,2328,-43,1654781380812703,1654781380812703,
300833b2ddd9014000030002,1,1,236,-48,1654781380813772,1654781380813772,
300833b2ddd9014000030008,1,1,3068,-43,1654781380815323,1654781380815323,
300833b2ddd9014000030001,1,1,1292,-49,1654781380817858,1654781380817858,
300833b2ddd9014000030001,1,1,1316,-49,1654781380820651,1654781380820651,
300833b2ddd9014000030008,1,1,3060,-43,1654781380821733,1654781380821733,
300833b2ddd9014000030009,1,1,2324,-43,1654781380823027,1654781380823027,
300833b2ddd9014000030002,1,1,240,-48,1654781380825179,1654781380825179,
300833b2ddd9014000030008,1,1,3060,-43,1654781380856200,1654781380856200,
300833b2ddd9014000030002,1,1,236,-48,1654781380857283,1654781380857283,
300833b2ddd9014000030009,1,1,2332,-43,1654781380858622,1654781380858622,
300833b2ddd9014000030001,1,1,1328,-49,1654781380860818,1654781380860818,