epc,atenda,atendanum,phase,RSS,timestamp,timestamp2,
300833b2ddd9014000030008,1,1,2040,-58,1654696327455524,1654696327455524,
300833b2ddd9014000030001,1,1,1488,-69,1654696327457666,1654696327457666,
300833b2ddd9014000030009,1,1,2328,-54,1654696327458749,1654696327458749,
300833b2ddd9014000030002,1,1,2604,-62,1654696327460402,1654696327460402,
300833b2ddd9014000030002,1,1,2652,-62,1654696327463153,1654696327463153,
300833b2ddd9014000030001,1,1,1500,-71,1654696327465101,1654696327465101,
300833b2ddd9014000030008,1,1,2028,-58,1654696327468028,1654696327468028,
300833b2ddd9014000030009,1,1,2360,-54,1654696327469352,1654696327469352,
300833b2ddd9014000030009,1,1,2328,-54,1654696327500262,1654696327500262,
300833b2ddd9014000030002,1,1,2596,-62,1654696327501719,1654696327501719,
300833b2ddd9014000030008,1,1,2036,-58,1654696327502741,1654696327502741,
300833b2ddd9014000030001,1,1,1524,-71,1654696327505094,1654696327505094,
300833b2ddd9014000030009,1,1,2308,-54,1654696327508051,1654696327508051,
300833b2ddd9014000030008,1,1,2028,-58,1654696327509347,1654696327509347,
300833b2ddd9014000030002,1,1,2708,-62,1654696327511905,1654696327511905,
300833b2ddd9014000030001,1,1,1556,-70,1654696327513844,1654696327513844,
300833b2ddd9014000030002,1,1,2600,-62,1654696327543814,1654696327543814,
300833b2ddd9014000030008,1,1,2000,-57,1654696327544954,1654696327544954,
300833b2ddd9014000030009,1,1,2352,-54,1654696327546805,1654696327546805,
300833b2ddd9014000030001,1,1,1224,-70,1654696327548776,1654696327548776,
300833b2ddd9014000030009,1,1,2332,-54,1654696327552882,1654696327552882,
300833b2ddd9014000030008,1,1,1980,-58,1654696327554579,1654696327554579,
300833b2ddd9014000030001,1,1,1556,-69,1654696327555907,1654696327555907,
300833b2ddd9014000030002,1,1,2644,-62,1654696327557135,1654696327557135,
300833b2ddd9014000030002,1,1,2724,-63,1654696327587457,1654696327587457,
300833b2ddd9014000030001,1,1,1488,-70,1654696327589379,1654696327589379,
300833b2ddd9014000030009,1,1,2324,-54,1654696327590704,1654696327590704,
300833b2ddd9014000030008,1,1,2032,-58,1654696327592015,1654696327592015,
300833b2ddd9014000030009,1,1,2324,-54,1654696327596536,1654696327596536,
300833b2ddd9014000030002,1,1,2676,-63,1654696327597859,1654696327597859,
300833b2ddd9014000030008,1,1,2036,-57,1654696327599198,1654696327599198,
300833b2ddd9014000030001,1,1,1576,-70,1654696327601791,1654696327601791,
300833b2ddd9014000030009,1,1,2300,-54,1654696327632031,1654696327632031,
300833b2ddd9014000030008,1,1,2028,-58,1654696327633158,1654696327633158,
300833b2ddd9014000030002,1,1,2580,-62,1654696327634770,1654696327634770,
300833b2ddd9014000030001,1,1,1668,-70,1654696327641089,1654696327641089,
300833b2ddd9014000030008,1,1,2028,-58,1654696327642286,1654696327642286,
300833b2ddd9014000030009,1,1,2324,-54,1654696327643383,1654696327643383,
300833b2ddd9014000030002,1,1,2680,-63,1654696327644751,1654696327644751,
300833b2ddd9014000030008,1,1,2032,-58,1654696327675074,1654696327675074,
300833b2ddd9014000030009,1,1,2332,-54,1654696327676371,1654696327676371,
300833b2ddd9014000030001,1,1,1624,-71,1654696327678765,1654696327678765,
300833b2ddd9014000030002,1,1,2728,-63,1654696327680347,1654696327680347,
300833b2ddd9014000030009,1,1,2324,-54,1654696327683742,1654696327683742,
300833b2ddd9014000030008,1,1,2032,-58,1654696327684854,1654696327684854,
300833b2ddd9014000030002,1,1,2684,-63,1654696327686719,1654696327686719,
300833b2ddd9014000030001,1,1,1220,-72,1654696327690385,1654696327690385,
300833b2ddd9014000030008,1,1,2004,-58,1654696327720502,1654696327720502,
300833b2ddd9014000030001,1,1,1504,-71,1654696327721565,1654696327721565,
300833b2ddd9014000030002,1,1,2684,-63,1654696327722860,1654696327722860,
300833b2ddd9014000030009,1,1,2328,-54,1654696327724186,1654696327724186,
300833b2ddd9014000030008,1,1,2004,-58,1654696327728767,1654696327728767,
300833b2ddd9014000030002,1,1,2620,-63,1654696327730707,1654696327730707,
300833b2ddd9014000030009,1,1,2332,-54,1654696327731734,1654696327731734,
300833b2ddd9014000030001,1,1,1628,-70,1654696327732864,1654696327732864,
300833b2ddd9014000030002,1,1,2636,-63,1654696327763303,1654696327763303,
300833b2ddd9014000030009,1,1,2372,-54,1654696327766112,1654696327766112,
300833b2ddd9014000030008,1,1,2012,-57,1654696327767624,1654696327767624,
300833b2ddd9014000030001,1,1,1556,-70,1654696327769463,1654696327769463,
300833b2ddd9014000030008,1,1,2024,-58,1654696327772268,1654696327772268,
300833b2ddd9014000030002,1,1,2644,-63,1654696327773834,1654696327773834,
300833b2ddd9014000030001,1,1,1556,-71,1654696327774935,1654696327774935,
300833b2ddd9014000030009,1,1,2352,-54,1654696327776247,1654696327776247,
300833b2ddd9014000030009,1,1,2320,-54,1654696327808758,1654696327808758,
300833b2ddd9014000030002,1,1,2684,-62,1654696327809844,1654696327809844,
300833b2ddd9014000030001,1,1,1520,-70,1654696327810960,1654696327810960,
300833b2ddd9014000030008,1,1,2044,-57,1654696327812029,1654696327812029,
300833b2ddd9014000030008,1,1,2056,-58,1654696327815459,1654696327815459,
300833b2ddd9014000030001,1,1,1536,-70,1654696327816594,1654696327816594,
300833b2ddd9014000030002,1,1,2672,-62,1654696327818383,1654696327818383,
300833b2ddd9014000030009,1,1,2348,-54,1654696327819652,1654696327819652,
300833b2ddd9014000030009,1,1,2348,-54,1654696327851641,1654696327851641,
300833b2ddd9014000030002,1,1,2648,-62,1654696327853154,1654696327853154,
300833b2ddd9014000030008,1,1,2052,-58,1654696327854477,1654696327854477,
300833b2ddd9014000030001,1,1,1788,-70,1654696327856316,1654696327856316,
300833b2ddd9014000030008,1,1,2020,-58,1654696327859056,1654696327859056,
300833b2ddd9014000030009,1,1,2324,-54,1654696327861231,1654696327861231,
300833b2ddd9014000030002,1,1,2656,-63,1654696327862286,1654696327862286,
300833b2ddd9014000030001,1,1,1576,-70,1654696327864933,1654696327864933,
300833b2ddd9014000030008,1,1,2008,-57,1654696327896543,1654696327896543,
300833b2ddd9014000030009,1,1,2348,-54,1654696327897982,1654696327897982,
300833b2ddd9014000030002,1,1,2700,-62,1654696327899278,1654696327899278,
300833b2ddd9014000030001,1,1,1624,-70,1654696327902179,1654696327902179,
300833b2ddd9014000030002,1,1,2632,-63,1654696327904974,1654696327904974,
300833b2ddd9014000030009,1,1,2336,-54,1654696327906056,1654696327906056,
300833b2ddd9014000030008,1,1,2036,-57,1654696327908767,1654696327908767,
300833b2ddd9014000030001,1,1,1708,-70,1654696327911388,1654696327911388,
300833b2ddd9014000030002,1,1,2672,-63,1654696327941223,1654696327941223,
300833b2ddd9014000030009,1,1,2348,-54,1654696327942337,1654696327942337,
300833b2ddd9014000030008,1,1,2048,-57,1654696327944130,1654696327944130,
300833b2ddd9014000030001,1,1,1608,-70,1654696327947335,1654696327947335,
300833b2ddd9014000030008,1,1,2012,-58,1654696327951447,1654696327951447,
300833b2ddd9014000030009,1,1,2360,-54,1654696327953412,1654696327953412,
300833b2ddd9014000030002,1,1,2656,-62,1654696327954710,1654696327954710,
300833b2ddd9014000030001,1,1,1632,-70,1654696327956577,1654696327956577,
300833b2ddd9014000030001,1,1,1680,-69,1654696327986474,1654696327986474,
300833b2ddd9014000030009,1,1,2336,-54,1654696327987546,1654696327987546,
300833b2ddd9014000030008,1,1,2040,-58,1654696327988587,1654696327988587,
300833b2ddd9014000030002,1,1,2632,-62,1654696327991817,1654696327991817,
300833b2ddd9014000030009,1,1,2312,-54,1654696327995102,1654696327995102,
300833b2ddd9014000030008,1,1,2044,-58,1654696327996383,1654696327996383,
300833b2ddd9014000030002,1,1,2652,-61,1654696327998272,1654696327998272,
300833b2ddd9014000030008,1,1,2008,-57,1654696328031360,1654696328031360,
300833b2ddd9014000030009,1,1,2356,-54,1654696328032459,1654696328032459,
300833b2ddd9014000030002,1,1,2676,-62,1654696328034155,1654696328034155,
300833b2ddd9014000030001,1,1,1644,-70,1654696328035574,1654696328035574,
300833b2ddd9014000030002,1,1,2728,-62,1654696328038409,1654696328038409,
300833b2ddd9014000030001,1,1,1484,-70,1654696328040657,1654696328040657,
300833b2ddd9014000030008,1,1,2024,-58,1654696328042355,1654696328042355,
300833b2ddd9014000030009,1,1,2324,-54,1654696328043483,1654696328043483,
300833b2ddd9014000030008,1,1,2048,-58,1654696328073426,1654696328073426,
300833b2ddd9014000030009,1,1,2348,-54,1654696328075408,1654696328075408,
300833b2ddd9014000030002,1,1,2640,-62,1654696328076481,1654696328076481,
300833b2ddd9014000030001,1,1,1548,-71,1654696328078195,1654696328078195,
300833b2ddd9014000030002,1,1,2648,-63,1654696328080957,1654696328080957,
300833b2ddd9014000030009,1,1,2348,-54,1654696328082269,1654696328082269,
300833b2ddd9014000030001,1,1,1664,-70,1654696328083358,1654696328083358,
300833b2ddd9014000030008,1,1,2036,-58,1654696328084483,1654696328084483,
300833b2ddd9014000030009,1,1,2352,-54,1654696328116635,1654696328116635,
300833b2ddd9014000030001,1,1,1484,-72,1654696328117726,1654696328117726,
300833b2ddd9014000030002,1,1,2688,-62,1654696328118837,1654696328118837,
300833b2ddd9014000030008,1,1,2040,-58,1654696328120148,1654696328120148,
300833b2ddd9014000030002,1,1,2652,-63,1654696328125321,1654696328125321,
300833b2ddd9014000030009,1,1,2348,-54,1654696328127628,1654696328127628,
300833b2ddd9014000030008,1,1,2040,-57,1654696328128671,1654696328128671,
300833b2ddd9014000030001,1,1,1724,-71,1654696328129904,1654696328129904,
300833b2ddd9014000030009,1,1,2344,-54,1654696328160648,1654696328160648,
300833b2ddd9014000030008,1,1,2044,-58,1654696328161703,1654696328161703,
300833b2ddd9014000030002,1,1,2724,-63,1654696328162817,1654696328162817,
300833b2ddd9014000030001,1,1,1740,-70,1654696328168572,1654696328168572,
300833b2ddd9014000030008,1,1,2052,-57,1654696328172087,1654696328172087,
300833b2ddd9014000030001,1,1,1860,-70,1654696328173277,1654696328173277,
300833b2ddd9014000030009,1,1,2356,-54,1654696328174827,1654696328174827,
300833b2ddd9014000030002,1,1,2644,-62,1654696328176254,1654696328176254,
300833b2ddd9014000030001,1,1,1688,-70,1654696328206227,1654696328206227,
300833b2ddd9014000030002,1,1,2724,-62,1654696328208190,1654696328208190,
300833b2ddd9014000030008,1,1,2048,-58,1654696328209289,1654696328209289,
300833b2ddd9014000030009,1,1,2344,-54,1654696328210360,1654696328210360,
300833b2ddd9014000030009,1,1,2324,-54,1654696328213760,1654696328213760,
300833b2ddd9014000030001,1,1,1648,-71,1654696328215971,1654696328215971,
300833b2ddd9014000030008,1,1,2044,-57,1654696328217040,1654696328217040,
300833b2ddd9014000030002,1,1,2708,-62,1654696328218111,1654696328218111,
300833b2ddd9014000030001,1,1,1740,-71,1654696328248468,1654696328248468,
300833b2ddd9014000030002,1,1,2732,-63,1654696328250071,1654696328250071,
300833b2ddd9014000030009,1,1,2344,-54,1654696328252448,1654696328252448,
300833b2ddd9014000030008,1,1,2024,-57,1654696328253518,1654696328253518,
300833b2ddd9014000030009,1,1,2356,-54,1654696328257161,1654696328257161,
300833b2ddd9014000030008,1,1,2036,-57,1654696328258245,1654696328258245,
300833b2ddd9014000030002,1,1,2724,-62,1654696328259305,1654696328259305,
300833b2ddd9014000030001,1,1,1524,-68,1654696328260394,1654696328260394,
300833b2ddd9014000030009,1,1,2348,-54,1654696328292843,1654696328292843,
300833b2ddd9014000030001,1,1,1688,-70,1654696328294532,1654696328294532,
300833b2ddd9014000030002,1,1,2704,-63,1654696328295884,1654696328295884,
300833b2ddd9014000030008,1,1,2032,-58,1654696328296939,1654696328296939,
300833b2ddd9014000030002,1,1,2672,-63,1654696328300324,1654696328300324,
300833b2ddd9014000030009,1,1,2320,-54,1654696328301452,1654696328301452,
300833b2ddd9014000030008,1,1,2040,-57,1654696328303258,1654696328303258,
300833b2ddd9014000030001,1,1,1680,-71,1654696328304547,1654696328304547,
300833b2ddd9014000030009,1,1,2348,-54,1654696328335963,1654696328335963,
300833b2ddd9014000030008,1,1,2008,-57,1654696328337348,1654696328337348,
300833b2ddd9014000030002,1,1,2640,-63,1654696328339539,1654696328339539,
300833b2ddd9014000030001,1,1,1540,-71,1654696328344333,1654696328344333,
300833b2ddd9014000030009,1,1,2368,-54,1654696328347421,1654696328347421,
300833b2ddd9014000030008,1,1,2040,-57,1654696328348789,1654696328348789,
300833b2ddd9014000030001,1,1,1544,-68,1654696328349907,1654696328349907,
300833b2ddd9014000030002,1,1,2676,-63,1654696328352085,1654696328352085,
300833b2ddd9014000030009,1,1,2360,-54,1654696328382904,1654696328382904,
300833b2ddd9014000030001,1,1,1476,-70,1654696328384262,1654696328384262,
300833b2ddd9014000030002,1,1,2624,-63,1654696328386722,1654696328386722,
300833b2ddd9014000030008,1,1,2032,-57,1654696328387789,1654696328387789,
300833b2ddd9014000030002,1,1,2680,-63,1654696328392714,1654696328392714,
300833b2ddd9014000030009,1,1,2352,-54,1654696328393800,1654696328393800,
300833b2ddd9014000030008,1,1,2024,-57,1654696328394885,1654696328394885,
300833b2ddd9014000030001,1,1,1452,-71,1654696328396614,1654696328396614,
300833b2ddd9014000030002,1,1,2652,-62,1654696328426689,1654696328426689,
300833b2ddd9014000030009,1,1,2352,-54,1654696328427802,1654696328427802,
300833b2ddd9014000030008,1,1,2016,-58,1654696328429834,1654696328429834,
300833b2ddd9014000030001,1,1,1480,-71,1654696328432623,1654696328432623,
300833b2ddd9014000030009,1,1,2344,-54,1654696328435865,1654696328435865,
300833b2ddd9014000030002,1,1,2732,-62,1654696328437292,1654696328437292,
300833b2ddd9014000030001,1,1,1564,-71,1654696328438410,1654696328438410,
300833b2ddd9014000030008,1,1,2036,-57,1654696328439692,1654696328439692,
300833b2ddd9014000030008,1,1,2032,-58,1654696328470037,1654696328470037,
300833b2ddd9014000030001,1,1,1464,-70,1654696328471611,1654696328471611,
300833b2ddd9014000030009,1,1,2312,-54,1654696328472664,1654696328472664,
300833b2ddd9014000030002,1,1,2596,-63,1654696328474260,1654696328474260,
300833b2ddd9014000030002,1,1,2664,-63,1654696328478834,1654696328478834,
300833b2ddd9014000030001,1,1,1652,-70,1654696328482834,1654696328482834,
300833b2ddd9014000030009,1,1,2324,-54,1654696328487092,1654696328487092,
300833b2ddd9014000030008,1,1,2028,-58,1654696328488134,1654696328488134,
300833b2ddd9014000030002,1,1,2652,-63,1654696328518422,1654696328518422,
300833b2ddd9014000030009,1,1,2308,-54,1654696328519507,1654696328519507,
300833b2ddd9014000030008,1,1,2068,-57,1654696328521073,1654696328521073,
300833b2ddd9014000030001,1,1,1600,-69,1654696328522520,1654696328522520,
300833b2ddd9014000030009,1,1,2324,-54,1654696328526881,1654696328526881,
300833b2ddd9014000030002,1,1,2752,-63,1654696328528179,1654696328528179,
300833b2ddd9014000030008,1,1,2032,-57,1654696328529728,1654696328529728,
300833b2ddd9014000030001,1,1,1488,-70,1654696328530806,1654696328530806,
300833b2ddd9014000030009,1,1,2328,-54,1654696328562121,1654696328562121,
300833b2ddd9014000030008,1,1,2024,-58,1654696328563206,1654696328563206,
300833b2ddd9014000030002,1,1,2600,-63,1654696328565025,1654696328565025,
300833b2ddd9014000030001,1,1,1548,-69,1654696328567561,1654696328567561,
300833b2ddd9014000030008,1,1,2020,-57,1654696328570985,1654696328570985,
300833b2ddd9014000030009,1,1,2328,-54,1654696328572197,1654696328572197,
300833b2ddd9014000030002,1,1,2636,-63,1654696328573311,1654696328573311,
300833b2ddd9014000030001,1,1,1528,-70,1654696328575318,1654696328575318,
300833b2ddd9014000030001,1,1,1668,-70,1654696328605283,1654696328605283,
300833b2ddd9014000030008,1,1,2028,-57,1654696328606634,1654696328606634,
300833b2ddd9014000030002,1,1,2664,-63,1654696328607959,1654696328607959,
300833b2ddd9014000030009,1,1,2324,-54,1654696328609272,1654696328609272,
300833b2ddd9014000030009,1,1,2320,-54,1654696328613727,1654696328613727,
300833b2ddd9014000030002,1,1,2648,-63,1654696328615438,1654696328615438,
300833b2ddd9014000030008,1,1,2044,-58,1654696328616986,1654696328616986,
300833b2ddd9014000030001,1,1,1388,-70,1654696328618465,1654696328618465,
300833b2ddd9014000030002,1,1,2648,-63,1654696328648265,1654696328648265,
300833b2ddd9014000030008,1,1,2028,-58,1654696328649332,1654696328649332,
300833b2ddd9014000030009,1,1,2336,-54,1654696328650627,1654696328650627,
300833b2ddd9014000030001,1,1,1548,-69,1654696328652835,1654696328652835,
300833b2ddd9014000030001,1,1,1656,-70,1654696328656927,1654696328656927,
300833b2ddd9014000030009,1,1,2320,-54,1654696328658521,1654696328658521,
300833b2ddd9014000030008,1,1,2048,-58,1654696328660113,1654696328660113,
300833b2ddd9014000030002,1,1,2652,-63,1654696328661812,1654696328661812,
300833b2ddd9014000030002,1,1,2636,-63,1654696328693863,1654696328693863,
300833b2ddd9014000030009,1,1,2348,-54,1654696328695201,1654696328695201,
300833b2ddd9014000030008,1,1,2032,-57,1654696328696315,1654696328696315,
300833b2ddd9014000030001,1,1,1664,-69,1654696328697803,1654696328697803,
300833b2ddd9014000030002,1,1,2656,-63,1654696328701085,1654696328701085,
300833b2ddd9014000030009,1,1,2348,-54,1654696328702752,1654696328702752,
300833b2ddd9014000030008,1,1,2028,-58,1654696328704062,1654696328704062,
300833b2ddd9014000030001,1,1,1700,-70,1654696328705963,1654696328705963,
300833b2ddd9014000030009,1,1,2304,-54,1654696328735733,1654696328735733,
300833b2ddd9014000030001,1,1,1552,-70,1654696328736792,1654696328736792,
300833b2ddd9014000030002,1,1,2640,-63,1654696328737848,1654696328737848,
300833b2ddd9014000030008,1,1,2040,-57,1654696328739188,1654696328739188,
300833b2ddd9014000030008,1,1,2020,-58,1654696328745732,1654696328745732,
300833b2ddd9014000030009,1,1,2344,-54,1654696328746758,1654696328746758,
300833b2ddd9014000030002,1,1,2672,-63,1654696328747960,1654696328747960,
300833b2ddd9014000030001,1,1,1552,-70,1654696328749034,1654696328749034,
300833b2ddd9014000030009,1,1,2352,-54,1654696328778696,1654696328778696,
300833b2ddd9014000030008,1,1,2048,-57,1654696328780036,1654696328780036,
300833b2ddd9014000030002,1,1,2680,-63,1654696328781107,1654696328781107,
300833b2ddd9014000030001,1,1,1572,-69,1654696328784354,1654696328784354,
300833b2ddd9014000030008,1,1,2032,-58,1654696328788487,1654696328788487,
300833b2ddd9014000030001,1,1,1520,-70,1654696328789887,1654696328789887,
300833b2ddd9014000030009,1,1,2360,-54,1654696328791100,1654696328791100,
300833b2ddd9014000030002,1,1,2624,-63,1654696328792171,1654696328792171,
300833b2ddd9014000030008,1,1,2044,-58,1654696328821870,1654696328821870,
300833b2ddd9014000030009,1,1,2340,-54,1654696328823420,1654696328823420,
300833b2ddd9014000030002,1,1,2652,-62,1654696328824507,1654696328824507,
300833b2ddd9014000030001,1,1,1492,-70,1654696328826500,1654696328826500,
300833b2ddd9014000030008,1,1,2036,-58,1654696328830557,1654696328830557,
300833b2ddd9014000030001,1,1,1612,-70,1654696328832499,1654696328832499,
300833b2ddd9014000030009,1,1,2364,-54,1654696328833840,1654696328833840,
300833b2ddd9014000030002,1,1,2636,-62,1654696328834911,1654696328834911,
300833b2ddd9014000030008,1,1,2040,-58,1654696328865364,1654696328865364,
300833b2ddd9014000030002,1,1,2636,-63,1654696328867339,1654696328867339,
300833b2ddd9014000030009,1,1,2348,-54,1654696328868663,1654696328868663,
300833b2ddd9014000030001,1,1,1556,-71,1654696328870126,1654696328870126,
300833b2ddd9014000030001,1,1,1580,-70,1654696328873361,1654696328873361,
300833b2ddd9014000030002,1,1,2668,-63,1654696328874444,1654696328874444,
300833b2ddd9014000030009,1,1,2348,-54,1654696328877118,1654696328877118,
300833b2ddd9014000030008,1,1,2016,-58,1654696328879070,1654696328879070,
300833b2ddd9014000030002,1,1,2600,-63,1654696328910146,1654696328910146,
300833b2ddd9014000030009,1,1,2348,-54,1654696328911214,1654696328911214,
300833b2ddd9014000030008,1,1,2016,-58,1654696328912286,1654696328912286,
300833b2ddd9014000030001,1,1,1444,-71,1654696328913362,1654696328913362,
300833b2ddd9014000030002,1,1,2680,-62,1654696328917203,1654696328917203,
300833b2ddd9014000030001,1,1,1616,-68,1654696328918292,1654696328918292,
300833b2ddd9014000030009,1,1,2360,-54,1654696328920056,1654696328920056,
300833b2ddd9014000030008,1,1,2072,-57,1654696328921736,1654696328921736,
300833b2ddd9014000030002,1,1,2660,-62,1654696328952348,1654696328952348,
300833b2ddd9014000030009,1,1,2340,-54,1654696328953475,1654696328953475,
300833b2ddd9014000030008,1,1,2048,-58,1654696328954772,1654696328954772,
300833b2ddd9014000030001,1,1,1640,-70,1654696328957197,1654696328957197,
300833b2ddd9014000030002,1,1,2676,-63,1654696328961506,1654696328961506,
300833b2ddd9014000030002,1,1,2716,-63,1654696329186150,1654696329186150,
300833b2ddd9014000030009,1,1,2364,-54,1654696329190475,1654696329190475,
300833b2ddd9014000030008,1,1,2040,-58,1654696329192652,1654696329192652,
300833b2ddd9014000030002,1,1,2700,-63,1654696329194378,1654696329194378,
300833b2ddd9014000030001,1,1,1496,-72,1654696329195901,1654696329195901,
300833b2ddd9014000030001,1,1,1540,-70,1654696329227380,1654696329227380,
300833b2ddd9014000030002,1,1,2660,-64,1654696329228464,1654696329228464,
300833b2ddd9014000030009,1,1,2316,-54,1654696329229763,1654696329229763,
300833b2ddd9014000030008,1,1,2032,-57,1654696329231698,1654696329231698,
300833b2ddd9014000030008,1,1,2052,-58,1654696329235938,1654696329235938,
300833b2ddd9014000030009,1,1,2368,-54,1654696329236981,1654696329236981,
300833b2ddd9014000030002,1,1,2692,-63,1654696329240221,1654696329240221,
300833b2ddd9014000030009,1,1,2344,-54,1654696329271562,1654696329271562,
300833b2ddd9014000030008,1,1,2012,-58,1654696329272680,1654696329272680,
300833b2ddd9014000030002,1,1,2612,-63,1654696329274487,1654696329274487,
300833b2ddd9014000030001,1,1,1608,-69,1654696329276597,1654696329276597,
300833b2ddd9014000030009,1,1,2348,-54,1654696329279874,1654696329279874,
300833b2ddd9014000030008,1,1,2048,-57,1654696329281184,1654696329281184,
300833b2ddd9014000030002,1,1,2648,-63,1654696329284165,1654696329284165,
300833b2ddd9014000030001,1,1,1572,-71,1654696329288030,1654696329288030,
300833b2ddd9014000030008,1,1,2016,-57,1654696329317873,1654696329317873,
300833b2ddd9014000030009,1,1,2352,-54,1654696329319437,1654696329319437,
300833b2ddd9014000030002,1,1,2600,-63,1654696329320536,1654696329320536,
300833b2ddd9014000030001,1,1,1624,-69,1654696329322733,1654696329322733,
300833b2ddd9014000030009,1,1,2336,-54,1654696329326600,1654696329326600,
300833b2ddd9014000030001,1,1,1476,-71,1654696329328559,1654696329328559,
300833b2ddd9014000030008,1,1,2044,-58,1654696329329939,1654696329329939,
300833b2ddd9014000030002,1,1,2704,-63,1654696329331638,1654696329331638,
300833b2ddd9014000030008,1,1,2040,-57,1654696329362059,1654696329362059,
300833b2ddd9014000030009,1,1,2352,-53,1654696329363772,1654696329363772,
300833b2ddd9014000030002,1,1,2632,-65,1654696329365563,1654696329365563,
300833b2ddd9014000030001,1,1,1652,-69,1654696329367646,1654696329367646,
300833b2ddd9014000030008,1,1,2100,-57,1654696329370918,1654696329370918,
300833b2ddd9014000030002,1,1,2620,-64,1654696329372281,1654696329372281,
300833b2ddd9014000030009,1,1,2344,-54,1654696329373309,1654696329373309,
300833b2ddd9014000030001,1,1,1660,-68,1654696329375524,1654696329375524,
300833b2ddd9014000030009,1,1,2360,-54,1654696329406518,1654696329406518,
300833b2ddd9014000030002,1,1,2608,-64,1654696329407815,1654696329407815,
300833b2ddd9014000030008,1,1,2064,-57,1654696329408886,1654696329408886,
300833b2ddd9014000030001,1,1,1480,-69,1654696329411069,1654696329411069,
300833b2ddd9014000030008,1,1,2024,-57,1654696329415129,1654696329415129,
300833b2ddd9014000030009,1,1,2332,-54,1654696329416287,1654696329416287,
300833b2ddd9014000030002,1,1,2588,-64,1654696329417344,1654696329417344,
300833b2ddd9014000030001,1,1,1620,-68,1654696329419809,1654696329419809,
300833b2ddd9014000030008,1,1,2032,-57,1654696329450562,1654696329450562,
300833b2ddd9014000030009,1,1,2292,-53,1654696329451906,1654696329451906,
300833b2ddd9014000030002,1,1,2596,-65,1654696329453757,1654696329453757,
300833b2ddd9014000030001,1,1,1576,-69,1654696329456691,1654696329456691,
300833b2ddd9014000030009,1,1,2276,-54,1654696329459461,1654696329459461,
300833b2ddd9014000030001,1,1,1628,-68,1654696329461047,1654696329461047,
300833b2ddd9014000030008,1,1,2016,-57,1654696329462116,1654696329462116,
300833b2ddd9014000030002,1,1,2528,-64,1654696329463697,1654696329463697,
300833b2ddd9014000030009,1,1,2272,-53,1654696329495159,1654696329495159,
300833b2ddd9014000030001,1,1,1340,-69,1654696329496846,1654696329496846,
300833b2ddd9014000030008,1,1,1996,-56,1654696329497885,1654696329497885,
300833b2ddd9014000030002,1,1,2564,-66,1654696329499181,1654696329499181,
300833b2ddd9014000030009,1,1,2248,-53,1654696329502495,1654696329502495,
300833b2ddd9014000030002,1,1,2576,-65,1654696329503523,1654696329503523,
300833b2ddd9014000030001,1,1,1528,-67,1654696329504868,1654696329504868,
300833b2ddd9014000030008,1,1,1976,-56,1654696329506176,1654696329506176,
300833b2ddd9014000030009,1,1,2248,-54,1654696329538464,1654696329538464,
300833b2ddd9014000030002,1,1,2492,-64,1654696329540405,1654696329540405,
300833b2ddd9014000030008,1,1,1924,-57,1654696329541531,1654696329541531,
300833b2ddd9014000030001,1,1,1336,-69,1654696329542734,1654696329542734,
300833b2ddd9014000030002,1,1,2616,-64,1654696329545733,1654696329545733,
300833b2ddd9014000030009,1,1,2208,-54,1654696329548579,1654696329548579,
300833b2ddd9014000030008,1,1,1964,-56,1654696329549690,1654696329549690,
300833b2ddd9014000030001,1,1,1340,-69,1654696329551331,1654696329551331,
300833b2ddd9014000030002,1,1,2628,-64,1654696329581750,1654696329581750,
300833b2ddd9014000030001,1,1,1252,-70,1654696329582965,1654696329582965,
300833b2ddd9014000030008,1,1,1896,-56,1654696329584064,1654696329584064,
300833b2ddd9014000030009,1,1,2232,-54,1654696329585135,1654696329585135,
300833b2ddd9014000030009,1,1,2228,-54,1654696329588737,1654696329588737,
300833b2ddd9014000030008,1,1,1928,-56,1654696329590076,1654696329590076,
300833b2ddd9014000030002,1,1,2644,-64,1654696329591431,1654696329591431,
300833b2ddd9014000030001,1,1,1236,-71,1654696329593600,1654696329593600,
300833b2ddd9014000030002,1,1,2768,-62,1654696329624583,1654696329624583,
300833b2ddd9014000030009,1,1,2220,-54,1654696329626564,1654696329626564,
300833b2ddd9014000030008,1,1,1872,-56,1654696329627636,1654696329627636,
300833b2ddd9014000030001,1,1,1492,-72,1654696329629126,1654696329629126,
300833b2ddd9014000030002,1,1,2784,-62,1654696329633437,1654696329633437,
300833b2ddd9014000030008,1,1,1904,-57,1654696329635158,1654696329635158,
300833b2ddd9014000030009,1,1,2260,-54,1654696329636257,1654696329636257,
300833b2ddd9014000030001,1,1,1560,-72,1654696329637434,1654696329637434,
300833b2ddd9014000030008,1,1,1876,-57,1654696329667370,1654696329667370,
300833b2ddd9014000030009,1,1,2280,-54,1654696329668457,1654696329668457,
300833b2ddd9014000030002,1,1,2808,-62,1654696329670037,1654696329670037,
300833b2ddd9014000030008,1,1,1880,-57,1654696329674757,1654696329674757,
300833b2ddd9014000030002,1,1,2836,-62,1654696329675828,1654696329675828,
300833b2ddd9014000030009,1,1,2276,-54,1654696329677851,1654696329677851,
300833b2ddd9014000030008,1,1,1888,-57,1654696329709410,1654696329709410,
300833b2ddd9014000030002,1,1,2840,-61,1654696329710481,1654696329710481,
300833b2ddd9014000030009,1,1,2280,-54,1654696329712517,1654696329712517,
300833b2ddd9014000030008,1,1,1872,-57,1654696329717168,1654696329717168,
300833b2ddd9014000030002,1,1,2796,-61,1654696329718252,1654696329718252,
300833b2ddd9014000030009,1,1,2308,-54,1654696329719309,1654696329719309,
300833b2ddd9014000030009,1,1,2316,-54,1654696329751145,1654696329751145,
300833b2ddd9014000030002,1,1,2808,-60,1654696329753081,1654696329753081,
300833b2ddd9014000030008,1,1,1880,-57,1654696329754180,1654696329754180,
300833b2ddd9014000030009,1,1,2320,-54,1654696329758203,1654696329758203,
300833b2ddd9014000030008,1,1,1880,-58,1654696329759540,1654696329759540,
300833b2ddd9014000030002,1,1,2792,-61,1654696329761734,1654696329761734,
300833b2ddd9014000030009,1,1,2268,-54,1654696329793244,1654696329793244,
300833b2ddd9014000030008,1,1,1852,-58,1654696329794910,1654696329794910,
300833b2ddd9014000030002,1,1,2724,-61,1654696329796252,1654696329796252,
300833b2ddd9014000030002,1,1,2748,-61,1654696329800318,1654696329800318,
300833b2ddd9014000030009,1,1,2296,-54,1654696329801560,1654696329801560,
300833b2ddd9014000030008,1,1,1820,-58,1654696329802659,1654696329802659,
300833b2ddd9014000030002,1,1,2736,-62,1654696329834608,1654696329834608,
300833b2ddd9014000030008,1,1,1764,-58,1654696329835694,1654696329835694,
300833b2ddd9014000030009,1,1,2284,-54,1654696329836780,1654696329836780,
300833b2ddd9014000030008,1,1,1808,-58,1654696329840114,1654696329840114,
300833b2ddd9014000030009,1,1,2272,-54,1654696329842877,1654696329842877,
300833b2ddd9014000030002,1,1,2728,-62,1654696329843960,1654696329843960,
300833b2ddd9014000030001,1,1,828,-73,1654696329873894,1654696329873894,
300833b2ddd9014000030009,1,1,2296,-54,1654696329874994,1654696329874994,
300833b2ddd9014000030002,1,1,2744,-63,1654696329876542,1654696329876542,
300833b2ddd9014000030008,1,1,1728,-59,1654696329877858,1654696329877858,
300833b2ddd9014000030009,1,1,2320,-54,1654696329882626,1654696329882626,
300833b2ddd9014000030008,1,1,1732,-59,1654696329884593,1654696329884593,
300833b2ddd9014000030002,1,1,2836,-63,1654696329886066,1654696329886066,
300833b2ddd9014000030008,1,1,1704,-59,1654696329916490,1654696329916490,
300833b2ddd9014000030002,1,1,2732,-63,1654696329917589,1654696329917589,
300833b2ddd9014000030009,1,1,2300,-55,1654696329918673,1654696329918673,
300833b2ddd9014000030008,1,1,1700,-59,1654696329923595,1654696329923595,
300833b2ddd9014000030009,1,1,2296,-55,1654696329925773,1654696329925773,
300833b2ddd9014000030002,1,1,2840,-63,1654696329927537,1654696329927537,
300833b2ddd9014000030001,1,1,1028,-73,1654696329928610,1654696329928610,
300833b2ddd9014000030002,1,1,2808,-63,1654696329959038,1654696329959038,
300833b2ddd9014000030008,1,1,1728,-59,1654696329960703,1654696329960703,
300833b2ddd9014000030009,1,1,2272,-55,1654696329962015,1654696329962015,
300833b2ddd9014000030009,1,1,2300,-55,1654696329965433,1654696329965433,
300833b2ddd9014000030008,1,1,1772,-59,1654696329966972,1654696329966972,
300833b2ddd9014000030002,1,1,2816,-62,1654696329968539,1654696329968539,
300833b2ddd9014000030008,1,1,1788,-59,1654696330001239,1654696330001239,
300833b2ddd9014000030002,1,1,2700,-63,1654696330002298,1654696330002298,
300833b2ddd9014000030009,1,1,2320,-55,1654696330003368,1654696330003368,
300833b2ddd9014000030009,1,1,2292,-55,1654696330008288,1654696330008288,
300833b2ddd9014000030002,1,1,2764,-63,1654696330009416,1654696330009416,
300833b2ddd9014000030008,1,1,1752,-60,1654696330010631,1654696330010631,
300833b2ddd9014000030008,1,1,1820,-60,1654696330040788,1654696330040788,
300833b2ddd9014000030002,1,1,2768,-62,1654696330042072,1654696330042072,
300833b2ddd9014000030009,1,1,2292,-55,1654696330043596,1654696330043596,
300833b2ddd9014000030002,1,1,2708,-62,1654696330050425,1654696330050425,
300833b2ddd9014000030008,1,1,1788,-60,1654696330051453,1654696330051453,
300833b2ddd9014000030009,1,1,2272,-55,1654696330052551,1654696330052551,
300833b2ddd9014000030009,1,1,2316,-55,1654696330082930,1654696330082930,
300833b2ddd9014000030002,1,1,2704,-61,1654696330084014,1654696330084014,
300833b2ddd9014000030008,1,1,1832,-60,1654696330086077,1654696330086077,
300833b2ddd9014000030009,1,1,2288,-54,1654696330090507,1654696330090507,
300833b2ddd9014000030002,1,1,2696,-61,1654696330092458,1654696330092458,
300833b2ddd9014000030008,1,1,1776,-60,1654696330093799,1654696330093799,
300833b2ddd9014000030009,1,1,2296,-54,1654696330124522,1654696330124522,
300833b2ddd9014000030008,1,1,1836,-60,1654696330125623,1654696330125623,
300833b2ddd9014000030002,1,1,2700,-61,1654696330127203,1654696330127203,
300833b2ddd9014000030009,1,1,2328,-54,1654696330131808,1654696330131808,
300833b2ddd9014000030008,1,1,1812,-60,1654696330134349,1654696330134349,
300833b2ddd9014000030002,1,1,2744,-61,1654696330135453,1654696330135453,
300833b2ddd9014000030002,1,1,2716,-60,1654696330166612,1654696330166612,
300833b2ddd9014000030009,1,1,2304,-54,1654696330167965,1654696330167965,
300833b2ddd9014000030008,1,1,1848,-60,1654696330169211,1654696330169211,
300833b2ddd9014000030002,1,1,2764,-61,1654696330172392,1654696330172392,
300833b2ddd9014000030008,1,1,1792,-60,1654696330173772,1654696330173772,
300833b2ddd9014000030009,1,1,2328,-54,1654696330175582,1654696330175582,
300833b2ddd9014000030009,1,1,2360,-54,1654696330207582,1654696330207582,
300833b2ddd9014000030002,1,1,2768,-61,1654696330209235,1654696330209235,
300833b2ddd9014000030008,1,1,1832,-61,1654696330210305,1654696330210305,
300833b2ddd9014000030002,1,1,2736,-61,1654696330213890,1654696330213890,
300833b2ddd9014000030009,1,1,2352,-54,1654696330215237,1654696330215237,
300833b2ddd9014000030008,1,1,1864,-61,1654696330217061,1654696330217061,
300833b2ddd9014000030002,1,1,2764,-60,1654696330248359,1654696330248359,
300833b2ddd9014000030008,1,1,1888,-62,1654696330250354,1654696330250354,
300833b2ddd9014000030009,1,1,2388,-54,1654696330251409,1654696330251409,
300833b2ddd9014000030009,1,1,2396,-54,1654696330255949,1654696330255949,
300833b2ddd9014000030008,1,1,1772,-62,1654696330258031,1654696330258031,
300833b2ddd9014000030002,1,1,2812,-60,1654696330259074,1654696330259074,
300833b2ddd9014000030009,1,1,2424,-55,1654696330288991,1654696330288991,
300833b2ddd9014000030008,1,1,1876,-62,1654696330290718,1654696330290718,
300833b2ddd9014000030002,1,1,2808,-60,1654696330292282,1654696330292282,
300833b2ddd9014000030002,1,1,2732,-60,1654696330295799,1654696330295799,
300833b2ddd9014000030009,1,1,2380,-55,1654696330296896,1654696330296896,
300833b2ddd9014000030008,1,1,1828,-62,1654696330298222,1654696330298222,
300833b2ddd9014000030009,1,1,2428,-55,1654696330330392,1654696330330392,
300833b2ddd9014000030002,1,1,2884,-60,1654696330332089,1654696330332089,
300833b2ddd9014000030008,1,1,1848,-63,1654696330333200,1654696330333200,
300833b2ddd9014000030009,1,1,2452,-56,1654696330337036,1654696330337036,
300833b2ddd9014000030002,1,1,2880,-61,1654696330338107,1654696330338107,
300833b2ddd9014000030008,1,1,1848,-63,1654696330339927,1654696330339927,
300833b2ddd9014000030008,1,1,1904,-63,1654696330372178,1654696330372178,
300833b2ddd9014000030009,1,1,2416,-55,1654696330374470,1654696330374470,
300833b2ddd9014000030002,1,1,2796,-61,1654696330375685,1654696330375685,
300833b2ddd9014000030002,1,1,2880,-61,1654696330378741,1654696330378741,
300833b2ddd9014000030009,1,1,2448,-55,1654696330379798,1654696330379798,
300833b2ddd9014000030008,1,1,1960,-63,1654696330381878,1654696330381878,
300833b2ddd9014000030002,1,1,2876,-60,1654696330413304,1654696330413304,
300833b2ddd9014000030009,1,1,2448,-55,1654696330414629,1654696330414629,
300833b2ddd9014000030008,1,1,1920,-62,1654696330415729,1654696330415729,
300833b2ddd9014000030008,1,1,1992,-62,1654696330420648,1654696330420648,
300833b2ddd9014000030009,1,1,2416,-55,1654696330421731,1654696330421731,
300833b2ddd9014000030002,1,1,2820,-61,1654696330423298,1654696330423298,
300833b2ddd9014000030008,1,1,1776,-62,1654696330456478,1654696330456478,
300833b2ddd9014000030009,1,1,2468,-55,1654696330457591,1654696330457591,
300833b2ddd9014000030002,1,1,2888,-60,1654696330459344,1654696330459344,
300833b2ddd9014000030009,1,1,2416,-55,1654696330462318,1654696330462318,
300833b2ddd9014000030008,1,1,1844,-62,1654696330464443,1654696330464443,
300833b2ddd9014000030002,1,1,2816,-60,1654696330465470,1654696330465470,
300833b2ddd9014000030002,1,1,2828,-61,1654696330496485,1654696330496485,
300833b2ddd9014000030008,1,1,1812,-62,1654696330497714,1654696330497714,
300833b2ddd9014000030009,1,1,2440,-55,1654696330499039,1654696330499039,
300833b2ddd9014000030009,1,1,2432,-55,1654696330504169,1654696330504169,
300833b2ddd9014000030002,1,1,3020,-60,1654696330505212,1654696330505212,
300833b2ddd9014000030008,1,1,1704,-62,1654696330506667,1654696330506667,
300833b2ddd9014000030009,1,1,2468,-55,1654696330536552,1654696330536552,
300833b2ddd9014000030002,1,1,2840,-60,1654696330539308,1654696330539308,
300833b2ddd9014000030008,1,1,1912,-62,1654696330540478,1654696330540478,
300833b2ddd9014000030002,1,1,2880,-60,1654696330543469,1654696330543469,
300833b2ddd9014000030009,1,1,2436,-55,1654696330544540,1654696330544540,
300833b2ddd9014000030008,1,1,1796,-62,1654696330547202,1654696330547202,
300833b2ddd9014000030009,1,1,2480,-55,1654696330578665,1654696330578665,
300833b2ddd9014000030002,1,1,2904,-61,1654696330580971,1654696330580971,
300833b2ddd9014000030008,1,1,2072,-62,1654696330582458,1654696330582458,
300833b2ddd9014000030002,1,1,2880,-62,1654696330585857,1654696330585857,
300833b2ddd9014000030008,1,1,1952,-65,1654696330587283,1654696330587283,
300833b2ddd9014000030009,1,1,2416,-55,1654696330588609,1654696330588609,
300833b2ddd9014000030009,1,1,2460,-55,1654696330619150,1654696330619150,
300833b2ddd9014000030002,1,1,2864,-62,1654696330620833,1654696330620833,
300833b2ddd9014000030008,1,1,2012,-65,1654696330622131,1654696330622131,
300833b2ddd9014000030002,1,1,3016,-62,1654696330626144,1654696330626144,
300833b2ddd9014000030008,1,1,2008,-65,1654696330627613,1654696330627613,
300833b2ddd9014000030009,1,1,2432,-55,1654696330628938,1654696330628938,
300833b2ddd9014000030009,1,1,2432,-55,1654696330660061,1654696330660061,
300833b2ddd9014000030008,1,1,1948,-64,1654696330661571,1654696330661571,
300833b2ddd9014000030002,1,1,2940,-62,1654696330662925,1654696330662925,
300833b2ddd9014000030009,1,1,2448,-56,1654696330667800,1654696330667800,
300833b2ddd9014000030008,1,1,1884,-65,1654696330669528,1654696330669528,
300833b2ddd9014000030002,1,1,2896,-62,1654696330670553,1654696330670553,
300833b2ddd9014000030008,1,1,2056,-65,1654696330700118,1654696330700118,
300833b2ddd9014000030009,1,1,2512,-56,1654696330702085,1654696330702085,
300833b2ddd9014000030002,1,1,2896,-62,1654696330703125,1654696330703125,
300833b2ddd9014000030009,1,1,2468,-55,1654696330707394,1654696330707394,
300833b2ddd9014000030002,1,1,2920,-62,1654696330709359,1654696330709359,
300833b2ddd9014000030008,1,1,1888,-65,1654696330710434,1654696330710434,
300833b2ddd9014000030002,1,1,2904,-62,1654696330740703,1654696330740703,
300833b2ddd9014000030009,1,1,2504,-55,1654696330742270,1654696330742270,
300833b2ddd9014000030008,1,1,2004,-65,1654696330743793,1654696330743793,
300833b2ddd9014000030009,1,1,2504,-55,1654696330748435,1654696330748435,
300833b2ddd9014000030002,1,1,2912,-63,1654696330750970,1654696330750970,
300833b2ddd9014000030008,1,1,1932,-65,1654696330752084,1654696330752084,
300833b2ddd9014000030002,1,1,2860,-63,1654696330783382,1654696330783382,
300833b2ddd9014000030009,1,1,2452,-56,1654696330785304,1654696330785304,
300833b2ddd9014000030008,1,1,2088,-65,1654696330786645,1654696330786645,
300833b2ddd9014000030002,1,1,2860,-62,1654696330790501,1654696330790501,
300833b2ddd9014000030009,1,1,2488,-56,1654696330792182,1654696330792182,
300833b2ddd9014000030008,1,1,1996,-66,1654696330793463,1654696330793463,
300833b2ddd9014000030002,1,1,2952,-62,1654696330823702,1654696330823702,
300833b2ddd9014000030009,1,1,2488,-56,1654696330824786,1654696330824786,
300833b2ddd9014000030008,1,1,1992,-65,1654696330827121,1654696330827121,
300833b2ddd9014000030009,1,1,2472,-55,1654696330831336,1654696330831336,
300833b2ddd9014000030008,1,1,2024,-65,1654696330832394,1654696330832394,
300833b2ddd9014000030002,1,1,2908,-62,1654696330835081,1654696330835081,
300833b2ddd9014000030009,1,1,2464,-55,1654696330866557,1654696330866557,
300833b2ddd9014000030008,1,1,1948,-65,1654696330867615,1654696330867615,
300833b2ddd9014000030002,1,1,2936,-62,1654696330868755,1654696330868755,
300833b2ddd9014000030002,1,1,2948,-62,1654696330874362,1654696330874362,
300833b2ddd9014000030008,1,1,1904,-65,1654696330875609,1654696330875609,
300833b2ddd9014000030009,1,1,2496,-55,1654696330877160,1654696330877160,
300833b2ddd9014000030009,1,1,2452,-55,1654696330908695,1654696330908695,
300833b2ddd9014000030008,1,1,2000,-65,1654696330909993,1654696330909993,
300833b2ddd9014000030002,1,1,2944,-61,1654696330911431,1654696330911431,
300833b2ddd9014000030009,1,1,2476,-55,1654696330914117,1654696330914117,
300833b2ddd9014000030002,1,1,2888,-62,1654696330916084,1654696330916084,
300833b2ddd9014000030008,1,1,2088,-65,1654696330917485,1654696330917485,
300833b2ddd9014000030009,1,1,2492,-55,1654696330947987,1654696330947987,
300833b2ddd9014000030002,1,1,2936,-62,1654696330950184,1654696330950184,
300833b2ddd9014000030008,1,1,2020,-66,1654696330951224,1654696330951224,
300833b2ddd9014000030008,1,1,1996,-65,1654696330955886,1654696330955886,
300833b2ddd9014000030009,1,1,2472,-55,1654696330956941,1654696330956941,
300833b2ddd9014000030002,1,1,2900,-62,1654696330958012,1654696330958012,
300833b2ddd9014000030008,1,1,2032,-65,1654696330989987,1654696330989987,
300833b2ddd9014000030009,1,1,2488,-55,1654696330991200,1654696330991200,
300833b2ddd9014000030002,1,1,2872,-62,1654696330992512,1654696330992512,
300833b2ddd9014000030009,1,1,2496,-55,1654696330996887,1654696330996887,
300833b2ddd9014000030002,1,1,2880,-62,1654696330998073,1654696330998073,
300833b2ddd9014000030008,1,1,1992,-65,1654696330999701,1654696330999701,
300833b2ddd9014000030008,1,1,2024,-65,1654696331030728,1654696331030728,
300833b2ddd9014000030002,1,1,2956,-62,1654696331031840,1654696331031840,
300833b2ddd9014000030009,1,1,2480,-55,1654696331033592,1654696331033592,
300833b2ddd9014000030008,1,1,2040,-65,1654696331039294,1654696331039294,
300833b2ddd9014000030002,1,1,2964,-62,1654696331040647,1654696331040647,
300833b2ddd9014000030009,1,1,2476,-55,1654696331041761,1654696331041761,
300833b2ddd9014000030009,1,1,2484,-55,1654696331073294,1654696331073294,
300833b2ddd9014000030008,1,1,1992,-65,1654696331074491,1654696331074491,
300833b2ddd9014000030002,1,1,2888,-62,1654696331075860,1654696331075860,
300833b2ddd9014000030009,1,1,2432,-55,1654696331080012,1654696331080012,
300833b2ddd9014000030002,1,1,2952,-62,1654696331081555,1654696331081555,
300833b2ddd9014000030008,1,1,2052,-66,1654696331083091,1654696331083091,
300833b2ddd9014000030009,1,1,2456,-55,1654696331114114,1654696331114114,
300833b2ddd9014000030002,1,1,2948,-62,1654696331117287,1654696331117287,
300833b2ddd9014000030008,1,1,2044,-65,1654696331118515,1654696331118515,
300833b2ddd9014000030009,1,1,2456,-55,1654696331122680,1654696331122680,
300833b2ddd9014000030008,1,1,2124,-65,1654696331123753,1654696331123753,
300833b2ddd9014000030002,1,1,2868,-62,1654696331125461,1654696331125461,
300833b2ddd9014000030009,1,1,2500,-55,1654696331155783,1654696331155783,
300833b2ddd9014000030008,1,1,1964,-64,1654696331157377,1654696331157377,
300833b2ddd9014000030002,1,1,2916,-62,1654696331158491,1654696331158491,
300833b2ddd9014000030002,1,1,3020,-62,1654696331163396,1654696331163396,
300833b2ddd9014000030008,1,1,2008,-65,1654696331165318,1654696331165318,
300833b2ddd9014000030009,1,1,2448,-55,1654696331166359,1654696331166359,
300833b2ddd9014000030009,1,1,2484,-55,1654696331198564,1654696331198564,
300833b2ddd9014000030002,1,1,2944,-62,1654696331199649,1654696331199649,
300833b2ddd9014000030008,1,1,1992,-65,1654696331201331,1654696331201331,
300833b2ddd9014000030002,1,1,2888,-62,1654696331204108,1654696331204108,
300833b2ddd9014000030009,1,1,2448,-55,1654696331206912,1654696331206912,
300833b2ddd9014000030008,1,1,1944,-64,1654696331208340,1654696331208340,
300833b2ddd9014000030009,1,1,2456,-55,1654696331238360,1654696331238360,
300833b2ddd9014000030002,1,1,2872,-62,1654696331240254,1654696331240254,
300833b2ddd9014000030008,1,1,1956,-64,1654696331241311,1654696331241311,
300833b2ddd9014000030009,1,1,2460,-55,1654696331246032,1654696331246032,
300833b2ddd9014000030002,1,1,2876,-62,1654696331247617,1654696331247617,
300833b2ddd9014000030008,1,1,1992,-64,1654696331255783,1654696331255783,
300833b2ddd9014000030009,1,1,2432,-55,1654696331285708,1654696331285708,
300833b2ddd9014000030002,1,1,2956,-62,1654696331287688,1654696331287688,
300833b2ddd9014000030008,1,1,1952,-64,1654696331288971,1654696331288971,
300833b2ddd9014000030008,1,1,2004,-65,1654696331292854,1654696331292854,
300833b2ddd9014000030009,1,1,2448,-55,1654696331294309,1654696331294309,
300833b2ddd9014000030002,1,1,2896,-62,1654696331295904,1654696331295904,
300833b2ddd9014000030009,1,1,2476,-55,1654696331326275,1654696331326275,
300833b2ddd9014000030002,1,1,2884,-62,1654696331328242,1654696331328242,
300833b2ddd9014000030008,1,1,1972,-65,1654696331330194,1654696331330194,
300833b2ddd9014000030002,1,1,2868,-62,1654696331333700,1654696331333700,
300833b2ddd9014000030008,1,1,1980,-64,1654696331334956,1654696331334956,
300833b2ddd9014000030009,1,1,2444,-55,1654696331336311,1654696331336311,
300833b2ddd9014000030009,1,1,2444,-55,1654696331367320,1654696331367320,
300833b2ddd9014000030002,1,1,2880,-62,1654696331368763,1654696331368763,
300833b2ddd9014000030008,1,1,2016,-64,1654696331370302,1654696331370302,
300833b2ddd9014000030009,1,1,2464,-55,1654696331373870,1654696331373870,
300833b2ddd9014000030002,1,1,2852,-62,1654696331375183,1654696331375183,
300833b2ddd9014000030008,1,1,1912,-65,1654696331376282,1654696331376282,
300833b2ddd9014000030009,1,1,2456,-55,1654696331408355,1654696331408355,
300833b2ddd9014000030002,1,1,2892,-61,1654696331410545,1654696331410545,
300833b2ddd9014000030008,1,1,2092,-62,1654696331411660,1654696331411660,
300833b2ddd9014000030002,1,1,2880,-61,1654696331415222,1654696331415222,
300833b2ddd9014000030009,1,1,2436,-55,1654696331416336,1654696331416336,
300833b2ddd9014000030008,1,1,1984,-65,1654696331418654,1654696331418654,
300833b2ddd9014000030009,1,1,2456,-55,1654696331449891,1654696331449891,
300833b2ddd9014000030008,1,1,2068,-64,1654696331454360,1654696331454360,
300833b2ddd9014000030002,1,1,2880,-61,1654696331455712,1654696331455712,
300833b2ddd9014000030008,1,1,1956,-64,1654696331459924,1654696331459924,
300833b2ddd9014000030009,1,1,2452,-55,1654696331461066,1654696331461066,
300833b2ddd9014000030002,1,1,2920,-62,1654696331462648,1654696331462648,
300833b2ddd9014000030008,1,1,1996,-64,1654696331494168,1654696331494168,
300833b2ddd9014000030002,1,1,2868,-62,1654696331496161,1654696331496161,
300833b2ddd9014000030009,1,1,2464,-55,1654696331497303,1654696331497303,
300833b2ddd9014000030008,1,1,2024,-64,1654696331501587,1654696331501587,
300833b2ddd9014000030002,1,1,2904,-61,1654696331502854,1654696331502854,
300833b2ddd9014000030009,1,1,2460,-55,1654696331503972,1654696331503972,
300833b2ddd9014000030009,1,1,2404,-54,1654696331535428,1654696331535428,
300833b2ddd9014000030002,1,1,2868,-60,1654696331537124,1654696331537124,
300833b2ddd9014000030008,1,1,1956,-64,1654696331538863,1654696331538863,
300833b2ddd9014000030008,1,1,1992,-65,1654696331542081,1654696331542081,
300833b2ddd9014000030002,1,1,2980,-62,1654696331543167,1654696331543167,
300833b2ddd9014000030009,1,1,2460,-55,1654696331544193,1654696331544193,
300833b2ddd9014000030002,1,1,2928,-62,1654696331576753,1654696331576753,
300833b2ddd9014000030009,1,1,2456,-55,1654696331578460,1654696331578460,
300833b2ddd9014000030008,1,1,2036,-64,1654696331579476,1654696331579476,
300833b2ddd9014000030008,1,1,1948,-64,1654696331583510,1654696331583510,
300833b2ddd9014000030002,1,1,2904,-62,1654696331585578,1654696331585578,
300833b2ddd9014000030009,1,1,2472,-55,1654696331586650,1654696331586650,
300833b2ddd9014000030008,1,1,2008,-64,1654696331616760,1654696331616760,
300833b2ddd9014000030002,1,1,2928,-62,1654696331617819,1654696331617819,
300833b2ddd9014000030009,1,1,2468,-55,1654696331619145,1654696331619145,
300833b2ddd9014000030009,1,1,2476,-55,1654696331623842,1654696331623842,
300833b2ddd9014000030002,1,1,2836,-62,1654696331625154,1654696331625154,
300833b2ddd9014000030008,1,1,2024,-64,1654696331628679,1654696331628679,
300833b2ddd9014000030008,1,1,1908,-65,1654696331658435,1654696331658435,
300833b2ddd9014000030009,1,1,2452,-55,1654696331660002,1654696331660002,
300833b2ddd9014000030002,1,1,2896,-61,1654696331662648,1654696331662648,
300833b2ddd9014000030002,1,1,2908,-62,1654696331666476,1654696331666476,
300833b2ddd9014000030009,1,1,2460,-55,1654696331667560,1654696331667560,
300833b2ddd9014000030008,1,1,1848,-64,1654696331668832,1654696331668832,
300833b2ddd9014000030009,1,1,2404,-55,1654696331700911,1654696331700911,
300833b2ddd9014000030008,1,1,2084,-64,1654696331702040,1654696331702040,
300833b2ddd9014000030002,1,1,2836,-62,1654696331703577,1654696331703577,
300833b2ddd9014000030009,1,1,2444,-55,1654696331709141,1654696331709141,
300833b2ddd9014000030008,1,1,2100,-65,1654696331710342,1654696331710342,
300833b2ddd9014000030002,1,1,2872,-62,1654696331711708,1654696331711708,
300833b2ddd9014000030009,1,1,2408,-55,1654696331742723,1654696331742723,
300833b2ddd9014000030008,1,1,2008,-65,1654696331743766,1654696331743766,
300833b2ddd9014000030002,1,1,2832,-62,1654696331745607,1654696331745607,
300833b2ddd9014000030002,1,1,2812,-62,1654696331749786,1654696331749786,
300833b2ddd9014000030009,1,1,2412,-55,1654696331750840,1654696331750840,
300833b2ddd9014000030008,1,1,1996,-65,1654696331753172,1654696331753172,
300833b2ddd9014000030002,1,1,2856,-62,1654696331784300,1654696331784300,
300833b2ddd9014000030009,1,1,2412,-55,1654696331786251,1654696331786251,
300833b2ddd9014000030008,1,1,2068,-65,1654696331788445,1654696331788445,
300833b2ddd9014000030002,1,1,2872,-61,1654696331791140,1654696331791140,
300833b2ddd9014000030009,1,1,2420,-55,1654696331792453,1654696331792453,
300833b2ddd9014000030008,1,1,2036,-65,1654696331794489,1654696331794489,
300833b2ddd9014000030002,1,1,2844,-61,1654696331825748,1654696331825748,
300833b2ddd9014000030009,1,1,2480,-55,1654696331827671,1654696331827671,
300833b2ddd9014000030008,1,1,1980,-65,1654696331828756,1654696331828756,
300833b2ddd9014000030009,1,1,2452,-55,1654696331832476,1654696331832476,
300833b2ddd9014000030002,1,1,2880,-62,1654696331833530,1654696331833530,
300833b2ddd9014000030008,1,1,1992,-65,1654696331835821,1654696331835821,
300833b2ddd9014000030002,1,1,2848,-61,1654696331868167,1654696331868167,
300833b2ddd9014000030009,1,1,2440,-55,1654696331869476,1654696331869476,
300833b2ddd9014000030008,1,1,2000,-64,1654696331870920,1654696331870920,
300833b2ddd9014000030009,1,1,2416,-55,1654696331874391,1654696331874391,
300833b2ddd9014000030008,1,1,2004,-65,1654696331876098,1654696331876098,
300833b2ddd9014000030002,1,1,2908,-61,1654696331877228,1654696331877228,
300833b2ddd9014000030008,1,1,1952,-65,1654696331908138,1654696331908138,
300833b2ddd9014000030002,1,1,2868,-61,1654696331909163,1654696331909163,
300833b2ddd9014000030009,1,1,2464,-55,1654696331910744,1654696331910744,
300833b2ddd9014000030008,1,1,1960,-65,1654696331915476,1654696331915476,
300833b2ddd9014000030002,1,1,2940,-62,1654696331916532,1654696331916532,
300833b2ddd9014000030009,1,1,2460,-55,1654696331918353,1654696331918353,
300833b2ddd9014000030009,1,1,2480,-55,1654696331951140,1654696331951140,
300833b2ddd9014000030002,1,1,2932,-62,1654696331952267,1654696331952267,
300833b2ddd9014000030008,1,1,2048,-65,1654696331953577,1654696331953577,
300833b2ddd9014000030002,1,1,2892,-62,1654696331957129,1654696331957129,
300833b2ddd9014000030009,1,1,2500,-55,1654696331958860,1654696331958860,
300833b2ddd9014000030008,1,1,2108,-65,1654696331960201,1654696331960201,
300833b2ddd9014000030009,1,1,2476,-55,1654696331990805,1654696331990805,
300833b2ddd9014000030002,1,1,2900,-62,1654696331992742,1654696331992742,
300833b2ddd9014000030008,1,1,1972,-65,1654696331993812,1654696331993812,
300833b2ddd9014000030002,1,1,2940,-62,1654696331997838,1654696331997838,
300833b2ddd9014000030008,1,1,1968,-65,1654696331999305,1654696331999305,
300833b2ddd9014000030009,1,1,2464,-55,1654696332000359,1654696332000359,
300833b2ddd9014000030008,1,1,1984,-65,1654696332032254,1654696332032254,
300833b2ddd9014000030002,1,1,2816,-62,1654696332033354,1654696332033354,
300833b2ddd9014000030009,1,1,2452,-55,1654696332034663,1654696332034663,
300833b2ddd9014000030002,1,1,2884,-62,1654696332037925,1654696332037925,
300833b2ddd9014000030008,1,1,2052,-65,1654696332039848,1654696332039848,
300833b2ddd9014000030009,1,1,2496,-55,1654696332041229,1654696332041229,
300833b2ddd9014000030002,1,1,2888,-61,1654696332072083,1654696332072083,
300833b2ddd9014000030009,1,1,2488,-55,1654696332073242,1654696332073242,
300833b2ddd9014000030008,1,1,2172,-65,1654696332074540,1654696332074540,
300833b2ddd9014000030002,1,1,2968,-62,1654696332079948,1654696332079948,
300833b2ddd9014000030008,1,1,2000,-65,1654696332081571,1654696332081571,
300833b2ddd9014000030009,1,1,2500,-55,1654696332082671,1654696332082671,
300833b2ddd9014000030009,1,1,2472,-55,1654696332113552,1654696332113552,
300833b2ddd9014000030008,1,1,1948,-66,1654696332114597,1654696332114597,
300833b2ddd9014000030002,1,1,2936,-62,1654696332115877,1654696332115877,
300833b2ddd9014000030009,1,1,2472,-55,1654696332120772,1654696332120772,
300833b2ddd9014000030002,1,1,2960,-62,1654696332122992,1654696332122992,
300833b2ddd9014000030008,1,1,2008,-65,1654696332124076,1654696332124076,
300833b2ddd9014000030002,1,1,2868,-61,1654696332155810,1654696332155810,
300833b2ddd9014000030009,1,1,2472,-55,1654696332157133,1654696332157133,
300833b2ddd9014000030008,1,1,1996,-65,1654696332158860,1654696332158860,
300833b2ddd9014000030009,1,1,2476,-55,1654696332161559,1654696332161559,
300833b2ddd9014000030008,1,1,1992,-64,1654696332163127,1654696332163127,
300833b2ddd9014000030002,1,1,2892,-62,1654696332164732,1654696332164732,
300833b2ddd9014000030002,1,1,2916,-62,1654696332196332,1654696332196332,
300833b2ddd9014000030009,1,1,2468,-55,1654696332197943,1654696332197943,
300833b2ddd9014000030008,1,1,1964,-65,1654696332199212,1654696332199212,