epc,atenda,atendanum,phase,RSS,timestamp,timestamp2,
300833b2ddd9014000030009,1,1,2456,-45,1654781161958730,1654781161958730,
300833b2ddd9014000030008,1,1,3100,-43,1654781161959825,1654781161959825,
300833b2ddd9014000030001,1,1,1196,-50,1654781161961169,1654781161961169,
300833b2ddd9014000030002,1,1,160,-48,1654781161963113,1654781161963113,
300833b2ddd9014000030002,1,1,152,-48,1654781161967690,1654781161967690,
300833b2ddd9014000030008,1,1,3096,-43,1654781161968929,1654781161968929,
300833b2ddd9014000030001,1,1,1176,-50,1654781161970302,1654781161970302,
300833b2ddd9014000030009,1,1,2444,-44,1654781161971344,1654781161971344,
300833b2ddd9014000030008,1,1,3108,-43,1654781162003104,1654781162003104,
300833b2ddd9014000030001,1,1,1200,-50,1654781162004191,1654781162004191,
300833b2ddd9014000030009,1,1,2448,-44,1654781162007015,1654781162007015,
300833b2ddd9014000030002,1,1,168,-48,1654781162008211,1654781162008211,
300833b2ddd9014000030009,1,1,2456,-44,1654781162010985,1654781162010985,
300833b2ddd9014000030002,1,1,164,-48,1654781162012591,1654781162012591,
300833b2ddd9014000030008,1,1,3104,-43,1654781162013646,1654781162013646,
300833b2ddd9014000030001,1,1,1204,-50,1654781162016519,1654781162016519,
300833b2ddd9014000030001,1,1,1196,-50,1654781162047764,1654781162047764,
300833b2ddd9014000030009,1,1,2460,-44,1654781162049091,1654781162049091,
300833b2ddd9014000030008,1,1,3092,-43,1654781162050463,1654781162050463,
300833b2ddd9014000030002,1,1,164,-48,1654781162051589,1654781162051589,
300833b2ddd9014000030009,1,1,2452,-44,1654781162057796,1654781162057796,
300833b2ddd9014000030008,1,1,3088,-43,1654781162059134,1654781162059134,
300833b2ddd9014000030002,1,1,140,-48,1654781162062230,1654781162062230,
300833b2ddd9014000030001,1,1,1208,-50,1654781162063359,1654781162063359,
300833b2ddd9014000030008,1,1,3096,-43,1654781162093085,1654781162093085,
300833b2ddd9014000030001,1,1,1192,-50,1654781162094430,1654781162094430,
300833b2ddd9014000030002,1,1,144,-48,1654781162095696,1654781162095696,
300833b2ddd9014000030009,1,1,2440,-44,1654781162096768,1654781162096768,
300833b2ddd9014000030009,1,1,2448,-44,1654781162101492,1654781162101492,
300833b2ddd9014000030001,1,1,1216,-50,1654781162103031,1654781162103031,
300833b2ddd9014000030002,1,1,168,-48,1654781162104646,1654781162104646,
300833b2ddd9014000030008,1,1,3100,-43,1654781162105757,1654781162105757,
300833b2ddd9014000030001,1,1,1232,-50,1654781162136921,1654781162136921,
300833b2ddd9014000030009,1,1,2440,-45,1654781162138829,1654781162138829,
300833b2ddd9014000030002,1,1,144,-48,1654781162139912,1654781162139912,
300833b2ddd9014000030008,1,1,3104,-43,1654781162141251,1654781162141251,
300833b2ddd9014000030008,1,1,3092,-43,1654781162144607,1654781162144607,
300833b2ddd9014000030001,1,1,1208,-50,1654781162146137,1654781162146137,
300833b2ddd9014000030002,1,1,160,-48,1654781162147234,1654781162147234,
300833b2ddd9014000030009,1,1,2444,-44,1654781162148305,1654781162148305,
300833b2ddd9014000030001,1,1,1196,-50,1654781162180258,1654781162180258,
300833b2ddd9014000030009,1,1,2448,-44,1654781162181331,1654781162181331,
300833b2ddd9014000030008,1,1,3088,-43,1654781162182414,1654781162182414,
300833b2ddd9014000030002,1,1,140,-48,1654781162183738,1654781162183738,
300833b2ddd9014000030008,1,1,3084,-43,1654781162188730,1654781162188730,
300833b2ddd9014000030009,1,1,2456,-44,1654781162190416,1654781162190416,
300833b2ddd9014000030001,1,1,1200,-50,1654781162191475,1654781162191475,
300833b2ddd9014000030002,1,1,156,-48,1654781162192541,1654781162192541,
300833b2ddd9014000030001,1,1,1224,-50,1654781162223518,1654781162223518,
300833b2ddd9014000030009,1,1,2436,-44,1654781162224661,1654781162224661,
300833b2ddd9014000030002,1,1,156,-48,1654781162225984,1654781162225984,
300833b2ddd9014000030008,1,1,3100,-43,1654781162227267,1654781162227267,
300833b2ddd9014000030008,1,1,3088,-43,1654781162231537,1654781162231537,
300833b2ddd9014000030009,1,1,2436,-44,1654781162232608,1654781162232608,
300833b2ddd9014000030002,1,1,160,-48,1654781162233975,1654781162233975,
300833b2ddd9014000030001,1,1,1236,-50,1654781162235289,1654781162235289,
300833b2ddd9014000030001,1,1,1232,-50,1654781162267291,1654781162267291,
300833b2ddd9014000030008,1,1,3076,-43,1654781162268760,1654781162268760,
300833b2ddd9014000030009,1,1,2440,-44,1654781162269860,1654781162269860,
300833b2ddd9014000030002,1,1,152,-48,1654781162270900,1654781162270900,
300833b2ddd9014000030009,1,1,2444,-44,1654781162274724,1654781162274724,
300833b2ddd9014000030002,1,1,144,-48,1654781162275750,1654781162275750,
300833b2ddd9014000030001,1,1,1208,-50,1654781162277078,1654781162277078,
300833b2ddd9014000030008,1,1,3104,-43,1654781162278416,1654781162278416,
300833b2ddd9014000030001,1,1,1244,-50,1654781162309912,1654781162309912,
300833b2ddd9014000030008,1,1,3088,-43,1654781162312329,1654781162312329,
300833b2ddd9014000030009,1,1,2460,-45,1654781162313414,1654781162313414,
300833b2ddd9014000030002,1,1,160,-48,1654781162314838,1654781162314838,
300833b2ddd9014000030008,1,1,3100,-43,1654781162317585,1654781162317585,
300833b2ddd9014000030001,1,1,1228,-50,1654781162319155,1654781162319155,
300833b2ddd9014000030009,1,1,2436,-44,1654781162320428,1654781162320428,
300833b2ddd9014000030002,1,1,156,-48,1654781162321749,1654781162321749,
300833b2ddd9014000030009,1,1,2436,-44,1654781162353652,1654781162353652,
300833b2ddd9014000030008,1,1,3068,-43,1654781162355075,1654781162355075,
300833b2ddd9014000030002,1,1,136,-48,1654781162356400,1654781162356400,
300833b2ddd9014000030001,1,1,1228,-50,1654781162357659,1654781162357659,
300833b2ddd9014000030001,1,1,1228,-50,1654781162360757,1654781162360757,
300833b2ddd9014000030002,1,1,140,-48,1654781162362095,1654781162362095,
300833b2ddd9014000030009,1,1,2424,-44,1654781162363647,1654781162363647,
300833b2ddd9014000030008,1,1,3084,-43,1654781162364728,1654781162364728,
300833b2ddd9014000030002,1,1,144,-48,1654781162397768,1654781162397768,
300833b2ddd9014000030008,1,1,3076,-43,1654781162398896,1654781162398896,
300833b2ddd9014000030001,1,1,1216,-50,1654781162400494,1654781162400494,
300833b2ddd9014000030009,1,1,2436,-44,1654781162401637,1654781162401637,
300833b2ddd9014000030009,1,1,2424,-44,1654781162407212,1654781162407212,
300833b2ddd9014000030002,1,1,164,-48,1654781162408620,1654781162408620,
300833b2ddd9014000030008,1,1,3084,-43,1654781162409717,1654781162409717,
300833b2ddd9014000030001,1,1,1216,-50,1654781162411432,1654781162411432,
300833b2ddd9014000030008,1,1,3072,-44,1654781162441265,1654781162441265,
300833b2ddd9014000030001,1,1,1224,-50,1654781162442835,1654781162442835,
300833b2ddd9014000030009,1,1,2440,-44,1654781162444148,1654781162444148,
300833b2ddd9014000030002,1,1,132,-48,1654781162445230,1654781162445230,
300833b2ddd9014000030001,1,1,1212,-50,1654781162450221,1654781162450221,
300833b2ddd9014000030002,1,1,148,-48,1654781162451902,1654781162451902,
300833b2ddd9014000030009,1,1,2424,-44,1654781162452988,1654781162452988,
300833b2ddd9014000030008,1,1,3080,-43,1654781162454098,1654781162454098,
300833b2ddd9014000030002,1,1,144,-48,1654781162540041,1654781162540041,
300833b2ddd9014000030009,1,1,2436,-44,1654781162541539,1654781162541539,
300833b2ddd9014000030008,1,1,3068,-43,1654781162546025,1654781162546025,
300833b2ddd9014000030002,1,1,164,-48,1654781162547438,1654781162547438,
300833b2ddd9014000030001,1,1,1208,-49,1654781162548522,1654781162548522,
300833b2ddd9014000030009,1,1,2428,-44,1654781162549584,1654781162549584,
300833b2ddd9014000030002,1,1,152,-48,1654781162579961,1654781162579961,
300833b2ddd9014000030008,1,1,3068,-44,1654781162581909,1654781162581909,
300833b2ddd9014000030009,1,1,2460,-44,1654781162583476,1654781162583476,
300833b2ddd9014000030001,1,1,1212,-49,1654781162584919,1654781162584919,
300833b2ddd9014000030002,1,1,144,-48,1654781162587857,1654781162587857,
300833b2ddd9014000030009,1,1,2432,-44,1654781162589568,1654781162589568,
300833b2ddd9014000030008,1,1,3064,-43,1654781162590890,1654781162590890,
300833b2ddd9014000030001,1,1,1220,-49,1654781162592335,1654781162592335,
300833b2ddd9014000030002,1,1,148,-48,1654781162622315,1654781162622315,
300833b2ddd9014000030009,1,1,2412,-44,1654781162623617,1654781162623617,
300833b2ddd9014000030008,1,1,3060,-44,1654781162624670,1654781162624670,
300833b2ddd9014000030001,1,1,1228,-49,1654781162626794,1654781162626794,
300833b2ddd9014000030008,1,1,3068,-44,1654781162631117,1654781162631117,
300833b2ddd9014000030009,1,1,2416,-44,1654781162632203,1654781162632203,
300833b2ddd9014000030002,1,1,156,-48,1654781162633285,1654781162633285,
300833b2ddd9014000030001,1,1,1216,-49,1654781162636559,1654781162636559,
300833b2ddd9014000030002,1,1,120,-48,1654781162667709,1654781162667709,
300833b2ddd9014000030009,1,1,2440,-44,1654781162669034,1654781162669034,
300833b2ddd9014000030001,1,1,1240,-50,1654781162670149,1654781162670149,
300833b2ddd9014000030008,1,1,3072,-43,1654781162671739,1654781162671739,
300833b2ddd9014000030009,1,1,2428,-44,1654781162676309,1654781162676309,
300833b2ddd9014000030002,1,1,148,-48,1654781162677393,1654781162677393,
300833b2ddd9014000030008,1,1,3060,-43,1654781162678491,1654781162678491,
300833b2ddd9014000030001,1,1,1216,-50,1654781162681234,1654781162681234,
300833b2ddd9014000030001,1,1,1240,-50,1654781162712153,1654781162712153,
300833b2ddd9014000030002,1,1,156,-48,1654781162713675,1654781162713675,
300833b2ddd9014000030009,1,1,2428,-44,1654781162714732,1654781162714732,
300833b2ddd9014000030008,1,1,3068,-43,1654781162716095,1654781162716095,
300833b2ddd9014000030009,1,1,2432,-44,1654781162720859,1654781162720859,
300833b2ddd9014000030008,1,1,3072,-43,1654781162723016,1654781162723016,
300833b2ddd9014000030002,1,1,140,-48,1654781162724667,1654781162724667,
300833b2ddd9014000030001,1,1,1244,-50,1654781162725869,1654781162725869,
300833b2ddd9014000030009,1,1,2428,-44,1654781162755674,1654781162755674,
300833b2ddd9014000030008,1,1,3072,-43,1654781162757636,1654781162757636,
300833b2ddd9014000030001,1,1,1236,-50,1654781162759250,1654781162759250,
300833b2ddd9014000030002,1,1,144,-48,1654781162760434,1654781162760434,
300833b2ddd9014000030002,1,1,132,-48,1654781162763434,1654781162763434,
300833b2ddd9014000030008,1,1,3064,-43,1654781162764503,1654781162764503,
300833b2ddd9014000030009,1,1,2436,-44,1654781162765616,1654781162765616,
300833b2ddd9014000030001,1,1,1236,-50,1654781162767705,1654781162767705,
300833b2ddd9014000030008,1,1,3080,-43,1654781162800244,1654781162800244,
300833b2ddd9014000030009,1,1,2432,-44,1654781162801315,1654781162801315,
300833b2ddd9014000030002,1,1,148,-48,1654781162803700,1654781162803700,
300833b2ddd9014000030001,1,1,1232,-50,1654781162804931,1654781162804931,
300833b2ddd9014000030008,1,1,3072,-43,1654781162807958,1654781162807958,
300833b2ddd9014000030002,1,1,136,-48,1654781162809316,1654781162809316,
300833b2ddd9014000030009,1,1,2432,-44,1654781162810343,1654781162810343,
300833b2ddd9014000030001,1,1,1236,-50,1654781162812721,1654781162812721,
300833b2ddd9014000030001,1,1,1212,-50,1654781162843768,1654781162843768,
300833b2ddd9014000030008,1,1,3068,-43,1654781162846117,1654781162846117,
300833b2ddd9014000030009,1,1,2420,-44,1654781162847536,1654781162847536,
300833b2ddd9014000030002,1,1,148,-48,1654781162848789,1654781162848789,
300833b2ddd9014000030001,1,1,1228,-49,1654781162851645,1654781162851645,
300833b2ddd9014000030008,1,1,3064,-43,1654781162852756,1654781162852756,
300833b2ddd9014000030009,1,1,2420,-44,1654781162854536,1654781162854536,
300833b2ddd9014000030002,1,1,152,-48,1654781162855646,1654781162855646,
300833b2ddd9014000030009,1,1,2420,-44,1654781162887105,1654781162887105,
300833b2ddd9014000030002,1,1,152,-48,1654781162888697,1654781162888697,
300833b2ddd9014000030008,1,1,3064,-43,1654781162889736,1654781162889736,
300833b2ddd9014000030001,1,1,1208,-50,1654781162891931,1654781162891931,
300833b2ddd9014000030009,1,1,2432,-44,1654781162897057,1654781162897057,
300833b2ddd9014000030008,1,1,3072,-43,1654781162898155,1654781162898155,
300833b2ddd9014000030001,1,1,1224,-50,1654781162899952,1654781162899952,
300833b2ddd9014000030002,1,1,152,-48,1654781162901865,1654781162901865,
300833b2ddd9014000030008,1,1,3072,-43,1654781162932924,1654781162932924,
300833b2ddd9014000030009,1,1,2432,-44,1654781162934393,1654781162934393,
300833b2ddd9014000030001,1,1,1220,-50,1654781162935450,1654781162935450,
300833b2ddd9014000030002,1,1,160,-48,1654781162936757,1654781162936757,
300833b2ddd9014000030001,1,1,1208,-50,1654781162940089,1654781162940089,
300833b2ddd9014000030009,1,1,2416,-44,1654781162941714,1654781162941714,
300833b2ddd9014000030008,1,1,3072,-43,1654781162943483,1654781162943483,
300833b2ddd9014000030002,1,1,148,-48,1654781162944893,1654781162944893,
300833b2ddd9014000030008,1,1,3060,-43,1654781162976021,1654781162976021,
300833b2ddd9014000030009,1,1,2420,-44,1654781162978172,1654781162978172,
300833b2ddd9014000030002,1,1,136,-48,1654781162979254,1654781162979254,
300833b2ddd9014000030001,1,1,1224,-50,1654781162980496,1654781162980496,
300833b2ddd9014000030009,1,1,2428,-44,1654781162985418,1654781162985418,
300833b2ddd9014000030001,1,1,1220,-49,1654781162986889,1654781162986889,
300833b2ddd9014000030008,1,1,3064,-43,1654781162988453,1654781162988453,
300833b2ddd9014000030002,1,1,140,-48,1654781162989906,1654781162989906,
300833b2ddd9014000030001,1,1,1224,-50,1654781163019858,1654781163019858,
300833b2ddd9014000030008,1,1,3064,-43,1654781163022722,1654781163022722,
300833b2ddd9014000030009,1,1,2420,-44,1654781163023793,1654781163023793,
300833b2ddd9014000030002,1,1,144,-48,1654781163024961,1654781163024961,
300833b2ddd9014000030008,1,1,3084,-43,1654781163027948,1654781163027948,
300833b2ddd9014000030009,1,1,2432,-44,1654781163029289,1654781163029289,
300833b2ddd9014000030002,1,1,152,-48,1654781163030837,1654781163030837,
300833b2ddd9014000030001,1,1,1212,-50,1654781163032255,1654781163032255,
300833b2ddd9014000030009,1,1,2420,-45,1654781163063516,1654781163063516,
300833b2ddd9014000030002,1,1,160,-48,1654781163064585,1654781163064585,
300833b2ddd9014000030001,1,1,1204,-50,1654781163065671,1654781163065671,
300833b2ddd9014000030008,1,1,3084,-43,1654781163067265,1654781163067265,
300833b2ddd9014000030001,1,1,1212,-50,1654781163072437,1654781163072437,
300833b2ddd9014000030009,1,1,2444,-44,1654781163073846,1654781163073846,
300833b2ddd9014000030008,1,1,3076,-43,1654781163074944,1654781163074944,
300833b2ddd9014000030002,1,1,140,-48,1654781163076413,1654781163076413,
300833b2ddd9014000030001,1,1,1204,-50,1654781163107542,1654781163107542,
300833b2ddd9014000030009,1,1,2420,-44,1654781163108943,1654781163108943,
300833b2ddd9014000030008,1,1,3048,-44,1654781163112621,1654781163112621,
300833b2ddd9014000030001,1,1,1192,-50,1654781163113934,1654781163113934,
300833b2ddd9014000030009,1,1,2432,-45,1654781163115006,1654781163115006,
300833b2ddd9014000030002,1,1,148,-48,1654781163116869,1654781163116869,
300833b2ddd9014000030008,1,1,3056,-43,1654781163148348,1654781163148348,
300833b2ddd9014000030002,1,1,136,-48,1654781163149446,1654781163149446,
300833b2ddd9014000030009,1,1,2440,-44,1654781163150574,1654781163150574,
300833b2ddd9014000030001,1,1,1200,-50,1654781163152171,1654781163152171,
300833b2ddd9014000030008,1,1,3060,-44,1654781163157338,1654781163157338,
300833b2ddd9014000030009,1,1,2452,-44,1654781163158580,1654781163158580,
300833b2ddd9014000030001,1,1,1200,-50,1654781163159652,1654781163159652,
300833b2ddd9014000030002,1,1,152,-48,1654781163160694,1654781163160694,
300833b2ddd9014000030002,1,1,152,-48,1654781163191949,1654781163191949,
300833b2ddd9014000030009,1,1,2456,-44,1654781163193150,1654781163193150,
300833b2ddd9014000030008,1,1,3068,-43,1654781163194456,1654781163194456,
300833b2ddd9014000030001,1,1,1172,-50,1654781163195561,1654781163195561,
300833b2ddd9014000030009,1,1,2440,-44,1654781163201192,1654781163201192,
300833b2ddd9014000030008,1,1,3060,-44,1654781163202390,1654781163202390,
300833b2ddd9014000030002,1,1,132,-48,1654781163203670,1654781163203670,
300833b2ddd9014000030001,1,1,1224,-50,1654781163205128,1654781163205128,
300833b2ddd9014000030002,1,1,132,-48,1654781163235467,1654781163235467,
300833b2ddd9014000030001,1,1,1160,-50,1654781163236752,1654781163236752,
300833b2ddd9014000030009,1,1,2416,-44,1654781163237837,1654781163237837,
300833b2ddd9014000030008,1,1,3096,-44,1654781163239108,1654781163239108,
300833b2ddd9014000030002,1,1,148,-48,1654781163243907,1654781163243907,
300833b2ddd9014000030009,1,1,2424,-44,1654781163244965,1654781163244965,
300833b2ddd9014000030008,1,1,3072,-44,1654781163246301,1654781163246301,
300833b2ddd9014000030001,1,1,1144,-50,1654781163248211,1654781163248211,
300833b2ddd9014000030001,1,1,1132,-50,1654781163279528,1654781163279528,
300833b2ddd9014000030008,1,1,3084,-44,1654781163281463,1654781163281463,
300833b2ddd9014000030009,1,1,2436,-44,1654781163282791,1654781163282791,
300833b2ddd9014000030009,1,1,2440,-44,1654781163286350,1654781163286350,
300833b2ddd9014000030008,1,1,3100,-44,1654781163287672,1654781163287672,
300833b2ddd9014000030001,1,1,1140,-50,1654781163288972,1654781163288972,
300833b2ddd9014000030002,1,1,172,-48,1654781163290711,1654781163290711,
300833b2ddd9014000030002,1,1,156,-48,1654781163321826,1654781163321826,
300833b2ddd9014000030001,1,1,1084,-50,1654781163324646,1654781163324646,
300833b2ddd9014000030009,1,1,2380,-44,1654781163325718,1654781163325718,
300833b2ddd9014000030008,1,1,3120,-43,1654781163328738,1654781163328738,
300833b2ddd9014000030002,1,1,144,-48,1654781163329807,1654781163329807,
300833b2ddd9014000030009,1,1,2436,-44,1654781163331416,1654781163331416,
300833b2ddd9014000030001,1,1,1072,-50,1654781163332742,1654781163332742,
300833b2ddd9014000030009,1,1,2420,-44,1654781163369802,1654781163369802,
300833b2ddd9014000030002,1,1,156,-47,1654781163371324,1654781163371324,
300833b2ddd9014000030001,1,1,1004,-51,1654781163373122,1654781163373122,
300833b2ddd9014000030009,1,1,2444,-44,1654781163377308,1654781163377308,
300833b2ddd9014000030001,1,1,1056,-50,1654781163379262,1654781163379262,
300833b2ddd9014000030008,1,1,3136,-43,1654781163380586,1654781163380586,
300833b2ddd9014000030002,1,1,156,-47,1654781163381640,1654781163381640,
300833b2ddd9014000030008,1,1,3164,-43,1654781163412925,1654781163412925,
300833b2ddd9014000030001,1,1,960,-50,1654781163414110,1654781163414110,
300833b2ddd9014000030009,1,1,2408,-44,1654781163415213,1654781163415213,
300833b2ddd9014000030002,1,1,132,-47,1654781163416522,1654781163416522,
300833b2ddd9014000030008,1,1,3156,-43,1654781163421151,1654781163421151,
300833b2ddd9014000030001,1,1,988,-51,1654781163422195,1654781163422195,
300833b2ddd9014000030002,1,1,140,-47,1654781163423576,1654781163423576,
300833b2ddd9014000030009,1,1,2428,-44,1654781163424761,1654781163424761,
300833b2ddd9014000030001,1,1,988,-52,1654781163455231,1654781163455231,
300833b2ddd9014000030008,1,1,3164,-43,1654781163456686,1654781163456686,
300833b2ddd9014000030009,1,1,2360,-43,1654781163458225,1654781163458225,
300833b2ddd9014000030002,1,1,108,-47,1654781163459434,1654781163459434,
300833b2ddd9014000030008,1,1,3144,-43,1654781163463564,1654781163463564,
300833b2ddd9014000030009,1,1,2372,-43,1654781163464649,1654781163464649,
300833b2ddd9014000030002,1,1,92,-47,1654781163465702,1654781163465702,
300833b2ddd9014000030001,1,1,976,-52,1654781163466806,1654781163466806,
300833b2ddd9014000030008,1,1,3140,-43,1654781163497888,1654781163497888,
300833b2ddd9014000030002,1,1,56,-47,1654781163499127,1654781163499127,
300833b2ddd9014000030009,1,1,2344,-44,1654781163500693,1654781163500693,
300833b2ddd9014000030001,1,1,1020,-52,1654781163501967,1654781163501967,
300833b2ddd9014000030008,1,1,3128,-43,1654781163506523,1654781163506523,
300833b2ddd9014000030009,1,1,2348,-44,1654781163507551,1654781163507551,
300833b2ddd9014000030001,1,1,972,-51,1654781163508723,1654781163508723,
300833b2ddd9014000030002,1,1,52,-48,1654781163509834,1654781163509834,
300833b2ddd9014000030008,1,1,3148,-44,1654781163539598,1654781163539598,
300833b2ddd9014000030001,1,1,968,-52,1654781163540644,1654781163540644,
300833b2ddd9014000030009,1,1,2332,-44,1654781163541772,1654781163541772,
300833b2ddd9014000030002,1,1,32,-48,1654781163543095,1654781163543095,
300833b2ddd9014000030008,1,1,3188,-44,1654781163548327,1654781163548327,
300833b2ddd9014000030009,1,1,2316,-44,1654781163549625,1654781163549625,
300833b2ddd9014000030002,1,1,40,-48,1654781163551175,1654781163551175,
300833b2ddd9014000030001,1,1,944,-52,1654781163553211,1654781163553211,
300833b2ddd9014000030001,1,1,1020,-52,1654781163584219,1654781163584219,
300833b2ddd9014000030009,1,1,2292,-44,1654781163585929,1654781163585929,
300833b2ddd9014000030008,1,1,3184,-44,1654781163587012,1654781163587012,
300833b2ddd9014000030002,1,1,40,-48,1654781163588123,1654781163588123,
300833b2ddd9014000030008,1,1,3164,-44,1654781163591576,1654781163591576,
300833b2ddd9014000030002,1,1,20,-48,1654781163593738,1654781163593738,
300833b2ddd9014000030009,1,1,2288,-44,1654781163594837,1654781163594837,
300833b2ddd9014000030001,1,1,1016,-52,1654781163595924,1654781163595924,
300833b2ddd9014000030008,1,1,3132,-45,1654781163632310,1654781163632310,
300833b2ddd9014000030002,1,1,36,-49,1654781163633635,1654781163633635,
300833b2ddd9014000030009,1,1,2312,-45,1654781163635473,1654781163635473,
300833b2ddd9014000030001,1,1,1184,-51,1654781163637767,1654781163637767,
300833b2ddd9014000030009,1,1,2324,-45,1654781163641268,1654781163641268,
300833b2ddd9014000030008,1,1,3124,-45,1654781163642976,1654781163642976,
300833b2ddd9014000030002,1,1,40,-49,1654781163644004,1654781163644004,
300833b2ddd9014000030001,1,1,1224,-51,1654781163645448,1654781163645448,
300833b2ddd9014000030001,1,1,1304,-50,1654781163681554,1654781163681554,
300833b2ddd9014000030008,1,1,3092,-45,1654781163682636,1654781163682636,
300833b2ddd9014000030009,1,1,2348,-45,1654781163684731,1654781163684731,
300833b2ddd9014000030002,1,1,4,-50,1654781163686468,1654781163686468,
300833b2ddd9014000030008,1,1,3088,-45,1654781163690399,1654781163690399,
300833b2ddd9014000030002,1,1,4092,-50,1654781163691468,1654781163691468,
300833b2ddd9014000030009,1,1,2376,-46,1654781163692581,1654781163692581,
300833b2ddd9014000030001,1,1,1296,-49,1654781163693909,1654781163693909,
300833b2ddd9014000030009,1,1,2392,-46,1654781163726975,1654781163726975,
300833b2ddd9014000030002,1,1,8,-50,1654781163728948,1654781163728948,
300833b2ddd9014000030001,1,1,1228,-48,1654781163730618,1654781163730618,
300833b2ddd9014000030008,1,1,3080,-46,1654781163731688,1654781163731688,
300833b2ddd9014000030008,1,1,3088,-46,1654781163737377,1654781163737377,
300833b2ddd9014000030002,1,1,4,-50,1654781163739036,1654781163739036,
300833b2ddd9014000030009,1,1,2432,-46,1654781163740732,1654781163740732,
300833b2ddd9014000030001,1,1,1160,-48,1654781163754771,1654781163754771,
300833b2ddd9014000030001,1,1,1168,-48,1654781163784337,1654781163784337,
300833b2ddd9014000030002,1,1,56,-50,1654781163785421,1654781163785421,
300833b2ddd9014000030008,1,1,3112,-45,1654781163788291,1654781163788291,
300833b2ddd9014000030009,1,1,2452,-45,1654781163789406,1654781163789406,
300833b2ddd9014000030001,1,1,1152,-48,1654781163792754,1654781163792754,
300833b2ddd9014000030008,1,1,3120,-45,1654781163794121,1654781163794121,
300833b2ddd9014000030002,1,1,40,-49,1654781163795203,1654781163795203,
300833b2ddd9014000030009,1,1,2436,-45,1654781163796954,1654781163796954,
300833b2ddd9014000030009,1,1,2444,-44,1654781163835149,1654781163835149,
300833b2ddd9014000030001,1,1,1152,-50,1654781163836261,1654781163836261,
300833b2ddd9014000030008,1,1,3116,-44,1654781163837560,1654781163837560,
300833b2ddd9014000030002,1,1,64,-49,1654781163838786,1654781163838786,
300833b2ddd9014000030002,1,1,84,-49,1654781163842118,1654781163842118,
300833b2ddd9014000030009,1,1,2468,-44,1654781163843218,1654781163843218,
300833b2ddd9014000030008,1,1,3120,-44,1654781163844287,1654781163844287,
300833b2ddd9014000030001,1,1,1164,-51,1654781163846468,1654781163846468,
300833b2ddd9014000030009,1,1,2452,-44,1654781163878326,1654781163878326,
300833b2ddd9014000030008,1,1,3104,-44,1654781163879479,1654781163879479,
300833b2ddd9014000030002,1,1,84,-49,1654781163880831,1654781163880831,
300833b2ddd9014000030001,1,1,1188,-51,1654781163881907,1654781163881907,
300833b2ddd9014000030009,1,1,2464,-43,1654781163885779,1654781163885779,
300833b2ddd9014000030002,1,1,60,-49,1654781163887487,1654781163887487,
300833b2ddd9014000030008,1,1,3108,-44,1654781163888612,1654781163888612,
300833b2ddd9014000030001,1,1,1216,-51,1654781163890312,1654781163890312,
300833b2ddd9014000030008,1,1,3076,-44,1654781163925906,1654781163925906,
300833b2ddd9014000030002,1,1,40,-49,1654781163927230,1654781163927230,
300833b2ddd9014000030009,1,1,2460,-43,1654781163928359,1654781163928359,
300833b2ddd9014000030001,1,1,1252,-50,1654781163929717,1654781163929717,
300833b2ddd9014000030001,1,1,1244,-50,1654781163934780,1654781163934780,
300833b2ddd9014000030008,1,1,3060,-45,1654781163936034,1654781163936034,
300833b2ddd9014000030009,1,1,2444,-43,1654781163937587,1654781163937587,
300833b2ddd9014000030002,1,1,12,-49,1654781163938671,1654781163938671,
300833b2ddd9014000030008,1,1,3044,-45,1654781163969918,1654781163969918,
300833b2ddd9014000030009,1,1,2400,-43,1654781163971501,1654781163971501,
300833b2ddd9014000030002,1,1,12,-49,1654781163972869,1654781163972869,
300833b2ddd9014000030001,1,1,1280,-49,1654781163975422,1654781163975422,
300833b2ddd9014000030009,1,1,2416,-43,1654781163978986,1654781163978986,
300833b2ddd9014000030008,1,1,3032,-45,1654781163980053,1654781163980053,
300833b2ddd9014000030002,1,1,4,-48,1654781163981605,1654781163981605,
300833b2ddd9014000030001,1,1,1236,-50,1654781163984172,1654781163984172,
300833b2ddd9014000030008,1,1,3028,-44,1654781164014223,1654781164014223,
300833b2ddd9014000030009,1,1,2412,-43,1654781164015521,1654781164015521,
300833b2ddd9014000030002,1,1,4088,-48,1654781164016860,1654781164016860,
300833b2ddd9014000030001,1,1,1244,-49,1654781164017935,1654781164017935,
300833b2ddd9014000030009,1,1,2412,-43,1654781164022521,1654781164022521,
300833b2ddd9014000030008,1,1,3008,-44,1654781164024101,1654781164024101,
300833b2ddd9014000030002,1,1,28,-48,1654781164025665,1654781164025665,
300833b2ddd9014000030001,1,1,1256,-49,1654781164026753,1654781164026753,
300833b2ddd9014000030009,1,1,2424,-43,1654781164058057,1654781164058057,
300833b2ddd9014000030001,1,1,1236,-50,1654781164059598,1654781164059598,
300833b2ddd9014000030002,1,1,20,-48,1654781164060696,1654781164060696,
300833b2ddd9014000030008,1,1,3028,-44,1654781164063126,1654781164063126,
300833b2ddd9014000030009,1,1,2444,-43,1654781164066743,1654781164066743,
300833b2ddd9014000030002,1,1,24,-48,1654781164067843,1654781164067843,
300833b2ddd9014000030008,1,1,3060,-44,1654781164068910,1654781164068910,
300833b2ddd9014000030001,1,1,1236,-49,1654781164070451,1654781164070451,
300833b2ddd9014000030001,1,1,1224,-50,1654781164102192,1654781164102192,
300833b2ddd9014000030009,1,1,2464,-43,1654781164103262,1654781164103262,
300833b2ddd9014000030008,1,1,3056,-44,1654781164105309,1654781164105309,
300833b2ddd9014000030002,1,1,32,-48,1654781164107020,1654781164107020,
300833b2ddd9014000030001,1,1,1208,-49,1654781164110863,1654781164110863,
300833b2ddd9014000030009,1,1,2452,-43,1654781164114749,1654781164114749,
300833b2ddd9014000030008,1,1,3052,-44,1654781164115800,1654781164115800,
300833b2ddd9014000030002,1,1,48,-48,1654781164117001,1654781164117001,
300833b2ddd9014000030008,1,1,3080,-44,1654781164147163,1654781164147163,
300833b2ddd9014000030001,1,1,1196,-49,1654781164149089,1654781164149089,
300833b2ddd9014000030009,1,1,2452,-43,1654781164150189,1654781164150189,
300833b2ddd9014000030002,1,1,72,-48,1654781164151629,1654781164151629,
300833b2ddd9014000030002,1,1,56,-48,1654781164154624,1654781164154624,
300833b2ddd9014000030008,1,1,3076,-44,1654781164155763,1654781164155763,
300833b2ddd9014000030001,1,1,1180,-49,1654781164156863,1654781164156863,
300833b2ddd9014000030009,1,1,2448,-43,1654781164158475,1654781164158475,
300833b2ddd9014000030001,1,1,1192,-47,1654781164410280,1654781164410280,
300833b2ddd9014000030008,1,1,3028,-44,1654781164411746,1654781164411746,
300833b2ddd9014000030009,1,1,2368,-42,1654781164413087,1654781164413087,
300833b2ddd9014000030002,1,1,96,-47,1654781164414594,1654781164414594,
300833b2ddd9014000030008,1,1,3028,-44,1654781164418669,1654781164418669,
300833b2ddd9014000030002,1,1,96,-47,1654781164419739,1654781164419739,
300833b2ddd9014000030009,1,1,2376,-42,1654781164420852,1654781164420852,
300833b2ddd9014000030001,1,1,1224,-47,1654781164421897,1654781164421897,
300833b2ddd9014000030009,1,1,2372,-42,1654781164452925,1654781164452925,
300833b2ddd9014000030002,1,1,108,-47,1654781164454035,1654781164454035,
300833b2ddd9014000030001,1,1,1248,-47,1654781164455364,1654781164455364,
300833b2ddd9014000030008,1,1,3028,-44,1654781164456447,1654781164456447,
300833b2ddd9014000030008,1,1,3032,-44,1654781164461180,1654781164461180,
300833b2ddd9014000030001,1,1,1232,-47,1654781164462282,1654781164462282,
300833b2ddd9014000030009,1,1,2376,-42,1654781164463329,1654781164463329,
300833b2ddd9014000030002,1,1,112,-47,1654781164464907,1654781164464907,
300833b2ddd9014000030002,1,1,104,-48,1654781164496398,1654781164496398,
300833b2ddd9014000030008,1,1,3028,-44,1654781164498005,1654781164498005,
300833b2ddd9014000030001,1,1,1216,-47,1654781164499107,1654781164499107,
300833b2ddd9014000030009,1,1,2376,-42,1654781164500660,1654781164500660,
300833b2ddd9014000030009,1,1,2388,-42,1654781164504869,1654781164504869,
300833b2ddd9014000030001,1,1,1236,-47,1654781164506182,1654781164506182,
300833b2ddd9014000030002,1,1,108,-48,1654781164507263,1654781164507263,
300833b2ddd9014000030008,1,1,3024,-44,1654781164508844,1654781164508844,
300833b2ddd9014000030002,1,1,100,-47,1654781164541370,1654781164541370,
300833b2ddd9014000030009,1,1,2396,-42,1654781164542918,1654781164542918,
300833b2ddd9014000030008,1,1,3032,-44,1654781164544144,1654781164544144,
300833b2ddd9014000030001,1,1,1248,-47,1654781164545274,1654781164545274,
300833b2ddd9014000030009,1,1,2380,-42,1654781164548026,1654781164548026,
300833b2ddd9014000030001,1,1,1264,-47,1654781164549949,1654781164549949,
300833b2ddd9014000030002,1,1,124,-47,1654781164551020,1654781164551020,
300833b2ddd9014000030008,1,1,3040,-44,1654781164552089,1654781164552089,
300833b2ddd9014000030001,1,1,1240,-47,1654781164583169,1654781164583169,
300833b2ddd9014000030002,1,1,128,-47,1654781164584987,1654781164584987,
300833b2ddd9014000030009,1,1,2404,-42,1654781164586072,1654781164586072,
300833b2ddd9014000030008,1,1,3036,-44,1654781164587495,1654781164587495,
300833b2ddd9014000030002,1,1,104,-47,1654781164590948,1654781164590948,
300833b2ddd9014000030008,1,1,3040,-44,1654781164592417,1654781164592417,
300833b2ddd9014000030009,1,1,2384,-42,1654781164593516,1654781164593516,
300833b2ddd9014000030001,1,1,1232,-47,1654781164594873,1654781164594873,
300833b2ddd9014000030009,1,1,2404,-42,1654781164626945,1654781164626945,
300833b2ddd9014000030008,1,1,3028,-44,1654781164630598,1654781164630598,
300833b2ddd9014000030001,1,1,1248,-47,1654781164631657,1654781164631657,
300833b2ddd9014000030009,1,1,2396,-42,1654781164634652,1654781164634652,
300833b2ddd9014000030008,1,1,3032,-44,1654781164637222,1654781164637222,
300833b2ddd9014000030001,1,1,1248,-47,1654781164638311,1654781164638311,
300833b2ddd9014000030002,1,1,116,-48,1654781164639508,1654781164639508,
300833b2ddd9014000030001,1,1,1256,-47,1654781164670325,1654781164670325,
300833b2ddd9014000030009,1,1,2416,-42,1654781164671350,1654781164671350,
300833b2ddd9014000030008,1,1,3032,-44,1654781164672451,1654781164672451,
300833b2ddd9014000030002,1,1,124,-47,1654781164673534,1654781164673534,
300833b2ddd9014000030009,1,1,2392,-42,1654781164677343,1654781164677343,
300833b2ddd9014000030001,1,1,1268,-47,1654781164678812,1654781164678812,
300833b2ddd9014000030008,1,1,3020,-44,1654781164680108,1654781164680108,
300833b2ddd9014000030002,1,1,112,-48,1654781164681848,1654781164681848,
300833b2ddd9014000030008,1,1,3044,-44,1654781164711820,1654781164711820,
300833b2ddd9014000030009,1,1,2380,-42,1654781164712920,1654781164712920,
300833b2ddd9014000030001,1,1,1248,-47,1654781164714999,1654781164714999,
300833b2ddd9014000030002,1,1,112,-47,1654781164716210,1654781164716210,
300833b2ddd9014000030002,1,1,120,-47,1654781164720599,1654781164720599,
300833b2ddd9014000030001,1,1,1264,-47,1654781164722525,1654781164722525,
300833b2ddd9014000030008,1,1,3024,-44,1654781164723665,1654781164723665,
300833b2ddd9014000030009,1,1,2408,-42,1654781164724692,1654781164724692,
300833b2ddd9014000030009,1,1,2400,-42,1654781164755518,1654781164755518,
300833b2ddd9014000030008,1,1,3028,-44,1654781164756940,1654781164756940,
300833b2ddd9014000030002,1,1,116,-48,1654781164758210,1654781164758210,
300833b2ddd9014000030001,1,1,1236,-47,1654781164759656,1654781164759656,
300833b2ddd9014000030009,1,1,2392,-42,1654781164764726,1654781164764726,
300833b2ddd9014000030001,1,1,1272,-47,1654781164767114,1654781164767114,
300833b2ddd9014000030008,1,1,3028,-44,1654781164769142,1654781164769142,
300833b2ddd9014000030002,1,1,128,-47,1654781164770854,1654781164770854,
300833b2ddd9014000030008,1,1,3032,-44,1654781164801387,1654781164801387,
300833b2ddd9014000030009,1,1,2404,-42,1654781164802614,1654781164802614,
300833b2ddd9014000030002,1,1,120,-47,1654781164803697,1654781164803697,
300833b2ddd9014000030001,1,1,1248,-47,1654781164805056,1654781164805056,
300833b2ddd9014000030002,1,1,108,-47,1654781164809232,1654781164809232,
300833b2ddd9014000030001,1,1,1272,-47,1654781164810448,1654781164810448,
300833b2ddd9014000030008,1,1,3036,-44,1654781164811573,1654781164811573,
300833b2ddd9014000030009,1,1,2412,-42,1654781164812900,1654781164812900,
300833b2ddd9014000030009,1,1,2396,-42,1654781164845285,1654781164845285,
300833b2ddd9014000030008,1,1,3032,-44,1654781164847234,1654781164847234,
300833b2ddd9014000030002,1,1,136,-47,1654781164848432,1654781164848432,
300833b2ddd9014000030001,1,1,1244,-47,1654781164849620,1654781164849620,
300833b2ddd9014000030009,1,1,2392,-42,1654781164853480,1654781164853480,
300833b2ddd9014000030002,1,1,108,-47,1654781164854549,1654781164854549,
300833b2ddd9014000030001,1,1,1268,-47,1654781164855650,1654781164855650,
300833b2ddd9014000030008,1,1,3044,-44,1654781164856748,1654781164856748,
300833b2ddd9014000030002,1,1,112,-47,1654781164887072,1654781164887072,
300833b2ddd9014000030009,1,1,2384,-42,1654781164888400,1654781164888400,
300833b2ddd9014000030008,1,1,3032,-44,1654781164890175,1654781164890175,
300833b2ddd9014000030001,1,1,1252,-47,1654781164894751,1654781164894751,
300833b2ddd9014000030002,1,1,116,-47,1654781164896331,1654781164896331,
300833b2ddd9014000030008,1,1,3048,-44,1654781164897400,1654781164897400,
300833b2ddd9014000030009,1,1,2408,-42,1654781164898953,1654781164898953,
300833b2ddd9014000030008,1,1,3040,-44,1654781164930394,1654781164930394,
300833b2ddd9014000030009,1,1,2400,-42,1654781164931706,1654781164931706,
300833b2ddd9014000030002,1,1,100,-48,1654781164934407,1654781164934407,
300833b2ddd9014000030008,1,1,3024,-44,1654781164938722,1654781164938722,
300833b2ddd9014000030002,1,1,112,-47,1654781164940202,1654781164940202,
300833b2ddd9014000030009,1,1,2400,-42,1654781164941514,1654781164941514,
300833b2ddd9014000030001,1,1,1264,-47,1654781164942984,1654781164942984,
300833b2ddd9014000030001,1,1,1264,-47,1654781164973819,1654781164973819,
300833b2ddd9014000030008,1,1,3036,-44,1654781164974831,1654781164974831,
300833b2ddd9014000030002,1,1,92,-47,1654781164975944,1654781164975944,
300833b2ddd9014000030009,1,1,2384,-42,1654781164977071,1654781164977071,
300833b2ddd9014000030001,1,1,1244,-47,1654781164980516,1654781164980516,
300833b2ddd9014000030009,1,1,2392,-42,1654781164982068,1654781164982068,
300833b2ddd9014000030002,1,1,124,-47,1654781164983151,1654781164983151,
300833b2ddd9014000030008,1,1,3040,-44,1654781164984504,1654781164984504,
300833b2ddd9014000030008,1,1,3028,-44,1654781165016667,1654781165016667,
300833b2ddd9014000030001,1,1,1256,-47,1654781165017841,1654781165017841,
300833b2ddd9014000030009,1,1,2380,-42,1654781165019152,1654781165019152,
300833b2ddd9014000030002,1,1,116,-47,1654781165020264,1654781165020264,
300833b2ddd9014000030008,1,1,3028,-45,1654781165023968,1654781165023968,
300833b2ddd9014000030002,1,1,120,-47,1654781165025390,1654781165025390,
300833b2ddd9014000030001,1,1,1256,-47,1654781165026523,1654781165026523,
300833b2ddd9014000030009,1,1,2392,-42,1654781165027594,1654781165027594,
300833b2ddd9014000030009,1,1,2388,-42,1654781165059241,1654781165059241,
300833b2ddd9014000030001,1,1,1256,-47,1654781165060386,1654781165060386,
300833b2ddd9014000030002,1,1,152,-48,1654781165061440,1654781165061440,
300833b2ddd9014000030008,1,1,3028,-45,1654781165065023,1654781165065023,
300833b2ddd9014000030009,1,1,2396,-42,1654781165069504,1654781165069504,
300833b2ddd9014000030002,1,1,136,-48,1654781165070871,1654781165070871,
300833b2ddd9014000030008,1,1,3076,-45,1654781165071929,1654781165071929,
300833b2ddd9014000030001,1,1,1244,-47,1654781165074706,1654781165074706,
300833b2ddd9014000030001,1,1,1232,-47,1654781165105350,1654781165105350,
300833b2ddd9014000030002,1,1,112,-48,1654781165107045,1654781165107045,
300833b2ddd9014000030008,1,1,3012,-44,1654781165108383,1654781165108383,
300833b2ddd9014000030002,1,1,124,-48,1654781165111783,1654781165111783,
300833b2ddd9014000030008,1,1,3036,-44,1654781165113137,1654781165113137,
300833b2ddd9014000030009,1,1,2380,-42,1654781165114705,1654781165114705,
300833b2ddd9014000030001,1,1,1240,-47,1654781165115792,1654781165115792,
300833b2ddd9014000030002,1,1,120,-48,1654781165147515,1654781165147515,
300833b2ddd9014000030001,1,1,1244,-47,1654781165149448,1654781165149448,
300833b2ddd9014000030008,1,1,3028,-44,1654781165151222,1654781165151222,
300833b2ddd9014000030009,1,1,2388,-42,1654781165152336,1654781165152336,
300833b2ddd9014000030009,1,1,2388,-42,1654781165155563,1654781165155563,
300833b2ddd9014000030002,1,1,132,-48,1654781165157270,1654781165157270,
300833b2ddd9014000030001,1,1,1236,-47,1654781165159008,1654781165159008,
300833b2ddd9014000030008,1,1,3024,-44,1654781165160074,1654781165160074,
300833b2ddd9014000030009,1,1,2388,-42,1654781165191356,1654781165191356,
300833b2ddd9014000030001,1,1,1232,-47,1654781165192485,1654781165192485,
300833b2ddd9014000030002,1,1,136,-48,1654781165193710,1654781165193710,
300833b2ddd9014000030001,1,1,1252,-47,1654781165198012,1654781165198012,
300833b2ddd9014000030008,1,1,3036,-44,1654781165199359,1654781165199359,
300833b2ddd9014000030009,1,1,2380,-42,1654781165200401,1654781165200401,
300833b2ddd9014000030002,1,1,132,-48,1654781165201965,1654781165201965,
300833b2ddd9014000030009,1,1,2388,-42,1654781165233668,1654781165233668,
300833b2ddd9014000030008,1,1,3036,-44,1654781165235369,1654781165235369,
300833b2ddd9014000030002,1,1,116,-48,1654781165236497,1654781165236497,
300833b2ddd9014000030009,1,1,2396,-42,1654781165240768,1654781165240768,
300833b2ddd9014000030008,1,1,3032,-44,1654781165243147,1654781165243147,
300833b2ddd9014000030001,1,1,1244,-47,1654781165244407,1654781165244407,
300833b2ddd9014000030002,1,1,128,-48,1654781165245731,1654781165245731,
300833b2ddd9014000030009,1,1,2368,-42,1654781165276563,1654781165276563,
300833b2ddd9014000030001,1,1,1256,-47,1654781165277690,1654781165277690,
300833b2ddd9014000030008,1,1,3008,-44,1654781165279004,1654781165279004,
300833b2ddd9014000030002,1,1,116,-48,1654781165281791,1654781165281791,
300833b2ddd9014000030008,1,1,3028,-44,1654781165286265,1654781165286265,
300833b2ddd9014000030009,1,1,2396,-42,1654781165287788,1654781165287788,
300833b2ddd9014000030001,1,1,1216,-47,1654781165289343,1654781165289343,
300833b2ddd9014000030002,1,1,108,-48,1654781165291066,1654781165291066,
300833b2ddd9014000030002,1,1,96,-48,1654781165322057,1654781165322057,
300833b2ddd9014000030001,1,1,1220,-47,1654781165323553,1654781165323553,
300833b2ddd9014000030008,1,1,3020,-44,1654781165324634,1654781165324634,
300833b2ddd9014000030009,1,1,2368,-42,1654781165326203,1654781165326203,
300833b2ddd9014000030001,1,1,1236,-47,1654781165331176,1654781165331176,
300833b2ddd9014000030009,1,1,2380,-42,1654781165332362,1654781165332362,
300833b2ddd9014000030008,1,1,3036,-45,1654781165333442,1654781165333442,
300833b2ddd9014000030002,1,1,116,-48,1654781165334780,1654781165334780,
300833b2ddd9014000030001,1,1,1236,-47,1654781165365566,1654781165365566,
300833b2ddd9014000030009,1,1,2380,-42,1654781165367249,1654781165367249,
300833b2ddd9014000030008,1,1,3040,-44,1654781165368347,1654781165368347,
300833b2ddd9014000030002,1,1,108,-48,1654781165370056,1654781165370056,
300833b2ddd9014000030002,1,1,96,-48,1654781165373804,1654781165373804,
300833b2ddd9014000030008,1,1,3044,-44,1654781165375016,1654781165375016,
300833b2ddd9014000030009,1,1,2372,-42,1654781165376343,1654781165376343,
300833b2ddd9014000030001,1,1,1240,-47,1654781165378056,1654781165378056,
300833b2ddd9014000030008,1,1,3036,-44,1654781165407909,1654781165407909,
300833b2ddd9014000030009,1,1,2384,-42,1654781165408995,1654781165408995,
300833b2ddd9014000030002,1,1,96,-48,1654781165410305,1654781165410305,
300833b2ddd9014000030001,1,1,1240,-47,1654781165411860,1654781165411860,
300833b2ddd9014000030001,1,1,1224,-47,1654781165416575,1654781165416575,
300833b2ddd9014000030009,1,1,2372,-42,1654781165418285,1654781165418285,
300833b2ddd9014000030002,1,1,84,-47,1654781165419370,1654781165419370,
300833b2ddd9014000030008,1,1,3024,-44,1654781165420483,1654781165420483,
300833b2ddd9014000030009,1,1,2372,-42,1654781165451189,1654781165451189,
300833b2ddd9014000030008,1,1,3028,-44,1654781165453135,1654781165453135,
300833b2ddd9014000030001,1,1,1224,-47,1654781165454209,1654781165454209,
300833b2ddd9014000030002,1,1,96,-47,1654781165455562,1654781165455562,
300833b2ddd9014000030002,1,1,100,-48,1654781165460457,1654781165460457,
300833b2ddd9014000030008,1,1,3036,-44,1654781165462364,1654781165462364,
300833b2ddd9014000030009,1,1,2376,-42,1654781165463734,1654781165463734,
300833b2ddd9014000030001,1,1,1204,-47,1654781165464850,1654781165464850,
300833b2ddd9014000030001,1,1,1220,-47,1654781165495282,1654781165495282,
300833b2ddd9014000030008,1,1,3040,-44,1654781165496380,1654781165496380,
300833b2ddd9014000030002,1,1,92,-48,1654781165497464,1654781165497464,
300833b2ddd9014000030009,1,1,2380,-42,1654781165498988,1654781165498988,
300833b2ddd9014000030001,1,1,1224,-47,1654781165503933,1654781165503933,
300833b2ddd9014000030002,1,1,84,-48,1654781165505628,1654781165505628,
300833b2ddd9014000030009,1,1,2360,-42,1654781165506715,1654781165506715,
300833b2ddd9014000030008,1,1,3036,-44,1654781165507795,1654781165507795,
300833b2ddd9014000030009,1,1,2376,-42,1654781165539202,1654781165539202,
300833b2ddd9014000030001,1,1,1240,-47,1654781165540433,1654781165540433,
300833b2ddd9014000030008,1,1,3044,-44,1654781165541772,1654781165541772,
300833b2ddd9014000030002,1,1,100,-47,1654781165542825,1654781165542825,
300833b2ddd9014000030008,1,1,3040,-44,1654781165546208,1654781165546208,
300833b2ddd9014000030009,1,1,2380,-42,1654781165547564,1654781165547564,
300833b2ddd9014000030002,1,1,88,-47,1654781165548873,1654781165548873,
300833b2ddd9014000030001,1,1,1216,-47,1654781165550458,1654781165550458,
300833b2ddd9014000030002,1,1,88,-47,1654781165581897,1654781165581897,
300833b2ddd9014000030008,1,1,3048,-44,1654781165583815,1654781165583815,
300833b2ddd9014000030009,1,1,2380,-42,1654781165584871,1654781165584871,
300833b2ddd9014000030001,1,1,1240,-47,1654781165585913,1654781165585913,
300833b2ddd9014000030009,1,1,2380,-42,1654781165590997,1654781165590997,
300833b2ddd9014000030001,1,1,1228,-47,1654781165592705,1654781165592705,
300833b2ddd9014000030008,1,1,3036,-44,1654781165593831,1654781165593831,
300833b2ddd9014000030002,1,1,100,-47,1654781165595767,1654781165595767,
300833b2ddd9014000030001,1,1,1216,-47,1654781165629947,1654781165629947,
300833b2ddd9014000030008,1,1,3032,-45,1654781165631014,1654781165631014,
300833b2ddd9014000030002,1,1,112,-48,1654781165632108,1654781165632108,
300833b2ddd9014000030009,1,1,2352,-43,1654781165633947,1654781165633947,
300833b2ddd9014000030009,1,1,2368,-42,1654781165665411,1654781165665411,
300833b2ddd9014000030002,1,1,116,-48,1654781165667090,1654781165667090,
300833b2ddd9014000030008,1,1,3036,-44,1654781165668458,1654781165668458,
300833b2ddd9014000030008,1,1,3024,-44,1654781165673067,1654781165673067,
300833b2ddd9014000030001,1,1,1220,-47,1654781165674381,1654781165674381,
300833b2ddd9014000030009,1,1,2368,-42,1654781165675479,1654781165675479,
300833b2ddd9014000030002,1,1,112,-48,1654781165676886,1654781165676886,
300833b2ddd9014000030008,1,1,3020,-45,1654781165707003,1654781165707003,
300833b2ddd9014000030009,1,1,2380,-42,1654781165708356,1654781165708356,
300833b2ddd9014000030002,1,1,112,-48,1654781165709907,1654781165709907,
300833b2ddd9014000030001,1,1,1224,-47,1654781165712246,1654781165712246,
300833b2ddd9014000030009,1,1,2364,-42,1654781165715361,1654781165715361,
300833b2ddd9014000030001,1,1,1224,-47,1654781165716958,1654781165716958,
300833b2ddd9014000030008,1,1,3028,-44,1654781165718056,1654781165718056,
300833b2ddd9014000030002,1,1,96,-48,1654781165720220,1654781165720220,
300833b2ddd9014000030001,1,1,1220,-47,1654781165752267,1654781165752267,
300833b2ddd9014000030008,1,1,3036,-45,1654781165753857,1654781165753857,
300833b2ddd9014000030002,1,1,104,-48,1654781165755082,1654781165755082,
300833b2ddd9014000030008,1,1,3040,-45,1654781165759872,1654781165759872,
300833b2ddd9014000030002,1,1,104,-48,1654781165761551,1654781165761551,
300833b2ddd9014000030009,1,1,2376,-43,1654781165763145,1654781165763145,
300833b2ddd9014000030001,1,1,1240,-47,1654781165764601,1654781165764601,