epc,atenda,atendanum,phase,RSS,timestamp,timestamp2,
300833b2ddd9014000030002,1,1,196,-47,1654781291342711,1654781291342711,
300833b2ddd9014000030008,1,1,3192,-43,1654781291344406,1654781291344406,
300833b2ddd9014000030001,1,1,1120,-50,1654781291345493,1654781291345493,
300833b2ddd9014000030009,1,1,2432,-45,1654781291347191,1654781291347191,
300833b2ddd9014000030002,1,1,216,-47,1654781291350480,1654781291350480,
300833b2ddd9014000030008,1,1,3188,-43,1654781291351921,1654781291351921,
300833b2ddd9014000030009,1,1,2436,-45,1654781291353221,1654781291353221,
300833b2ddd9014000030001,1,1,1116,-50,1654781291354293,1654781291354293,
300833b2ddd9014000030008,1,1,3188,-44,1654781291385769,1654781291385769,
300833b2ddd9014000030001,1,1,1140,-50,1654781291386814,1654781291386814,
300833b2ddd9014000030002,1,1,196,-47,1654781291388380,1654781291388380,
300833b2ddd9014000030009,1,1,2436,-45,1654781291391410,1654781291391410,
300833b2ddd9014000030009,1,1,2432,-45,1654781291394461,1654781291394461,
300833b2ddd9014000030002,1,1,208,-47,1654781291396183,1654781291396183,
300833b2ddd9014000030008,1,1,3184,-43,1654781291397508,1654781291397508,
300833b2ddd9014000030001,1,1,1124,-50,1654781291398581,1654781291398581,
300833b2ddd9014000030009,1,1,2452,-45,1654781291429222,1654781291429222,
300833b2ddd9014000030008,1,1,3196,-44,1654781291430562,1654781291430562,
300833b2ddd9014000030001,1,1,1124,-50,1654781291431878,1654781291431878,
300833b2ddd9014000030002,1,1,200,-48,1654781291433829,1654781291433829,
300833b2ddd9014000030008,1,1,3192,-43,1654781291437678,1654781291437678,
300833b2ddd9014000030002,1,1,216,-47,1654781291439057,1654781291439057,
300833b2ddd9014000030009,1,1,2440,-45,1654781291440387,1654781291440387,
300833b2ddd9014000030001,1,1,1100,-50,1654781291441685,1654781291441685,
300833b2ddd9014000030001,1,1,1128,-50,1654781291473118,1654781291473118,
300833b2ddd9014000030008,1,1,3196,-43,1654781291474424,1654781291474424,
300833b2ddd9014000030009,1,1,2440,-45,1654781291475981,1654781291475981,
300833b2ddd9014000030002,1,1,196,-47,1654781291477063,1654781291477063,
300833b2ddd9014000030008,1,1,3192,-43,1654781291481781,1654781291481781,
300833b2ddd9014000030009,1,1,2448,-45,1654781291483107,1654781291483107,
300833b2ddd9014000030002,1,1,204,-48,1654781291484221,1654781291484221,
300833b2ddd9014000030001,1,1,1132,-50,1654781291485845,1654781291485845,
300833b2ddd9014000030008,1,1,3192,-43,1654781291517689,1654781291517689,
300833b2ddd9014000030001,1,1,1124,-50,1654781291519161,1654781291519161,
300833b2ddd9014000030002,1,1,196,-47,1654781291520273,1654781291520273,
300833b2ddd9014000030009,1,1,2460,-45,1654781291521342,1654781291521342,
300833b2ddd9014000030008,1,1,3184,-43,1654781291524670,1654781291524670,
300833b2ddd9014000030009,1,1,2432,-45,1654781291526237,1654781291526237,
300833b2ddd9014000030001,1,1,1140,-50,1654781291527323,1654781291527323,
300833b2ddd9014000030002,1,1,204,-48,1654781291528380,1654781291528380,
300833b2ddd9014000030008,1,1,3188,-44,1654781291560052,1654781291560052,
300833b2ddd9014000030002,1,1,204,-48,1654781291561449,1654781291561449,
300833b2ddd9014000030009,1,1,2436,-45,1654781291563272,1654781291563272,
300833b2ddd9014000030001,1,1,1132,-50,1654781291565225,1654781291565225,
300833b2ddd9014000030008,1,1,3188,-43,1654781291569130,1654781291569130,
300833b2ddd9014000030001,1,1,1060,-50,1654781291570461,1654781291570461,
300833b2ddd9014000030009,1,1,2452,-45,1654781291573512,1654781291573512,
300833b2ddd9014000030002,1,1,216,-47,1654781291574638,1654781291574638,
300833b2ddd9014000030009,1,1,2452,-45,1654781291605056,1654781291605056,
300833b2ddd9014000030002,1,1,212,-48,1654781291606236,1654781291606236,
300833b2ddd9014000030008,1,1,3200,-43,1654781291607336,1654781291607336,
300833b2ddd9014000030001,1,1,1108,-50,1654781291608382,1654781291608382,
300833b2ddd9014000030001,1,1,1152,-50,1654781291612260,1654781291612260,
300833b2ddd9014000030008,1,1,3204,-43,1654781291613554,1654781291613554,
300833b2ddd9014000030009,1,1,2460,-45,1654781291614881,1654781291614881,
300833b2ddd9014000030002,1,1,212,-48,1654781291616163,1654781291616163,
300833b2ddd9014000030008,1,1,3192,-43,1654781291647606,1654781291647606,
300833b2ddd9014000030009,1,1,2448,-45,1654781291650062,1654781291650062,
300833b2ddd9014000030001,1,1,1136,-50,1654781291652247,1654781291652247,
300833b2ddd9014000030002,1,1,200,-47,1654781291653662,1654781291653662,
300833b2ddd9014000030001,1,1,1112,-50,1654781291658073,1654781291658073,
300833b2ddd9014000030008,1,1,3196,-43,1654781291659142,1654781291659142,
300833b2ddd9014000030009,1,1,2440,-45,1654781291660256,1654781291660256,
300833b2ddd9014000030002,1,1,204,-47,1654781291661523,1654781291661523,
300833b2ddd9014000030009,1,1,2456,-45,1654781291693954,1654781291693954,
300833b2ddd9014000030008,1,1,3204,-43,1654781291695646,1654781291695646,
300833b2ddd9014000030001,1,1,1128,-50,1654781291697133,1654781291697133,
300833b2ddd9014000030002,1,1,208,-47,1654781291698232,1654781291698232,
300833b2ddd9014000030008,1,1,3200,-43,1654781291701222,1654781291701222,
300833b2ddd9014000030001,1,1,1132,-50,1654781291702928,1654781291702928,
300833b2ddd9014000030009,1,1,2448,-45,1654781291704027,1654781291704027,
300833b2ddd9014000030002,1,1,208,-48,1654781291705380,1654781291705380,
300833b2ddd9014000030001,1,1,1108,-50,1654781291735776,1654781291735776,
300833b2ddd9014000030008,1,1,3200,-43,1654781291736874,1654781291736874,
300833b2ddd9014000030002,1,1,204,-47,1654781291737930,1654781291737930,
300833b2ddd9014000030009,1,1,2444,-45,1654781291739711,1654781291739711,
300833b2ddd9014000030008,1,1,3224,-43,1654781291745004,1654781291745004,
300833b2ddd9014000030009,1,1,2456,-45,1654781291746204,1654781291746204,
300833b2ddd9014000030002,1,1,204,-47,1654781291747527,1654781291747527,
300833b2ddd9014000030001,1,1,1104,-50,1654781291748958,1654781291748958,
300833b2ddd9014000030001,1,1,1124,-50,1654781291779142,1654781291779142,
300833b2ddd9014000030002,1,1,196,-47,1654781291780240,1654781291780240,
300833b2ddd9014000030009,1,1,2452,-45,1654781291781325,1654781291781325,
300833b2ddd9014000030008,1,1,3196,-43,1654781291782620,1654781291782620,
300833b2ddd9014000030008,1,1,3220,-43,1654781291787317,1654781291787317,
300833b2ddd9014000030009,1,1,2448,-45,1654781291788657,1654781291788657,
300833b2ddd9014000030002,1,1,208,-47,1654781291790194,1654781291790194,
300833b2ddd9014000030001,1,1,1112,-50,1654781291792245,1654781291792245,
300833b2ddd9014000030008,1,1,3204,-43,1654781291823041,1654781291823041,
300833b2ddd9014000030002,1,1,204,-48,1654781291824578,1654781291824578,
300833b2ddd9014000030009,1,1,2484,-45,1654781291825663,1654781291825663,
300833b2ddd9014000030001,1,1,1104,-50,1654781291828455,1654781291828455,
300833b2ddd9014000030009,1,1,2448,-45,1654781291832178,1654781291832178,
300833b2ddd9014000030008,1,1,3212,-43,1654781291833658,1654781291833658,
300833b2ddd9014000030002,1,1,212,-48,1654781291835393,1654781291835393,
300833b2ddd9014000030001,1,1,1124,-51,1654781291836524,1654781291836524,
300833b2ddd9014000030002,1,1,208,-47,1654781291866527,1654781291866527,
300833b2ddd9014000030009,1,1,2460,-45,1654781291867584,1654781291867584,
300833b2ddd9014000030001,1,1,1096,-51,1654781291871386,1654781291871386,
300833b2ddd9014000030001,1,1,1124,-50,1654781291875320,1654781291875320,
300833b2ddd9014000030008,1,1,3200,-43,1654781291876669,1654781291876669,
300833b2ddd9014000030009,1,1,2464,-45,1654781291879252,1654781291879252,
300833b2ddd9014000030002,1,1,212,-47,1654781291880677,1654781291880677,
300833b2ddd9014000030001,1,1,1116,-51,1654781291910669,1654781291910669,
300833b2ddd9014000030009,1,1,2460,-45,1654781291913217,1654781291913217,
300833b2ddd9014000030002,1,1,192,-47,1654781291914767,1654781291914767,
300833b2ddd9014000030009,1,1,2456,-45,1654781291918867,1654781291918867,
300833b2ddd9014000030008,1,1,3204,-43,1654781291919991,1654781291919991,
300833b2ddd9014000030001,1,1,1108,-50,1654781291921095,1654781291921095,
300833b2ddd9014000030002,1,1,220,-47,1654781291922574,1654781291922574,
300833b2ddd9014000030008,1,1,3204,-43,1654781291954271,1654781291954271,
300833b2ddd9014000030009,1,1,2448,-45,1654781291955585,1654781291955585,
300833b2ddd9014000030002,1,1,216,-47,1654781291956666,1654781291956666,
300833b2ddd9014000030001,1,1,1112,-51,1654781291957782,1654781291957782,
300833b2ddd9014000030008,1,1,3212,-43,1654781291964259,1654781291964259,
300833b2ddd9014000030002,1,1,204,-47,1654781291965328,1654781291965328,
300833b2ddd9014000030009,1,1,2460,-45,1654781291966922,1654781291966922,
300833b2ddd9014000030001,1,1,1128,-51,1654781291968633,1654781291968633,
300833b2ddd9014000030009,1,1,2460,-45,1654781291999672,1654781291999672,
300833b2ddd9014000030002,1,1,208,-47,1654781292000769,1654781292000769,
300833b2ddd9014000030001,1,1,1108,-51,1654781292002111,1654781292002111,
300833b2ddd9014000030008,1,1,3212,-43,1654781292003647,1654781292003647,
300833b2ddd9014000030001,1,1,1108,-51,1654781292008968,1654781292008968,
300833b2ddd9014000030002,1,1,224,-47,1654781292010343,1654781292010343,
300833b2ddd9014000030008,1,1,3212,-43,1654781292013336,1654781292013336,
300833b2ddd9014000030009,1,1,2464,-45,1654781292014565,1654781292014565,
300833b2ddd9014000030001,1,1,1108,-51,1654781292045522,1654781292045522,
300833b2ddd9014000030008,1,1,3208,-43,1654781292046650,1654781292046650,
300833b2ddd9014000030002,1,1,200,-47,1654781292047705,1654781292047705,
300833b2ddd9014000030009,1,1,2496,-45,1654781292048745,1654781292048745,
300833b2ddd9014000030008,1,1,3220,-43,1654781292052824,1654781292052824,
300833b2ddd9014000030009,1,1,2492,-45,1654781292054561,1654781292054561,
300833b2ddd9014000030001,1,1,1120,-51,1654781292055679,1654781292055679,
300833b2ddd9014000030002,1,1,232,-47,1654781292056902,1654781292056902,
300833b2ddd9014000030008,1,1,3200,-43,1654781292091994,1654781292091994,
300833b2ddd9014000030009,1,1,2480,-45,1654781292093462,1654781292093462,
300833b2ddd9014000030002,1,1,212,-48,1654781292094800,1654781292094800,
300833b2ddd9014000030001,1,1,1112,-51,1654781292095876,1654781292095876,
300833b2ddd9014000030009,1,1,2528,-44,1654781292126178,1654781292126178,
300833b2ddd9014000030008,1,1,3216,-43,1654781292128111,1654781292128111,
300833b2ddd9014000030002,1,1,188,-47,1654781292129437,1654781292129437,
300833b2ddd9014000030001,1,1,1112,-51,1654781292130893,1654781292130893,
300833b2ddd9014000030009,1,1,2496,-45,1654781292133862,1654781292133862,
300833b2ddd9014000030002,1,1,212,-48,1654781292134934,1654781292134934,
300833b2ddd9014000030008,1,1,3216,-43,1654781292136261,1654781292136261,
300833b2ddd9014000030001,1,1,1096,-51,1654781292138420,1654781292138420,
300833b2ddd9014000030008,1,1,3220,-43,1654781292169652,1654781292169652,
300833b2ddd9014000030001,1,1,1084,-51,1654781292170751,1654781292170751,
300833b2ddd9014000030002,1,1,228,-47,1654781292172347,1654781292172347,
300833b2ddd9014000030009,1,1,2480,-45,1654781292174525,1654781292174525,
300833b2ddd9014000030002,1,1,204,-48,1654781292178983,1654781292178983,
300833b2ddd9014000030008,1,1,3216,-43,1654781292180436,1654781292180436,
300833b2ddd9014000030001,1,1,1080,-51,1654781292181524,1654781292181524,
300833b2ddd9014000030009,1,1,2460,-45,1654781292182634,1654781292182634,
300833b2ddd9014000030008,1,1,3200,-43,1654781292212996,1654781292212996,
300833b2ddd9014000030002,1,1,244,-48,1654781292214902,1654781292214902,
300833b2ddd9014000030001,1,1,1104,-51,1654781292216259,1654781292216259,
300833b2ddd9014000030008,1,1,3220,-43,1654781292220074,1654781292220074,
300833b2ddd9014000030009,1,1,2496,-45,1654781292222085,1654781292222085,
300833b2ddd9014000030002,1,1,304,-46,1654781292223398,1654781292223398,
300833b2ddd9014000030001,1,1,1068,-49,1654781292224639,1654781292224639,
300833b2ddd9014000030002,1,1,216,-47,1654781292254632,1654781292254632,
300833b2ddd9014000030001,1,1,1068,-51,1654781292256187,1654781292256187,
300833b2ddd9014000030008,1,1,3220,-43,1654781292258657,1654781292258657,
300833b2ddd9014000030009,1,1,2468,-45,1654781292260041,1654781292260041,
300833b2ddd9014000030009,1,1,2484,-45,1654781292263473,1654781292263473,
300833b2ddd9014000030008,1,1,3220,-43,1654781292264798,1654781292264798,
300833b2ddd9014000030002,1,1,212,-48,1654781292266049,1654781292266049,
300833b2ddd9014000030001,1,1,1104,-51,1654781292267561,1654781292267561,
300833b2ddd9014000030008,1,1,3220,-43,1654781292298702,1654781292298702,
300833b2ddd9014000030001,1,1,1076,-51,1654781292299986,1654781292299986,
300833b2ddd9014000030002,1,1,216,-47,1654781292301371,1654781292301371,
300833b2ddd9014000030009,1,1,2484,-45,1654781292302669,1654781292302669,
300833b2ddd9014000030009,1,1,2492,-45,1654781292307436,1654781292307436,
300833b2ddd9014000030008,1,1,3220,-44,1654781292308829,1654781292308829,
300833b2ddd9014000030002,1,1,216,-47,1654781292310138,1654781292310138,
300833b2ddd9014000030001,1,1,1076,-51,1654781292311197,1654781292311197,
300833b2ddd9014000030008,1,1,3240,-43,1654781292344047,1654781292344047,
300833b2ddd9014000030002,1,1,216,-47,1654781292345145,1654781292345145,
300833b2ddd9014000030001,1,1,1092,-51,1654781292346246,1654781292346246,
300833b2ddd9014000030009,1,1,2500,-45,1654781292347472,1654781292347472,
300833b2ddd9014000030009,1,1,2476,-45,1654781292350476,1654781292350476,
300833b2ddd9014000030008,1,1,3220,-43,1654781292351564,1654781292351564,
300833b2ddd9014000030001,1,1,1080,-51,1654781292353117,1654781292353117,
300833b2ddd9014000030002,1,1,224,-47,1654781292354648,1654781292354648,
300833b2ddd9014000030008,1,1,3236,-43,1654781292386173,1654781292386173,
300833b2ddd9014000030009,1,1,2492,-45,1654781292387856,1654781292387856,
300833b2ddd9014000030001,1,1,1112,-51,1654781292388958,1654781292388958,
300833b2ddd9014000030002,1,1,204,-47,1654781292390254,1654781292390254,
300833b2ddd9014000030001,1,1,1076,-51,1654781292394949,1654781292394949,
300833b2ddd9014000030002,1,1,212,-47,1654781292396282,1654781292396282,
300833b2ddd9014000030008,1,1,3228,-43,1654781292397770,1654781292397770,
300833b2ddd9014000030009,1,1,2476,-45,1654781292398969,1654781292398969,
300833b2ddd9014000030009,1,1,2444,-45,1654781292428826,1654781292428826,
300833b2ddd9014000030002,1,1,216,-47,1654781292429934,1654781292429934,
300833b2ddd9014000030008,1,1,3240,-43,1654781292431245,1654781292431245,
300833b2ddd9014000030001,1,1,1080,-51,1654781292434591,1654781292434591,
300833b2ddd9014000030008,1,1,3232,-43,1654781292437795,1654781292437795,
300833b2ddd9014000030009,1,1,2500,-45,1654781292438865,1654781292438865,
300833b2ddd9014000030001,1,1,1088,-51,1654781292439937,1654781292439937,
300833b2ddd9014000030002,1,1,220,-47,1654781292441318,1654781292441318,
300833b2ddd9014000030008,1,1,3236,-43,1654781292472736,1654781292472736,
300833b2ddd9014000030009,1,1,2500,-45,1654781292475482,1654781292475482,
300833b2ddd9014000030002,1,1,216,-47,1654781292476508,1654781292476508,
300833b2ddd9014000030001,1,1,1072,-51,1654781292477738,1654781292477738,
300833b2ddd9014000030008,1,1,3236,-43,1654781292481091,1654781292481091,
300833b2ddd9014000030002,1,1,220,-47,1654781292483496,1654781292483496,
300833b2ddd9014000030009,1,1,2504,-45,1654781292484584,1654781292484584,
300833b2ddd9014000030001,1,1,1076,-51,1654781292485800,1654781292485800,
300833b2ddd9014000030002,1,1,228,-47,1654781292515596,1654781292515596,
300833b2ddd9014000030009,1,1,2496,-45,1654781292517219,1654781292517219,
300833b2ddd9014000030008,1,1,3252,-43,1654781292519072,1654781292519072,
300833b2ddd9014000030001,1,1,1076,-51,1654781292520798,1654781292520798,
300833b2ddd9014000030009,1,1,2496,-45,1654781292524636,1654781292524636,
300833b2ddd9014000030001,1,1,1068,-52,1654781292526321,1654781292526321,
300833b2ddd9014000030008,1,1,3232,-43,1654781292527844,1654781292527844,
300833b2ddd9014000030002,1,1,204,-47,1654781292529043,1654781292529043,
300833b2ddd9014000030001,1,1,1040,-51,1654781292559433,1654781292559433,
300833b2ddd9014000030008,1,1,3236,-43,1654781292560858,1654781292560858,
300833b2ddd9014000030009,1,1,2472,-45,1654781292562185,1654781292562185,
300833b2ddd9014000030002,1,1,192,-47,1654781292563653,1654781292563653,
300833b2ddd9014000030008,1,1,3248,-43,1654781292569989,1654781292569989,
300833b2ddd9014000030001,1,1,1048,-51,1654781292571959,1654781292571959,
300833b2ddd9014000030009,1,1,2492,-45,1654781292573481,1654781292573481,
300833b2ddd9014000030002,1,1,212,-47,1654781292574934,1654781292574934,
300833b2ddd9014000030001,1,1,1032,-52,1654781292604856,1654781292604856,
300833b2ddd9014000030008,1,1,3256,-43,1654781292606617,1654781292606617,
300833b2ddd9014000030009,1,1,2512,-45,1654781292608607,1654781292608607,
300833b2ddd9014000030002,1,1,208,-47,1654781292609675,1654781292609675,
300833b2ddd9014000030008,1,1,3248,-43,1654781292612938,1654781292612938,
300833b2ddd9014000030001,1,1,1048,-52,1654781292613941,1654781292613941,
300833b2ddd9014000030002,1,1,204,-47,1654781292614995,1654781292614995,
300833b2ddd9014000030009,1,1,2496,-45,1654781292616547,1654781292616547,
300833b2ddd9014000030009,1,1,2508,-45,1654781292648870,1654781292648870,
300833b2ddd9014000030002,1,1,200,-47,1654781292650136,1654781292650136,
300833b2ddd9014000030008,1,1,3256,-43,1654781292651233,1654781292651233,
300833b2ddd9014000030001,1,1,1008,-52,1654781292652663,1654781292652663,
300833b2ddd9014000030002,1,1,192,-46,1654781292655410,1654781292655410,
300833b2ddd9014000030008,1,1,3248,-43,1654781292656720,1654781292656720,
300833b2ddd9014000030009,1,1,2500,-45,1654781292657830,1654781292657830,
300833b2ddd9014000030001,1,1,1016,-52,1654781292658878,1654781292658878,
300833b2ddd9014000030009,1,1,2464,-45,1654781292690920,1654781292690920,
300833b2ddd9014000030008,1,1,3276,-43,1654781292692003,1654781292692003,
300833b2ddd9014000030002,1,1,168,-46,1654781292694037,1654781292694037,
300833b2ddd9014000030001,1,1,1020,-52,1654781292695708,1654781292695708,
300833b2ddd9014000030002,1,1,188,-46,1654781292700051,1654781292700051,
300833b2ddd9014000030001,1,1,984,-52,1654781292701523,1654781292701523,
300833b2ddd9014000030008,1,1,3248,-43,1654781292702621,1654781292702621,
300833b2ddd9014000030009,1,1,2468,-45,1654781292703903,1654781292703903,
300833b2ddd9014000030002,1,1,144,-47,1654781292740170,1654781292740170,
300833b2ddd9014000030008,1,1,3256,-43,1654781292742252,1654781292742252,
300833b2ddd9014000030009,1,1,2468,-44,1654781292743869,1654781292743869,
300833b2ddd9014000030001,1,1,964,-53,1654781292745298,1654781292745298,
300833b2ddd9014000030009,1,1,2452,-45,1654781292748771,1654781292748771,
300833b2ddd9014000030008,1,1,3248,-43,1654781292749982,1654781292749982,
300833b2ddd9014000030002,1,1,140,-47,1654781292751081,1654781292751081,
300833b2ddd9014000030001,1,1,1016,-53,1654781292752809,1654781292752809,
300833b2ddd9014000030001,1,1,976,-53,1654781292782711,1654781292782711,
300833b2ddd9014000030002,1,1,128,-47,1654781292784045,1654781292784045,
300833b2ddd9014000030009,1,1,2496,-45,1654781292786903,1654781292786903,
300833b2ddd9014000030008,1,1,3248,-44,1654781292787983,1654781292787983,
300833b2ddd9014000030002,1,1,124,-47,1654781292791587,1654781292791587,
300833b2ddd9014000030008,1,1,3268,-44,1654781292792657,1654781292792657,
300833b2ddd9014000030009,1,1,2460,-45,1654781292794010,1654781292794010,
300833b2ddd9014000030001,1,1,960,-53,1654781292796235,1654781292796235,
300833b2ddd9014000030001,1,1,1000,-53,1654781292827804,1654781292827804,
300833b2ddd9014000030002,1,1,100,-47,1654781292829285,1654781292829285,
300833b2ddd9014000030008,1,1,3256,-44,1654781292830338,1654781292830338,
300833b2ddd9014000030009,1,1,2416,-45,1654781292831437,1654781292831437,
300833b2ddd9014000030008,1,1,3136,-45,1654781293051612,1654781293051612,
300833b2ddd9014000030009,1,1,2408,-47,1654781293052755,1654781293052755,
300833b2ddd9014000030002,1,1,12,-49,1654781293053965,1654781293053965,
300833b2ddd9014000030001,1,1,1136,-51,1654781293055065,1654781293055065,
300833b2ddd9014000030001,1,1,1060,-51,1654781293085328,1654781293085328,
300833b2ddd9014000030008,1,1,3152,-44,1654781293086952,1654781293086952,
300833b2ddd9014000030009,1,1,2460,-47,1654781293088321,1654781293088321,
300833b2ddd9014000030009,1,1,2448,-47,1654781293091970,1654781293091970,
300833b2ddd9014000030002,1,1,24,-49,1654781293093665,1654781293093665,
300833b2ddd9014000030008,1,1,3140,-45,1654781293095002,1654781293095002,
300833b2ddd9014000030001,1,1,1016,-51,1654781293096118,1654781293096118,
300833b2ddd9014000030002,1,1,92,-49,1654781293132433,1654781293132433,
300833b2ddd9014000030009,1,1,2444,-46,1654781293134504,1654781293134504,
300833b2ddd9014000030001,1,1,1032,-52,1654781293136402,1654781293136402,
300833b2ddd9014000030008,1,1,3156,-44,1654781293140114,1654781293140114,
300833b2ddd9014000030002,1,1,100,-48,1654781293141576,1654781293141576,
300833b2ddd9014000030001,1,1,996,-53,1654781293142635,1654781293142635,
300833b2ddd9014000030009,1,1,2460,-46,1654781293143750,1654781293143750,
300833b2ddd9014000030008,1,1,3172,-44,1654781293174833,1654781293174833,
300833b2ddd9014000030001,1,1,1132,-53,1654781293176278,1654781293176278,
300833b2ddd9014000030002,1,1,124,-48,1654781293177388,1654781293177388,
300833b2ddd9014000030009,1,1,2464,-45,1654781293178477,1654781293178477,
300833b2ddd9014000030001,1,1,1136,-53,1654781293181846,1654781293181846,
300833b2ddd9014000030008,1,1,3168,-44,1654781293182958,1654781293182958,
300833b2ddd9014000030009,1,1,2448,-45,1654781293184044,1654781293184044,
300833b2ddd9014000030002,1,1,116,-48,1654781293186075,1654781293186075,
300833b2ddd9014000030008,1,1,3148,-44,1654781293223403,1654781293223403,
300833b2ddd9014000030009,1,1,2464,-46,1654781293224475,1654781293224475,
300833b2ddd9014000030002,1,1,80,-49,1654781293228032,1654781293228032,
300833b2ddd9014000030001,1,1,1220,-53,1654781293229092,1654781293229092,
300833b2ddd9014000030002,1,1,116,-49,1654781293232946,1654781293232946,
300833b2ddd9014000030001,1,1,1232,-52,1654781293242233,1654781293242233,
300833b2ddd9014000030009,1,1,2456,-46,1654781293243715,1654781293243715,
300833b2ddd9014000030008,1,1,3104,-44,1654781293244797,1654781293244797,
300833b2ddd9014000030001,1,1,1200,-52,1654781293277176,1654781293277176,
300833b2ddd9014000030008,1,1,3056,-45,1654781293278288,1654781293278288,
300833b2ddd9014000030009,1,1,2460,-46,1654781293279629,1654781293279629,
300833b2ddd9014000030002,1,1,28,-48,1654781293280982,1654781293280982,
300833b2ddd9014000030008,1,1,3048,-45,1654781293285245,1654781293285245,
300833b2ddd9014000030009,1,1,2452,-46,1654781293286317,1654781293286317,
300833b2ddd9014000030001,1,1,1188,-51,1654781293287913,1654781293287913,
300833b2ddd9014000030002,1,1,24,-49,1654781293290104,1654781293290104,
300833b2ddd9014000030008,1,1,3036,-44,1654781293321323,1654781293321323,
300833b2ddd9014000030002,1,1,20,-49,1654781293323905,1654781293323905,
300833b2ddd9014000030009,1,1,2476,-46,1654781293324993,1654781293324993,
300833b2ddd9014000030001,1,1,1144,-51,1654781293326209,1654781293326209,
300833b2ddd9014000030001,1,1,1112,-52,1654781293329727,1654781293329727,
300833b2ddd9014000030009,1,1,2500,-46,1654781293330912,1654781293330912,
300833b2ddd9014000030002,1,1,4092,-48,1654781293331982,1654781293331982,
300833b2ddd9014000030008,1,1,3052,-44,1654781293333336,1654781293333336,
300833b2ddd9014000030008,1,1,3044,-44,1654781293365360,1654781293365360,
300833b2ddd9014000030001,1,1,1088,-52,1654781293367104,1654781293367104,
300833b2ddd9014000030002,1,1,32,-48,1654781293368455,1654781293368455,
300833b2ddd9014000030009,1,1,2556,-45,1654781293369555,1654781293369555,
300833b2ddd9014000030008,1,1,3040,-44,1654781293373378,1654781293373378,
300833b2ddd9014000030009,1,1,2520,-46,1654781293374849,1654781293374849,
300833b2ddd9014000030002,1,1,28,-48,1654781293375932,1654781293375932,
300833b2ddd9014000030001,1,1,1116,-52,1654781293377857,1654781293377857,
300833b2ddd9014000030001,1,1,1068,-52,1654781293407513,1654781293407513,
300833b2ddd9014000030002,1,1,48,-48,1654781293408554,1654781293408554,
300833b2ddd9014000030009,1,1,2520,-46,1654781293410587,1654781293410587,
300833b2ddd9014000030008,1,1,3088,-44,1654781293411728,1654781293411728,
300833b2ddd9014000030002,1,1,40,-48,1654781293419347,1654781293419347,
300833b2ddd9014000030009,1,1,2516,-45,1654781293420431,1654781293420431,
300833b2ddd9014000030008,1,1,3096,-44,1654781293422450,1654781293422450,
300833b2ddd9014000030001,1,1,1044,-52,1654781293424178,1654781293424178,
300833b2ddd9014000030008,1,1,2992,-42,1654781293456758,1654781293456758,
300833b2ddd9014000030009,1,1,2476,-44,1654781293458369,1654781293458369,
300833b2ddd9014000030002,1,1,24,-44,1654781293460627,1654781293460627,
300833b2ddd9014000030009,1,1,2476,-43,1654781293463807,1654781293463807,
300833b2ddd9014000030008,1,1,3216,-42,1654781293465234,1654781293465234,
300833b2ddd9014000030002,1,1,204,-44,1654781293466476,1654781293466476,
300833b2ddd9014000030009,1,1,2476,-41,1654781293497486,1654781293497486,
300833b2ddd9014000030001,1,1,1160,-48,1654781293867959,1654781293867959,
300833b2ddd9014000030002,1,1,108,-48,1654781293869314,1654781293869314,
300833b2ddd9014000030009,1,1,2272,-44,1654781293870398,1654781293870398,
300833b2ddd9014000030008,1,1,3048,-44,1654781293871965,1654781293871965,
300833b2ddd9014000030002,1,1,132,-48,1654781293876671,1654781293876671,
300833b2ddd9014000030001,1,1,1160,-48,1654781293877759,1654781293877759,
300833b2ddd9014000030008,1,1,3044,-44,1654781293878786,1654781293878786,
300833b2ddd9014000030009,1,1,2252,-44,1654781293880099,1654781293880099,
300833b2ddd9014000030008,1,1,3032,-44,1654781293911546,1654781293911546,
300833b2ddd9014000030009,1,1,2264,-44,1654781293913500,1654781293913500,
300833b2ddd9014000030002,1,1,116,-48,1654781293914838,1654781293914838,
300833b2ddd9014000030001,1,1,1172,-48,1654781293916551,1654781293916551,
300833b2ddd9014000030008,1,1,3020,-44,1654781293920005,1654781293920005,
300833b2ddd9014000030002,1,1,124,-48,1654781293921232,1654781293921232,
300833b2ddd9014000030009,1,1,2280,-43,1654781293922345,1654781293922345,
300833b2ddd9014000030001,1,1,1172,-48,1654781293923674,1654781293923674,
300833b2ddd9014000030002,1,1,112,-48,1654781293954346,1654781293954346,
300833b2ddd9014000030001,1,1,1176,-48,1654781293955409,1654781293955409,
300833b2ddd9014000030008,1,1,3040,-44,1654781293956943,1654781293956943,
300833b2ddd9014000030009,1,1,2268,-44,1654781293958257,1654781293958257,
300833b2ddd9014000030001,1,1,1208,-48,1654781293962700,1654781293962700,
300833b2ddd9014000030002,1,1,108,-48,1654781293963981,1654781293963981,
300833b2ddd9014000030009,1,1,2272,-44,1654781293965280,1654781293965280,
300833b2ddd9014000030008,1,1,3040,-44,1654781293966306,1654781293966306,
300833b2ddd9014000030002,1,1,104,-48,1654781293997765,1654781293997765,
300833b2ddd9014000030009,1,1,2272,-44,1654781293999736,1654781293999736,
300833b2ddd9014000030001,1,1,1160,-48,1654781294001774,1654781294001774,
300833b2ddd9014000030008,1,1,3024,-44,1654781294002843,1654781294002843,
300833b2ddd9014000030001,1,1,1176,-48,1654781294005637,1654781294005637,
300833b2ddd9014000030009,1,1,2268,-44,1654781294006708,1654781294006708,
300833b2ddd9014000030008,1,1,3044,-44,1654781294008033,1654781294008033,
300833b2ddd9014000030002,1,1,104,-48,1654781294009846,1654781294009846,
300833b2ddd9014000030008,1,1,3056,-44,1654781294041087,1654781294041087,
300833b2ddd9014000030001,1,1,1164,-48,1654781294042175,1654781294042175,
300833b2ddd9014000030009,1,1,2260,-44,1654781294043232,1654781294043232,
300833b2ddd9014000030002,1,1,88,-48,1654781294045009,1654781294045009,
300833b2ddd9014000030009,1,1,2260,-44,1654781294050603,1654781294050603,
300833b2ddd9014000030001,1,1,1144,-48,1654781294051718,1654781294051718,
300833b2ddd9014000030008,1,1,3052,-44,1654781294052772,1654781294052772,
300833b2ddd9014000030002,1,1,108,-48,1654781294054183,1654781294054183,
300833b2ddd9014000030002,1,1,120,-48,1654781294085847,1654781294085847,
300833b2ddd9014000030008,1,1,3028,-44,1654781294087302,1654781294087302,
300833b2ddd9014000030009,1,1,2288,-44,1654781294088386,1654781294088386,
300833b2ddd9014000030001,1,1,1156,-48,1654781294089459,1654781294089459,
300833b2ddd9014000030001,1,1,1168,-48,1654781294093337,1654781294093337,
300833b2ddd9014000030009,1,1,2252,-44,1654781294094635,1654781294094635,
300833b2ddd9014000030008,1,1,3036,-44,1654781294095729,1654781294095729,
300833b2ddd9014000030002,1,1,104,-48,1654781294098175,1654781294098175,
300833b2ddd9014000030008,1,1,3032,-44,1654781294128934,1654781294128934,
300833b2ddd9014000030001,1,1,1140,-48,1654781294130010,1654781294130010,
300833b2ddd9014000030009,1,1,2248,-44,1654781294131082,1654781294131082,
300833b2ddd9014000030002,1,1,124,-48,1654781294132917,1654781294132917,
300833b2ddd9014000030001,1,1,1156,-48,1654781294138525,1654781294138525,
300833b2ddd9014000030002,1,1,112,-48,1654781294139654,1654781294139654,
300833b2ddd9014000030009,1,1,2260,-44,1654781294140996,1654781294140996,
300833b2ddd9014000030008,1,1,3048,-44,1654781294142107,1654781294142107,
300833b2ddd9014000030008,1,1,3040,-44,1654781294174757,1654781294174757,
300833b2ddd9014000030001,1,1,1160,-48,1654781294175876,1654781294175876,
300833b2ddd9014000030009,1,1,2276,-44,1654781294178697,1654781294178697,
300833b2ddd9014000030002,1,1,104,-48,1654781294180445,1654781294180445,
300833b2ddd9014000030002,1,1,112,-48,1654781294184363,1654781294184363,
300833b2ddd9014000030009,1,1,2272,-44,1654781294185931,1654781294185931,
300833b2ddd9014000030008,1,1,3032,-44,1654781294187734,1654781294187734,
300833b2ddd9014000030001,1,1,1168,-48,1654781294189777,1654781294189777,
300833b2ddd9014000030008,1,1,3060,-44,1654781294219907,1654781294219907,
300833b2ddd9014000030001,1,1,1148,-48,1654781294221037,1654781294221037,
300833b2ddd9014000030009,1,1,2260,-44,1654781294223670,1654781294223670,
300833b2ddd9014000030002,1,1,92,-48,1654781294224783,1654781294224783,
300833b2ddd9014000030002,1,1,96,-48,1654781294228972,1654781294228972,
300833b2ddd9014000030001,1,1,1144,-48,1654781294230402,1654781294230402,
300833b2ddd9014000030009,1,1,2272,-44,1654781294231515,1654781294231515,
300833b2ddd9014000030008,1,1,3036,-44,1654781294232820,1654781294232820,
300833b2ddd9014000030008,1,1,3048,-44,1654781294264214,1654781294264214,
300833b2ddd9014000030001,1,1,1164,-48,1654781294266234,1654781294266234,
300833b2ddd9014000030002,1,1,96,-48,1654781294267932,1654781294267932,
300833b2ddd9014000030009,1,1,2264,-44,1654781294269259,1654781294269259,
300833b2ddd9014000030008,1,1,3032,-44,1654781294272652,1654781294272652,
300833b2ddd9014000030009,1,1,2268,-44,1654781294274547,1654781294274547,
300833b2ddd9014000030002,1,1,88,-48,1654781294275629,1654781294275629,
300833b2ddd9014000030001,1,1,1164,-48,1654781294277341,1654781294277341,
300833b2ddd9014000030008,1,1,3044,-44,1654781294307520,1654781294307520,
300833b2ddd9014000030009,1,1,2268,-44,1654781294308881,1654781294308881,
300833b2ddd9014000030002,1,1,88,-48,1654781294310444,1654781294310444,
300833b2ddd9014000030001,1,1,1156,-48,1654781294311533,1654781294311533,
300833b2ddd9014000030008,1,1,3040,-44,1654781294316493,1654781294316493,
300833b2ddd9014000030009,1,1,2264,-44,1654781294317549,1654781294317549,
300833b2ddd9014000030001,1,1,1168,-48,1654781294318891,1654781294318891,
300833b2ddd9014000030002,1,1,112,-48,1654781294320215,1654781294320215,
300833b2ddd9014000030009,1,1,2276,-44,1654781294351857,1654781294351857,
300833b2ddd9014000030001,1,1,1168,-48,1654781294352945,1654781294352945,
300833b2ddd9014000030008,1,1,3044,-44,1654781294354043,1654781294354043,
300833b2ddd9014000030002,1,1,104,-48,1654781294355112,1654781294355112,
300833b2ddd9014000030001,1,1,1152,-48,1654781294359949,1654781294359949,
300833b2ddd9014000030008,1,1,3044,-44,1654781294361003,1654781294361003,
300833b2ddd9014000030009,1,1,2284,-44,1654781294362131,1654781294362131,
300833b2ddd9014000030002,1,1,104,-48,1654781294364009,1654781294364009,
300833b2ddd9014000030009,1,1,2272,-44,1654781294395739,1654781294395739,
300833b2ddd9014000030008,1,1,3052,-44,1654781294397062,1654781294397062,
300833b2ddd9014000030001,1,1,1156,-48,1654781294399336,1654781294399336,
300833b2ddd9014000030002,1,1,100,-48,1654781294400636,1654781294400636,
300833b2ddd9014000030008,1,1,3044,-44,1654781294404310,1654781294404310,
300833b2ddd9014000030009,1,1,2280,-44,1654781294405369,1654781294405369,
300833b2ddd9014000030002,1,1,112,-48,1654781294406438,1654781294406438,
300833b2ddd9014000030001,1,1,1156,-48,1654781294408913,1654781294408913,
300833b2ddd9014000030009,1,1,2268,-44,1654781294440056,1654781294440056,
300833b2ddd9014000030001,1,1,1152,-49,1654781294441426,1654781294441426,
300833b2ddd9014000030008,1,1,3036,-44,1654781294442511,1654781294442511,
300833b2ddd9014000030002,1,1,104,-48,1654781294444120,1654781294444120,
300833b2ddd9014000030008,1,1,3040,-44,1654781294449419,1654781294449419,
300833b2ddd9014000030002,1,1,120,-48,1654781294452119,1654781294452119,
300833b2ddd9014000030001,1,1,1144,-48,1654781294454682,1654781294454682,
300833b2ddd9014000030009,1,1,2264,-44,1654781294455766,1654781294455766,
300833b2ddd9014000030008,1,1,3028,-44,1654781294485628,1654781294485628,
300833b2ddd9014000030002,1,1,84,-48,1654781294486968,1654781294486968,
300833b2ddd9014000030009,1,1,2248,-44,1654781294488009,1654781294488009,
300833b2ddd9014000030001,1,1,1152,-48,1654781294491348,1654781294491348,
300833b2ddd9014000030001,1,1,1148,-48,1654781294494097,1654781294494097,
300833b2ddd9014000030002,1,1,100,-48,1654781294496274,1654781294496274,
300833b2ddd9014000030008,1,1,3032,-44,1654781294498033,1654781294498033,
300833b2ddd9014000030009,1,1,2272,-44,1654781294499165,1654781294499165,
300833b2ddd9014000030008,1,1,3032,-44,1654781294528803,1654781294528803,
300833b2ddd9014000030009,1,1,2256,-44,1654781294530118,1654781294530118,
300833b2ddd9014000030001,1,1,1156,-48,1654781294531430,1654781294531430,
300833b2ddd9014000030002,1,1,120,-48,1654781294532713,1654781294532713,
300833b2ddd9014000030001,1,1,1148,-48,1654781294537402,1654781294537402,
300833b2ddd9014000030008,1,1,3044,-44,1654781294538769,1654781294538769,
300833b2ddd9014000030002,1,1,112,-48,1654781294541783,1654781294541783,
300833b2ddd9014000030009,1,1,2268,-44,1654781294542898,1654781294542898,
300833b2ddd9014000030008,1,1,3024,-44,1654781294572840,1654781294572840,
300833b2ddd9014000030002,1,1,112,-48,1654781294574558,1654781294574558,
300833b2ddd9014000030009,1,1,2292,-44,1654781294575870,1654781294575870,
300833b2ddd9014000030001,1,1,1156,-48,1654781294577381,1654781294577381,
300833b2ddd9014000030009,1,1,2280,-44,1654781294580509,1654781294580509,
300833b2ddd9014000030008,1,1,3040,-44,1654781294581905,1654781294581905,
300833b2ddd9014000030002,1,1,128,-48,1654781294583996,1654781294583996,
300833b2ddd9014000030001,1,1,1196,-48,1654781294585285,1654781294585285,
300833b2ddd9014000030002,1,1,96,-48,1654781294617256,1654781294617256,
300833b2ddd9014000030008,1,1,3032,-44,1654781294619345,1654781294619345,
300833b2ddd9014000030009,1,1,2292,-44,1654781294620486,1654781294620486,
300833b2ddd9014000030001,1,1,1144,-48,1654781294621772,1654781294621772,
300833b2ddd9014000030009,1,1,2264,-44,1654781294624786,1654781294624786,
300833b2ddd9014000030001,1,1,1156,-48,1654781294626071,1654781294626071,
300833b2ddd9014000030008,1,1,3036,-44,1654781294627651,1654781294627651,
300833b2ddd9014000030002,1,1,108,-48,1654781294629106,1654781294629106,
300833b2ddd9014000030002,1,1,88,-48,1654781294660450,1654781294660450,
300833b2ddd9014000030009,1,1,2252,-44,1654781294661778,1654781294661778,
300833b2ddd9014000030008,1,1,3060,-44,1654781294663343,1654781294663343,
300833b2ddd9014000030001,1,1,1144,-48,1654781294664859,1654781294664859,
300833b2ddd9014000030001,1,1,1168,-48,1654781294669697,1654781294669697,
300833b2ddd9014000030008,1,1,3036,-44,1654781294671200,1654781294671200,
300833b2ddd9014000030009,1,1,2248,-44,1654781294672897,1654781294672897,
300833b2ddd9014000030002,1,1,112,-48,1654781294673951,1654781294673951,
300833b2ddd9014000030008,1,1,3052,-44,1654781294703823,1654781294703823,
300833b2ddd9014000030001,1,1,1152,-48,1654781294705721,1654781294705721,
300833b2ddd9014000030009,1,1,2264,-44,1654781294706806,1654781294706806,
300833b2ddd9014000030002,1,1,108,-48,1654781294708261,1654781294708261,
300833b2ddd9014000030002,1,1,132,-48,1654781294711262,1654781294711262,
300833b2ddd9014000030009,1,1,2268,-44,1654781294712317,1654781294712317,
300833b2ddd9014000030001,1,1,1152,-48,1654781294713660,1654781294713660,
300833b2ddd9014000030008,1,1,3032,-44,1654781294715496,1654781294715496,
300833b2ddd9014000030009,1,1,2248,-44,1654781294746906,1654781294746906,
300833b2ddd9014000030001,1,1,1148,-48,1654781294748007,1654781294748007,
300833b2ddd9014000030008,1,1,3036,-44,1654781294749259,1654781294749259,
300833b2ddd9014000030002,1,1,144,-48,1654781294751435,1654781294751435,
300833b2ddd9014000030009,1,1,2272,-44,1654781294756057,1654781294756057,
300833b2ddd9014000030002,1,1,80,-48,1654781294757242,1654781294757242,
300833b2ddd9014000030001,1,1,1164,-48,1654781294758341,1654781294758341,
300833b2ddd9014000030008,1,1,3036,-44,1654781294759622,1654781294759622,
300833b2ddd9014000030008,1,1,3044,-44,1654781294790779,1654781294790779,
300833b2ddd9014000030009,1,1,2280,-44,1654781294791950,1654781294791950,
300833b2ddd9014000030001,1,1,1156,-48,1654781294793234,1654781294793234,
300833b2ddd9014000030002,1,1,116,-48,1654781294794303,1654781294794303,
300833b2ddd9014000030008,1,1,3048,-44,1654781294797876,1654781294797876,
300833b2ddd9014000030009,1,1,2256,-44,1654781294799218,1654781294799218,
300833b2ddd9014000030002,1,1,140,-48,1654781294800606,1654781294800606,
300833b2ddd9014000030001,1,1,1160,-48,1654781294801680,1654781294801680,
300833b2ddd9014000030009,1,1,2252,-44,1654781294833230,1654781294833230,
300833b2ddd9014000030002,1,1,136,-48,1654781294834553,1654781294834553,
300833b2ddd9014000030008,1,1,3044,-44,1654781294835664,1654781294835664,
300833b2ddd9014000030001,1,1,1148,-48,1654781294836711,1654781294836711,
300833b2ddd9014000030009,1,1,2252,-44,1654781294841734,1654781294841734,
300833b2ddd9014000030008,1,1,3040,-44,1654781294844172,1654781294844172,
300833b2ddd9014000030001,1,1,1164,-48,1654781294845756,1654781294845756,
300833b2ddd9014000030002,1,1,120,-48,1654781294846783,1654781294846783,
300833b2ddd9014000030001,1,1,1156,-48,1654781294876496,1654781294876496,
300833b2ddd9014000030008,1,1,3048,-44,1654781294878454,1654781294878454,
300833b2ddd9014000030009,1,1,2284,-44,1654781294880021,1654781294880021,
300833b2ddd9014000030002,1,1,124,-48,1654781294881489,1654781294881489,
300833b2ddd9014000030001,1,1,1160,-48,1654781294886224,1654781294886224,
300833b2ddd9014000030008,1,1,3024,-44,1654781294887337,1654781294887337,
300833b2ddd9014000030009,1,1,2268,-44,1654781294889087,1654781294889087,
300833b2ddd9014000030002,1,1,120,-48,1654781294891217,1654781294891217,
300833b2ddd9014000030008,1,1,3048,-44,1654781294921230,1654781294921230,
300833b2ddd9014000030001,1,1,1164,-48,1654781294922335,1654781294922335,
300833b2ddd9014000030009,1,1,2268,-44,1654781294923646,1654781294923646,
300833b2ddd9014000030002,1,1,116,-48,1654781294926046,1654781294926046,
300833b2ddd9014000030009,1,1,2252,-44,1654781294931063,1654781294931063,
300833b2ddd9014000030008,1,1,3028,-44,1654781294933008,1654781294933008,
300833b2ddd9014000030001,1,1,1168,-48,1654781294934094,1654781294934094,
300833b2ddd9014000030002,1,1,132,-48,1654781294935275,1654781294935275,
300833b2ddd9014000030001,1,1,1164,-48,1654781294965295,1654781294965295,
300833b2ddd9014000030008,1,1,3040,-44,1654781294966962,1654781294966962,
300833b2ddd9014000030002,1,1,128,-48,1654781294968978,1654781294968978,
300833b2ddd9014000030009,1,1,2264,-44,1654781294970063,1654781294970063,
300833b2ddd9014000030008,1,1,3044,-44,1654781294973104,1654781294973104,
300833b2ddd9014000030002,1,1,120,-48,1654781294974231,1654781294974231,
300833b2ddd9014000030009,1,1,2248,-44,1654781294975360,1654781294975360,
300833b2ddd9014000030001,1,1,1172,-48,1654781294976503,1654781294976503,
300833b2ddd9014000030002,1,1,124,-48,1654781295009691,1654781295009691,
300833b2ddd9014000030008,1,1,3048,-44,1654781295010744,1654781295010744,
300833b2ddd9014000030009,1,1,2280,-44,1654781295011844,1654781295011844,
300833b2ddd9014000030001,1,1,1200,-48,1654781295013529,1654781295013529,
300833b2ddd9014000030009,1,1,2268,-44,1654781295017756,1654781295017756,
300833b2ddd9014000030002,1,1,136,-48,1654781295019080,1654781295019080,
300833b2ddd9014000030001,1,1,1148,-48,1654781295020409,1654781295020409,
300833b2ddd9014000030008,1,1,3040,-44,1654781295021704,1654781295021704,
300833b2ddd9014000030002,1,1,112,-48,1654781295054344,1654781295054344,
300833b2ddd9014000030009,1,1,2268,-44,1654781295056390,1654781295056390,
300833b2ddd9014000030008,1,1,3048,-44,1654781295057938,1654781295057938,
300833b2ddd9014000030001,1,1,1172,-48,1654781295059340,1654781295059340,
300833b2ddd9014000030009,1,1,2268,-44,1654781295062570,1654781295062570,
300833b2ddd9014000030002,1,1,132,-48,1654781295064322,1654781295064322,
300833b2ddd9014000030008,1,1,3044,-44,1654781295066689,1654781295066689,
300833b2ddd9014000030001,1,1,1188,-48,1654781295067904,1654781295067904,
300833b2ddd9014000030008,1,1,3036,-44,1654781295097595,1654781295097595,
300833b2ddd9014000030009,1,1,2268,-44,1654781295099586,1654781295099586,
300833b2ddd9014000030001,1,1,1168,-48,1654781295101477,1654781295101477,
300833b2ddd9014000030002,1,1,132,-48,1654781295102562,1654781295102562,
300833b2ddd9014000030008,1,1,3048,-44,1654781295106369,1654781295106369,
300833b2ddd9014000030001,1,1,1164,-48,1654781295107697,1654781295107697,
300833b2ddd9014000030002,1,1,132,-48,1654781295109022,1654781295109022,
300833b2ddd9014000030009,1,1,2288,-44,1654781295110599,1654781295110599,
300833b2ddd9014000030009,1,1,2256,-44,1654781295148090,1654781295148090,
300833b2ddd9014000030008,1,1,3048,-44,1654781295149454,1654781295149454,
300833b2ddd9014000030002,1,1,136,-48,1654781295150780,1654781295150780,
300833b2ddd9014000030001,1,1,1184,-48,1654781295152747,1654781295152747,
300833b2ddd9014000030009,1,1,2260,-44,1654781295156634,1654781295156634,
300833b2ddd9014000030002,1,1,132,-48,1654781295158525,1654781295158525,
300833b2ddd9014000030001,1,1,1172,-48,1654781295159599,1654781295159599,
300833b2ddd9014000030008,1,1,3036,-44,1654781295160967,1654781295160967,
300833b2ddd9014000030009,1,1,2260,-44,1654781295193789,1654781295193789,
300833b2ddd9014000030008,1,1,3044,-44,1654781295195710,1654781295195710,
300833b2ddd9014000030002,1,1,140,-48,1654781295197262,1654781295197262,
300833b2ddd9014000030001,1,1,1164,-48,1654781295198736,1654781295198736,
300833b2ddd9014000030009,1,1,2260,-44,1654781295201735,1654781295201735,
300833b2ddd9014000030008,1,1,3048,-44,1654781295203457,1654781295203457,
300833b2ddd9014000030001,1,1,1188,-48,1654781295205011,1654781295205011,
300833b2ddd9014000030002,1,1,136,-48,1654781295206462,1654781295206462,
300833b2ddd9014000030008,1,1,3024,-44,1654781295240128,1654781295240128,
300833b2ddd9014000030009,1,1,2260,-44,1654781295241229,1654781295241229,
300833b2ddd9014000030002,1,1,140,-48,1654781295242937,1654781295242937,
300833b2ddd9014000030001,1,1,1196,-48,1654781295244421,1654781295244421,
300833b2ddd9014000030008,1,1,3052,-44,1654781295247160,1654781295247160,
300833b2ddd9014000030001,1,1,1180,-48,1654781295248190,1654781295248190,
300833b2ddd9014000030002,1,1,128,-48,1654781295249756,1654781295249756,
300833b2ddd9014000030009,1,1,2256,-44,1654781295250884,1654781295250884,
300833b2ddd9014000030009,1,1,2284,-44,1654781295282571,1654781295282571,
300833b2ddd9014000030002,1,1,160,-48,1654781295283640,1654781295283640,
300833b2ddd9014000030001,1,1,1236,-48,1654781295285664,1654781295285664,
300833b2ddd9014000030008,1,1,3064,-44,1654781295286717,1654781295286717,
300833b2ddd9014000030002,1,1,176,-48,1654781295291033,1654781295291033,
300833b2ddd9014000030001,1,1,1120,-48,1654781295292123,1654781295292123,
300833b2ddd9014000030009,1,1,2312,-43,1654781295293915,1654781295293915,
300833b2ddd9014000030008,1,1,3008,-44,1654781295295225,1654781295295225,
300833b2ddd9014000030001,1,1,1236,-48,1654781295326417,1654781295326417,
300833b2ddd9014000030009,1,1,2320,-44,1654781295327487,1654781295327487,
300833b2ddd9014000030002,1,1,124,-48,1654781295328781,1654781295328781,
300833b2ddd9014000030008,1,1,3044,-43,1654781295330379,1654781295330379,
300833b2ddd9014000030008,1,1,3048,-44,1654781295335335,1654781295335335,
300833b2ddd9014000030001,1,1,1096,-48,1654781295337036,1654781295337036,
300833b2ddd9014000030009,1,1,2240,-44,1654781295338359,1654781295338359,
300833b2ddd9014000030002,1,1,72,-48,1654781295339588,1654781295339588,
300833b2ddd9014000030001,1,1,1228,-48,1654781295370323,1654781295370323,
300833b2ddd9014000030009,1,1,2232,-43,1654781295371734,1654781295371734,
300833b2ddd9014000030008,1,1,3028,-44,1654781295372789,1654781295372789,
300833b2ddd9014000030002,1,1,176,-48,1654781295374439,1654781295374439,
300833b2ddd9014000030008,1,1,3076,-44,1654781295377400,1654781295377400,
300833b2ddd9014000030001,1,1,1240,-48,1654781295379368,1654781295379368,
300833b2ddd9014000030009,1,1,2236,-44,1654781295380496,1654781295380496,
300833b2ddd9014000030002,1,1,144,-48,1654781295381549,1654781295381549,
300833b2ddd9014000030008,1,1,3068,-43,1654781295412859,1654781295412859,
300833b2ddd9014000030009,1,1,2284,-44,1654781295414155,1654781295414155,
300833b2ddd9014000030002,1,1,72,-48,1654781295415612,1654781295415612,
300833b2ddd9014000030001,1,1,1136,-48,1654781295417055,1654781295417055,
300833b2ddd9014000030008,1,1,3064,-44,1654781295419956,1654781295419956,
300833b2ddd9014000030009,1,1,2280,-44,1654781295421523,1654781295421523,
300833b2ddd9014000030002,1,1,188,-48,1654781295423061,1654781295423061,
300833b2ddd9014000030001,1,1,1212,-48,1654781295424177,1654781295424177,
300833b2ddd9014000030009,1,1,2276,-44,1654781295455958,1654781295455958,
300833b2ddd9014000030002,1,1,136,-48,1654781295457397,1654781295457397,
300833b2ddd9014000030008,1,1,3048,-44,1654781295458496,1654781295458496,
300833b2ddd9014000030001,1,1,1208,-48,1654781295459599,1654781295459599,