epc,atenda,atendanum,phase,RSS,timestamp,timestamp2,
300833b2ddd9014000030009,1,1,2464,-44,1654781227472860,1654781227472860,
300833b2ddd9014000030008,1,1,3212,-43,1654781227473941,1654781227473941,
300833b2ddd9014000030001,1,1,944,-52,1654781227475044,1654781227475044,
300833b2ddd9014000030001,1,1,972,-52,1654781227478616,1654781227478616,
300833b2ddd9014000030002,1,1,180,-47,1654781227480382,1654781227480382,
300833b2ddd9014000030008,1,1,3208,-43,1654781227481480,1654781227481480,
300833b2ddd9014000030009,1,1,2452,-44,1654781227482821,1654781227482821,
300833b2ddd9014000030009,1,1,2444,-44,1654781227513651,1654781227513651,
300833b2ddd9014000030008,1,1,3208,-43,1654781227515312,1654781227515312,
300833b2ddd9014000030002,1,1,180,-47,1654781227516639,1654781227516639,
300833b2ddd9014000030001,1,1,952,-52,1654781227518110,1654781227518110,
300833b2ddd9014000030001,1,1,992,-52,1654781227521337,1654781227521337,
300833b2ddd9014000030008,1,1,3212,-43,1654781227522405,1654781227522405,
300833b2ddd9014000030002,1,1,176,-47,1654781227524561,1654781227524561,
300833b2ddd9014000030009,1,1,2464,-44,1654781227525632,1654781227525632,
300833b2ddd9014000030002,1,1,172,-46,1654781227556750,1654781227556750,
300833b2ddd9014000030009,1,1,2444,-44,1654781227558659,1654781227558659,
300833b2ddd9014000030008,1,1,3224,-43,1654781227560024,1654781227560024,
300833b2ddd9014000030001,1,1,972,-52,1654781227561439,1654781227561439,
300833b2ddd9014000030009,1,1,2456,-44,1654781227564242,1654781227564242,
300833b2ddd9014000030002,1,1,176,-47,1654781227565280,1654781227565280,
300833b2ddd9014000030008,1,1,3200,-43,1654781227567140,1654781227567140,
300833b2ddd9014000030001,1,1,964,-52,1654781227568794,1654781227568794,
300833b2ddd9014000030001,1,1,964,-52,1654781227599820,1654781227599820,
300833b2ddd9014000030002,1,1,192,-47,1654781227601400,1654781227601400,
300833b2ddd9014000030009,1,1,2464,-44,1654781227602472,1654781227602472,
300833b2ddd9014000030008,1,1,3220,-43,1654781227603753,1654781227603753,
300833b2ddd9014000030001,1,1,980,-52,1654781227608491,1654781227608491,
300833b2ddd9014000030002,1,1,180,-47,1654781227610686,1654781227610686,
300833b2ddd9014000030008,1,1,3216,-43,1654781227612338,1654781227612338,
300833b2ddd9014000030009,1,1,2456,-44,1654781227613579,1654781227613579,
300833b2ddd9014000030009,1,1,2464,-45,1654781227643534,1654781227643534,
300833b2ddd9014000030008,1,1,3212,-43,1654781227644588,1654781227644588,
300833b2ddd9014000030002,1,1,196,-47,1654781227646627,1654781227646627,
300833b2ddd9014000030001,1,1,988,-52,1654781227648054,1654781227648054,
300833b2ddd9014000030009,1,1,2460,-44,1654781227652162,1654781227652162,
300833b2ddd9014000030002,1,1,184,-47,1654781227653485,1654781227653485,
300833b2ddd9014000030001,1,1,988,-52,1654781227655054,1654781227655054,
300833b2ddd9014000030008,1,1,3208,-43,1654781227656122,1654781227656122,
300833b2ddd9014000030009,1,1,2464,-44,1654781227687881,1654781227687881,
300833b2ddd9014000030002,1,1,188,-46,1654781227688964,1654781227688964,
300833b2ddd9014000030008,1,1,3212,-43,1654781227690500,1654781227690500,
300833b2ddd9014000030001,1,1,984,-52,1654781227691602,1654781227691602,
300833b2ddd9014000030001,1,1,992,-52,1654781227695870,1654781227695870,
300833b2ddd9014000030002,1,1,184,-47,1654781227697816,1654781227697816,
300833b2ddd9014000030009,1,1,2468,-44,1654781227699128,1654781227699128,
300833b2ddd9014000030008,1,1,3208,-43,1654781227700182,1654781227700182,
300833b2ddd9014000030002,1,1,184,-47,1654781227731721,1654781227731721,
300833b2ddd9014000030008,1,1,3208,-43,1654781227732732,1654781227732732,
300833b2ddd9014000030009,1,1,2472,-44,1654781227733818,1654781227733818,
300833b2ddd9014000030001,1,1,984,-52,1654781227735537,1654781227735537,
300833b2ddd9014000030002,1,1,196,-46,1654781227738578,1654781227738578,
300833b2ddd9014000030008,1,1,3220,-43,1654781227739673,1654781227739673,
300833b2ddd9014000030009,1,1,2456,-44,1654781227740988,1654781227740988,
300833b2ddd9014000030001,1,1,1000,-52,1654781227742566,1654781227742566,
300833b2ddd9014000030002,1,1,192,-47,1654781227775566,1654781227775566,
300833b2ddd9014000030008,1,1,3212,-43,1654781227776608,1654781227776608,
300833b2ddd9014000030009,1,1,2464,-44,1654781227777651,1654781227777651,
300833b2ddd9014000030001,1,1,1000,-52,1654781227779860,1654781227779860,
300833b2ddd9014000030001,1,1,988,-51,1654781227784248,1654781227784248,
300833b2ddd9014000030008,1,1,3196,-43,1654781227785972,1654781227785972,
300833b2ddd9014000030009,1,1,2460,-44,1654781227787328,1654781227787328,
300833b2ddd9014000030002,1,1,196,-47,1654781227788781,1654781227788781,
300833b2ddd9014000030008,1,1,3200,-43,1654781227818529,1654781227818529,
300833b2ddd9014000030009,1,1,2460,-44,1654781227820095,1654781227820095,
300833b2ddd9014000030002,1,1,188,-47,1654781227821857,1654781227821857,
300833b2ddd9014000030001,1,1,988,-51,1654781227824137,1654781227824137,
300833b2ddd9014000030009,1,1,2448,-44,1654781227826904,1654781227826904,
300833b2ddd9014000030001,1,1,1000,-51,1654781227828216,1654781227828216,
300833b2ddd9014000030008,1,1,3200,-43,1654781227829314,1654781227829314,
300833b2ddd9014000030002,1,1,184,-47,1654781227830340,1654781227830340,
300833b2ddd9014000030001,1,1,996,-51,1654781227863596,1654781227863596,
300833b2ddd9014000030008,1,1,3212,-43,1654781227864905,1654781227864905,
300833b2ddd9014000030009,1,1,2456,-44,1654781227866389,1654781227866389,
300833b2ddd9014000030002,1,1,180,-47,1654781227867540,1654781227867540,
300833b2ddd9014000030009,1,1,2448,-44,1654781227870798,1654781227870798,
300833b2ddd9014000030008,1,1,3204,-43,1654781227871894,1654781227871894,
300833b2ddd9014000030001,1,1,996,-52,1654781227873208,1654781227873208,
300833b2ddd9014000030002,1,1,184,-47,1654781227874503,1654781227874503,
300833b2ddd9014000030008,1,1,3208,-43,1654781227906008,1654781227906008,
300833b2ddd9014000030001,1,1,960,-52,1654781227907696,1654781227907696,
300833b2ddd9014000030009,1,1,2444,-44,1654781227908824,1654781227908824,
300833b2ddd9014000030002,1,1,172,-47,1654781227910558,1654781227910558,
300833b2ddd9014000030009,1,1,2444,-44,1654781227913865,1654781227913865,
300833b2ddd9014000030001,1,1,996,-51,1654781227915178,1654781227915178,
300833b2ddd9014000030008,1,1,3216,-43,1654781227916262,1654781227916262,
300833b2ddd9014000030002,1,1,180,-47,1654781227917784,1654781227917784,
300833b2ddd9014000030009,1,1,2492,-44,1654781227949065,1654781227949065,
300833b2ddd9014000030008,1,1,3204,-43,1654781227950194,1654781227950194,
300833b2ddd9014000030002,1,1,188,-47,1654781227952183,1654781227952183,
300833b2ddd9014000030001,1,1,980,-51,1654781227954522,1654781227954522,
300833b2ddd9014000030008,1,1,3220,-43,1654781227957509,1654781227957509,
300833b2ddd9014000030009,1,1,2452,-44,1654781227958850,1654781227958850,
300833b2ddd9014000030002,1,1,176,-47,1654781227960682,1654781227960682,
300833b2ddd9014000030001,1,1,1020,-51,1654781227962158,1654781227962158,
300833b2ddd9014000030001,1,1,976,-51,1654781227993191,1654781227993191,
300833b2ddd9014000030002,1,1,184,-47,1654781227995119,1654781227995119,
300833b2ddd9014000030008,1,1,3192,-43,1654781227996219,1654781227996219,
300833b2ddd9014000030009,1,1,2464,-44,1654781227997915,1654781227997915,
300833b2ddd9014000030002,1,1,184,-47,1654781228001110,1654781228001110,
300833b2ddd9014000030008,1,1,3196,-43,1654781228002463,1654781228002463,
300833b2ddd9014000030001,1,1,1008,-52,1654781228003975,1654781228003975,
300833b2ddd9014000030009,1,1,2444,-44,1654781228005048,1654781228005048,
300833b2ddd9014000030001,1,1,992,-51,1654781228036749,1654781228036749,
300833b2ddd9014000030009,1,1,2452,-44,1654781228038205,1654781228038205,
300833b2ddd9014000030008,1,1,3204,-43,1654781228039797,1654781228039797,
300833b2ddd9014000030002,1,1,184,-47,1654781228041006,1654781228041006,
300833b2ddd9014000030009,1,1,2480,-44,1654781228044249,1654781228044249,
300833b2ddd9014000030002,1,1,196,-47,1654781228045957,1654781228045957,
300833b2ddd9014000030001,1,1,996,-51,1654781228047088,1654781228047088,
300833b2ddd9014000030008,1,1,3188,-43,1654781228048174,1654781228048174,
300833b2ddd9014000030001,1,1,1004,-51,1654781228078750,1654781228078750,
300833b2ddd9014000030008,1,1,3184,-43,1654781228080754,1654781228080754,
300833b2ddd9014000030009,1,1,2456,-44,1654781228081810,1654781228081810,
300833b2ddd9014000030002,1,1,188,-47,1654781228082907,1654781228082907,
300833b2ddd9014000030009,1,1,2452,-44,1654781228086952,1654781228086952,
300833b2ddd9014000030008,1,1,3192,-43,1654781228088429,1654781228088429,
300833b2ddd9014000030002,1,1,160,-47,1654781228089487,1654781228089487,
300833b2ddd9014000030001,1,1,1012,-51,1654781228090618,1654781228090618,
300833b2ddd9014000030009,1,1,2444,-44,1654781228121952,1654781228121952,
300833b2ddd9014000030008,1,1,3180,-43,1654781228123361,1654781228123361,
300833b2ddd9014000030002,1,1,192,-47,1654781228124671,1654781228124671,
300833b2ddd9014000030001,1,1,1032,-51,1654781228126153,1654781228126153,
300833b2ddd9014000030001,1,1,1012,-51,1654781228129025,1654781228129025,
300833b2ddd9014000030009,1,1,2444,-44,1654781228130607,1654781228130607,
300833b2ddd9014000030008,1,1,3184,-43,1654781228132157,1654781228132157,
300833b2ddd9014000030002,1,1,156,-47,1654781228133283,1654781228133283,
300833b2ddd9014000030001,1,1,1004,-51,1654781228164804,1654781228164804,
300833b2ddd9014000030002,1,1,184,-47,1654781228166499,1654781228166499,
300833b2ddd9014000030008,1,1,3176,-43,1654781228168729,1654781228168729,
300833b2ddd9014000030009,1,1,2440,-44,1654781228169928,1654781228169928,
300833b2ddd9014000030002,1,1,196,-47,1654781228172682,1654781228172682,
300833b2ddd9014000030009,1,1,2440,-44,1654781228174890,1654781228174890,
300833b2ddd9014000030008,1,1,3184,-43,1654781228175986,1654781228175986,
300833b2ddd9014000030001,1,1,1044,-51,1654781228177059,1654781228177059,
300833b2ddd9014000030009,1,1,2448,-44,1654781228207423,1654781228207423,
300833b2ddd9014000030001,1,1,1012,-51,1654781228209020,1654781228209020,
300833b2ddd9014000030008,1,1,3184,-43,1654781228210119,1654781228210119,
300833b2ddd9014000030002,1,1,176,-47,1654781228212085,1654781228212085,
300833b2ddd9014000030009,1,1,2468,-44,1654781228216223,1654781228216223,
300833b2ddd9014000030002,1,1,184,-47,1654781228218158,1654781228218158,
300833b2ddd9014000030008,1,1,3188,-43,1654781228219711,1654781228219711,
300833b2ddd9014000030001,1,1,1028,-51,1654781228220910,1654781228220910,
300833b2ddd9014000030009,1,1,2452,-44,1654781228250933,1654781228250933,
300833b2ddd9014000030008,1,1,3184,-43,1654781228252823,1654781228252823,
300833b2ddd9014000030002,1,1,176,-47,1654781228253894,1654781228253894,
300833b2ddd9014000030001,1,1,1028,-51,1654781228254995,1654781228254995,
300833b2ddd9014000030002,1,1,176,-47,1654781228258715,1654781228258715,
300833b2ddd9014000030008,1,1,3180,-43,1654781228260265,1654781228260265,
300833b2ddd9014000030009,1,1,2436,-44,1654781228262044,1654781228262044,
300833b2ddd9014000030001,1,1,1032,-51,1654781228263230,1654781228263230,
300833b2ddd9014000030008,1,1,3180,-43,1654781228295062,1654781228295062,
300833b2ddd9014000030002,1,1,176,-47,1654781228296247,1654781228296247,
300833b2ddd9014000030009,1,1,2440,-44,1654781228297785,1654781228297785,
300833b2ddd9014000030001,1,1,1028,-51,1654781228299030,1654781228299030,
300833b2ddd9014000030008,1,1,3180,-43,1654781228302011,1654781228302011,
300833b2ddd9014000030009,1,1,2440,-44,1654781228303357,1654781228303357,
300833b2ddd9014000030002,1,1,180,-47,1654781228304426,1654781228304426,
300833b2ddd9014000030001,1,1,1028,-51,1654781228305542,1654781228305542,
300833b2ddd9014000030002,1,1,180,-47,1654781228338088,1654781228338088,
300833b2ddd9014000030009,1,1,2440,-44,1654781228339514,1654781228339514,
300833b2ddd9014000030001,1,1,1016,-51,1654781228340601,1654781228340601,
300833b2ddd9014000030008,1,1,3192,-43,1654781228341940,1654781228341940,
300833b2ddd9014000030009,1,1,2444,-44,1654781228345551,1654781228345551,
300833b2ddd9014000030008,1,1,3184,-43,1654781228347459,1654781228347459,
300833b2ddd9014000030001,1,1,1028,-51,1654781228348588,1654781228348588,
300833b2ddd9014000030002,1,1,184,-47,1654781228349658,1654781228349658,
300833b2ddd9014000030008,1,1,3200,-43,1654781228380676,1654781228380676,
300833b2ddd9014000030002,1,1,192,-47,1654781228382140,1654781228382140,
300833b2ddd9014000030009,1,1,2436,-44,1654781228383229,1654781228383229,
300833b2ddd9014000030001,1,1,1024,-51,1654781228384686,1654781228384686,
300833b2ddd9014000030002,1,1,180,-47,1654781228388140,1654781228388140,
300833b2ddd9014000030009,1,1,2448,-44,1654781228389227,1654781228389227,
300833b2ddd9014000030001,1,1,1056,-51,1654781228390569,1654781228390569,
300833b2ddd9014000030008,1,1,3172,-43,1654781228391892,1654781228391892,
300833b2ddd9014000030008,1,1,3180,-43,1654781228423766,1654781228423766,
300833b2ddd9014000030002,1,1,160,-47,1654781228424951,1654781228424951,
300833b2ddd9014000030009,1,1,2436,-44,1654781228426264,1654781228426264,
300833b2ddd9014000030001,1,1,1052,-51,1654781228427379,1654781228427379,
300833b2ddd9014000030009,1,1,2440,-44,1654781228430984,1654781228430984,
300833b2ddd9014000030001,1,1,1052,-51,1654781228432696,1654781228432696,
300833b2ddd9014000030008,1,1,3176,-43,1654781228434019,1654781228434019,
300833b2ddd9014000030002,1,1,184,-47,1654781228435755,1654781228435755,
300833b2ddd9014000030008,1,1,3176,-43,1654781228466990,1654781228466990,
300833b2ddd9014000030001,1,1,1036,-51,1654781228468021,1654781228468021,
300833b2ddd9014000030009,1,1,2440,-44,1654781228469078,1654781228469078,
300833b2ddd9014000030002,1,1,168,-47,1654781228470318,1654781228470318,
300833b2ddd9014000030008,1,1,3180,-43,1654781228473617,1654781228473617,
300833b2ddd9014000030009,1,1,2432,-44,1654781228475620,1654781228475620,
300833b2ddd9014000030002,1,1,168,-47,1654781228477586,1654781228477586,
300833b2ddd9014000030001,1,1,1044,-51,1654781228480390,1654781228480390,
300833b2ddd9014000030002,1,1,184,-47,1654781228511378,1654781228511378,
300833b2ddd9014000030008,1,1,3176,-43,1654781228512447,1654781228512447,
300833b2ddd9014000030009,1,1,2436,-44,1654781228513730,1654781228513730,
300833b2ddd9014000030001,1,1,1036,-51,1654781228516746,1654781228516746,
300833b2ddd9014000030008,1,1,3172,-43,1654781228522319,1654781228522319,
300833b2ddd9014000030002,1,1,188,-47,1654781228524241,1654781228524241,
300833b2ddd9014000030009,1,1,2444,-44,1654781228525340,1654781228525340,
300833b2ddd9014000030001,1,1,1040,-51,1654781228526426,1654781228526426,
300833b2ddd9014000030002,1,1,248,-47,1654781228564357,1654781228564357,
300833b2ddd9014000030009,1,1,2444,-44,1654781228565455,1654781228565455,
300833b2ddd9014000030001,1,1,1052,-51,1654781228567070,1654781228567070,
300833b2ddd9014000030008,1,1,3172,-43,1654781228568195,1654781228568195,
300833b2ddd9014000030001,1,1,1040,-51,1654781228573132,1654781228573132,
300833b2ddd9014000030002,1,1,180,-47,1654781228574601,1654781228574601,
300833b2ddd9014000030009,1,1,2436,-44,1654781228575657,1654781228575657,
300833b2ddd9014000030008,1,1,3184,-43,1654781228576754,1654781228576754,
300833b2ddd9014000030008,1,1,3180,-43,1654781228609994,1654781228609994,
300833b2ddd9014000030001,1,1,1060,-51,1654781228611324,1654781228611324,
300833b2ddd9014000030009,1,1,2448,-44,1654781228614012,1654781228614012,
300833b2ddd9014000030002,1,1,180,-47,1654781228615705,1654781228615705,
300833b2ddd9014000030009,1,1,2444,-44,1654781228619018,1654781228619018,
300833b2ddd9014000030008,1,1,3184,-43,1654781228620073,1654781228620073,
300833b2ddd9014000030001,1,1,1044,-51,1654781228622139,1654781228622139,
300833b2ddd9014000030002,1,1,176,-47,1654781228623564,1654781228623564,
300833b2ddd9014000030008,1,1,3180,-43,1654781228654413,1654781228654413,
300833b2ddd9014000030009,1,1,2436,-44,1654781228656309,1654781228656309,
300833b2ddd9014000030002,1,1,180,-47,1654781228657605,1654781228657605,
300833b2ddd9014000030001,1,1,1036,-51,1654781228659078,1654781228659078,
300833b2ddd9014000030002,1,1,184,-47,1654781228662076,1654781228662076,
300833b2ddd9014000030009,1,1,2456,-44,1654781228664268,1654781228664268,
300833b2ddd9014000030008,1,1,3188,-43,1654781228665505,1654781228665505,
300833b2ddd9014000030001,1,1,1040,-51,1654781228666993,1654781228666993,
300833b2ddd9014000030008,1,1,3180,-43,1654781228698881,1654781228698881,
300833b2ddd9014000030009,1,1,2436,-44,1654781228700070,1654781228700070,
300833b2ddd9014000030002,1,1,220,-47,1654781228701196,1654781228701196,
300833b2ddd9014000030001,1,1,1020,-51,1654781228702537,1654781228702537,
300833b2ddd9014000030008,1,1,3188,-43,1654781228706640,1654781228706640,
300833b2ddd9014000030001,1,1,1036,-50,1654781228708709,1654781228708709,
300833b2ddd9014000030002,1,1,172,-47,1654781228710257,1654781228710257,
300833b2ddd9014000030008,1,1,3168,-43,1654781228938310,1654781228938310,
300833b2ddd9014000030001,1,1,980,-52,1654781228940022,1654781228940022,
300833b2ddd9014000030002,1,1,140,-47,1654781228945496,1654781228945496,
300833b2ddd9014000030008,1,1,3172,-43,1654781228948286,1654781228948286,
300833b2ddd9014000030009,1,1,2408,-44,1654781228949355,1654781228949355,
300833b2ddd9014000030001,1,1,1012,-52,1654781228950586,1654781228950586,
300833b2ddd9014000030008,1,1,3160,-43,1654781228980452,1654781228980452,
300833b2ddd9014000030001,1,1,1004,-53,1654781228981539,1654781228981539,
300833b2ddd9014000030009,1,1,2424,-44,1654781228983360,1654781228983360,
300833b2ddd9014000030002,1,1,104,-47,1654781228985552,1654781228985552,
300833b2ddd9014000030001,1,1,1004,-53,1654781228989186,1654781228989186,
300833b2ddd9014000030002,1,1,112,-47,1654781228990254,1654781228990254,
300833b2ddd9014000030008,1,1,3168,-43,1654781228991820,1654781228991820,
300833b2ddd9014000030009,1,1,2396,-44,1654781228992919,1654781228992919,
300833b2ddd9014000030008,1,1,3156,-43,1654781229025443,1654781229025443,
300833b2ddd9014000030002,1,1,56,-47,1654781229026641,1654781229026641,
300833b2ddd9014000030001,1,1,984,-53,1654781229027756,1654781229027756,
300833b2ddd9014000030009,1,1,2380,-43,1654781229028828,1654781229028828,
300833b2ddd9014000030002,1,1,72,-47,1654781229032669,1654781229032669,
300833b2ddd9014000030008,1,1,3148,-43,1654781229034022,1654781229034022,
300833b2ddd9014000030009,1,1,2364,-44,1654781229035108,1654781229035108,
300833b2ddd9014000030001,1,1,1008,-53,1654781229037046,1654781229037046,
300833b2ddd9014000030008,1,1,3168,-43,1654781229072162,1654781229072162,
300833b2ddd9014000030009,1,1,2380,-44,1654781229074388,1654781229074388,
300833b2ddd9014000030001,1,1,1000,-53,1654781229076085,1654781229076085,
300833b2ddd9014000030002,1,1,56,-47,1654781229077184,1654781229077184,
300833b2ddd9014000030001,1,1,976,-53,1654781229080635,1654781229080635,
300833b2ddd9014000030008,1,1,3144,-43,1654781229081691,1654781229081691,
300833b2ddd9014000030009,1,1,2352,-44,1654781229082819,1654781229082819,
300833b2ddd9014000030002,1,1,72,-47,1654781229084837,1654781229084837,
300833b2ddd9014000030008,1,1,3168,-44,1654781229118892,1654781229118892,
300833b2ddd9014000030009,1,1,2336,-44,1654781229120006,1654781229120006,
300833b2ddd9014000030002,1,1,44,-48,1654781229121702,1654781229121702,
300833b2ddd9014000030001,1,1,1016,-53,1654781229122931,1654781229122931,
300833b2ddd9014000030008,1,1,3180,-44,1654781229125683,1654781229125683,
300833b2ddd9014000030009,1,1,2352,-44,1654781229127912,1654781229127912,
300833b2ddd9014000030002,1,1,52,-48,1654781229129011,1654781229129011,
300833b2ddd9014000030001,1,1,976,-53,1654781229130725,1654781229130725,
300833b2ddd9014000030001,1,1,1040,-52,1654781229161060,1654781229161060,
300833b2ddd9014000030002,1,1,40,-48,1654781229162727,1654781229162727,
300833b2ddd9014000030008,1,1,3168,-44,1654781229164459,1654781229164459,
300833b2ddd9014000030009,1,1,2336,-44,1654781229165530,1654781229165530,
300833b2ddd9014000030002,1,1,40,-48,1654781229168792,1654781229168792,
300833b2ddd9014000030009,1,1,2332,-44,1654781229170246,1654781229170246,
300833b2ddd9014000030008,1,1,3168,-44,1654781229171356,1654781229171356,
300833b2ddd9014000030001,1,1,1040,-52,1654781229172461,1654781229172461,
300833b2ddd9014000030008,1,1,3172,-44,1654781229209003,1654781229209003,
300833b2ddd9014000030002,1,1,44,-49,1654781229210385,1654781229210385,
300833b2ddd9014000030001,1,1,1116,-52,1654781229211441,1654781229211441,
300833b2ddd9014000030009,1,1,2328,-45,1654781229212545,1654781229212545,
300833b2ddd9014000030001,1,1,1148,-52,1654781229217600,1654781229217600,
300833b2ddd9014000030008,1,1,3160,-44,1654781229218640,1654781229218640,
300833b2ddd9014000030009,1,1,2344,-45,1654781229220223,1654781229220223,
300833b2ddd9014000030002,1,1,48,-48,1654781229223040,1654781229223040,
300833b2ddd9014000030009,1,1,2360,-45,1654781229253493,1654781229253493,
300833b2ddd9014000030008,1,1,3136,-44,1654781229254957,1654781229254957,
300833b2ddd9014000030002,1,1,24,-49,1654781229256313,1654781229256313,
300833b2ddd9014000030001,1,1,1268,-52,1654781229258026,1654781229258026,
300833b2ddd9014000030008,1,1,3124,-45,1654781229263201,1654781229263201,
300833b2ddd9014000030002,1,1,20,-49,1654781229264256,1654781229264256,
300833b2ddd9014000030009,1,1,2364,-45,1654781229265342,1654781229265342,
300833b2ddd9014000030001,1,1,1288,-51,1654781229266842,1654781229266842,
300833b2ddd9014000030001,1,1,1340,-50,1654781229304012,1654781229304012,
300833b2ddd9014000030002,1,1,16,-49,1654781229305063,1654781229305063,
300833b2ddd9014000030009,1,1,2408,-45,1654781229306250,1654781229306250,
300833b2ddd9014000030008,1,1,3096,-45,1654781229307319,1654781229307319,
300833b2ddd9014000030009,1,1,2404,-46,1654781229311751,1654781229311751,
300833b2ddd9014000030008,1,1,3100,-45,1654781229313131,1654781229313131,
300833b2ddd9014000030001,1,1,1332,-49,1654781229314461,1654781229314461,
300833b2ddd9014000030002,1,1,4088,-50,1654781229315574,1654781229315574,
300833b2ddd9014000030008,1,1,3124,-46,1654781229348083,1654781229348083,
300833b2ddd9014000030009,1,1,2428,-46,1654781229349381,1654781229349381,
300833b2ddd9014000030002,1,1,20,-50,1654781229350521,1654781229350521,
300833b2ddd9014000030001,1,1,1256,-48,1654781229351738,1654781229351738,
300833b2ddd9014000030002,1,1,24,-50,1654781229355188,1654781229355188,
300833b2ddd9014000030008,1,1,3092,-46,1654781229356188,1654781229356188,
300833b2ddd9014000030009,1,1,2440,-45,1654781229358417,1654781229358417,
300833b2ddd9014000030001,1,1,1264,-48,1654781229359717,1654781229359717,
300833b2ddd9014000030009,1,1,2452,-45,1654781229397408,1654781229397408,
300833b2ddd9014000030002,1,1,68,-49,1654781229398502,1654781229398502,
300833b2ddd9014000030001,1,1,1180,-48,1654781229400214,1654781229400214,
300833b2ddd9014000030008,1,1,3128,-45,1654781229401254,1654781229401254,
300833b2ddd9014000030002,1,1,56,-49,1654781229404029,1654781229404029,
300833b2ddd9014000030008,1,1,3148,-45,1654781229405113,1654781229405113,
300833b2ddd9014000030009,1,1,2492,-45,1654781229406156,1654781229406156,
300833b2ddd9014000030001,1,1,1172,-49,1654781229407979,1654781229407979,
300833b2ddd9014000030008,1,1,3156,-44,1654781229439480,1654781229439480,
300833b2ddd9014000030009,1,1,2464,-44,1654781229441630,1654781229441630,
300833b2ddd9014000030001,1,1,1160,-50,1654781229442688,1654781229442688,
300833b2ddd9014000030002,1,1,84,-49,1654781229443730,1654781229443730,
300833b2ddd9014000030009,1,1,2496,-44,1654781229447311,1654781229447311,
300833b2ddd9014000030001,1,1,1164,-50,1654781229448426,1654781229448426,
300833b2ddd9014000030002,1,1,96,-48,1654781229449992,1654781229449992,
300833b2ddd9014000030008,1,1,3176,-44,1654781229451072,1654781229451072,
300833b2ddd9014000030002,1,1,84,-49,1654781229488469,1654781229488469,
300833b2ddd9014000030008,1,1,3168,-44,1654781229489861,1654781229489861,
300833b2ddd9014000030009,1,1,2516,-43,1654781229491431,1654781229491431,
300833b2ddd9014000030001,1,1,1180,-52,1654781229493682,1654781229493682,
300833b2ddd9014000030009,1,1,2500,-43,1654781229497541,1654781229497541,
300833b2ddd9014000030002,1,1,92,-48,1654781229498667,1654781229498667,
300833b2ddd9014000030008,1,1,3168,-44,1654781229499764,1654781229499764,
300833b2ddd9014000030001,1,1,1192,-52,1654781229501912,1654781229501912,
300833b2ddd9014000030008,1,1,3124,-44,1654781229533038,1654781229533038,
300833b2ddd9014000030009,1,1,2480,-43,1654781229534126,1654781229534126,
300833b2ddd9014000030001,1,1,1224,-52,1654781229535241,1654781229535241,
300833b2ddd9014000030002,1,1,44,-49,1654781229537913,1654781229537913,
300833b2ddd9014000030002,1,1,52,-49,1654781229543767,1654781229543767,
300833b2ddd9014000030009,1,1,2464,-43,1654781229545558,1654781229545558,
300833b2ddd9014000030001,1,1,1220,-52,1654781229546630,1654781229546630,
300833b2ddd9014000030008,1,1,3120,-44,1654781229547656,1654781229547656,
300833b2ddd9014000030002,1,1,36,-49,1654781229579597,1654781229579597,
300833b2ddd9014000030001,1,1,1232,-51,1654781229582207,1654781229582207,
300833b2ddd9014000030009,1,1,2436,-43,1654781229584606,1654781229584606,
300833b2ddd9014000030008,1,1,3076,-45,1654781229585702,1654781229585702,
300833b2ddd9014000030008,1,1,3056,-45,1654781229588589,1654781229588589,
300833b2ddd9014000030009,1,1,2436,-43,1654781229589901,1654781229589901,
300833b2ddd9014000030001,1,1,1232,-51,1654781229591952,1654781229591952,
300833b2ddd9014000030002,1,1,24,-48,1654781229593616,1654781229593616,
300833b2ddd9014000030008,1,1,3072,-45,1654781229624527,1654781229624527,
300833b2ddd9014000030009,1,1,2460,-43,1654781229625853,1654781229625853,
300833b2ddd9014000030002,1,1,16,-48,1654781229627615,1654781229627615,
300833b2ddd9014000030001,1,1,1212,-51,1654781229628803,1654781229628803,
300833b2ddd9014000030001,1,1,1160,-50,1654781229633146,1654781229633146,
300833b2ddd9014000030008,1,1,3084,-44,1654781229634271,1654781229634271,
300833b2ddd9014000030009,1,1,2456,-43,1654781229635372,1654781229635372,
300833b2ddd9014000030002,1,1,36,-48,1654781229638072,1654781229638072,
300833b2ddd9014000030002,1,1,72,-48,1654781229669044,1654781229669044,
300833b2ddd9014000030009,1,1,2468,-43,1654781229670727,1654781229670727,
300833b2ddd9014000030008,1,1,3072,-44,1654781229672034,1654781229672034,
300833b2ddd9014000030001,1,1,1168,-51,1654781229673252,1654781229673252,
300833b2ddd9014000030008,1,1,3088,-44,1654781229676212,1654781229676212,
300833b2ddd9014000030002,1,1,48,-48,1654781229677538,1654781229677538,
300833b2ddd9014000030009,1,1,2472,-44,1654781229679331,1654781229679331,
300833b2ddd9014000030001,1,1,1148,-51,1654781229680746,1654781229680746,
300833b2ddd9014000030009,1,1,2484,-43,1654781229711829,1654781229711829,
300833b2ddd9014000030001,1,1,1120,-51,1654781229712917,1654781229712917,
300833b2ddd9014000030008,1,1,3104,-44,1654781229714013,1654781229714013,
300833b2ddd9014000030002,1,1,72,-48,1654781229717281,1654781229717281,
300833b2ddd9014000030008,1,1,3104,-44,1654781229720375,1654781229720375,
300833b2ddd9014000030009,1,1,2496,-43,1654781229721972,1654781229721972,
300833b2ddd9014000030001,1,1,1120,-50,1654781229723724,1654781229723724,
300833b2ddd9014000030002,1,1,68,-48,1654781229725175,1654781229725175,
300833b2ddd9014000030001,1,1,1116,-50,1654781229756318,1654781229756318,
300833b2ddd9014000030002,1,1,72,-47,1654781229757401,1654781229757401,
300833b2ddd9014000030008,1,1,3132,-44,1654781229760382,1654781229760382,
300833b2ddd9014000030009,1,1,2452,-43,1654781229761424,1654781229761424,
300833b2ddd9014000030001,1,1,1100,-50,1654781229765031,1654781229765031,
300833b2ddd9014000030008,1,1,3096,-44,1654781229766381,1654781229766381,
300833b2ddd9014000030009,1,1,2448,-43,1654781229768008,1654781229768008,
300833b2ddd9014000030002,1,1,64,-47,1654781229769758,1654781229769758,
300833b2ddd9014000030008,1,1,3096,-44,1654781229800697,1654781229800697,
300833b2ddd9014000030009,1,1,2424,-43,1654781229802067,1654781229802067,
300833b2ddd9014000030001,1,1,1108,-49,1654781229803834,1654781229803834,
300833b2ddd9014000030002,1,1,60,-47,1654781229804917,1654781229804917,
300833b2ddd9014000030002,1,1,72,-47,1654781229809395,1654781229809395,
300833b2ddd9014000030009,1,1,2412,-43,1654781229811166,1654781229811166,
300833b2ddd9014000030008,1,1,3092,-44,1654781229812489,1654781229812489,
300833b2ddd9014000030001,1,1,1132,-49,1654781229813932,1654781229813932,
300833b2ddd9014000030008,1,1,3084,-44,1654781229850026,1654781229850026,
300833b2ddd9014000030009,1,1,2400,-43,1654781229851082,1654781229851082,
300833b2ddd9014000030001,1,1,1172,-48,1654781229852891,1654781229852891,
300833b2ddd9014000030002,1,1,60,-47,1654781229855465,1654781229855465,
300833b2ddd9014000030009,1,1,2416,-43,1654781229859292,1654781229859292,
300833b2ddd9014000030001,1,1,1164,-48,1654781229860350,1654781229860350,
300833b2ddd9014000030002,1,1,68,-47,1654781229861474,1654781229861474,
300833b2ddd9014000030008,1,1,3068,-44,1654781229862944,1654781229862944,
300833b2ddd9014000030009,1,1,2400,-42,1654781229894225,1654781229894225,
300833b2ddd9014000030001,1,1,1192,-48,1654781229895268,1654781229895268,
300833b2ddd9014000030008,1,1,3052,-44,1654781229896353,1654781229896353,
300833b2ddd9014000030002,1,1,76,-47,1654781229897791,1654781229897791,
300833b2ddd9014000030008,1,1,3060,-44,1654781229900968,1654781229900968,
300833b2ddd9014000030001,1,1,1204,-48,1654781229902437,1654781229902437,
300833b2ddd9014000030002,1,1,68,-47,1654781229904400,1654781229904400,
300833b2ddd9014000030009,1,1,2400,-42,1654781229905499,1654781229905499,
300833b2ddd9014000030009,1,1,2404,-42,1654781229935657,1654781229935657,
300833b2ddd9014000030008,1,1,3060,-44,1654781229938497,1654781229938497,
300833b2ddd9014000030002,1,1,96,-47,1654781229939736,1654781229939736,
300833b2ddd9014000030001,1,1,1244,-48,1654781229940895,1654781229940895,
300833b2ddd9014000030002,1,1,92,-47,1654781229943643,1654781229943643,
300833b2ddd9014000030001,1,1,1232,-48,1654781229944970,1654781229944970,
300833b2ddd9014000030008,1,1,3036,-44,1654781229946464,1654781229946464,
300833b2ddd9014000030009,1,1,2396,-42,1654781229947577,1654781229947577,
300833b2ddd9014000030001,1,1,1264,-48,1654781229979235,1654781229979235,
300833b2ddd9014000030009,1,1,2384,-42,1654781229980293,1654781229980293,
300833b2ddd9014000030008,1,1,3056,-44,1654781229981603,1654781229981603,
300833b2ddd9014000030002,1,1,112,-47,1654781229982924,1654781229982924,
300833b2ddd9014000030008,1,1,3044,-44,1654781229987326,1654781229987326,
300833b2ddd9014000030001,1,1,1252,-48,1654781229989253,1654781229989253,
300833b2ddd9014000030002,1,1,116,-47,1654781229990592,1654781229990592,
300833b2ddd9014000030009,1,1,2396,-42,1654781229991719,1654781229991719,
300833b2ddd9014000030009,1,1,2396,-42,1654781230022672,1654781230022672,
300833b2ddd9014000030001,1,1,1276,-48,1654781230023730,1654781230023730,
300833b2ddd9014000030008,1,1,3056,-44,1654781230024756,1654781230024756,
300833b2ddd9014000030002,1,1,120,-47,1654781230027580,1654781230027580,
300833b2ddd9014000030008,1,1,3040,-44,1654781230030798,1654781230030798,
300833b2ddd9014000030002,1,1,128,-47,1654781230032092,1654781230032092,
300833b2ddd9014000030001,1,1,1284,-48,1654781230033465,1654781230033465,
300833b2ddd9014000030009,1,1,2392,-42,1654781230034579,1654781230034579,
300833b2ddd9014000030001,1,1,1276,-47,1654781230066711,1654781230066711,
300833b2ddd9014000030009,1,1,2396,-42,1654781230067954,1654781230067954,
300833b2ddd9014000030008,1,1,3032,-44,1654781230069547,1654781230069547,
300833b2ddd9014000030002,1,1,120,-47,1654781230070687,1654781230070687,
300833b2ddd9014000030009,1,1,2400,-42,1654781230073615,1654781230073615,
300833b2ddd9014000030001,1,1,1288,-48,1654781230075649,1654781230075649,
300833b2ddd9014000030002,1,1,120,-47,1654781230077003,1654781230077003,
300833b2ddd9014000030008,1,1,3052,-44,1654781230078116,1654781230078116,
300833b2ddd9014000030002,1,1,132,-47,1654781230108497,1654781230108497,
300833b2ddd9014000030009,1,1,2396,-42,1654781230110647,1654781230110647,
300833b2ddd9014000030008,1,1,3036,-44,1654781230111785,1654781230111785,
300833b2ddd9014000030001,1,1,1308,-47,1654781230113216,1654781230113216,
300833b2ddd9014000030001,1,1,1276,-48,1654781230116444,1654781230116444,
300833b2ddd9014000030009,1,1,2400,-42,1654781230117515,1654781230117515,
300833b2ddd9014000030002,1,1,136,-47,1654781230118784,1654781230118784,
300833b2ddd9014000030008,1,1,3036,-44,1654781230121660,1654781230121660,
300833b2ddd9014000030008,1,1,3036,-44,1654781230151727,1654781230151727,
300833b2ddd9014000030009,1,1,2400,-42,1654781230153295,1654781230153295,
300833b2ddd9014000030001,1,1,1308,-48,1654781230155134,1654781230155134,
300833b2ddd9014000030002,1,1,152,-47,1654781230156587,1654781230156587,
300833b2ddd9014000030008,1,1,3024,-43,1654781230161578,1654781230161578,
300833b2ddd9014000030009,1,1,2396,-42,1654781230162917,1654781230162917,
300833b2ddd9014000030001,1,1,1312,-47,1654781230163990,1654781230163990,
300833b2ddd9014000030002,1,1,132,-47,1654781230165428,1654781230165428,
300833b2ddd9014000030001,1,1,1336,-48,1654781230195505,1654781230195505,
300833b2ddd9014000030002,1,1,152,-47,1654781230197718,1654781230197718,
300833b2ddd9014000030008,1,1,3020,-44,1654781230199173,1654781230199173,
300833b2ddd9014000030009,1,1,2408,-42,1654781230200243,1654781230200243,
300833b2ddd9014000030002,1,1,128,-47,1654781230203239,1654781230203239,
300833b2ddd9014000030001,1,1,1316,-47,1654781230204340,1654781230204340,
300833b2ddd9014000030009,1,1,2424,-42,1654781230205411,1654781230205411,
300833b2ddd9014000030008,1,1,3040,-44,1654781230206467,1654781230206467,
300833b2ddd9014000030002,1,1,128,-47,1654781230238565,1654781230238565,
300833b2ddd9014000030001,1,1,1304,-47,1654781230241044,1654781230241044,
300833b2ddd9014000030009,1,1,2404,-42,1654781230243185,1654781230243185,
300833b2ddd9014000030008,1,1,3032,-44,1654781230244412,1654781230244412,
300833b2ddd9014000030009,1,1,2408,-42,1654781230247657,1654781230247657,
300833b2ddd9014000030001,1,1,1308,-47,1654781230248701,1654781230248701,
300833b2ddd9014000030008,1,1,3036,-44,1654781230250266,1654781230250266,
300833b2ddd9014000030002,1,1,140,-47,1654781230251337,1654781230251337,
300833b2ddd9014000030001,1,1,1284,-47,1654781230282779,1654781230282779,
300833b2ddd9014000030009,1,1,2392,-42,1654781230283821,1654781230283821,
300833b2ddd9014000030002,1,1,152,-47,1654781230285187,1654781230285187,
300833b2ddd9014000030008,1,1,3052,-43,1654781230288005,1654781230288005,
300833b2ddd9014000030002,1,1,124,-47,1654781230291017,1654781230291017,
300833b2ddd9014000030001,1,1,1312,-47,1654781230292971,1654781230292971,
300833b2ddd9014000030008,1,1,3040,-43,1654781230297145,1654781230297145,
300833b2ddd9014000030009,1,1,2412,-42,1654781230298244,1654781230298244,
300833b2ddd9014000030008,1,1,3032,-43,1654781230327974,1654781230327974,
300833b2ddd9014000030009,1,1,2380,-42,1654781230329270,1654781230329270,
300833b2ddd9014000030002,1,1,156,-47,1654781230330807,1654781230330807,
300833b2ddd9014000030001,1,1,1296,-48,1654781230332178,1654781230332178,
300833b2ddd9014000030002,1,1,144,-47,1654781230337109,1654781230337109,
300833b2ddd9014000030009,1,1,2392,-42,1654781230338309,1654781230338309,
300833b2ddd9014000030001,1,1,1316,-47,1654781230339381,1654781230339381,
300833b2ddd9014000030008,1,1,3040,-44,1654781230340706,1654781230340706,
300833b2ddd9014000030009,1,1,2384,-42,1654781230371031,1654781230371031,
300833b2ddd9014000030008,1,1,3044,-44,1654781230372597,1654781230372597,
300833b2ddd9014000030001,1,1,1304,-47,1654781230374393,1654781230374393,
300833b2ddd9014000030002,1,1,148,-47,1654781230376444,1654781230376444,
300833b2ddd9014000030008,1,1,3032,-44,1654781230380781,1654781230380781,
300833b2ddd9014000030001,1,1,1284,-47,1654781230382477,1654781230382477,
300833b2ddd9014000030009,1,1,2400,-42,1654781230383565,1654781230383565,
300833b2ddd9014000030002,1,1,136,-47,1654781230384820,1654781230384820,
300833b2ddd9014000030008,1,1,3020,-44,1654781230414806,1654781230414806,
300833b2ddd9014000030002,1,1,136,-47,1654781230415874,1654781230415874,
300833b2ddd9014000030009,1,1,2400,-42,1654781230417698,1654781230417698,
300833b2ddd9014000030001,1,1,1296,-47,1654781230420220,1654781230420220,
300833b2ddd9014000030001,1,1,1284,-47,1654781230423213,1654781230423213,
300833b2ddd9014000030009,1,1,2392,-42,1654781230424226,1654781230424226,
300833b2ddd9014000030002,1,1,128,-47,1654781230425324,1654781230425324,
300833b2ddd9014000030008,1,1,3036,-43,1654781230426379,1654781230426379,
300833b2ddd9014000030009,1,1,2392,-42,1654781230458928,1654781230458928,
300833b2ddd9014000030002,1,1,124,-47,1654781230460338,1654781230460338,
300833b2ddd9014000030001,1,1,1276,-47,1654781230461595,1654781230461595,
300833b2ddd9014000030008,1,1,3032,-44,1654781230462706,1654781230462706,
300833b2ddd9014000030009,1,1,2392,-42,1654781230466302,1654781230466302,
300833b2ddd9014000030008,1,1,3024,-44,1654781230467385,1654781230467385,
300833b2ddd9014000030001,1,1,1268,-47,1654781230468756,1654781230468756,
300833b2ddd9014000030002,1,1,120,-47,1654781230470678,1654781230470678,
300833b2ddd9014000030009,1,1,2388,-42,1654781230502242,1654781230502242,
300833b2ddd9014000030002,1,1,120,-47,1654781230503729,1654781230503729,
300833b2ddd9014000030008,1,1,3040,-44,1654781230504798,1654781230504798,
300833b2ddd9014000030001,1,1,1284,-47,1654781230505882,1654781230505882,
300833b2ddd9014000030008,1,1,3032,-44,1654781230510202,1654781230510202,
300833b2ddd9014000030009,1,1,2380,-42,1654781230511699,1654781230511699,
300833b2ddd9014000030002,1,1,112,-47,1654781230512826,1654781230512826,
300833b2ddd9014000030001,1,1,1280,-47,1654781230513913,1654781230513913,
300833b2ddd9014000030009,1,1,2376,-42,1654781230544193,1654781230544193,
300833b2ddd9014000030008,1,1,3036,-44,1654781230545274,1654781230545274,
300833b2ddd9014000030001,1,1,1296,-47,1654781230546376,1654781230546376,
300833b2ddd9014000030002,1,1,116,-47,1654781230547999,1654781230547999,
300833b2ddd9014000030001,1,1,1272,-47,1654781230552698,1654781230552698,
300833b2ddd9014000030002,1,1,116,-47,1654781230554285,1654781230554285,
300833b2ddd9014000030009,1,1,2396,-42,1654781230555765,1654781230555765,
300833b2ddd9014000030008,1,1,3032,-44,1654781230556848,1654781230556848,
300833b2ddd9014000030002,1,1,124,-47,1654781230588040,1654781230588040,
300833b2ddd9014000030001,1,1,1272,-47,1654781230589129,1654781230589129,
300833b2ddd9014000030008,1,1,3020,-44,1654781230590168,1654781230590168,
300833b2ddd9014000030009,1,1,2376,-42,1654781230591539,1654781230591539,
300833b2ddd9014000030002,1,1,128,-47,1654781230596743,1654781230596743,
300833b2ddd9014000030008,1,1,3032,-44,1654781230598057,1654781230598057,
300833b2ddd9014000030009,1,1,2388,-42,1654781230599172,1654781230599172,
300833b2ddd9014000030001,1,1,1292,-47,1654781230600258,1654781230600258,
300833b2ddd9014000030001,1,1,1272,-48,1654781230632175,1654781230632175,
300833b2ddd9014000030002,1,1,116,-47,1654781230634859,1654781230634859,
300833b2ddd9014000030009,1,1,2380,-42,1654781230636783,1654781230636783,
300833b2ddd9014000030008,1,1,3016,-44,1654781230638860,1654781230638860,
300833b2ddd9014000030009,1,1,2380,-42,1654781230643125,1654781230643125,
300833b2ddd9014000030008,1,1,3028,-44,1654781230644207,1654781230644207,
300833b2ddd9014000030001,1,1,1284,-47,1654781230645324,1654781230645324,
300833b2ddd9014000030002,1,1,120,-47,1654781230646763,1654781230646763,
300833b2ddd9014000030001,1,1,1280,-47,1654781230677115,1654781230677115,
300833b2ddd9014000030008,1,1,3028,-44,1654781230678454,1654781230678454,
300833b2ddd9014000030009,1,1,2388,-42,1654781230679527,1654781230679527,
300833b2ddd9014000030002,1,1,104,-47,1654781230681471,1654781230681471,
300833b2ddd9014000030009,1,1,2380,-42,1654781230686295,1654781230686295,
300833b2ddd9014000030008,1,1,3028,-44,1654781230687504,1654781230687504,
300833b2ddd9014000030002,1,1,116,-47,1654781230688862,1654781230688862,
300833b2ddd9014000030001,1,1,1272,-47,1654781230690603,1654781230690603,
300833b2ddd9014000030001,1,1,1284,-47,1654781230720506,1654781230720506,
300833b2ddd9014000030008,1,1,3036,-44,1654781230721874,1654781230721874,
300833b2ddd9014000030009,1,1,2384,-42,1654781230722930,1654781230722930,
300833b2ddd9014000030002,1,1,120,-47,1654781230724948,1654781230724948,
300833b2ddd9014000030002,1,1,136,-47,1654781230729003,1654781230729003,
300833b2ddd9014000030001,1,1,1276,-47,1654781230731547,1654781230731547,
300833b2ddd9014000030008,1,1,3012,-44,1654781230732644,1654781230732644,
300833b2ddd9014000030009,1,1,2384,-42,1654781230733829,1654781230733829,
300833b2ddd9014000030008,1,1,3032,-44,1654781230763689,1654781230763689,
300833b2ddd9014000030009,1,1,2368,-42,1654781230764746,1654781230764746,
300833b2ddd9014000030001,1,1,1268,-47,1654781230766031,1654781230766031,
300833b2ddd9014000030002,1,1,112,-47,1654781230768493,1654781230768493,
300833b2ddd9014000030009,1,1,2392,-42,1654781230772321,1654781230772321,
300833b2ddd9014000030008,1,1,3024,-44,1654781230773648,1654781230773648,
300833b2ddd9014000030002,1,1,132,-47,1654781230775225,1654781230775225,
300833b2ddd9014000030001,1,1,1256,-47,1654781230776303,1654781230776303,
300833b2ddd9014000030009,1,1,2392,-42,1654781230809848,1654781230809848,
300833b2ddd9014000030001,1,1,1276,-47,1654781230810924,1654781230810924,
300833b2ddd9014000030002,1,1,104,-47,1654781230812278,1654781230812278,
300833b2ddd9014000030008,1,1,3028,-44,1654781230813518,1654781230813518,
300833b2ddd9014000030002,1,1,108,-47,1654781230816492,1654781230816492,
300833b2ddd9014000030001,1,1,1268,-47,1654781230817792,1654781230817792,
300833b2ddd9014000030008,1,1,3036,-44,1654781230818847,1654781230818847,
300833b2ddd9014000030009,1,1,2380,-42,1654781230820145,1654781230820145,
300833b2ddd9014000030008,1,1,3024,-44,1654781230852028,1654781230852028,
300833b2ddd9014000030002,1,1,120,-47,1654781230853963,1654781230853963,
300833b2ddd9014000030001,1,1,1264,-47,1654781230855023,1654781230855023,
300833b2ddd9014000030009,1,1,2376,-42,1654781230856406,1654781230856406,
300833b2ddd9014000030009,1,1,2380,-42,1654781230860093,1654781230860093,
300833b2ddd9014000030008,1,1,3036,-44,1654781230861164,1654781230861164,
300833b2ddd9014000030002,1,1,108,-47,1654781230862489,1654781230862489,
300833b2ddd9014000030001,1,1,1280,-47,1654781230864041,1654781230864041,
300833b2ddd9014000030008,1,1,3028,-44,1654781230895841,1654781230895841,
300833b2ddd9014000030002,1,1,120,-47,1654781230897337,1654781230897337,
300833b2ddd9014000030001,1,1,1296,-47,1654781230898680,1654781230898680,
300833b2ddd9014000030009,1,1,2372,-42,1654781230899768,1654781230899768,
300833b2ddd9014000030008,1,1,3028,-44,1654781230904244,1654781230904244,
300833b2ddd9014000030002,1,1,116,-47,1654781230905342,1654781230905342,
300833b2ddd9014000030009,1,1,2376,-42,1654781230906655,1654781230906655,
300833b2ddd9014000030001,1,1,1292,-47,1654781230907899,1654781230907899,
300833b2ddd9014000030001,1,1,1284,-47,1654781230939475,1654781230939475,
300833b2ddd9014000030009,1,1,2372,-42,1654781230940577,1654781230940577,
300833b2ddd9014000030002,1,1,116,-47,1654781230941663,1654781230941663,
300833b2ddd9014000030008,1,1,3024,-44,1654781230942987,1654781230942987,
300833b2ddd9014000030001,1,1,1300,-47,1654781230948509,1654781230948509,
300833b2ddd9014000030009,1,1,2364,-42,1654781230949954,1654781230949954,
300833b2ddd9014000030008,1,1,3020,-44,1654781230951021,1654781230951021,
300833b2ddd9014000030002,1,1,132,-47,1654781230952757,1654781230952757,
300833b2ddd9014000030008,1,1,3028,-44,1654781230982890,1654781230982890,
300833b2ddd9014000030001,1,1,1268,-47,1654781230983962,1654781230983962,
300833b2ddd9014000030009,1,1,2384,-42,1654781230985544,1654781230985544,
300833b2ddd9014000030002,1,1,120,-47,1654781230986600,1654781230986600,
300833b2ddd9014000030002,1,1,120,-47,1654781230991066,1654781230991066,
300833b2ddd9014000030001,1,1,1300,-47,1654781230992168,1654781230992168,
300833b2ddd9014000030008,1,1,3016,-44,1654781230993747,1654781230993747,
300833b2ddd9014000030009,1,1,2372,-42,1654781230995285,1654781230995285,
300833b2ddd9014000030009,1,1,2380,-42,1654781231026790,1654781231026790,
300833b2ddd9014000030008,1,1,3024,-44,1654781231028514,1654781231028514,
300833b2ddd9014000030001,1,1,1280,-47,1654781231029572,1654781231029572,
300833b2ddd9014000030002,1,1,128,-47,1654781231031311,1654781231031311,
300833b2ddd9014000030001,1,1,1272,-47,1654781231034318,1654781231034318,
300833b2ddd9014000030009,1,1,2380,-42,1654781231035616,1654781231035616,
300833b2ddd9014000030008,1,1,3016,-44,1654781231037467,1654781231037467,
300833b2ddd9014000030002,1,1,112,-47,1654781231038508,1654781231038508,
300833b2ddd9014000030009,1,1,2372,-42,1654781231071537,1654781231071537,
300833b2ddd9014000030008,1,1,3028,-44,1654781231073721,1654781231073721,
300833b2ddd9014000030002,1,1,112,-47,1654781231074863,1654781231074863,
300833b2ddd9014000030001,1,1,1292,-47,1654781231076107,1654781231076107,
300833b2ddd9014000030009,1,1,2380,-42,1654781231079594,1654781231079594,
300833b2ddd9014000030001,1,1,1280,-47,1654781231081037,1654781231081037,
300833b2ddd9014000030008,1,1,3012,-44,1654781231082078,1654781231082078,
300833b2ddd9014000030002,1,1,116,-47,1654781231084042,1654781231084042,
300833b2ddd9014000030008,1,1,3032,-44,1654781231113959,1654781231113959,
300833b2ddd9014000030009,1,1,2368,-42,1654781231116111,1654781231116111,
300833b2ddd9014000030001,1,1,1284,-47,1654781231118101,1654781231118101,
300833b2ddd9014000030002,1,1,120,-47,1654781231120072,1654781231120072,
300833b2ddd9014000030008,1,1,3024,-44,1654781231123943,1654781231123943,
300833b2ddd9014000030002,1,1,136,-47,1654781231125010,1654781231125010,
300833b2ddd9014000030009,1,1,2368,-42,1654781231126596,1654781231126596,
300833b2ddd9014000030001,1,1,1280,-47,1654781231127951,1654781231127951,
300833b2ddd9014000030008,1,1,3024,-44,1654781231161740,1654781231161740,
300833b2ddd9014000030001,1,1,1280,-47,1654781231162858,1654781231162858,
300833b2ddd9014000030009,1,1,2484,-42,1654781231164186,1654781231164186,
300833b2ddd9014000030002,1,1,120,-46,1654781231165921,1654781231165921,
300833b2ddd9014000030008,1,1,3028,-44,1654781231170732,1654781231170732,
300833b2ddd9014000030002,1,1,120,-46,1654781231171800,1654781231171800,
300833b2ddd9014000030001,1,1,1200,-46,1654781231173612,1654781231173612,
300833b2ddd9014000030009,1,1,2368,-42,1654781231174767,1654781231174767,
300833b2ddd9014000030002,1,1,132,-47,1654781231206190,1654781231206190,
300833b2ddd9014000030001,1,1,1272,-47,1654781231207547,1654781231207547,
300833b2ddd9014000030009,1,1,2380,-42,1654781231208575,1654781231208575,
300833b2ddd9014000030008,1,1,3012,-44,1654781231209700,1654781231209700,
300833b2ddd9014000030001,1,1,1280,-47,1654781231214522,1654781231214522,
300833b2ddd9014000030002,1,1,120,-47,1654781231216101,1654781231216101,
300833b2ddd9014000030009,1,1,2404,-42,1654781231217169,1654781231217169,
300833b2ddd9014000030008,1,1,3028,-44,1654781231219335,1654781231219335,
300833b2ddd9014000030002,1,1,132,-47,1654781231250641,1654781231250641,
300833b2ddd9014000030009,1,1,2376,-42,1654781231253004,1654781231253004,
300833b2ddd9014000030008,1,1,3044,-44,1654781231254031,1654781231254031,
300833b2ddd9014000030001,1,1,1264,-47,1654781231255203,1654781231255203,
300833b2ddd9014000030009,1,1,2380,-42,1654781231259805,1654781231259805,
300833b2ddd9014000030008,1,1,3016,-44,1654781231261935,1654781231261935,
300833b2ddd9014000030002,1,1,116,-47,1654781231263360,1654781231263360,
300833b2ddd9014000030001,1,1,1252,-47,1654781231264576,1654781231264576,
300833b2ddd9014000030002,1,1,128,-46,1654781231294328,1654781231294328,
300833b2ddd9014000030008,1,1,3028,-44,1654781231295426,1654781231295426,
300833b2ddd9014000030009,1,1,2404,-42,1654781231297487,1654781231297487,
300833b2ddd9014000030001,1,1,1264,-47,1654781231298916,1654781231298916,
300833b2ddd9014000030008,1,1,3020,-44,1654781231304608,1654781231304608,
300833b2ddd9014000030009,1,1,2344,-42,1654781231305736,1654781231305736,
300833b2ddd9014000030001,1,1,1268,-46,1654781231306820,1654781231306820,
300833b2ddd9014000030002,1,1,104,-44,1654781231307951,1654781231307951,
300833b2ddd9014000030009,1,1,2384,-42,1654781231341518,1654781231341518,
300833b2ddd9014000030001,1,1,1272,-47,1654781231342776,1654781231342776,
300833b2ddd9014000030002,1,1,128,-47,1654781231343861,1654781231343861,
300833b2ddd9014000030008,1,1,3028,-44,1654781231344974,1654781231344974,
300833b2ddd9014000030008,1,1,3028,-44,1654781231348635,1654781231348635,
300833b2ddd9014000030001,1,1,1276,-47,1654781231350235,1654781231350235,
300833b2ddd9014000030009,1,1,2372,-42,1654781231351308,1654781231351308,
300833b2ddd9014000030002,1,1,120,-47,1654781231354348,1654781231354348,
300833b2ddd9014000030009,1,1,2356,-42,1654781231384420,1654781231384420,
300833b2ddd9014000030008,1,1,3032,-44,1654781231386110,1654781231386110,
300833b2ddd9014000030002,1,1,136,-47,1654781231387154,1654781231387154,
300833b2ddd9014000030001,1,1,1252,-47,1654781231388227,1654781231388227,
300833b2ddd9014000030002,1,1,128,-47,1654781231391779,1654781231391779,
300833b2ddd9014000030009,1,1,2372,-42,1654781231393049,1654781231393049,
300833b2ddd9014000030008,1,1,3024,-44,1654781231394343,1654781231394343,
300833b2ddd9014000030001,1,1,1272,-47,1654781231395841,1654781231395841,
300833b2ddd9014000030008,1,1,3044,-44,1654781231427101,1654781231427101,
300833b2ddd9014000030001,1,1,1248,-47,1654781231428131,1654781231428131,
300833b2ddd9014000030009,1,1,2364,-42,1654781231429740,1654781231429740,
300833b2ddd9014000030002,1,1,116,-47,1654781231431037,1654781231431037,
300833b2ddd9014000030009,1,1,2348,-42,1654781231435516,1654781231435516,
300833b2ddd9014000030002,1,1,136,-47,1654781231437095,1654781231437095,
300833b2ddd9014000030001,1,1,1272,-47,1654781231438408,1654781231438408,
300833b2ddd9014000030008,1,1,3032,-44,1654781231439703,1654781231439703,
300833b2ddd9014000030002,1,1,124,-47,1654781231470984,1654781231470984,
300833b2ddd9014000030009,1,1,2372,-42,1654781231473805,1654781231473805,
300833b2ddd9014000030001,1,1,1272,-47,1654781231475328,1654781231475328,
300833b2ddd9014000030008,1,1,3020,-44,1654781231476837,1654781231476837,
300833b2ddd9014000030009,1,1,2356,-42,1654781231480497,1654781231480497,
300833b2ddd9014000030002,1,1,120,-47,1654781231481913,1654781231481913,
300833b2ddd9014000030001,1,1,1260,-47,1654781231483270,1654781231483270,
300833b2ddd9014000030008,1,1,3048,-44,1654781231484324,1654781231484324,
300833b2ddd9014000030008,1,1,3016,-44,1654781231515864,1654781231515864,
300833b2ddd9014000030002,1,1,132,-47,1654781231517188,1654781231517188,
300833b2ddd9014000030009,1,1,2368,-42,1654781231518529,1654781231518529,
300833b2ddd9014000030001,1,1,1276,-47,1654781231521564,1654781231521564,
300833b2ddd9014000030002,1,1,144,-47,1654781231525402,1654781231525402,
300833b2ddd9014000030008,1,1,3040,-44,1654781231526697,1654781231526697,
300833b2ddd9014000030009,1,1,2364,-42,1654781231528010,1654781231528010,
300833b2ddd9014000030001,1,1,1264,-47,1654781231529082,1654781231529082,
300833b2ddd9014000030001,1,1,1260,-47,1654781231560793,1654781231560793,
300833b2ddd9014000030002,1,1,132,-47,1654781231561903,1654781231561903,
300833b2ddd9014000030009,1,1,2368,-42,1654781231563215,1654781231563215,
300833b2ddd9014000030008,1,1,3040,-44,1654781231564313,1654781231564313,
300833b2ddd9014000030008,1,1,3024,-44,1654781231569980,1654781231569980,
300833b2ddd9014000030001,1,1,1252,-47,1654781231571183,1654781231571183,
300833b2ddd9014000030009,1,1,2368,-42,1654781231572255,1654781231572255,
300833b2ddd9014000030002,1,1,120,-47,1654781231573338,1654781231573338,