epc,atenda,atendanum,phase,RSS,timestamp,timestamp2,
300833b2ddd9014000030001,1,1,1076,-48,1654781025061495,1654781025061495,
300833b2ddd9014000030008,1,1,3044,-46,1654781025062564,1654781025062564,
300833b2ddd9014000030009,1,1,2388,-44,1654781025064640,1654781025064640,
300833b2ddd9014000030002,1,1,16,-49,1654781025066362,1654781025066362,
300833b2ddd9014000030001,1,1,1116,-48,1654781025070289,1654781025070289,
300833b2ddd9014000030008,1,1,3044,-46,1654781025071344,1654781025071344,
300833b2ddd9014000030009,1,1,2388,-44,1654781025072402,1654781025072402,
300833b2ddd9014000030002,1,1,16,-49,1654781025073655,1654781025073655,
300833b2ddd9014000030009,1,1,2400,-44,1654781025105621,1654781025105621,
300833b2ddd9014000030001,1,1,1108,-48,1654781025106694,1654781025106694,
300833b2ddd9014000030002,1,1,12,-49,1654781025108534,1654781025108534,
300833b2ddd9014000030008,1,1,3052,-46,1654781025109643,1654781025109643,
300833b2ddd9014000030008,1,1,3048,-46,1654781025114166,1654781025114166,
300833b2ddd9014000030002,1,1,44,-49,1654781025115488,1654781025115488,
300833b2ddd9014000030009,1,1,2380,-44,1654781025116789,1654781025116789,
300833b2ddd9014000030001,1,1,1096,-48,1654781025117876,1654781025117876,
300833b2ddd9014000030008,1,1,3048,-46,1654781025149752,1654781025149752,
300833b2ddd9014000030001,1,1,1092,-48,1654781025150865,1654781025150865,
300833b2ddd9014000030009,1,1,2392,-44,1654781025152421,1654781025152421,
300833b2ddd9014000030002,1,1,16,-49,1654781025153520,1654781025153520,
300833b2ddd9014000030008,1,1,3044,-46,1654781025158696,1654781025158696,
300833b2ddd9014000030009,1,1,2380,-44,1654781025161014,1654781025161014,
300833b2ddd9014000030002,1,1,40,-49,1654781025162154,1654781025162154,
300833b2ddd9014000030001,1,1,1088,-48,1654781025163356,1654781025163356,
300833b2ddd9014000030009,1,1,2404,-44,1654781025193586,1654781025193586,
300833b2ddd9014000030002,1,1,20,-49,1654781025195930,1654781025195930,
300833b2ddd9014000030008,1,1,3044,-46,1654781025197043,1654781025197043,
300833b2ddd9014000030001,1,1,1092,-48,1654781025198315,1654781025198315,
300833b2ddd9014000030001,1,1,1092,-48,1654781025202194,1654781025202194,
300833b2ddd9014000030008,1,1,3060,-46,1654781025203277,1654781025203277,
300833b2ddd9014000030002,1,1,16,-49,1654781025204389,1654781025204389,
300833b2ddd9014000030009,1,1,2392,-44,1654781025205488,1654781025205488,
300833b2ddd9014000030001,1,1,1096,-48,1654781025236605,1654781025236605,
300833b2ddd9014000030009,1,1,2384,-45,1654781025238270,1654781025238270,
300833b2ddd9014000030008,1,1,3024,-47,1654781025239366,1654781025239366,
300833b2ddd9014000030002,1,1,32,-50,1654781025240576,1654781025240576,
300833b2ddd9014000030009,1,1,2372,-44,1654781025245248,1654781025245248,
300833b2ddd9014000030001,1,1,1092,-48,1654781025247901,1654781025247901,
300833b2ddd9014000030002,1,1,4092,-49,1654781025249511,1654781025249511,
300833b2ddd9014000030008,1,1,3024,-46,1654781025251045,1654781025251045,
300833b2ddd9014000030008,1,1,3024,-46,1654781025282959,1654781025282959,
300833b2ddd9014000030002,1,1,16,-49,1654781025284397,1654781025284397,
300833b2ddd9014000030001,1,1,1076,-48,1654781025285499,1654781025285499,
300833b2ddd9014000030009,1,1,2388,-44,1654781025286853,1654781025286853,
300833b2ddd9014000030008,1,1,3032,-47,1654781025290755,1654781025290755,
300833b2ddd9014000030001,1,1,1096,-48,1654781025291871,1654781025291871,
300833b2ddd9014000030009,1,1,2388,-45,1654781025292942,1654781025292942,
300833b2ddd9014000030002,1,1,4080,-50,1654781025295178,1654781025295178,
300833b2ddd9014000030009,1,1,2376,-44,1654781025326114,1654781025326114,
300833b2ddd9014000030008,1,1,3032,-46,1654781025327464,1654781025327464,
300833b2ddd9014000030002,1,1,20,-50,1654781025328532,1654781025328532,
300833b2ddd9014000030001,1,1,1096,-47,1654781025330684,1654781025330684,
300833b2ddd9014000030001,1,1,1088,-48,1654781025335081,1654781025335081,
300833b2ddd9014000030008,1,1,3024,-46,1654781025336774,1654781025336774,
300833b2ddd9014000030002,1,1,16,-49,1654781025337901,1654781025337901,
300833b2ddd9014000030009,1,1,2400,-44,1654781025338929,1654781025338929,
300833b2ddd9014000030009,1,1,2380,-44,1654781025369742,1654781025369742,
300833b2ddd9014000030002,1,1,16,-49,1654781025370892,1654781025370892,
300833b2ddd9014000030008,1,1,3040,-47,1654781025371948,1654781025371948,
300833b2ddd9014000030001,1,1,1108,-48,1654781025372993,1654781025372993,
300833b2ddd9014000030001,1,1,1076,-48,1654781025378220,1654781025378220,
300833b2ddd9014000030002,1,1,12,-50,1654781025379260,1654781025379260,
300833b2ddd9014000030008,1,1,3024,-47,1654781025380838,1654781025380838,
300833b2ddd9014000030009,1,1,2388,-45,1654781025381924,1654781025381924,
300833b2ddd9014000030008,1,1,3032,-47,1654781025413354,1654781025413354,
300833b2ddd9014000030002,1,1,8,-49,1654781025415319,1654781025415319,
300833b2ddd9014000030001,1,1,1080,-48,1654781025417244,1654781025417244,
300833b2ddd9014000030008,1,1,3040,-47,1654781025420719,1654781025420719,
300833b2ddd9014000030002,1,1,28,-49,1654781025422209,1654781025422209,
300833b2ddd9014000030001,1,1,1076,-48,1654781025423296,1654781025423296,
300833b2ddd9014000030009,1,1,2392,-44,1654781025424582,1654781025424582,
300833b2ddd9014000030001,1,1,1076,-48,1654781025458158,1654781025458158,
300833b2ddd9014000030009,1,1,2396,-44,1654781025459710,1654781025459710,
300833b2ddd9014000030009,1,1,2392,-44,1654781025464464,1654781025464464,
300833b2ddd9014000030008,1,1,3044,-46,1654781025465520,1654781025465520,
300833b2ddd9014000030001,1,1,1080,-48,1654781025466890,1654781025466890,
300833b2ddd9014000030002,1,1,4,-49,1654781025467974,1654781025467974,
300833b2ddd9014000030001,1,1,1080,-48,1654781025527375,1654781025527375,
300833b2ddd9014000030002,1,1,16,-49,1654781025530242,1654781025530242,
300833b2ddd9014000030009,1,1,2412,-45,1654781025531311,1654781025531311,
300833b2ddd9014000030008,1,1,3032,-46,1654781025535925,1654781025535925,
300833b2ddd9014000030009,1,1,2412,-44,1654781025537152,1654781025537152,
300833b2ddd9014000030002,1,1,12,-49,1654781025538221,1654781025538221,
300833b2ddd9014000030001,1,1,1092,-48,1654781025539503,1654781025539503,
300833b2ddd9014000030008,1,1,3024,-47,1654781025569838,1654781025569838,
300833b2ddd9014000030001,1,1,1084,-48,1654781025571167,1654781025571167,
300833b2ddd9014000030009,1,1,2376,-44,1654781025573019,1654781025573019,
300833b2ddd9014000030002,1,1,0,-49,1654781025574979,1654781025574979,
300833b2ddd9014000030002,1,1,16,-49,1654781025579067,1654781025579067,
300833b2ddd9014000030009,1,1,2404,-44,1654781025580351,1654781025580351,
300833b2ddd9014000030008,1,1,3020,-46,1654781025581915,1654781025581915,
300833b2ddd9014000030001,1,1,1080,-48,1654781025583074,1654781025583074,
300833b2ddd9014000030008,1,1,3048,-46,1654781025614549,1654781025614549,
300833b2ddd9014000030009,1,1,2388,-44,1654781025616727,1654781025616727,
300833b2ddd9014000030002,1,1,8,-49,1654781025617777,1654781025617777,
300833b2ddd9014000030001,1,1,1080,-48,1654781025618982,1654781025618982,
300833b2ddd9014000030009,1,1,2396,-44,1654781025622439,1654781025622439,
300833b2ddd9014000030002,1,1,16,-49,1654781025623507,1654781025623507,
300833b2ddd9014000030008,1,1,3016,-47,1654781025625043,1654781025625043,
300833b2ddd9014000030001,1,1,1072,-48,1654781025626515,1654781025626515,
300833b2ddd9014000030002,1,1,4,-49,1654781025658138,1654781025658138,
300833b2ddd9014000030009,1,1,2388,-44,1654781025660432,1654781025660432,
300833b2ddd9014000030001,1,1,1084,-48,1654781025661518,1654781025661518,
300833b2ddd9014000030008,1,1,3024,-47,1654781025662740,1654781025662740,
300833b2ddd9014000030009,1,1,2388,-44,1654781025665546,1654781025665546,
300833b2ddd9014000030008,1,1,3020,-47,1654781025667774,1654781025667774,
300833b2ddd9014000030002,1,1,12,-49,1654781025669550,1654781025669550,
300833b2ddd9014000030001,1,1,1088,-48,1654781025670638,1654781025670638,
300833b2ddd9014000030002,1,1,4,-49,1654781025700724,1654781025700724,
300833b2ddd9014000030009,1,1,2388,-44,1654781025702037,1654781025702037,
300833b2ddd9014000030008,1,1,3004,-47,1654781025703105,1654781025703105,
300833b2ddd9014000030001,1,1,1072,-48,1654781025704673,1654781025704673,
300833b2ddd9014000030002,1,1,4,-48,1654781025708909,1654781025708909,
300833b2ddd9014000030009,1,1,2380,-44,1654781025710289,1654781025710289,
300833b2ddd9014000030001,1,1,1088,-48,1654781025712966,1654781025712966,
300833b2ddd9014000030008,1,1,3056,-46,1654781025714305,1654781025714305,
300833b2ddd9014000030008,1,1,3056,-46,1654781025744816,1654781025744816,
300833b2ddd9014000030009,1,1,2408,-45,1654781025745874,1654781025745874,
300833b2ddd9014000030001,1,1,1092,-48,1654781025747681,1654781025747681,
300833b2ddd9014000030002,1,1,12,-49,1654781025749409,1654781025749409,
300833b2ddd9014000030009,1,1,2412,-44,1654781025754885,1654781025754885,
300833b2ddd9014000030002,1,1,4,-48,1654781025756831,1654781025756831,
300833b2ddd9014000030008,1,1,3052,-46,1654781025762219,1654781025762219,
300833b2ddd9014000030001,1,1,1092,-48,1654781025763264,1654781025763264,
300833b2ddd9014000030009,1,1,2396,-44,1654781025793421,1654781025793421,
300833b2ddd9014000030002,1,1,12,-48,1654781025795142,1654781025795142,
300833b2ddd9014000030001,1,1,1088,-48,1654781025796241,1654781025796241,
300833b2ddd9014000030008,1,1,3048,-46,1654781025797626,1654781025797626,
300833b2ddd9014000030001,1,1,1072,-48,1654781026014521,1654781026014521,
300833b2ddd9014000030002,1,1,4088,-49,1654781026015872,1654781026015872,
300833b2ddd9014000030009,1,1,2392,-45,1654781026017313,1654781026017313,
300833b2ddd9014000030008,1,1,3068,-46,1654781026018368,1654781026018368,
300833b2ddd9014000030009,1,1,2404,-45,1654781026048193,1654781026048193,
300833b2ddd9014000030008,1,1,3084,-46,1654781026049219,1654781026049219,
300833b2ddd9014000030001,1,1,1076,-48,1654781026051072,1654781026051072,
300833b2ddd9014000030002,1,1,0,-48,1654781026052414,1654781026052414,
300833b2ddd9014000030008,1,1,3056,-46,1654781026059112,1654781026059112,
300833b2ddd9014000030009,1,1,2400,-44,1654781026060437,1654781026060437,
300833b2ddd9014000030002,1,1,20,-48,1654781026062559,1654781026062559,
300833b2ddd9014000030001,1,1,1072,-48,1654781026063674,1654781026063674,
300833b2ddd9014000030008,1,1,3112,-46,1654781026097149,1654781026097149,
300833b2ddd9014000030002,1,1,32,-49,1654781026098444,1654781026098444,
300833b2ddd9014000030001,1,1,1076,-48,1654781026100013,1654781026100013,
300833b2ddd9014000030009,1,1,2428,-44,1654781026101141,1654781026101141,
300833b2ddd9014000030009,1,1,2436,-45,1654781026105941,1654781026105941,
300833b2ddd9014000030002,1,1,28,-49,1654781026107397,1654781026107397,
300833b2ddd9014000030008,1,1,3096,-46,1654781026108752,1654781026108752,
300833b2ddd9014000030001,1,1,1076,-48,1654781026109797,1654781026109797,
300833b2ddd9014000030008,1,1,3136,-46,1654781026142004,1654781026142004,
300833b2ddd9014000030002,1,1,40,-49,1654781026143360,1654781026143360,
300833b2ddd9014000030009,1,1,2416,-45,1654781026144716,1654781026144716,
300833b2ddd9014000030001,1,1,1096,-49,1654781026146415,1654781026146415,
300833b2ddd9014000030009,1,1,2416,-45,1654781026150485,1654781026150485,
300833b2ddd9014000030008,1,1,3212,-46,1654781026152465,1654781026152465,
300833b2ddd9014000030002,1,1,48,-49,1654781026153773,1654781026153773,
300833b2ddd9014000030001,1,1,1076,-49,1654781026154875,1654781026154875,
300833b2ddd9014000030009,1,1,2424,-45,1654781026186209,1654781026186209,
300833b2ddd9014000030008,1,1,3132,-45,1654781026187306,1654781026187306,
300833b2ddd9014000030002,1,1,72,-49,1654781026188403,1654781026188403,
300833b2ddd9014000030001,1,1,1120,-49,1654781026189463,1654781026189463,
300833b2ddd9014000030001,1,1,1104,-49,1654781026194062,1654781026194062,
300833b2ddd9014000030002,1,1,80,-49,1654781026195399,1654781026195399,
300833b2ddd9014000030008,1,1,3108,-45,1654781026196937,1654781026196937,
300833b2ddd9014000030009,1,1,2420,-44,1654781026198020,1654781026198020,
300833b2ddd9014000030008,1,1,3132,-45,1654781026227975,1654781026227975,
300833b2ddd9014000030002,1,1,88,-49,1654781026229058,1654781026229058,
300833b2ddd9014000030009,1,1,2456,-45,1654781026231140,1654781026231140,
300833b2ddd9014000030001,1,1,1140,-49,1654781026232577,1654781026232577,
300833b2ddd9014000030002,1,1,88,-49,1654781026238091,1654781026238091,
300833b2ddd9014000030009,1,1,2444,-44,1654781026239162,1654781026239162,
300833b2ddd9014000030001,1,1,1160,-49,1654781026240376,1654781026240376,
300833b2ddd9014000030008,1,1,3124,-45,1654781026241445,1654781026241445,
300833b2ddd9014000030008,1,1,3116,-45,1654781026272595,1654781026272595,
300833b2ddd9014000030009,1,1,2460,-44,1654781026273666,1654781026273666,
300833b2ddd9014000030002,1,1,96,-49,1654781026274749,1654781026274749,
300833b2ddd9014000030001,1,1,1216,-49,1654781026275964,1654781026275964,
300833b2ddd9014000030008,1,1,3120,-45,1654781026279434,1654781026279434,
300833b2ddd9014000030009,1,1,2452,-44,1654781026280447,1654781026280447,
300833b2ddd9014000030002,1,1,104,-49,1654781026281786,1654781026281786,
300833b2ddd9014000030001,1,1,1204,-48,1654781026283087,1654781026283087,
300833b2ddd9014000030001,1,1,1248,-48,1654781026315392,1654781026315392,
300833b2ddd9014000030009,1,1,2412,-44,1654781026316449,1654781026316449,
300833b2ddd9014000030002,1,1,120,-49,1654781026317504,1654781026317504,
300833b2ddd9014000030008,1,1,3132,-45,1654781026318588,1654781026318588,
300833b2ddd9014000030009,1,1,2432,-44,1654781026321985,1654781026321985,
300833b2ddd9014000030002,1,1,116,-49,1654781026323070,1654781026323070,
300833b2ddd9014000030001,1,1,1280,-48,1654781026324426,1654781026324426,
300833b2ddd9014000030008,1,1,3060,-45,1654781026325765,1654781026325765,
300833b2ddd9014000030009,1,1,2380,-44,1654781026357663,1654781026357663,
300833b2ddd9014000030008,1,1,3084,-46,1654781026359045,1654781026359045,
300833b2ddd9014000030001,1,1,1300,-47,1654781026360387,1654781026360387,
300833b2ddd9014000030002,1,1,100,-50,1654781026362592,1654781026362592,
300833b2ddd9014000030001,1,1,1304,-47,1654781026366433,1654781026366433,
300833b2ddd9014000030009,1,1,2388,-44,1654781026368116,1654781026368116,
300833b2ddd9014000030002,1,1,100,-50,1654781026369228,1654781026369228,
300833b2ddd9014000030008,1,1,3072,-46,1654781026370925,1654781026370925,
300833b2ddd9014000030008,1,1,3080,-46,1654781026402021,1654781026402021,
300833b2ddd9014000030009,1,1,2400,-44,1654781026403392,1654781026403392,
300833b2ddd9014000030002,1,1,88,-50,1654781026404462,1654781026404462,
300833b2ddd9014000030001,1,1,1324,-47,1654781026405861,1654781026405861,
300833b2ddd9014000030001,1,1,1324,-47,1654781026408912,1654781026408912,
300833b2ddd9014000030008,1,1,3084,-46,1654781026410036,1654781026410036,
300833b2ddd9014000030009,1,1,2376,-44,1654781026411151,1654781026411151,
300833b2ddd9014000030002,1,1,96,-50,1654781026412501,1654781026412501,
300833b2ddd9014000030001,1,1,1324,-48,1654781026444180,1654781026444180,
300833b2ddd9014000030008,1,1,3096,-46,1654781026445247,1654781026445247,
300833b2ddd9014000030002,1,1,92,-51,1654781026446318,1654781026446318,
300833b2ddd9014000030009,1,1,2392,-45,1654781026447375,1654781026447375,
300833b2ddd9014000030008,1,1,3100,-46,1654781026452557,1654781026452557,
300833b2ddd9014000030002,1,1,92,-50,1654781026453655,1654781026453655,
300833b2ddd9014000030009,1,1,2392,-45,1654781026455918,1654781026455918,
300833b2ddd9014000030001,1,1,1340,-48,1654781026457374,1654781026457374,
300833b2ddd9014000030008,1,1,3156,-46,1654781026488164,1654781026488164,
300833b2ddd9014000030009,1,1,2420,-45,1654781026489235,1654781026489235,
300833b2ddd9014000030002,1,1,104,-50,1654781026490333,1654781026490333,
300833b2ddd9014000030001,1,1,1336,-49,1654781026492412,1654781026492412,
300833b2ddd9014000030009,1,1,2428,-45,1654781026496841,1654781026496841,
300833b2ddd9014000030008,1,1,3160,-46,1654781026498831,1654781026498831,
300833b2ddd9014000030001,1,1,1348,-49,1654781026499890,1654781026499890,
300833b2ddd9014000030002,1,1,128,-50,1654781026501583,1654781026501583,
300833b2ddd9014000030009,1,1,2452,-45,1654781026531797,1654781026531797,
300833b2ddd9014000030001,1,1,1272,-49,1654781026532895,1654781026532895,
300833b2ddd9014000030008,1,1,3184,-45,1654781026534448,1654781026534448,
300833b2ddd9014000030001,1,1,1264,-50,1654781026539105,1654781026539105,
300833b2ddd9014000030009,1,1,2452,-45,1654781026540404,1654781026540404,
300833b2ddd9014000030002,1,1,136,-50,1654781026541741,1654781026541741,
300833b2ddd9014000030008,1,1,3188,-45,1654781026543078,1654781026543078,
300833b2ddd9014000030001,1,1,1208,-49,1654781026577146,1654781026577146,
300833b2ddd9014000030008,1,1,3172,-44,1654781026578541,1654781026578541,
300833b2ddd9014000030009,1,1,2452,-45,1654781026579642,1654781026579642,
300833b2ddd9014000030002,1,1,160,-49,1654781026580838,1654781026580838,
300833b2ddd9014000030009,1,1,2448,-45,1654781026585602,1654781026585602,
300833b2ddd9014000030001,1,1,1224,-49,1654781026586901,1654781026586901,
300833b2ddd9014000030002,1,1,136,-49,1654781026588211,1654781026588211,
300833b2ddd9014000030008,1,1,3200,-44,1654781026589535,1654781026589535,
300833b2ddd9014000030001,1,1,1196,-48,1654781026622184,1654781026622184,
300833b2ddd9014000030008,1,1,3172,-44,1654781026623624,1654781026623624,
300833b2ddd9014000030009,1,1,2444,-46,1654781026625321,1654781026625321,
300833b2ddd9014000030008,1,1,3180,-45,1654781026633972,1654781026633972,
300833b2ddd9014000030009,1,1,2408,-46,1654781026635057,1654781026635057,
300833b2ddd9014000030002,1,1,120,-50,1654781026636152,1654781026636152,
300833b2ddd9014000030001,1,1,1200,-48,1654781026637227,1654781026637227,
300833b2ddd9014000030009,1,1,2396,-46,1654781026669455,1654781026669455,
300833b2ddd9014000030008,1,1,3128,-45,1654781026670807,1654781026670807,
300833b2ddd9014000030001,1,1,1272,-47,1654781026674357,1654781026674357,
300833b2ddd9014000030002,1,1,68,-50,1654781026676277,1654781026676277,
300833b2ddd9014000030001,1,1,1284,-47,1654781026679694,1654781026679694,
300833b2ddd9014000030009,1,1,2388,-46,1654781026680795,1654781026680795,
300833b2ddd9014000030008,1,1,3132,-45,1654781026682287,1654781026682287,
300833b2ddd9014000030002,1,1,56,-50,1654781026683355,1654781026683355,
300833b2ddd9014000030008,1,1,3120,-45,1654781026731084,1654781026731084,
300833b2ddd9014000030001,1,1,1352,-48,1654781026732129,1654781026732129,
300833b2ddd9014000030009,1,1,2372,-46,1654781026733215,1654781026733215,
300833b2ddd9014000030002,1,1,40,-50,1654781026735062,1654781026735062,
300833b2ddd9014000030001,1,1,1364,-49,1654781026743240,1654781026743240,
300833b2ddd9014000030008,1,1,3136,-45,1654781026745001,1654781026745001,
300833b2ddd9014000030009,1,1,2400,-46,1654781026746328,1654781026746328,
300833b2ddd9014000030002,1,1,52,-50,1654781026747794,1654781026747794,
300833b2ddd9014000030008,1,1,3148,-45,1654781026780085,1654781026780085,
300833b2ddd9014000030009,1,1,2356,-46,1654781026781171,1654781026781171,
300833b2ddd9014000030001,1,1,1356,-49,1654781026782399,1654781026782399,
300833b2ddd9014000030001,1,1,1360,-49,1654781026785363,1654781026785363,
300833b2ddd9014000030008,1,1,3152,-44,1654781026787675,1654781026787675,
300833b2ddd9014000030009,1,1,2364,-46,1654781026788972,1654781026788972,
300833b2ddd9014000030002,1,1,52,-49,1654781026790294,1654781026790294,
300833b2ddd9014000030008,1,1,3172,-44,1654781026821664,1654781026821664,
300833b2ddd9014000030009,1,1,2344,-46,1654781026822991,1654781026822991,
300833b2ddd9014000030001,1,1,1300,-50,1654781026824358,1654781026824358,
300833b2ddd9014000030002,1,1,56,-49,1654781026826540,1654781026826540,
300833b2ddd9014000030008,1,1,3128,-45,1654781026831160,1654781026831160,
300833b2ddd9014000030002,1,1,76,-49,1654781026832608,1654781026832608,
300833b2ddd9014000030009,1,1,2364,-46,1654781026833952,1654781026833952,
300833b2ddd9014000030001,1,1,1268,-50,1654781026835437,1654781026835437,
300833b2ddd9014000030009,1,1,2356,-46,1654781026865400,1654781026865400,
300833b2ddd9014000030008,1,1,3172,-45,1654781026866439,1654781026866439,
300833b2ddd9014000030001,1,1,1212,-50,1654781026868491,1654781026868491,
300833b2ddd9014000030001,1,1,1252,-50,1654781026873110,1654781026873110,
300833b2ddd9014000030002,1,1,76,-49,1654781026874191,1654781026874191,
300833b2ddd9014000030008,1,1,3188,-45,1654781026876225,1654781026876225,
300833b2ddd9014000030009,1,1,2356,-46,1654781026878742,1654781026878742,
300833b2ddd9014000030008,1,1,3192,-45,1654781026909640,1654781026909640,
300833b2ddd9014000030001,1,1,1196,-50,1654781026910743,1654781026910743,
300833b2ddd9014000030009,1,1,2368,-45,1654781026913227,1654781026913227,
300833b2ddd9014000030002,1,1,88,-49,1654781026914567,1654781026914567,
300833b2ddd9014000030002,1,1,128,-49,1654781026918220,1654781026918220,
300833b2ddd9014000030009,1,1,2368,-46,1654781026919575,1654781026919575,
300833b2ddd9014000030008,1,1,3184,-45,1654781026920869,1654781026920869,
300833b2ddd9014000030001,1,1,1184,-50,1654781026922454,1654781026922454,
300833b2ddd9014000030002,1,1,124,-49,1654781026962570,1654781026962570,
300833b2ddd9014000030001,1,1,1176,-50,1654781026963672,1654781026963672,
300833b2ddd9014000030008,1,1,3164,-45,1654781026966289,1654781026966289,
300833b2ddd9014000030009,1,1,2356,-45,1654781026967417,1654781026967417,
300833b2ddd9014000030009,1,1,2336,-46,1654781026970660,1654781026970660,
300833b2ddd9014000030008,1,1,3160,-45,1654781026971743,1654781026971743,
300833b2ddd9014000030001,1,1,1144,-50,1654781026973327,1654781026973327,
300833b2ddd9014000030002,1,1,108,-49,1654781026974379,1654781026974379,
300833b2ddd9014000030002,1,1,88,-49,1654781027005723,1654781027005723,
300833b2ddd9014000030008,1,1,3184,-45,1654781027007021,1654781027007021,
300833b2ddd9014000030009,1,1,2348,-45,1654781027008361,1654781027008361,
300833b2ddd9014000030001,1,1,1180,-50,1654781027009987,1654781027009987,
300833b2ddd9014000030009,1,1,2336,-45,1654781027014481,1654781027014481,
300833b2ddd9014000030002,1,1,84,-49,1654781027015563,1654781027015563,
300833b2ddd9014000030008,1,1,3172,-45,1654781027017579,1654781027017579,
300833b2ddd9014000030001,1,1,1184,-50,1654781027019252,1654781027019252,
300833b2ddd9014000030009,1,1,2340,-45,1654781027050737,1654781027050737,
300833b2ddd9014000030008,1,1,3156,-45,1654781027052491,1654781027052491,
300833b2ddd9014000030002,1,1,88,-49,1654781027053661,1654781027053661,
300833b2ddd9014000030001,1,1,1192,-50,1654781027054889,1654781027054889,
300833b2ddd9014000030001,1,1,1196,-50,1654781027057862,1654781027057862,
300833b2ddd9014000030009,1,1,2352,-45,1654781027059463,1654781027059463,
300833b2ddd9014000030008,1,1,3148,-45,1654781027060604,1654781027060604,
300833b2ddd9014000030002,1,1,92,-49,1654781027063808,1654781027063808,
300833b2ddd9014000030009,1,1,2340,-45,1654781027094632,1654781027094632,
300833b2ddd9014000030002,1,1,96,-49,1654781027095716,1654781027095716,
300833b2ddd9014000030008,1,1,3156,-45,1654781027096799,1654781027096799,
300833b2ddd9014000030001,1,1,1188,-50,1654781027097886,1654781027097886,
300833b2ddd9014000030008,1,1,3160,-45,1654781027104181,1654781027104181,
300833b2ddd9014000030009,1,1,2304,-45,1654781027105239,1654781027105239,
300833b2ddd9014000030002,1,1,96,-49,1654781027107419,1654781027107419,
300833b2ddd9014000030001,1,1,1196,-50,1654781027108638,1654781027108638,
300833b2ddd9014000030009,1,1,2352,-45,1654781027141063,1654781027141063,
300833b2ddd9014000030001,1,1,1184,-50,1654781027142362,1654781027142362,
300833b2ddd9014000030008,1,1,3152,-45,1654781027143462,1654781027143462,
300833b2ddd9014000030002,1,1,84,-49,1654781027145628,1654781027145628,
300833b2ddd9014000030008,1,1,3152,-45,1654781027151262,1654781027151262,
300833b2ddd9014000030009,1,1,2340,-45,1654781027152348,1654781027152348,
300833b2ddd9014000030002,1,1,64,-49,1654781027153448,1654781027153448,
300833b2ddd9014000030001,1,1,1184,-50,1654781027154662,1654781027154662,
300833b2ddd9014000030001,1,1,1180,-49,1654781027184607,1654781027184607,
300833b2ddd9014000030002,1,1,100,-49,1654781027189187,1654781027189187,
300833b2ddd9014000030008,1,1,3152,-45,1654781027190936,1654781027190936,
300833b2ddd9014000030009,1,1,2360,-45,1654781027192889,1654781027192889,
300833b2ddd9014000030002,1,1,84,-49,1654781027196753,1654781027196753,
300833b2ddd9014000030001,1,1,1180,-49,1654781027197997,1654781027197997,
300833b2ddd9014000030009,1,1,2340,-45,1654781027199354,1654781027199354,
300833b2ddd9014000030008,1,1,3152,-45,1654781027200407,1654781027200407,
300833b2ddd9014000030009,1,1,2352,-45,1654781027230758,1654781027230758,
300833b2ddd9014000030001,1,1,1176,-50,1654781027232342,1654781027232342,
300833b2ddd9014000030002,1,1,92,-49,1654781027233640,1654781027233640,
300833b2ddd9014000030008,1,1,3140,-44,1654781027234923,1654781027234923,
300833b2ddd9014000030008,1,1,3136,-45,1654781027239249,1654781027239249,
300833b2ddd9014000030001,1,1,1216,-49,1654781027240379,1654781027240379,
300833b2ddd9014000030002,1,1,100,-48,1654781027242177,1654781027242177,
300833b2ddd9014000030009,1,1,2340,-45,1654781027243518,1654781027243518,
300833b2ddd9014000030008,1,1,3148,-44,1654781027274931,1654781027274931,
300833b2ddd9014000030009,1,1,2336,-45,1654781027276854,1654781027276854,
300833b2ddd9014000030001,1,1,1160,-49,1654781027277984,1654781027277984,
300833b2ddd9014000030002,1,1,80,-48,1654781027282263,1654781027282263,
300833b2ddd9014000030009,1,1,2328,-45,1654781027283760,1654781027283760,
300833b2ddd9014000030001,1,1,1168,-49,1654781027284846,1654781027284846,
300833b2ddd9014000030008,1,1,3160,-44,1654781027285916,1654781027285916,
300833b2ddd9014000030009,1,1,2336,-45,1654781027316585,1654781027316585,
300833b2ddd9014000030001,1,1,1136,-49,1654781027317872,1654781027317872,
300833b2ddd9014000030008,1,1,3160,-44,1654781027318978,1654781027318978,
300833b2ddd9014000030002,1,1,104,-49,1654781027321186,1654781027321186,
300833b2ddd9014000030008,1,1,3160,-44,1654781027326161,1654781027326161,
300833b2ddd9014000030009,1,1,2360,-45,1654781027327514,1654781027327514,
300833b2ddd9014000030002,1,1,96,-48,1654781027328956,1654781027328956,
300833b2ddd9014000030001,1,1,1188,-49,1654781027330372,1654781027330372,
300833b2ddd9014000030009,1,1,2356,-45,1654781027360610,1654781027360610,
300833b2ddd9014000030001,1,1,1184,-50,1654781027361728,1654781027361728,
300833b2ddd9014000030008,1,1,3140,-44,1654781027363037,1654781027363037,
300833b2ddd9014000030002,1,1,48,-49,1654781027367722,1654781027367722,
300833b2ddd9014000030009,1,1,2348,-45,1654781027369300,1654781027369300,
300833b2ddd9014000030008,1,1,3148,-45,1654781027370865,1654781027370865,
300833b2ddd9014000030001,1,1,1144,-49,1654781027372805,1654781027372805,
300833b2ddd9014000030002,1,1,84,-48,1654781027403586,1654781027403586,
300833b2ddd9014000030008,1,1,3172,-44,1654781027404672,1654781027404672,
300833b2ddd9014000030009,1,1,2340,-45,1654781027406453,1654781027406453,
300833b2ddd9014000030001,1,1,1128,-49,1654781027407970,1654781027407970,
300833b2ddd9014000030009,1,1,2348,-45,1654781027412603,1654781027412603,
300833b2ddd9014000030008,1,1,3144,-44,1654781027414100,1654781027414100,
300833b2ddd9014000030002,1,1,80,-49,1654781027415397,1654781027415397,
300833b2ddd9014000030001,1,1,1188,-49,1654781027417122,1654781027417122,
300833b2ddd9014000030008,1,1,3176,-45,1654781027447295,1654781027447295,
300833b2ddd9014000030001,1,1,1140,-49,1654781027448384,1654781027448384,
300833b2ddd9014000030002,1,1,120,-49,1654781027450623,1654781027450623,
300833b2ddd9014000030009,1,1,2336,-45,1654781027451715,1654781027451715,
300833b2ddd9014000030008,1,1,3152,-45,1654781027456185,1654781027456185,
300833b2ddd9014000030001,1,1,1168,-49,1654781027457272,1654781027457272,
300833b2ddd9014000030002,1,1,112,-49,1654781027458655,1654781027458655,
300833b2ddd9014000030009,1,1,2324,-45,1654781027460848,1654781027460848,
300833b2ddd9014000030002,1,1,112,-49,1654781027491956,1654781027491956,
300833b2ddd9014000030001,1,1,1176,-50,1654781027493370,1654781027493370,
300833b2ddd9014000030008,1,1,3172,-45,1654781027494650,1654781027494650,
300833b2ddd9014000030009,1,1,2324,-45,1654781027495739,1654781027495739,
300833b2ddd9014000030008,1,1,3168,-45,1654781027499589,1654781027499589,
300833b2ddd9014000030009,1,1,2336,-45,1654781027500702,1654781027500702,
300833b2ddd9014000030001,1,1,1184,-50,1654781027502516,1654781027502516,
300833b2ddd9014000030002,1,1,104,-49,1654781027503743,1654781027503743,
300833b2ddd9014000030009,1,1,2344,-45,1654781027535966,1654781027535966,
300833b2ddd9014000030002,1,1,112,-49,1654781027537318,1654781027537318,
300833b2ddd9014000030008,1,1,3168,-45,1654781027538385,1654781027538385,
300833b2ddd9014000030001,1,1,1188,-50,1654781027539661,1654781027539661,
300833b2ddd9014000030002,1,1,108,-49,1654781027543704,1654781027543704,
300833b2ddd9014000030009,1,1,2328,-45,1654781027545656,1654781027545656,
300833b2ddd9014000030001,1,1,1184,-49,1654781027546743,1654781027546743,
300833b2ddd9014000030008,1,1,3180,-45,1654781027547826,1654781027547826,
300833b2ddd9014000030008,1,1,3176,-45,1654781027579701,1654781027579701,
300833b2ddd9014000030001,1,1,1180,-50,1654781027581047,1654781027581047,
300833b2ddd9014000030009,1,1,2336,-45,1654781027582161,1654781027582161,
300833b2ddd9014000030002,1,1,104,-49,1654781027583372,1654781027583372,
300833b2ddd9014000030009,1,1,2336,-45,1654781027586680,1654781027586680,
300833b2ddd9014000030008,1,1,3164,-45,1654781027587746,1654781027587746,
300833b2ddd9014000030002,1,1,104,-49,1654781027588805,1654781027588805,
300833b2ddd9014000030001,1,1,1188,-49,1654781027590090,1654781027590090,
300833b2ddd9014000030001,1,1,1176,-50,1654781027622090,1654781027622090,
300833b2ddd9014000030009,1,1,2332,-45,1654781027623162,1654781027623162,
300833b2ddd9014000030008,1,1,3172,-45,1654781027624470,1654781027624470,
300833b2ddd9014000030002,1,1,108,-49,1654781027625824,1654781027625824,
300833b2ddd9014000030009,1,1,2328,-45,1654781027630300,1654781027630300,
300833b2ddd9014000030008,1,1,3160,-45,1654781027631652,1654781027631652,
300833b2ddd9014000030001,1,1,1176,-49,1654781027633675,1654781027633675,
300833b2ddd9014000030002,1,1,108,-49,1654781027635087,1654781027635087,
300833b2ddd9014000030009,1,1,2336,-45,1654781027666245,1654781027666245,
300833b2ddd9014000030008,1,1,3168,-45,1654781027667962,1654781027667962,
300833b2ddd9014000030001,1,1,1168,-49,1654781027669066,1654781027669066,
300833b2ddd9014000030002,1,1,116,-49,1654781027670150,1654781027670150,
300833b2ddd9014000030009,1,1,2364,-45,1654781027676346,1654781027676346,
300833b2ddd9014000030008,1,1,3164,-45,1654781027677853,1654781027677853,
300833b2ddd9014000030002,1,1,112,-49,1654781027679462,1654781027679462,
300833b2ddd9014000030001,1,1,1184,-50,1654781027680892,1654781027680892,
300833b2ddd9014000030001,1,1,1160,-50,1654781027712115,1654781027712115,
300833b2ddd9014000030002,1,1,116,-49,1654781027713168,1654781027713168,
300833b2ddd9014000030008,1,1,3160,-45,1654781027714957,1654781027714957,
300833b2ddd9014000030009,1,1,2348,-45,1654781027716002,1654781027716002,
300833b2ddd9014000030001,1,1,1176,-50,1654781027721275,1654781027721275,
300833b2ddd9014000030002,1,1,104,-49,1654781027724129,1654781027724129,
300833b2ddd9014000030009,1,1,2328,-45,1654781027725342,1654781027725342,
300833b2ddd9014000030008,1,1,3132,-45,1654781027726411,1654781027726411,
300833b2ddd9014000030009,1,1,2332,-45,1654781027757710,1654781027757710,
300833b2ddd9014000030008,1,1,3160,-45,1654781027759419,1654781027759419,
300833b2ddd9014000030001,1,1,1168,-50,1654781027760464,1654781027760464,
300833b2ddd9014000030002,1,1,112,-49,1654781027762172,1654781027762172,
300833b2ddd9014000030009,1,1,2328,-45,1654781027765174,1654781027765174,
300833b2ddd9014000030008,1,1,3156,-45,1654781027766441,1654781027766441,
300833b2ddd9014000030001,1,1,1180,-49,1654781027767727,1654781027767727,
300833b2ddd9014000030002,1,1,100,-49,1654781027769005,1654781027769005,
300833b2ddd9014000030009,1,1,2356,-45,1654781027802717,1654781027802717,
300833b2ddd9014000030002,1,1,88,-49,1654781027803788,1654781027803788,
300833b2ddd9014000030001,1,1,1192,-50,1654781027804890,1654781027804890,
300833b2ddd9014000030008,1,1,3156,-45,1654781027805987,1654781027805987,
300833b2ddd9014000030001,1,1,1172,-49,1654781027810783,1654781027810783,
300833b2ddd9014000030009,1,1,2336,-45,1654781027811911,1654781027811911,
300833b2ddd9014000030008,1,1,3156,-45,1654781027813688,1654781027813688,
300833b2ddd9014000030002,1,1,112,-49,1654781027814984,1654781027814984,
300833b2ddd9014000030001,1,1,1168,-49,1654781027847270,1654781027847270,
300833b2ddd9014000030009,1,1,2352,-45,1654781027849676,1654781027849676,
300833b2ddd9014000030008,1,1,3160,-45,1654781027850760,1654781027850760,
300833b2ddd9014000030002,1,1,96,-49,1654781027851972,1654781027851972,
300833b2ddd9014000030001,1,1,1188,-49,1654781027855975,1654781027855975,
300833b2ddd9014000030009,1,1,2328,-45,1654781027857103,1654781027857103,
300833b2ddd9014000030008,1,1,3172,-45,1654781027858964,1654781027858964,
300833b2ddd9014000030002,1,1,104,-49,1654781027860033,1654781027860033,
300833b2ddd9014000030002,1,1,112,-49,1654781027891840,1654781027891840,
300833b2ddd9014000030009,1,1,2336,-45,1654781027893184,1654781027893184,
300833b2ddd9014000030008,1,1,3152,-45,1654781027894580,1654781027894580,
300833b2ddd9014000030001,1,1,1180,-50,1654781027896249,1654781027896249,
300833b2ddd9014000030002,1,1,84,-49,1654781027900653,1654781027900653,
300833b2ddd9014000030009,1,1,2336,-45,1654781027901979,1654781027901979,
300833b2ddd9014000030008,1,1,3164,-45,1654781027903062,1654781027903062,
300833b2ddd9014000030001,1,1,1164,-50,1654781027904603,1654781027904603,
300833b2ddd9014000030001,1,1,1176,-50,1654781027935813,1654781027935813,
300833b2ddd9014000030008,1,1,3172,-45,1654781027938615,1654781027938615,
300833b2ddd9014000030009,1,1,2332,-45,1654781027940029,1654781027940029,
300833b2ddd9014000030002,1,1,128,-49,1654781027941226,1654781027941226,
300833b2ddd9014000030002,1,1,100,-49,1654781027944509,1654781027944509,
300833b2ddd9014000030008,1,1,3172,-45,1654781027946217,1654781027946217,
300833b2ddd9014000030001,1,1,1176,-50,1654781027947321,1654781027947321,
300833b2ddd9014000030009,1,1,2352,-45,1654781027949017,1654781027949017,
300833b2ddd9014000030001,1,1,1188,-50,1654781027979357,1654781027979357,
300833b2ddd9014000030008,1,1,3188,-45,1654781027980413,1654781027980413,
300833b2ddd9014000030002,1,1,116,-49,1654781027981721,1654781027981721,
300833b2ddd9014000030009,1,1,2328,-45,1654781027983035,1654781027983035,
300833b2ddd9014000030009,1,1,2348,-45,1654781027988806,1654781027988806,
300833b2ddd9014000030001,1,1,1172,-50,1654781027990120,1654781027990120,
300833b2ddd9014000030008,1,1,3164,-45,1654781027991206,1654781027991206,
300833b2ddd9014000030002,1,1,104,-49,1654781027992970,1654781027992970,
300833b2ddd9014000030001,1,1,1168,-50,1654781028024346,1654781028024346,
300833b2ddd9014000030008,1,1,3164,-45,1654781028025640,1654781028025640,
300833b2ddd9014000030009,1,1,2352,-45,1654781028027480,1654781028027480,
300833b2ddd9014000030002,1,1,108,-49,1654781028028578,1654781028028578,
300833b2ddd9014000030008,1,1,3168,-45,1654781028033083,1654781028033083,
300833b2ddd9014000030002,1,1,104,-49,1654781028034196,1654781028034196,
300833b2ddd9014000030009,1,1,2340,-45,1654781028035508,1654781028035508,
300833b2ddd9014000030001,1,1,1180,-50,1654781028036638,1654781028036638,
300833b2ddd9014000030002,1,1,132,-49,1654781028068769,1654781028068769,
300833b2ddd9014000030009,1,1,2356,-45,1654781028070702,1654781028070702,
300833b2ddd9014000030008,1,1,3180,-45,1654781028072466,1654781028072466,
300833b2ddd9014000030001,1,1,1188,-50,1654781028073612,1654781028073612,
300833b2ddd9014000030009,1,1,2328,-45,1654781028076387,1654781028076387,
300833b2ddd9014000030002,1,1,116,-49,1654781028077994,1654781028077994,
300833b2ddd9014000030008,1,1,3168,-45,1654781028079286,1654781028079286,
300833b2ddd9014000030001,1,1,1180,-50,1654781028081243,1654781028081243,
300833b2ddd9014000030002,1,1,120,-49,1654781028113507,1654781028113507,
300833b2ddd9014000030009,1,1,2352,-45,1654781028115671,1654781028115671,
300833b2ddd9014000030008,1,1,3168,-45,1654781028116798,1654781028116798,
300833b2ddd9014000030001,1,1,1204,-50,1654781028118057,1654781028118057,
300833b2ddd9014000030002,1,1,112,-49,1654781028121029,1654781028121029,
300833b2ddd9014000030001,1,1,1180,-50,1654781028122074,1654781028122074,
300833b2ddd9014000030008,1,1,3168,-45,1654781028123651,1654781028123651,
300833b2ddd9014000030009,1,1,2364,-45,1654781028125206,1654781028125206,
300833b2ddd9014000030008,1,1,3184,-45,1654781028156856,1654781028156856,
300833b2ddd9014000030001,1,1,1196,-50,1654781028157971,1654781028157971,
300833b2ddd9014000030002,1,1,96,-49,1654781028159055,1654781028159055,
300833b2ddd9014000030009,1,1,2328,-45,1654781028160156,1654781028160156,
300833b2ddd9014000030009,1,1,2348,-45,1654781028166923,1654781028166923,
300833b2ddd9014000030008,1,1,3172,-45,1654781028168694,1654781028168694,
300833b2ddd9014000030001,1,1,1184,-50,1654781028169770,1654781028169770,
300833b2ddd9014000030002,1,1,112,-49,1654781028171521,1654781028171521,
300833b2ddd9014000030001,1,1,1180,-50,1654781028201520,1654781028201520,
300833b2ddd9014000030008,1,1,3172,-45,1654781028204105,1654781028204105,
300833b2ddd9014000030009,1,1,2360,-45,1654781028205205,1654781028205205,
300833b2ddd9014000030002,1,1,136,-49,1654781028206447,1654781028206447,
300833b2ddd9014000030008,1,1,3168,-45,1654781028210703,1654781028210703,
300833b2ddd9014000030002,1,1,112,-49,1654781028211771,1654781028211771,
300833b2ddd9014000030001,1,1,1200,-49,1654781028212833,1654781028212833,
300833b2ddd9014000030009,1,1,2344,-45,1654781028213930,1654781028213930,
300833b2ddd9014000030001,1,1,1200,-50,1654781028248476,1654781028248476,
300833b2ddd9014000030009,1,1,2336,-45,1654781028249534,1654781028249534,
300833b2ddd9014000030002,1,1,96,-49,1654781028251326,1654781028251326,
300833b2ddd9014000030008,1,1,3172,-45,1654781028252651,1654781028252651,
300833b2ddd9014000030008,1,1,3172,-45,1654781028256897,1654781028256897,
300833b2ddd9014000030002,1,1,64,-49,1654781028258056,1654781028258056,
300833b2ddd9014000030009,1,1,2332,-45,1654781028260090,1654781028260090,
300833b2ddd9014000030001,1,1,1196,-50,1654781028261785,1654781028261785,
300833b2ddd9014000030002,1,1,144,-49,1654781028294562,1654781028294562,
300833b2ddd9014000030001,1,1,1200,-50,1654781028295708,1654781028295708,
300833b2ddd9014000030009,1,1,2348,-45,1654781028297019,1654781028297019,
300833b2ddd9014000030008,1,1,3176,-45,1654781028298118,1654781028298118,
300833b2ddd9014000030002,1,1,104,-49,1654781028303378,1654781028303378,
300833b2ddd9014000030001,1,1,1204,-50,1654781028304822,1654781028304822,
300833b2ddd9014000030008,1,1,3188,-45,1654781028305848,1654781028305848,
300833b2ddd9014000030009,1,1,2344,-45,1654781028306933,1654781028306933,
300833b2ddd9014000030002,1,1,96,-49,1654781028338800,1654781028338800,
300833b2ddd9014000030001,1,1,1196,-50,1654781028340125,1654781028340125,
300833b2ddd9014000030009,1,1,2328,-45,1654781028341398,1654781028341398,
300833b2ddd9014000030008,1,1,3164,-45,1654781028342963,1654781028342963,
300833b2ddd9014000030001,1,1,1204,-50,1654781028348434,1654781028348434,
300833b2ddd9014000030008,1,1,3192,-45,1654781028349559,1654781028349559,
300833b2ddd9014000030002,1,1,112,-49,1654781028350616,1654781028350616,
300833b2ddd9014000030009,1,1,2332,-45,1654781028351631,1654781028351631,
300833b2ddd9014000030001,1,1,1204,-50,1654781028381960,1654781028381960,
300833b2ddd9014000030009,1,1,2328,-45,1654781028384181,1654781028384181,
300833b2ddd9014000030008,1,1,3168,-45,1654781028385249,1654781028385249,
300833b2ddd9014000030002,1,1,104,-49,1654781028386304,1654781028386304,
300833b2ddd9014000030002,1,1,136,-49,1654781028389652,1654781028389652,
300833b2ddd9014000030009,1,1,2340,-45,1654781028391576,1654781028391576,
300833b2ddd9014000030008,1,1,3188,-45,1654781028393113,1654781028393113,
300833b2ddd9014000030001,1,1,1204,-50,1654781028394343,1654781028394343,
300833b2ddd9014000030009,1,1,2324,-45,1654781028424267,1654781028424267,
300833b2ddd9014000030002,1,1,96,-49,1654781028425307,1654781028425307,
300833b2ddd9014000030008,1,1,3180,-45,1654781028427565,1654781028427565,
300833b2ddd9014000030001,1,1,1208,-50,1654781028428782,1654781028428782,
300833b2ddd9014000030001,1,1,1216,-49,1654781028433371,1654781028433371,
300833b2ddd9014000030008,1,1,3212,-45,1654781028434482,1654781028434482,
300833b2ddd9014000030009,1,1,2352,-44,1654781028436305,1654781028436305,
300833b2ddd9014000030002,1,1,116,-49,1654781028438620,1654781028438620,
300833b2ddd9014000030009,1,1,2336,-45,1654781028469190,1654781028469190,
300833b2ddd9014000030002,1,1,108,-49,1654781028470429,1654781028470429,
300833b2ddd9014000030008,1,1,3176,-45,1654781028472403,1654781028472403,
300833b2ddd9014000030001,1,1,1200,-49,1654781028473463,1654781028473463,
300833b2ddd9014000030008,1,1,3176,-45,1654781028476149,1654781028476149,
300833b2ddd9014000030009,1,1,2328,-45,1654781028478313,1654781028478313,
300833b2ddd9014000030001,1,1,1188,-50,1654781028481161,1654781028481161,
300833b2ddd9014000030002,1,1,112,-49,1654781028482290,1654781028482290,
300833b2ddd9014000030002,1,1,100,-49,1654781028512243,1654781028512243,
300833b2ddd9014000030009,1,1,2344,-45,1654781028513583,1654781028513583,
300833b2ddd9014000030008,1,1,3188,-45,1654781028515433,1654781028515433,
300833b2ddd9014000030001,1,1,1208,-50,1654781028517446,1654781028517446,
300833b2ddd9014000030009,1,1,2328,-45,1654781028524336,1654781028524336,
300833b2ddd9014000030001,1,1,1196,-50,1654781028526355,1654781028526355,
300833b2ddd9014000030008,1,1,3172,-45,1654781028527424,1654781028527424,
300833b2ddd9014000030002,1,1,128,-49,1654781028528651,1654781028528651,
300833b2ddd9014000030002,1,1,112,-49,1654781028558473,1654781028558473,
300833b2ddd9014000030008,1,1,3196,-45,1654781028559557,1654781028559557,
300833b2ddd9014000030009,1,1,2324,-45,1654781028560642,1654781028560642,
300833b2ddd9014000030001,1,1,1192,-50,1654781028561954,1654781028561954,
300833b2ddd9014000030009,1,1,2336,-45,1654781028566999,1654781028566999,
300833b2ddd9014000030008,1,1,3208,-45,1654781028568593,1654781028568593,
300833b2ddd9014000030002,1,1,104,-49,1654781028570441,1654781028570441,
300833b2ddd9014000030001,1,1,1196,-49,1654781028572468,1654781028572468,
300833b2ddd9014000030002,1,1,112,-49,1654781028602344,1654781028602344,
300833b2ddd9014000030008,1,1,3188,-45,1654781028603909,1654781028603909,
300833b2ddd9014000030009,1,1,2328,-45,1654781028604995,1654781028604995,
300833b2ddd9014000030001,1,1,1188,-49,1654781028607759,1654781028607759,
300833b2ddd9014000030008,1,1,3192,-45,1654781028611320,1654781028611320,
300833b2ddd9014000030009,1,1,2332,-45,1654781028612394,1654781028612394,
300833b2ddd9014000030001,1,1,1212,-49,1654781028613722,1654781028613722,
300833b2ddd9014000030002,1,1,100,-49,1654781028615047,1654781028615047,
300833b2ddd9014000030009,1,1,2316,-45,1654781028647011,1654781028647011,
300833b2ddd9014000030008,1,1,3196,-45,1654781028648775,1654781028648775,
300833b2ddd9014000030002,1,1,128,-49,1654781028650324,1654781028650324,
300833b2ddd9014000030001,1,1,1184,-50,1654781028651723,1654781028651723,
300833b2ddd9014000030009,1,1,2312,-45,1654781028654448,1654781028654448,
300833b2ddd9014000030008,1,1,3192,-45,1654781028655802,1654781028655802,
300833b2ddd9014000030001,1,1,1188,-49,1654781028656846,1654781028656846,
300833b2ddd9014000030002,1,1,92,-49,1654781028659026,1654781028659026,
300833b2ddd9014000030008,1,1,3184,-45,1654781028690634,1654781028690634,
300833b2ddd9014000030009,1,1,2328,-45,1654781028692133,1654781028692133,
300833b2ddd9014000030001,1,1,1184,-50,1654781028693163,1654781028693163,
300833b2ddd9014000030002,1,1,120,-49,1654781028694545,1654781028694545,
300833b2ddd9014000030001,1,1,1188,-50,1654781028698375,1654781028698375,
300833b2ddd9014000030002,1,1,84,-49,1654781028700307,1654781028700307,
300833b2ddd9014000030009,1,1,2328,-45,1654781028701774,1654781028701774,
300833b2ddd9014000030008,1,1,3184,-45,1654781028702845,1654781028702845,
300833b2ddd9014000030001,1,1,1200,-50,1654781028733177,1654781028733177,
300833b2ddd9014000030008,1,1,3180,-45,1654781028734305,1654781028734305,
300833b2ddd9014000030002,1,1,92,-49,1654781028736521,1654781028736521,
300833b2ddd9014000030009,1,1,2332,-45,1654781028737649,1654781028737649,
300833b2ddd9014000030009,1,1,2332,-45,1654781028742673,1654781028742673,
300833b2ddd9014000030002,1,1,108,-49,1654781028743998,1654781028743998,
300833b2ddd9014000030008,1,1,3184,-45,1654781028745063,1654781028745063,
300833b2ddd9014000030001,1,1,1188,-50,1654781028746296,1654781028746296,
300833b2ddd9014000030009,1,1,2324,-45,1654781028776749,1654781028776749,
300833b2ddd9014000030008,1,1,3176,-45,1654781028778231,1654781028778231,
300833b2ddd9014000030002,1,1,92,-49,1654781028780858,1654781028780858,
300833b2ddd9014000030001,1,1,1168,-50,1654781028782033,1654781028782033,
300833b2ddd9014000030009,1,1,2324,-45,1654781028784833,1654781028784833,
300833b2ddd9014000030002,1,1,120,-49,1654781028786425,1654781028786425,
300833b2ddd9014000030008,1,1,3176,-45,1654781028788306,1654781028788306,
300833b2ddd9014000030001,1,1,1204,-50,1654781028790402,1654781028790402,
300833b2ddd9014000030009,1,1,2340,-45,1654781028820363,1654781028820363,
300833b2ddd9014000030001,1,1,1180,-50,1654781028821464,1654781028821464,
300833b2ddd9014000030008,1,1,3184,-45,1654781028823228,1654781028823228,
300833b2ddd9014000030002,1,1,100,-48,1654781028824611,1654781028824611,
300833b2ddd9014000030002,1,1,96,-49,1654781028830521,1654781028830521,
300833b2ddd9014000030001,1,1,1188,-50,1654781028832446,1654781028832446,
300833b2ddd9014000030009,1,1,2336,-45,1654781028835164,1654781028835164,
300833b2ddd9014000030008,1,1,3188,-45,1654781028836176,1654781028836176,
300833b2ddd9014000030002,1,1,104,-49,1654781028866503,1654781028866503,
300833b2ddd9014000030001,1,1,1200,-50,1654781028867845,1654781028867845,
300833b2ddd9014000030008,1,1,3184,-45,1654781028869142,1654781028869142,
300833b2ddd9014000030009,1,1,2328,-45,1654781028870710,1654781028870710,
300833b2ddd9014000030001,1,1,1200,-50,1654781028874961,1654781028874961,
300833b2ddd9014000030002,1,1,96,-49,1654781028876570,1654781028876570,
300833b2ddd9014000030009,1,1,2332,-45,1654781028877670,1654781028877670,
300833b2ddd9014000030008,1,1,3192,-45,1654781028879007,1654781028879007,
300833b2ddd9014000030001,1,1,1180,-50,1654781028910430,1654781028910430,
300833b2ddd9014000030008,1,1,3188,-45,1654781028911968,1654781028911968,
300833b2ddd9014000030009,1,1,2324,-45,1654781028913282,1654781028913282,
300833b2ddd9014000030002,1,1,104,-49,1654781028914563,1654781028914563,
300833b2ddd9014000030002,1,1,132,-49,1654781028919306,1654781028919306,
300833b2ddd9014000030001,1,1,1196,-50,1654781028920859,1654781028920859,
300833b2ddd9014000030008,1,1,3192,-45,1654781028923844,1654781028923844,
300833b2ddd9014000030009,1,1,2344,-45,1654781028925313,1654781028925313,
300833b2ddd9014000030001,1,1,1180,-50,1654781028956566,1654781028956566,
300833b2ddd9014000030002,1,1,76,-49,1654781028958529,1654781028958529,
300833b2ddd9014000030008,1,1,3196,-45,1654781028959642,1654781028959642,
300833b2ddd9014000030009,1,1,2324,-45,1654781028961368,1654781028961368,
300833b2ddd9014000030002,1,1,108,-49,1654781028964144,1654781028964144,
300833b2ddd9014000030009,1,1,2348,-45,1654781028965711,1654781028965711,
300833b2ddd9014000030001,1,1,1212,-50,1654781028967054,1654781028967054,
300833b2ddd9014000030008,1,1,3184,-45,1654781028968335,1654781028968335,
300833b2ddd9014000030002,1,1,80,-49,1654781029001306,1654781029001306,
300833b2ddd9014000030009,1,1,2336,-45,1654781029003868,1654781029003868,
300833b2ddd9014000030008,1,1,3196,-45,1654781029005375,1654781029005375,
300833b2ddd9014000030001,1,1,1208,-50,1654781029006605,1654781029006605,
300833b2ddd9014000030008,1,1,3192,-45,1654781029009851,1654781029009851,
300833b2ddd9014000030009,1,1,2340,-45,1654781029010922,1654781029010922,
300833b2ddd9014000030002,1,1,104,-49,1654781029012020,1654781029012020,
300833b2ddd9014000030001,1,1,1192,-50,1654781029013423,1654781029013423,
300833b2ddd9014000030008,1,1,3188,-45,1654781029045276,1654781029045276,
300833b2ddd9014000030001,1,1,1204,-50,1654781029046350,1654781029046350,
300833b2ddd9014000030002,1,1,104,-49,1654781029047686,1654781029047686,
300833b2ddd9014000030009,1,1,2340,-45,1654781029049001,1654781029049001,