epc,atenda,atendanum,phase,RSS,timestamp,timestamp2,
300833b2ddd9014000030001,1,1,172,-71,1654695585576103,1654695585576103,
300833b2ddd9014000030009,1,1,2620,-55,1654695585577588,1654695585577588,
300833b2ddd9014000030002,1,1,2896,-59,1654695585578656,1654695585578656,
300833b2ddd9014000030008,1,1,1776,-57,1654695585580597,1654695585580597,
300833b2ddd9014000030002,1,1,2888,-59,1654695585583540,1654695585583540,
300833b2ddd9014000030009,1,1,2648,-55,1654695585587048,1654695585587048,
300833b2ddd9014000030008,1,1,1748,-56,1654695585588344,1654695585588344,
300833b2ddd9014000030008,1,1,1804,-57,1654695585618696,1654695585618696,
300833b2ddd9014000030009,1,1,2576,-55,1654695585619810,1654695585619810,
300833b2ddd9014000030002,1,1,2940,-59,1654695585621819,1654695585621819,
300833b2ddd9014000030008,1,1,1784,-57,1654695585626170,1654695585626170,
300833b2ddd9014000030002,1,1,2868,-59,1654695585628970,1654695585628970,
300833b2ddd9014000030009,1,1,2588,-55,1654695585630056,1654695585630056,
300833b2ddd9014000030002,1,1,2892,-59,1654695585659699,1654695585659699,
300833b2ddd9014000030009,1,1,2576,-55,1654695585661622,1654695585661622,
300833b2ddd9014000030008,1,1,1804,-56,1654695585662933,1654695585662933,
300833b2ddd9014000030002,1,1,2844,-59,1654695585667244,1654695585667244,
300833b2ddd9014000030008,1,1,1772,-56,1654695585669460,1654695585669460,
300833b2ddd9014000030009,1,1,2580,-55,1654695585671984,1654695585671984,
300833b2ddd9014000030002,1,1,2916,-59,1654695585703655,1654695585703655,
300833b2ddd9014000030009,1,1,2580,-55,1654695585704950,1654695585704950,
300833b2ddd9014000030008,1,1,1760,-56,1654695585706039,1654695585706039,
300833b2ddd9014000030009,1,1,2552,-55,1654695585709850,1654695585709850,
300833b2ddd9014000030008,1,1,1796,-56,1654695585711545,1654695585711545,
300833b2ddd9014000030002,1,1,2856,-59,1654695585712630,1654695585712630,
300833b2ddd9014000030002,1,1,2912,-59,1654695585744559,1654695585744559,
300833b2ddd9014000030008,1,1,1804,-56,1654695585746240,1654695585746240,
300833b2ddd9014000030009,1,1,2560,-55,1654695585747595,1654695585747595,
300833b2ddd9014000030009,1,1,2568,-55,1654695585751858,1654695585751858,
300833b2ddd9014000030008,1,1,1788,-56,1654695585753058,1654695585753058,
300833b2ddd9014000030002,1,1,2852,-59,1654695585754624,1654695585754624,
300833b2ddd9014000030001,1,1,3968,-72,1654695585757253,1654695585757253,
300833b2ddd9014000030009,1,1,2632,-55,1654695585787604,1654695585787604,
300833b2ddd9014000030008,1,1,1756,-56,1654695585789919,1654695585789919,
300833b2ddd9014000030002,1,1,2824,-59,1654695585791147,1654695585791147,
300833b2ddd9014000030008,1,1,1776,-57,1654695585796466,1654695585796466,
300833b2ddd9014000030009,1,1,2580,-55,1654695585798630,1654695585798630,
300833b2ddd9014000030002,1,1,2904,-59,1654695585799686,1654695585799686,
300833b2ddd9014000030002,1,1,2936,-59,1654695585830186,1654695585830186,
300833b2ddd9014000030008,1,1,1796,-57,1654695585831270,1654695585831270,
300833b2ddd9014000030009,1,1,2564,-55,1654695585833065,1654695585833065,
300833b2ddd9014000030008,1,1,1780,-56,1654695585840565,1654695585840565,
300833b2ddd9014000030002,1,1,2960,-60,1654695585842102,1654695585842102,
300833b2ddd9014000030009,1,1,2560,-55,1654695585843640,1654695585843640,
300833b2ddd9014000030008,1,1,1804,-56,1654695585876037,1654695585876037,
300833b2ddd9014000030009,1,1,2572,-55,1654695585879380,1654695585879380,
300833b2ddd9014000030002,1,1,2876,-60,1654695585881370,1654695585881370,
300833b2ddd9014000030001,1,1,132,-72,1654695585882572,1654695585882572,
300833b2ddd9014000030002,1,1,2952,-59,1654695585885395,1654695585885395,
300833b2ddd9014000030009,1,1,2584,-55,1654695585886975,1654695585886975,
300833b2ddd9014000030008,1,1,1796,-56,1654695585888822,1654695585888822,
300833b2ddd9014000030009,1,1,2592,-55,1654695585920196,1654695585920196,
300833b2ddd9014000030002,1,1,3052,-59,1654695585921523,1654695585921523,
300833b2ddd9014000030008,1,1,1792,-56,1654695585922848,1654695585922848,
300833b2ddd9014000030009,1,1,2564,-55,1654695585927510,1654695585927510,
300833b2ddd9014000030002,1,1,2852,-59,1654695585929448,1654695585929448,
300833b2ddd9014000030008,1,1,1792,-57,1654695585930745,1654695585930745,
300833b2ddd9014000030002,1,1,2960,-59,1654695585962796,1654695585962796,
300833b2ddd9014000030008,1,1,1804,-57,1654695585963866,1654695585963866,
300833b2ddd9014000030009,1,1,2616,-55,1654695585964983,1654695585964983,
300833b2ddd9014000030009,1,1,2608,-55,1654695585968362,1654695585968362,
300833b2ddd9014000030008,1,1,1808,-57,1654695585969514,1654695585969514,
300833b2ddd9014000030002,1,1,2900,-59,1654695585971085,1654695585971085,
300833b2ddd9014000030001,1,1,116,-70,1654695585974976,1654695585974976,
300833b2ddd9014000030009,1,1,2596,-55,1654695586005668,1654695586005668,
300833b2ddd9014000030008,1,1,1800,-57,1654695586007096,1654695586007096,
300833b2ddd9014000030002,1,1,2924,-59,1654695586008464,1654695586008464,
300833b2ddd9014000030009,1,1,2616,-55,1654695586016575,1654695586016575,
300833b2ddd9014000030002,1,1,2952,-59,1654695586018711,1654695586018711,
300833b2ddd9014000030008,1,1,1788,-56,1654695586019781,1654695586019781,
300833b2ddd9014000030008,1,1,1800,-56,1654695586050813,1654695586050813,
300833b2ddd9014000030009,1,1,2624,-55,1654695586052243,1654695586052243,
300833b2ddd9014000030002,1,1,2920,-59,1654695586053567,1654695586053567,
300833b2ddd9014000030001,1,1,60,-71,1654695586056838,1654695586056838,
300833b2ddd9014000030009,1,1,2648,-55,1654695586061259,1654695586061259,
300833b2ddd9014000030008,1,1,1772,-56,1654695586062343,1654695586062343,
300833b2ddd9014000030001,1,1,4000,-72,1654695586063785,1654695586063785,
300833b2ddd9014000030002,1,1,2988,-59,1654695586064799,1654695586064799,
300833b2ddd9014000030008,1,1,1796,-57,1654695586095944,1654695586095944,
300833b2ddd9014000030009,1,1,2588,-55,1654695586096986,1654695586096986,
300833b2ddd9014000030002,1,1,2920,-60,1654695586098041,1654695586098041,
300833b2ddd9014000030009,1,1,2596,-55,1654695586105403,1654695586105403,
300833b2ddd9014000030002,1,1,2952,-59,1654695586106746,1654695586106746,
300833b2ddd9014000030008,1,1,1832,-56,1654695586108199,1654695586108199,
300833b2ddd9014000030009,1,1,2572,-55,1654695586138276,1654695586138276,
300833b2ddd9014000030008,1,1,1808,-56,1654695586139346,1654695586139346,
300833b2ddd9014000030002,1,1,2948,-59,1654695586142399,1654695586142399,
300833b2ddd9014000030008,1,1,1808,-57,1654695586147051,1654695586147051,
300833b2ddd9014000030009,1,1,2576,-55,1654695586149157,1654695586149157,
300833b2ddd9014000030002,1,1,2900,-59,1654695586150355,1654695586150355,
300833b2ddd9014000030008,1,1,1772,-57,1654695586180569,1654695586180569,
300833b2ddd9014000030002,1,1,2852,-60,1654695586182519,1654695586182519,
300833b2ddd9014000030009,1,1,2580,-55,1654695586183531,1654695586183531,
300833b2ddd9014000030001,1,1,72,-69,1654695586184948,1654695586184948,
300833b2ddd9014000030008,1,1,1772,-57,1654695586188464,1654695586188464,
300833b2ddd9014000030009,1,1,2572,-55,1654695586189690,1654695586189690,
300833b2ddd9014000030002,1,1,2912,-60,1654695586190778,1654695586190778,
300833b2ddd9014000030008,1,1,1796,-57,1654695586221650,1654695586221650,
300833b2ddd9014000030009,1,1,2592,-55,1654695586223232,1654695586223232,
300833b2ddd9014000030002,1,1,2944,-59,1654695586225012,1654695586225012,
300833b2ddd9014000030002,1,1,2984,-60,1654695586230396,1654695586230396,
300833b2ddd9014000030009,1,1,2600,-55,1654695586231493,1654695586231493,
300833b2ddd9014000030008,1,1,1824,-56,1654695586232560,1654695586232560,
300833b2ddd9014000030001,1,1,4032,-70,1654695586235154,1654695586235154,
300833b2ddd9014000030008,1,1,1800,-57,1654695586265604,1654695586265604,
300833b2ddd9014000030009,1,1,2592,-55,1654695586267784,1654695586267784,
300833b2ddd9014000030002,1,1,2932,-60,1654695586268872,1654695586268872,
300833b2ddd9014000030008,1,1,1800,-57,1654695586276017,1654695586276017,
300833b2ddd9014000030009,1,1,2572,-55,1654695586278224,1654695586278224,
300833b2ddd9014000030002,1,1,2896,-59,1654695586279334,1654695586279334,
300833b2ddd9014000030008,1,1,1824,-57,1654695586310777,1654695586310777,
300833b2ddd9014000030009,1,1,2596,-55,1654695586311877,1654695586311877,
300833b2ddd9014000030002,1,1,2856,-60,1654695586313553,1654695586313553,
300833b2ddd9014000030001,1,1,76,-70,1654695586315407,1654695586315407,
300833b2ddd9014000030008,1,1,1768,-57,1654695586318641,1654695586318641,
300833b2ddd9014000030001,1,1,4052,-71,1654695586319730,1654695586319730,
300833b2ddd9014000030009,1,1,2596,-55,1654695586320857,1654695586320857,
300833b2ddd9014000030002,1,1,2884,-60,1654695586323058,1654695586323058,
300833b2ddd9014000030008,1,1,1808,-57,1654695586354735,1654695586354735,
300833b2ddd9014000030009,1,1,2584,-55,1654695586356825,1654695586356825,
300833b2ddd9014000030002,1,1,2884,-60,1654695586358344,1654695586358344,
300833b2ddd9014000030001,1,1,4052,-71,1654695586361827,1654695586361827,
300833b2ddd9014000030009,1,1,2632,-55,1654695586364643,1654695586364643,
300833b2ddd9014000030008,1,1,1792,-56,1654695586365769,1654695586365769,
300833b2ddd9014000030002,1,1,2900,-60,1654695586367842,1654695586367842,
300833b2ddd9014000030001,1,1,4060,-71,1654695586373829,1654695586373829,
300833b2ddd9014000030002,1,1,2900,-60,1654695586404751,1654695586404751,
300833b2ddd9014000030009,1,1,2632,-55,1654695586405838,1654695586405838,
300833b2ddd9014000030008,1,1,1824,-57,1654695586406978,1654695586406978,
300833b2ddd9014000030008,1,1,1804,-57,1654695586410613,1654695586410613,
300833b2ddd9014000030002,1,1,2988,-60,1654695586412196,1654695586412196,
300833b2ddd9014000030009,1,1,2588,-55,1654695586413321,1654695586413321,
300833b2ddd9014000030009,1,1,2572,-55,1654695586445240,1654695586445240,
300833b2ddd9014000030002,1,1,2932,-60,1654695586447150,1654695586447150,
300833b2ddd9014000030008,1,1,1836,-57,1654695586448233,1654695586448233,
300833b2ddd9014000030001,1,1,76,-71,1654695586456446,1654695586456446,
300833b2ddd9014000030009,1,1,2596,-55,1654695586459329,1654695586459329,
300833b2ddd9014000030008,1,1,1812,-57,1654695586460414,1654695586460414,
300833b2ddd9014000030002,1,1,2932,-59,1654695586463125,1654695586463125,
300833b2ddd9014000030001,1,1,332,-71,1654695586464472,1654695586464472,
300833b2ddd9014000030009,1,1,2636,-55,1654695586495255,1654695586495255,
300833b2ddd9014000030002,1,1,2888,-59,1654695586497162,1654695586497162,
300833b2ddd9014000030008,1,1,1828,-57,1654695586498540,1654695586498540,
300833b2ddd9014000030001,1,1,4044,-71,1654695586500652,1654695586500652,
300833b2ddd9014000030002,1,1,2916,-60,1654695586504476,1654695586504476,
300833b2ddd9014000030009,1,1,2572,-55,1654695586507666,1654695586507666,
300833b2ddd9014000030008,1,1,1812,-56,1654695586508778,1654695586508778,
300833b2ddd9014000030009,1,1,2576,-55,1654695586539365,1654695586539365,
300833b2ddd9014000030002,1,1,2908,-59,1654695586540719,1654695586540719,
300833b2ddd9014000030008,1,1,1784,-57,1654695586542244,1654695586542244,
300833b2ddd9014000030008,1,1,1772,-57,1654695586547104,1654695586547104,
300833b2ddd9014000030009,1,1,2564,-55,1654695586548828,1654695586548828,
300833b2ddd9014000030002,1,1,2976,-60,1654695586551776,1654695586551776,
300833b2ddd9014000030001,1,1,164,-72,1654695586553869,1654695586553869,
300833b2ddd9014000030002,1,1,2860,-60,1654695586584116,1654695586584116,
300833b2ddd9014000030009,1,1,2584,-55,1654695586586052,1654695586586052,
300833b2ddd9014000030008,1,1,1828,-57,1654695586587077,1654695586587077,
300833b2ddd9014000030008,1,1,1808,-57,1654695586596290,1654695586596290,
300833b2ddd9014000030009,1,1,2592,-55,1654695586597830,1654695586597830,
300833b2ddd9014000030002,1,1,2896,-59,1654695586599186,1654695586599186,
300833b2ddd9014000030001,1,1,72,-73,1654695586602044,1654695586602044,
300833b2ddd9014000030009,1,1,2592,-55,1654695586631758,1654695586631758,
300833b2ddd9014000030008,1,1,1796,-57,1654695586633376,1654695586633376,
300833b2ddd9014000030002,1,1,2872,-59,1654695586634418,1654695586634418,
300833b2ddd9014000030001,1,1,120,-71,1654695586637863,1654695586637863,
300833b2ddd9014000030008,1,1,1824,-56,1654695586642276,1654695586642276,
300833b2ddd9014000030009,1,1,2584,-55,1654695586643717,1654695586643717,
300833b2ddd9014000030002,1,1,2988,-60,1654695586644834,1654695586644834,
300833b2ddd9014000030001,1,1,4,-72,1654695586649283,1654695586649283,
300833b2ddd9014000030009,1,1,2620,-55,1654695586679073,1654695586679073,
300833b2ddd9014000030008,1,1,1780,-57,1654695586681481,1654695586681481,
300833b2ddd9014000030001,1,1,4056,-71,1654695586682958,1654695586682958,
300833b2ddd9014000030002,1,1,2972,-59,1654695586684012,1654695586684012,
300833b2ddd9014000030009,1,1,2588,-55,1654695586687464,1654695586687464,
300833b2ddd9014000030008,1,1,1788,-57,1654695586688691,1654695586688691,
300833b2ddd9014000030002,1,1,2996,-60,1654695586690912,1654695586690912,
300833b2ddd9014000030008,1,1,1828,-56,1654695586720884,1654695586720884,
300833b2ddd9014000030002,1,1,2960,-59,1654695586722227,1654695586722227,
300833b2ddd9014000030009,1,1,2592,-55,1654695586723312,1654695586723312,
300833b2ddd9014000030001,1,1,32,-69,1654695586730720,1654695586730720,
300833b2ddd9014000030009,1,1,2596,-55,1654695586731821,1654695586731821,
300833b2ddd9014000030002,1,1,2936,-60,1654695586733062,1654695586733062,
300833b2ddd9014000030008,1,1,1788,-56,1654695586734176,1654695586734176,
300833b2ddd9014000030009,1,1,2608,-55,1654695586763832,1654695586763832,
300833b2ddd9014000030001,1,1,4016,-72,1654695586765162,1654695586765162,
300833b2ddd9014000030008,1,1,1788,-56,1654695586766232,1654695586766232,
300833b2ddd9014000030002,1,1,2884,-59,1654695586767814,1654695586767814,
300833b2ddd9014000030009,1,1,2596,-55,1654695586772740,1654695586772740,
300833b2ddd9014000030008,1,1,1776,-56,1654695586775740,1654695586775740,
300833b2ddd9014000030002,1,1,2940,-59,1654695586776952,1654695586776952,
300833b2ddd9014000030001,1,1,12,-71,1654695586778863,1654695586778863,
300833b2ddd9014000030009,1,1,2624,-55,1654695586808488,1654695586808488,
300833b2ddd9014000030008,1,1,1804,-57,1654695586810996,1654695586810996,
300833b2ddd9014000030002,1,1,3016,-59,1654695586812040,1654695586812040,
300833b2ddd9014000030008,1,1,1796,-56,1654695586815457,1654695586815457,
300833b2ddd9014000030009,1,1,2604,-55,1654695586817580,1654695586817580,
300833b2ddd9014000030002,1,1,2932,-60,1654695586818875,1654695586818875,
300833b2ddd9014000030009,1,1,2560,-55,1654695586849386,1654695586849386,
300833b2ddd9014000030008,1,1,1824,-56,1654695586850680,1654695586850680,
300833b2ddd9014000030002,1,1,2992,-59,1654695586854020,1654695586854020,
300833b2ddd9014000030001,1,1,88,-71,1654695586855660,1654695586855660,
300833b2ddd9014000030002,1,1,2912,-60,1654695586858780,1654695586858780,
300833b2ddd9014000030009,1,1,2596,-55,1654695586859881,1654695586859881,
300833b2ddd9014000030008,1,1,1816,-57,1654695586861955,1654695586861955,
300833b2ddd9014000030001,1,1,104,-70,1654695586865155,1654695586865155,
300833b2ddd9014000030009,1,1,2564,-55,1654695586895756,1654695586895756,
300833b2ddd9014000030008,1,1,1844,-56,1654695586898034,1654695586898034,
300833b2ddd9014000030002,1,1,2908,-59,1654695586899160,1654695586899160,
300833b2ddd9014000030001,1,1,4024,-70,1654695586900759,1654695586900759,
300833b2ddd9014000030008,1,1,1780,-56,1654695586904393,1654695586904393,
300833b2ddd9014000030009,1,1,2604,-55,1654695586906522,1654695586906522,
300833b2ddd9014000030002,1,1,2924,-59,1654695586907593,1654695586907593,
300833b2ddd9014000030001,1,1,76,-70,1654695586916511,1654695586916511,
300833b2ddd9014000030009,1,1,2596,-55,1654695586946639,1654695586946639,
300833b2ddd9014000030002,1,1,2940,-59,1654695586949087,1654695586949087,
300833b2ddd9014000030008,1,1,1820,-57,1654695586950187,1654695586950187,
300833b2ddd9014000030001,1,1,48,-72,1654695586953547,1654695586953547,
300833b2ddd9014000030009,1,1,2556,-55,1654695586956839,1654695586956839,
300833b2ddd9014000030008,1,1,1800,-57,1654695586959174,1654695586959174,
300833b2ddd9014000030002,1,1,2956,-60,1654695586961229,1654695586961229,
300833b2ddd9014000030001,1,1,4044,-71,1654695586964072,1654695586964072,
300833b2ddd9014000030002,1,1,2936,-60,1654695586994222,1654695586994222,
300833b2ddd9014000030008,1,1,1796,-57,1654695586995679,1654695586995679,
300833b2ddd9014000030009,1,1,2600,-55,1654695586996963,1654695586996963,
300833b2ddd9014000030001,1,1,108,-71,1654695586999057,1654695586999057,
300833b2ddd9014000030009,1,1,2588,-55,1654695587002534,1654695587002534,
300833b2ddd9014000030008,1,1,1800,-57,1654695587003961,1654695587003961,
300833b2ddd9014000030001,1,1,80,-72,1654695587005705,1654695587005705,
300833b2ddd9014000030002,1,1,2928,-59,1654695587006816,1654695587006816,
300833b2ddd9014000030009,1,1,2580,-55,1654695587036837,1654695587036837,
300833b2ddd9014000030001,1,1,4044,-71,1654695587038168,1654695587038168,
300833b2ddd9014000030002,1,1,2948,-60,1654695587039239,1654695587039239,
300833b2ddd9014000030008,1,1,1840,-56,1654695587040505,1654695587040505,
300833b2ddd9014000030009,1,1,2604,-55,1654695587045242,1654695587045242,
300833b2ddd9014000030008,1,1,1796,-57,1654695587046920,1654695587046920,
300833b2ddd9014000030002,1,1,2920,-59,1654695587048471,1654695587048471,
300833b2ddd9014000030001,1,1,4088,-71,1654695587058262,1654695587058262,
300833b2ddd9014000030008,1,1,1804,-57,1654695587088096,1654695587088096,
300833b2ddd9014000030009,1,1,2588,-55,1654695587090031,1654695587090031,
300833b2ddd9014000030002,1,1,2948,-59,1654695587091329,1654695587091329,
300833b2ddd9014000030001,1,1,60,-70,1654695587093916,1654695587093916,
300833b2ddd9014000030009,1,1,2588,-55,1654695587096971,1654695587096971,
300833b2ddd9014000030001,1,1,28,-70,1654695587098304,1654695587098304,
300833b2ddd9014000030008,1,1,1812,-57,1654695587099417,1654695587099417,
300833b2ddd9014000030002,1,1,2944,-59,1654695587102089,1654695587102089,
300833b2ddd9014000030002,1,1,2996,-60,1654695587132664,1654695587132664,
300833b2ddd9014000030008,1,1,1832,-57,1654695587133971,1654695587133971,
300833b2ddd9014000030009,1,1,2608,-55,1654695587136024,1654695587136024,
300833b2ddd9014000030001,1,1,248,-71,1654695587138757,1654695587138757,
300833b2ddd9014000030008,1,1,1808,-57,1654695587142605,1654695587142605,
300833b2ddd9014000030009,1,1,2608,-55,1654695587143977,1654695587143977,
300833b2ddd9014000030001,1,1,76,-72,1654695587145066,1654695587145066,
300833b2ddd9014000030002,1,1,2912,-60,1654695587146305,1654695587146305,
300833b2ddd9014000030008,1,1,1840,-56,1654695587176517,1654695587176517,
300833b2ddd9014000030009,1,1,2592,-55,1654695587177532,1654695587177532,
300833b2ddd9014000030002,1,1,2964,-60,1654695587178632,1654695587178632,
300833b2ddd9014000030001,1,1,36,-73,1654695587181685,1654695587181685,
300833b2ddd9014000030009,1,1,2576,-55,1654695587185540,1654695587185540,
300833b2ddd9014000030008,1,1,1792,-56,1654695587189869,1654695587189869,
300833b2ddd9014000030002,1,1,2868,-59,1654695587191311,1654695587191311,
300833b2ddd9014000030008,1,1,1816,-56,1654695587221241,1654695587221241,
300833b2ddd9014000030002,1,1,2936,-60,1654695587223430,1654695587223430,
300833b2ddd9014000030009,1,1,2572,-55,1654695587224546,1654695587224546,
300833b2ddd9014000030001,1,1,56,-71,1654695587225605,1654695587225605,
300833b2ddd9014000030009,1,1,2576,-55,1654695587230138,1654695587230138,
300833b2ddd9014000030008,1,1,1788,-56,1654695587232090,1654695587232090,
300833b2ddd9014000030002,1,1,2944,-59,1654695587233412,1654695587233412,
300833b2ddd9014000030001,1,1,4032,-72,1654695587235677,1654695587235677,
300833b2ddd9014000030002,1,1,2988,-60,1654695587265645,1654695587265645,
300833b2ddd9014000030009,1,1,2592,-55,1654695587267636,1654695587267636,
300833b2ddd9014000030008,1,1,1828,-56,1654695587268949,1654695587268949,
300833b2ddd9014000030001,1,1,200,-71,1654695587271238,1654695587271238,
300833b2ddd9014000030002,1,1,2944,-60,1654695587274566,1654695587274566,
300833b2ddd9014000030008,1,1,1804,-56,1654695587277821,1654695587277821,
300833b2ddd9014000030009,1,1,2576,-55,1654695587279784,1654695587279784,
300833b2ddd9014000030001,1,1,4060,-71,1654695587281219,1654695587281219,
300833b2ddd9014000030009,1,1,2588,-55,1654695587311234,1654695587311234,
300833b2ddd9014000030002,1,1,2948,-60,1654695587313747,1654695587313747,
300833b2ddd9014000030008,1,1,1824,-56,1654695587314803,1654695587314803,
300833b2ddd9014000030009,1,1,2620,-55,1654695587319309,1654695587319309,
300833b2ddd9014000030008,1,1,1836,-56,1654695587320392,1654695587320392,
300833b2ddd9014000030002,1,1,2984,-60,1654695587321535,1654695587321535,
300833b2ddd9014000030009,1,1,2552,-55,1654695587352190,1654695587352190,
300833b2ddd9014000030002,1,1,2912,-59,1654695587353786,1654695587353786,
300833b2ddd9014000030008,1,1,1788,-57,1654695587355113,1654695587355113,
300833b2ddd9014000030001,1,1,68,-72,1654695587357721,1654695587357721,
300833b2ddd9014000030009,1,1,2568,-55,1654695587360689,1654695587360689,
300833b2ddd9014000030002,1,1,2948,-60,1654695587361986,1654695587361986,
300833b2ddd9014000030008,1,1,1828,-56,1654695587364095,1654695587364095,
300833b2ddd9014000030008,1,1,1824,-57,1654695587395427,1654695587395427,
300833b2ddd9014000030009,1,1,2580,-55,1654695587396994,1654695587396994,
300833b2ddd9014000030002,1,1,2948,-60,1654695587398107,1654695587398107,
300833b2ddd9014000030008,1,1,1828,-57,1654695587402995,1654695587402995,
300833b2ddd9014000030002,1,1,3000,-60,1654695587404080,1654695587404080,
300833b2ddd9014000030009,1,1,2580,-55,1654695587406428,1654695587406428,
300833b2ddd9014000030001,1,1,4068,-70,1654695587408755,1654695587408755,
300833b2ddd9014000030009,1,1,2552,-55,1654695587438614,1654695587438614,
300833b2ddd9014000030008,1,1,1792,-56,1654695587439674,1654695587439674,
300833b2ddd9014000030002,1,1,2956,-60,1654695587440814,1654695587440814,
300833b2ddd9014000030001,1,1,4,-71,1654695587442372,1654695587442372,
300833b2ddd9014000030009,1,1,2552,-55,1654695587447130,1654695587447130,
300833b2ddd9014000030008,1,1,1812,-57,1654695587449056,1654695587449056,
300833b2ddd9014000030002,1,1,2936,-60,1654695587450847,1654695587450847,
300833b2ddd9014000030009,1,1,2588,-55,1654695587482658,1654695587482658,
300833b2ddd9014000030002,1,1,2928,-60,1654695587484603,1654695587484603,
300833b2ddd9014000030008,1,1,1820,-57,1654695587485703,1654695587485703,
300833b2ddd9014000030001,1,1,28,-71,1654695587489264,1654695587489264,
300833b2ddd9014000030009,1,1,2544,-55,1654695587492084,1654695587492084,
300833b2ddd9014000030008,1,1,1824,-57,1654695587493169,1654695587493169,
300833b2ddd9014000030002,1,1,2952,-59,1654695587494269,1654695587494269,
300833b2ddd9014000030008,1,1,1820,-57,1654695587529224,1654695587529224,
300833b2ddd9014000030002,1,1,2944,-60,1654695587530576,1654695587530576,
300833b2ddd9014000030009,1,1,2548,-55,1654695587532146,1654695587532146,
300833b2ddd9014000030009,1,1,2568,-55,1654695587536578,1654695587536578,
300833b2ddd9014000030008,1,1,1832,-56,1654695587537932,1654695587537932,
300833b2ddd9014000030001,1,1,92,-71,1654695587539263,1654695587539263,
300833b2ddd9014000030002,1,1,2972,-60,1654695587540787,1654695587540787,
300833b2ddd9014000030008,1,1,1828,-57,1654695587571899,1654695587571899,
300833b2ddd9014000030002,1,1,2948,-60,1654695587573523,1654695587573523,
300833b2ddd9014000030009,1,1,2556,-55,1654695587574594,1654695587574594,
300833b2ddd9014000030001,1,1,3972,-70,1654695587577646,1654695587577646,
300833b2ddd9014000030009,1,1,2564,-55,1654695587580699,1654695587580699,
300833b2ddd9014000030008,1,1,1824,-56,1654695587583290,1654695587583290,
300833b2ddd9014000030002,1,1,2940,-60,1654695587584374,1654695587584374,
300833b2ddd9014000030001,1,1,12,-70,1654695587586364,1654695587586364,
300833b2ddd9014000030008,1,1,1840,-57,1654695587616304,1654695587616304,
300833b2ddd9014000030001,1,1,16,-71,1654695587617636,1654695587617636,
300833b2ddd9014000030002,1,1,2892,-60,1654695587618971,1654695587618971,
300833b2ddd9014000030009,1,1,2544,-55,1654695587620059,1654695587620059,
300833b2ddd9014000030008,1,1,1848,-57,1654695587624750,1654695587624750,
300833b2ddd9014000030009,1,1,2560,-55,1654695587626078,1654695587626078,
300833b2ddd9014000030002,1,1,2900,-60,1654695587628573,1654695587628573,
300833b2ddd9014000030002,1,1,2888,-60,1654695587662541,1654695587662541,
300833b2ddd9014000030008,1,1,1820,-56,1654695587664093,1654695587664093,
300833b2ddd9014000030009,1,1,2604,-55,1654695587665236,1654695587665236,
300833b2ddd9014000030008,1,1,1820,-57,1654695587670023,1654695587670023,
300833b2ddd9014000030009,1,1,2540,-55,1654695587672029,1654695587672029,
300833b2ddd9014000030002,1,1,2944,-60,1654695587673482,1654695587673482,
300833b2ddd9014000030002,1,1,2944,-60,1654695587703172,1654695587703172,
300833b2ddd9014000030009,1,1,2544,-55,1654695587704242,1654695587704242,
300833b2ddd9014000030008,1,1,1800,-57,1654695587705342,1654695587705342,
300833b2ddd9014000030009,1,1,2532,-55,1654695587712058,1654695587712058,
300833b2ddd9014000030008,1,1,1840,-57,1654695587713114,1654695587713114,
300833b2ddd9014000030002,1,1,2960,-60,1654695587714357,1654695587714357,
300833b2ddd9014000030001,1,1,172,-73,1654695587717383,1654695587717383,
300833b2ddd9014000030009,1,1,2540,-55,1654695587748527,1654695587748527,
300833b2ddd9014000030002,1,1,2952,-60,1654695587749625,1654695587749625,
300833b2ddd9014000030008,1,1,1816,-56,1654695587751068,1654695587751068,
300833b2ddd9014000030001,1,1,176,-73,1654695587757044,1654695587757044,
300833b2ddd9014000030009,1,1,2568,-55,1654695587760620,1654695587760620,
300833b2ddd9014000030008,1,1,1824,-57,1654695587761878,1654695587761878,
300833b2ddd9014000030002,1,1,2976,-61,1654695587762964,1654695587762964,
300833b2ddd9014000030009,1,1,2572,-55,1654695587793785,1654695587793785,
300833b2ddd9014000030008,1,1,1796,-57,1654695587795963,1654695587795963,
300833b2ddd9014000030002,1,1,2944,-60,1654695587797275,1654695587797275,
300833b2ddd9014000030002,1,1,2988,-61,1654695587801024,1654695587801024,
300833b2ddd9014000030008,1,1,1760,-56,1654695587802763,1654695587802763,
300833b2ddd9014000030009,1,1,2564,-55,1654695587804104,1654695587804104,
300833b2ddd9014000030009,1,1,2548,-56,1654695587837356,1654695587837356,
300833b2ddd9014000030008,1,1,1808,-57,1654695587839065,1654695587839065,
300833b2ddd9014000030002,1,1,2940,-61,1654695587840123,1654695587840123,
300833b2ddd9014000030009,1,1,2600,-55,1654695587842860,1654695587842860,
300833b2ddd9014000030002,1,1,2920,-61,1654695587843959,1654695587843959,
300833b2ddd9014000030008,1,1,1828,-57,1654695587845766,1654695587845766,
300833b2ddd9014000030001,1,1,236,-73,1654695587848268,1654695587848268,
300833b2ddd9014000030009,1,1,2536,-55,1654695587880377,1654695587880377,
300833b2ddd9014000030002,1,1,2996,-60,1654695587881901,1654695587881901,
300833b2ddd9014000030008,1,1,1788,-57,1654695587883322,1654695587883322,
300833b2ddd9014000030009,1,1,2584,-55,1654695587886010,1654695587886010,
300833b2ddd9014000030008,1,1,1776,-57,1654695587887310,1654695587887310,
300833b2ddd9014000030002,1,1,2968,-61,1654695587888410,1654695587888410,
300833b2ddd9014000030008,1,1,1780,-57,1654695587922679,1654695587922679,
300833b2ddd9014000030009,1,1,2564,-55,1654695587923865,1654695587923865,
300833b2ddd9014000030002,1,1,2912,-61,1654695587924950,1654695587924950,
300833b2ddd9014000030008,1,1,1780,-57,1654695587930803,1654695587930803,
300833b2ddd9014000030009,1,1,2500,-55,1654695587932246,1654695587932246,
300833b2ddd9014000030002,1,1,2816,-61,1654695587934199,1654695587934199,
300833b2ddd9014000030002,1,1,2856,-61,1654695587964677,1654695587964677,
300833b2ddd9014000030008,1,1,1748,-57,1654695587966398,1654695587966398,
300833b2ddd9014000030009,1,1,2580,-56,1654695587967541,1654695587967541,
300833b2ddd9014000030002,1,1,2824,-61,1654695587971407,1654695587971407,
300833b2ddd9014000030008,1,1,1756,-57,1654695587973584,1654695587973584,
300833b2ddd9014000030009,1,1,2556,-56,1654695587974670,1654695587974670,
300833b2ddd9014000030008,1,1,1704,-57,1654695588005723,1654695588005723,
300833b2ddd9014000030002,1,1,2904,-61,1654695588006979,1654695588006979,
300833b2ddd9014000030009,1,1,2496,-55,1654695588008065,1654695588008065,
300833b2ddd9014000030009,1,1,2520,-56,1654695588015190,1654695588015190,
300833b2ddd9014000030008,1,1,1704,-57,1654695588017497,1654695588017497,
300833b2ddd9014000030002,1,1,2792,-61,1654695588018723,1654695588018723,
300833b2ddd9014000030002,1,1,2848,-61,1654695588048344,1654695588048344,
300833b2ddd9014000030009,1,1,2524,-56,1654695588049669,1654695588049669,
300833b2ddd9014000030001,1,1,424,-71,1654695588050958,1654695588050958,
300833b2ddd9014000030008,1,1,1688,-56,1654695588052056,1654695588052056,
300833b2ddd9014000030009,1,1,2472,-56,1654695588056768,1654695588056768,
300833b2ddd9014000030008,1,1,1688,-57,1654695588058376,1654695588058376,
300833b2ddd9014000030002,1,1,2848,-61,1654695588059658,1654695588059658,
300833b2ddd9014000030001,1,1,468,-72,1654695588062901,1654695588062901,
300833b2ddd9014000030008,1,1,1680,-56,1654695588092589,1654695588092589,
300833b2ddd9014000030009,1,1,2496,-56,1654695588093732,1654695588093732,
300833b2ddd9014000030001,1,1,736,-71,1654695588095998,1654695588095998,
300833b2ddd9014000030002,1,1,2808,-61,1654695588098316,1654695588098316,
300833b2ddd9014000030002,1,1,2816,-61,1654695588101300,1654695588101300,
300833b2ddd9014000030001,1,1,788,-72,1654695588102987,1654695588102987,
300833b2ddd9014000030009,1,1,2488,-55,1654695588104072,1654695588104072,
300833b2ddd9014000030008,1,1,1692,-56,1654695588105158,1654695588105158,
300833b2ddd9014000030008,1,1,1660,-56,1654695588136725,1654695588136725,
300833b2ddd9014000030009,1,1,2408,-55,1654695588137994,1654695588137994,
300833b2ddd9014000030002,1,1,2784,-62,1654695588139136,1654695588139136,
300833b2ddd9014000030001,1,1,448,-72,1654695588140977,1654695588140977,
300833b2ddd9014000030002,1,1,2768,-61,1654695588144225,1654695588144225,
300833b2ddd9014000030008,1,1,1680,-56,1654695588145310,1654695588145310,
300833b2ddd9014000030009,1,1,2460,-55,1654695588146904,1654695588146904,
300833b2ddd9014000030001,1,1,688,-73,1654695588149495,1654695588149495,
300833b2ddd9014000030002,1,1,2788,-62,1654695588179432,1654695588179432,
300833b2ddd9014000030008,1,1,1700,-56,1654695588182257,1654695588182257,
300833b2ddd9014000030009,1,1,2424,-55,1654695588183357,1654695588183357,
300833b2ddd9014000030001,1,1,524,-73,1654695588184619,1654695588184619,
300833b2ddd9014000030009,1,1,2392,-55,1654695588187425,1654695588187425,
300833b2ddd9014000030008,1,1,1708,-56,1654695588188523,1654695588188523,
300833b2ddd9014000030002,1,1,2800,-62,1654695588192335,1654695588192335,
300833b2ddd9014000030002,1,1,2748,-61,1654695588222018,1654695588222018,
300833b2ddd9014000030008,1,1,1668,-56,1654695588223585,1654695588223585,
300833b2ddd9014000030009,1,1,2456,-55,1654695588225379,1654695588225379,
300833b2ddd9014000030002,1,1,2708,-61,1654695588230389,1654695588230389,
300833b2ddd9014000030008,1,1,1648,-56,1654695588232113,1654695588232113,
300833b2ddd9014000030009,1,1,2412,-55,1654695588233183,1654695588233183,
300833b2ddd9014000030008,1,1,1692,-56,1654695588263720,1654695588263720,
300833b2ddd9014000030002,1,1,2748,-61,1654695588265087,1654695588265087,
300833b2ddd9014000030009,1,1,2428,-56,1654695588266641,1654695588266641,
300833b2ddd9014000030008,1,1,1720,-57,1654695588271345,1654695588271345,
300833b2ddd9014000030009,1,1,2464,-55,1654695588272387,1654695588272387,
300833b2ddd9014000030002,1,1,2832,-62,1654695588273562,1654695588273562,
300833b2ddd9014000030002,1,1,2876,-61,1654695588305981,1654695588305981,
300833b2ddd9014000030009,1,1,2416,-55,1654695588307404,1654695588307404,
300833b2ddd9014000030008,1,1,1724,-56,1654695588308758,1654695588308758,
300833b2ddd9014000030008,1,1,1724,-56,1654695588312579,1654695588312579,
300833b2ddd9014000030009,1,1,2440,-55,1654695588314258,1654695588314258,
300833b2ddd9014000030002,1,1,2748,-61,1654695588315588,1654695588315588,
300833b2ddd9014000030009,1,1,2428,-55,1654695588346923,1654695588346923,
300833b2ddd9014000030008,1,1,1740,-56,1654695588348591,1654695588348591,
300833b2ddd9014000030002,1,1,2760,-62,1654695588574366,1654695588574366,
300833b2ddd9014000030008,1,1,1780,-56,1654695588579339,1654695588579339,
300833b2ddd9014000030002,1,1,2820,-62,1654695588580908,1654695588580908,
300833b2ddd9014000030009,1,1,2436,-55,1654695588582476,1654695588582476,
300833b2ddd9014000030002,1,1,2780,-61,1654695588615023,1654695588615023,
300833b2ddd9014000030009,1,1,2464,-55,1654695588616081,1654695588616081,
300833b2ddd9014000030008,1,1,1760,-56,1654695588617164,1654695588617164,
300833b2ddd9014000030009,1,1,2484,-55,1654695588621238,1654695588621238,
300833b2ddd9014000030008,1,1,1804,-56,1654695588622292,1654695588622292,
300833b2ddd9014000030002,1,1,2744,-61,1654695588623682,1654695588623682,
300833b2ddd9014000030009,1,1,2460,-55,1654695588655626,1654695588655626,
300833b2ddd9014000030008,1,1,1744,-55,1654695588656740,1654695588656740,
300833b2ddd9014000030002,1,1,2668,-61,1654695588659187,1654695588659187,
300833b2ddd9014000030008,1,1,1772,-56,1654695588664332,1654695588664332,
300833b2ddd9014000030009,1,1,2448,-55,1654695588665926,1654695588665926,
300833b2ddd9014000030002,1,1,2740,-61,1654695588667153,1654695588667153,
300833b2ddd9014000030008,1,1,1796,-56,1654695588697230,1654695588697230,
300833b2ddd9014000030002,1,1,2804,-61,1654695588698273,1654695588698273,
300833b2ddd9014000030009,1,1,2444,-54,1654695588699358,1654695588699358,
300833b2ddd9014000030008,1,1,1804,-56,1654695588705206,1654695588705206,
300833b2ddd9014000030009,1,1,2456,-55,1654695588707544,1654695588707544,
300833b2ddd9014000030002,1,1,2772,-61,1654695588708760,1654695588708760,
300833b2ddd9014000030009,1,1,2444,-54,1654695588738798,1654695588738798,
300833b2ddd9014000030008,1,1,1804,-55,1654695588739911,1654695588739911,
300833b2ddd9014000030002,1,1,2688,-61,1654695588742075,1654695588742075,
300833b2ddd9014000030008,1,1,1804,-56,1654695588746819,1654695588746819,
300833b2ddd9014000030002,1,1,2700,-61,1654695588748019,1654695588748019,
300833b2ddd9014000030009,1,1,2452,-55,1654695588749318,1654695588749318,
300833b2ddd9014000030009,1,1,2440,-54,1654695588779855,1654695588779855,
300833b2ddd9014000030008,1,1,1812,-56,1654695588781165,1654695588781165,
300833b2ddd9014000030002,1,1,2772,-62,1654695588784069,1654695588784069,
300833b2ddd9014000030002,1,1,2724,-61,1654695588788691,1654695588788691,
300833b2ddd9014000030009,1,1,2416,-55,1654695588790018,1654695588790018,
300833b2ddd9014000030008,1,1,1824,-56,1654695588791104,1654695588791104,
300833b2ddd9014000030008,1,1,1844,-56,1654695588821876,1654695588821876,
300833b2ddd9014000030002,1,1,2788,-61,1654695588823305,1654695588823305,
300833b2ddd9014000030009,1,1,2384,-54,1654695588824389,1654695588824389,
300833b2ddd9014000030008,1,1,1824,-56,1654695588828135,1654695588828135,
300833b2ddd9014000030002,1,1,2812,-61,1654695588830386,1654695588830386,
300833b2ddd9014000030009,1,1,2436,-55,1654695588831456,1654695588831456,
300833b2ddd9014000030009,1,1,2380,-55,1654695588862467,1654695588862467,
300833b2ddd9014000030008,1,1,1848,-56,1654695588863938,1654695588863938,
300833b2ddd9014000030002,1,1,2664,-61,1654695588865279,1654695588865279,
300833b2ddd9014000030002,1,1,2772,-61,1654695588869156,1654695588869156,
300833b2ddd9014000030008,1,1,1852,-56,1654695588871288,1654695588871288,
300833b2ddd9014000030009,1,1,2372,-55,1654695588872347,1654695588872347,
300833b2ddd9014000030008,1,1,1868,-56,1654695588902863,1654695588902863,
300833b2ddd9014000030009,1,1,2416,-55,1654695588903967,1654695588903967,
300833b2ddd9014000030002,1,1,2800,-61,1654695588906853,1654695588906853,
300833b2ddd9014000030009,1,1,2380,-55,1654695588910906,1654695588910906,
300833b2ddd9014000030008,1,1,1852,-56,1654695588912020,1654695588912020,
300833b2ddd9014000030002,1,1,2708,-61,1654695588914226,1654695588914226,
300833b2ddd9014000030008,1,1,1856,-56,1654695588946774,1654695588946774,
300833b2ddd9014000030009,1,1,2380,-55,1654695588947801,1654695588947801,
300833b2ddd9014000030002,1,1,2820,-62,1654695588948886,1654695588948886,
300833b2ddd9014000030008,1,1,1860,-56,1654695588953557,1654695588953557,
300833b2ddd9014000030009,1,1,2420,-55,1654695588954828,1654695588954828,
300833b2ddd9014000030002,1,1,2780,-61,1654695588956069,1654695588956069,
300833b2ddd9014000030008,1,1,1856,-57,1654695588987989,1654695588987989,
300833b2ddd9014000030009,1,1,2404,-55,1654695588989060,1654695588989060,
300833b2ddd9014000030002,1,1,2860,-62,1654695588990273,1654695588990273,
300833b2ddd9014000030008,1,1,1916,-56,1654695588992965,1654695588992965,
300833b2ddd9014000030002,1,1,2908,-62,1654695588994933,1654695588994933,
300833b2ddd9014000030009,1,1,2428,-55,1654695588996486,1654695588996486,
300833b2ddd9014000030002,1,1,2844,-62,1654695589027238,1654695589027238,
300833b2ddd9014000030008,1,1,1872,-56,1654695589028704,1654695589028704,
300833b2ddd9014000030009,1,1,2448,-55,1654695589029807,1654695589029807,
300833b2ddd9014000030002,1,1,2948,-63,1654695589033878,1654695589033878,
300833b2ddd9014000030008,1,1,1860,-56,1654695589034991,1654695589034991,
300833b2ddd9014000030009,1,1,2416,-55,1654695589037013,1654695589037013,
300833b2ddd9014000030002,1,1,2912,-63,1654695589069301,1654695589069301,
300833b2ddd9014000030009,1,1,2376,-55,1654695589071977,1654695589071977,
300833b2ddd9014000030008,1,1,1832,-55,1654695589073222,1654695589073222,
300833b2ddd9014000030002,1,1,2824,-63,1654695589075975,1654695589075975,
300833b2ddd9014000030009,1,1,2396,-55,1654695589077060,1654695589077060,
300833b2ddd9014000030008,1,1,1816,-56,1654695589078444,1654695589078444,
300833b2ddd9014000030002,1,1,2792,-64,1654695589111452,1654695589111452,
300833b2ddd9014000030008,1,1,1808,-56,1654695589112779,1654695589112779,
300833b2ddd9014000030009,1,1,2420,-55,1654695589114134,1654695589114134,
300833b2ddd9014000030001,1,1,880,-70,1654695589119071,1654695589119071,
300833b2ddd9014000030008,1,1,1824,-56,1654695589120397,1654695589120397,
300833b2ddd9014000030009,1,1,2392,-55,1654695589121441,1654695589121441,
300833b2ddd9014000030002,1,1,2732,-63,1654695589122510,1654695589122510,
300833b2ddd9014000030008,1,1,1820,-55,1654695589154545,1654695589154545,
300833b2ddd9014000030009,1,1,2356,-55,1654695589155646,1654695589155646,
300833b2ddd9014000030001,1,1,1268,-69,1654695589157034,1654695589157034,
300833b2ddd9014000030002,1,1,2636,-64,1654695589158132,1654695589158132,
300833b2ddd9014000030009,1,1,2380,-55,1654695589162560,1654695589162560,
300833b2ddd9014000030001,1,1,1000,-68,1654695589163906,1654695589163906,
300833b2ddd9014000030008,1,1,1844,-55,1654695589164960,1654695589164960,
300833b2ddd9014000030002,1,1,2796,-65,1654695589166075,1654695589166075,
300833b2ddd9014000030008,1,1,1860,-56,1654695589198133,1654695589198133,
300833b2ddd9014000030009,1,1,2320,-55,1654695589199445,1654695589199445,
300833b2ddd9014000030002,1,1,2708,-63,1654695589202217,1654695589202217,
300833b2ddd9014000030008,1,1,1908,-55,1654695589209957,1654695589209957,
300833b2ddd9014000030009,1,1,2416,-55,1654695589211882,1654695589211882,
300833b2ddd9014000030002,1,1,2808,-63,1654695589213222,1654695589213222,
300833b2ddd9014000030002,1,1,2704,-63,1654695589249647,1654695589249647,
300833b2ddd9014000030009,1,1,2316,-55,1654695589251850,1654695589251850,
300833b2ddd9014000030008,1,1,1872,-55,1654695589253229,1654695589253229,
300833b2ddd9014000030001,1,1,956,-68,1654695589256226,1654695589256226,
300833b2ddd9014000030002,1,1,2712,-64,1654695589258995,1654695589258995,
300833b2ddd9014000030008,1,1,1888,-56,1654695589260360,1654695589260360,
300833b2ddd9014000030009,1,1,2316,-54,1654695589261644,1654695589261644,
300833b2ddd9014000030001,1,1,1188,-72,1654695589266226,1654695589266226,
300833b2ddd9014000030009,1,1,2288,-54,1654695589296094,1654695589296094,
300833b2ddd9014000030008,1,1,1820,-55,1654695589297633,1654695589297633,
300833b2ddd9014000030002,1,1,2720,-64,1654695589301703,1654695589301703,
300833b2ddd9014000030001,1,1,844,-71,1654695589302821,1654695589302821,
300833b2ddd9014000030009,1,1,2260,-54,1654695589306680,1654695589306680,
300833b2ddd9014000030008,1,1,1836,-56,1654695589307837,1654695589307837,
300833b2ddd9014000030002,1,1,2588,-64,1654695589311998,1654695589311998,
300833b2ddd9014000030009,1,1,2224,-54,1654695589349917,1654695589349917,
300833b2ddd9014000030008,1,1,1844,-55,1654695589351116,1654695589351116,
300833b2ddd9014000030002,1,1,2508,-65,1654695589352189,1654695589352189,
300833b2ddd9014000030001,1,1,1244,-70,1654695589355995,1654695589355995,
300833b2ddd9014000030002,1,1,2352,-64,1654695589357958,1654695589357958,
300833b2ddd9014000030009,1,1,2216,-54,1654695589359949,1654695589359949,
300833b2ddd9014000030008,1,1,1848,-55,1654695589361404,1654695589361404,
300833b2ddd9014000030008,1,1,1856,-55,1654695589391404,1654695589391404,
300833b2ddd9014000030002,1,1,2340,-65,1654695589392747,1654695589392747,
300833b2ddd9014000030009,1,1,2244,-53,1654695589393831,1654695589393831,
300833b2ddd9014000030001,1,1,1160,-69,1654695589396269,1654695589396269,
300833b2ddd9014000030009,1,1,2268,-54,1654695589401006,1654695589401006,
300833b2ddd9014000030008,1,1,1888,-55,1654695589402119,1654695589402119,
300833b2ddd9014000030002,1,1,2468,-64,1654695589403206,1654695589403206,
300833b2ddd9014000030001,1,1,1024,-69,1654695589404280,1654695589404280,
300833b2ddd9014000030002,1,1,2536,-64,1654695589435440,1654695589435440,
300833b2ddd9014000030009,1,1,2328,-54,1654695589437600,1654695589437600,
300833b2ddd9014000030008,1,1,1920,-56,1654695589439162,1654695589439162,
300833b2ddd9014000030002,1,1,2408,-64,1654695589447407,1654695589447407,
300833b2ddd9014000030009,1,1,2304,-54,1654695589448564,1654695589448564,
300833b2ddd9014000030008,1,1,1896,-56,1654695589449591,1654695589449591,
300833b2ddd9014000030008,1,1,1924,-57,1654695589481336,1654695589481336,
300833b2ddd9014000030002,1,1,2452,-64,1654695589483771,1654695589483771,
300833b2ddd9014000030009,1,1,2316,-54,1654695589484854,1654695589484854,
300833b2ddd9014000030002,1,1,2452,-63,1654695589489317,1654695589489317,
300833b2ddd9014000030009,1,1,2332,-54,1654695589490628,1654695589490628,
300833b2ddd9014000030008,1,1,1908,-56,1654695589491671,1654695589491671,
300833b2ddd9014000030008,1,1,1916,-57,1654695589529846,1654695589529846,
300833b2ddd9014000030002,1,1,2580,-63,1654695589531300,1654695589531300,
300833b2ddd9014000030009,1,1,2316,-54,1654695589532598,1654695589532598,
300833b2ddd9014000030008,1,1,1900,-57,1654695589536245,1654695589536245,
300833b2ddd9014000030002,1,1,2500,-63,1654695589537314,1654695589537314,
300833b2ddd9014000030009,1,1,2324,-54,1654695589539682,1654695589539682,
300833b2ddd9014000030002,1,1,2520,-64,1654695589574227,1654695589574227,
300833b2ddd9014000030008,1,1,1916,-56,1654695589575299,1654695589575299,
300833b2ddd9014000030009,1,1,2328,-54,1654695589577361,1654695589577361,
300833b2ddd9014000030008,1,1,1904,-56,1654695589582909,1654695589582909,
300833b2ddd9014000030002,1,1,2596,-64,1654695589584019,1654695589584019,
300833b2ddd9014000030009,1,1,2348,-54,1654695589585076,1654695589585076,
300833b2ddd9014000030008,1,1,1984,-57,1654695589616329,1654695589616329,
300833b2ddd9014000030009,1,1,2348,-54,1654695589618363,1654695589618363,
300833b2ddd9014000030002,1,1,2612,-64,1654695589619962,1654695589619962,
300833b2ddd9014000030008,1,1,1956,-56,1654695589623775,1654695589623775,
300833b2ddd9014000030009,1,1,2368,-54,1654695589624888,1654695589624888,
300833b2ddd9014000030002,1,1,2576,-64,1654695589628213,1654695589628213,
300833b2ddd9014000030009,1,1,2404,-54,1654695589658533,1654695589658533,
300833b2ddd9014000030008,1,1,1992,-56,1654695589659645,1654695589659645,
300833b2ddd9014000030002,1,1,2572,-64,1654695589662093,1654695589662093,
300833b2ddd9014000030009,1,1,2404,-54,1654695589666189,1654695589666189,
300833b2ddd9014000030008,1,1,2012,-56,1654695589668351,1654695589668351,
300833b2ddd9014000030002,1,1,2668,-63,1654695589669438,1654695589669438,
300833b2ddd9014000030009,1,1,2396,-54,1654695589703908,1654695589703908,
300833b2ddd9014000030008,1,1,2052,-57,1654695589705202,1654695589705202,
300833b2ddd9014000030002,1,1,2684,-63,1654695589706517,1654695589706517,
300833b2ddd9014000030009,1,1,2388,-54,1654695589711739,1654695589711739,
300833b2ddd9014000030002,1,1,2640,-63,1654695589713081,1654695589713081,
300833b2ddd9014000030008,1,1,2060,-57,1654695589714460,1654695589714460,
300833b2ddd9014000030008,1,1,2052,-57,1654695589746615,1654695589746615,
300833b2ddd9014000030002,1,1,2592,-63,1654695589747701,1654695589747701,
300833b2ddd9014000030009,1,1,2428,-54,1654695589749521,1654695589749521,
300833b2ddd9014000030008,1,1,2048,-57,1654695589754222,1654695589754222,
300833b2ddd9014000030009,1,1,2420,-54,1654695589755946,1654695589755946,
300833b2ddd9014000030002,1,1,2652,-61,1654695589757302,1654695589757302,
300833b2ddd9014000030009,1,1,2516,-54,1654695589787366,1654695589787366,
300833b2ddd9014000030002,1,1,2660,-61,1654695589788450,1654695589788450,
300833b2ddd9014000030008,1,1,2028,-55,1654695589789776,1654695589789776,
300833b2ddd9014000030009,1,1,2400,-53,1654695589795148,1654695589795148,
300833b2ddd9014000030008,1,1,2064,-55,1654695589797934,1654695589797934,
300833b2ddd9014000030002,1,1,2456,-61,1654695589799135,1654695589799135,
300833b2ddd9014000030002,1,1,2732,-62,1654695589829071,1654695589829071,
300833b2ddd9014000030009,1,1,2488,-53,1654695589830396,1654695589830396,
300833b2ddd9014000030008,1,1,2092,-55,1654695589831964,1654695589831964,
300833b2ddd9014000030008,1,1,2024,-56,1654695589836930,1654695589836930,
300833b2ddd9014000030009,1,1,2436,-54,1654695589838357,1654695589838357,
300833b2ddd9014000030002,1,1,2576,-61,1654695589839473,1654695589839473,
300833b2ddd9014000030009,1,1,2476,-53,1654695589871280,1654695589871280,
300833b2ddd9014000030008,1,1,2060,-56,1654695589873236,1654695589873236,
300833b2ddd9014000030002,1,1,2616,-60,1654695589875201,1654695589875201,
300833b2ddd9014000030008,1,1,2072,-56,1654695589878354,1654695589878354,
300833b2ddd9014000030009,1,1,2460,-53,1654695589880024,1654695589880024,
300833b2ddd9014000030002,1,1,2564,-61,1654695589882190,1654695589882190,
300833b2ddd9014000030008,1,1,2128,-55,1654695589912071,1654695589912071,
300833b2ddd9014000030002,1,1,2408,-61,1654695589913188,1654695589913188,
300833b2ddd9014000030009,1,1,2516,-54,1654695589915007,1654695589915007,
300833b2ddd9014000030008,1,1,2068,-56,1654695589919687,1654695589919687,
300833b2ddd9014000030009,1,1,2532,-54,1654695589920771,1654695589920771,
300833b2ddd9014000030002,1,1,2624,-60,1654695589923190,1654695589923190,
300833b2ddd9014000030009,1,1,2460,-53,1654695589954884,1654695589954884,
300833b2ddd9014000030008,1,1,2100,-56,1654695589956656,1654695589956656,
300833b2ddd9014000030002,1,1,2724,-63,1654695589957982,1654695589957982,
300833b2ddd9014000030008,1,1,2100,-56,1654695589962426,1654695589962426,
300833b2ddd9014000030009,1,1,2448,-54,1654695589963853,1654695589963853,
300833b2ddd9014000030002,1,1,2724,-63,1654695589965789,1654695589965789,
300833b2ddd9014000030008,1,1,2092,-57,1654695589997031,1654695589997031,
300833b2ddd9014000030009,1,1,2444,-54,1654695589998597,1654695589998597,
300833b2ddd9014000030002,1,1,2760,-62,1654695589999994,1654695589999994,
300833b2ddd9014000030008,1,1,2104,-56,1654695590003328,1654695590003328,
300833b2ddd9014000030009,1,1,2456,-54,1654695590004427,1654695590004427,
300833b2ddd9014000030002,1,1,2744,-62,1654695590006221,1654695590006221,
300833b2ddd9014000030009,1,1,2472,-54,1654695590039834,1654695590039834,
300833b2ddd9014000030008,1,1,2068,-56,1654695590040935,1654695590040935,
300833b2ddd9014000030002,1,1,2744,-62,1654695590043637,1654695590043637,
300833b2ddd9014000030002,1,1,2744,-63,1654695590047350,1654695590047350,
300833b2ddd9014000030009,1,1,2440,-54,1654695590048707,1654695590048707,
300833b2ddd9014000030008,1,1,2092,-56,1654695590050017,1654695590050017,
300833b2ddd9014000030009,1,1,2472,-54,1654695590083593,1654695590083593,
300833b2ddd9014000030008,1,1,2112,-57,1654695590084677,1654695590084677,
300833b2ddd9014000030002,1,1,2784,-63,1654695590085748,1654695590085748,
300833b2ddd9014000030009,1,1,2440,-54,1654695590089706,1654695590089706,
300833b2ddd9014000030002,1,1,2772,-63,1654695590090775,1654695590090775,
300833b2ddd9014000030008,1,1,2096,-56,1654695590092348,1654695590092348,
300833b2ddd9014000030009,1,1,2500,-54,1654695590124682,1654695590124682,
300833b2ddd9014000030002,1,1,2756,-63,1654695590126005,1654695590126005,
300833b2ddd9014000030008,1,1,2076,-56,1654695590127073,1654695590127073,
300833b2ddd9014000030009,1,1,2460,-54,1654695590131975,1654695590131975,
300833b2ddd9014000030008,1,1,2116,-57,1654695590134432,1654695590134432,
300833b2ddd9014000030002,1,1,2784,-63,1654695590136112,1654695590136112,
300833b2ddd9014000030009,1,1,2460,-54,1654695590166233,1654695590166233,
300833b2ddd9014000030002,1,1,2856,-63,1654695590168157,1654695590168157,
300833b2ddd9014000030008,1,1,2088,-56,1654695590169269,1654695590169269,
300833b2ddd9014000030009,1,1,2476,-54,1654695590172591,1654695590172591,
300833b2ddd9014000030008,1,1,2092,-57,1654695590173933,1654695590173933,
300833b2ddd9014000030002,1,1,2796,-63,1654695590175513,1654695590175513,
300833b2ddd9014000030002,1,1,2776,-63,1654695590208890,1654695590208890,
300833b2ddd9014000030008,1,1,2056,-56,1654695590210440,1654695590210440,
300833b2ddd9014000030009,1,1,2528,-54,1654695590213484,1654695590213484,
300833b2ddd9014000030008,1,1,2100,-57,1654695590217269,1654695590217269,
300833b2ddd9014000030009,1,1,2528,-54,1654695590218313,1654695590218313,
300833b2ddd9014000030002,1,1,2780,-63,1654695590219980,1654695590219980,
300833b2ddd9014000030009,1,1,2528,-54,1654695590249906,1654695590249906,
300833b2ddd9014000030008,1,1,2088,-57,1654695590251814,1654695590251814,
300833b2ddd9014000030002,1,1,2808,-63,1654695590253736,1654695590253736,
300833b2ddd9014000030009,1,1,2484,-54,1654695590256669,1654695590256669,
300833b2ddd9014000030008,1,1,2084,-57,1654695590258607,1654695590258607,
300833b2ddd9014000030002,1,1,2744,-63,1654695590259680,1654695590259680,
300833b2ddd9014000030002,1,1,2808,-63,1654695590290692,1654695590290692,
300833b2ddd9014000030009,1,1,2512,-55,1654695590293372,1654695590293372,
300833b2ddd9014000030008,1,1,2052,-57,1654695590294429,1654695590294429,
300833b2ddd9014000030009,1,1,2504,-54,1654695590297596,1654695590297596,
300833b2ddd9014000030008,1,1,2092,-57,1654695590299264,1654695590299264,
300833b2ddd9014000030002,1,1,2888,-63,1654695590300592,1654695590300592,
300833b2ddd9014000030009,1,1,2464,-54,1654695590331584,1654695590331584,
300833b2ddd9014000030008,1,1,2092,-57,1654695590333024,1654695590333024,
300833b2ddd9014000030002,1,1,2816,-63,1654695590334364,1654695590334364,
300833b2ddd9014000030008,1,1,2108,-57,1654695590337890,1654695590337890,
300833b2ddd9014000030009,1,1,2472,-54,1654695590339543,1654695590339543,
300833b2ddd9014000030002,1,1,2804,-64,1654695590341125,1654695590341125,
300833b2ddd9014000030008,1,1,2104,-57,1654695590371647,1654695590371647,
300833b2ddd9014000030009,1,1,2476,-54,1654695590372690,1654695590372690,
300833b2ddd9014000030002,1,1,2792,-63,1654695590374502,1654695590374502,
300833b2ddd9014000030002,1,1,2812,-63,1654695590379721,1654695590379721,
300833b2ddd9014000030009,1,1,2508,-54,1654695590381204,1654695590381204,
300833b2ddd9014000030008,1,1,2084,-57,1654695590382302,1654695590382302,
300833b2ddd9014000030009,1,1,2520,-55,1654695590414592,1654695590414592,
300833b2ddd9014000030008,1,1,2064,-57,1654695590416642,1654695590416642,
300833b2ddd9014000030002,1,1,2752,-63,1654695590417699,1654695590417699,
300833b2ddd9014000030002,1,1,2824,-64,1654695590420356,1654695590420356,
300833b2ddd9014000030009,1,1,2476,-54,1654695590421950,1654695590421950,
300833b2ddd9014000030008,1,1,2076,-57,1654695590423231,1654695590423231,
300833b2ddd9014000030009,1,1,2492,-55,1654695590455342,1654695590455342,
300833b2ddd9014000030008,1,1,2072,-57,1654695590457038,1654695590457038,
300833b2ddd9014000030002,1,1,2816,-63,1654695590458749,1654695590458749,
300833b2ddd9014000030009,1,1,2496,-55,1654695590462372,1654695590462372,
300833b2ddd9014000030008,1,1,2088,-57,1654695590463812,1654695590463812,
300833b2ddd9014000030002,1,1,2800,-64,1654695590465194,1654695590465194,
300833b2ddd9014000030009,1,1,2512,-55,1654695590496756,1654695590496756,
300833b2ddd9014000030002,1,1,2784,-63,1654695590498080,1654695590498080,
300833b2ddd9014000030008,1,1,2036,-57,1654695590499137,1654695590499137,
300833b2ddd9014000030009,1,1,2452,-55,1654695590502697,1654695590502697,
300833b2ddd9014000030002,1,1,2764,-63,1654695590504619,1654695590504619,
300833b2ddd9014000030008,1,1,2064,-57,1654695590505700,1654695590505700,
300833b2ddd9014000030009,1,1,2512,-55,1654695590536637,1654695590536637,
300833b2ddd9014000030008,1,1,2052,-57,1654695590538653,1654695590538653,
300833b2ddd9014000030002,1,1,2804,-63,1654695590539750,1654695590539750,
300833b2ddd9014000030008,1,1,2064,-57,1654695590543596,1654695590543596,
300833b2ddd9014000030009,1,1,2460,-55,1654695590545263,1654695590545263,
300833b2ddd9014000030002,1,1,2800,-64,1654695590546375,1654695590546375,
300833b2ddd9014000030002,1,1,2844,-64,1654695590576831,1654695590576831,
300833b2ddd9014000030009,1,1,2464,-55,1654695590580309,1654695590580309,
300833b2ddd9014000030008,1,1,2080,-57,1654695590581508,1654695590581508,
300833b2ddd9014000030002,1,1,2832,-64,1654695590584481,1654695590584481,
300833b2ddd9014000030009,1,1,2504,-55,1654695590586461,1654695590586461,
300833b2ddd9014000030008,1,1,2060,-57,1654695590587730,1654695590587730,
300833b2ddd9014000030008,1,1,2060,-57,1654695590618490,1654695590618490,
300833b2ddd9014000030009,1,1,2500,-55,1654695590619604,1654695590619604,
300833b2ddd9014000030002,1,1,2860,-63,1654695590621156,1654695590621156,
300833b2ddd9014000030009,1,1,2500,-55,1654695590626681,1654695590626681,
300833b2ddd9014000030008,1,1,2064,-57,1654695590627822,1654695590627822,
300833b2ddd9014000030002,1,1,2948,-64,1654695590629135,1654695590629135,
300833b2ddd9014000030009,1,1,2532,-54,1654695590660146,1654695590660146,
300833b2ddd9014000030002,1,1,2880,-63,1654695590661402,1654695590661402,
300833b2ddd9014000030008,1,1,2104,-57,1654695590662698,1654695590662698,
300833b2ddd9014000030002,1,1,2832,-63,1654695590666260,1654695590666260,
300833b2ddd9014000030009,1,1,2496,-55,1654695590668214,1654695590668214,
300833b2ddd9014000030008,1,1,2036,-57,1654695590669483,1654695590669483,
300833b2ddd9014000030008,1,1,2072,-57,1654695590700019,1654695590700019,
300833b2ddd9014000030002,1,1,2852,-64,1654695590701315,1654695590701315,
300833b2ddd9014000030009,1,1,2504,-55,1654695590703322,1654695590703322,
300833b2ddd9014000030009,1,1,2496,-55,1654695590707481,1654695590707481,
300833b2ddd9014000030002,1,1,2856,-63,1654695590709628,1654695590709628,
300833b2ddd9014000030008,1,1,2088,-57,1654695590710968,1654695590710968,
300833b2ddd9014000030009,1,1,2512,-55,1654695590741134,1654695590741134,
300833b2ddd9014000030002,1,1,2816,-64,1654695590742445,1654695590742445,
300833b2ddd9014000030008,1,1,2096,-58,1654695590744283,1654695590744283,
300833b2ddd9014000030009,1,1,2536,-55,1654695590748914,1654695590748914,
300833b2ddd9014000030002,1,1,2864,-63,1654695590750833,1654695590750833,
300833b2ddd9014000030008,1,1,2128,-57,1654695590751878,1654695590751878,
300833b2ddd9014000030002,1,1,2828,-63,1654695590789316,1654695590789316,
300833b2ddd9014000030008,1,1,2064,-57,1654695590790656,1654695590790656,
300833b2ddd9014000030009,1,1,2504,-55,1654695590791712,1654695590791712,
300833b2ddd9014000030002,1,1,2836,-63,1654695590797351,1654695590797351,
300833b2ddd9014000030008,1,1,2096,-58,1654695590799286,1654695590799286,
300833b2ddd9014000030009,1,1,2508,-55,1654695590800359,1654695590800359,
300833b2ddd9014000030008,1,1,2112,-57,1654695590831565,1654695590831565,
300833b2ddd9014000030009,1,1,2472,-55,1654695590833909,1654695590833909,
300833b2ddd9014000030002,1,1,2924,-63,1654695590835137,1654695590835137,
300833b2ddd9014000030009,1,1,2532,-55,1654695590837852,1654695590837852,
300833b2ddd9014000030008,1,1,2092,-58,1654695590840031,1654695590840031,
300833b2ddd9014000030002,1,1,2860,-63,1654695590841314,1654695590841314,
300833b2ddd9014000030002,1,1,2832,-63,1654695590872853,1654695590872853,
300833b2ddd9014000030009,1,1,2540,-55,1654695590874830,1654695590874830,
300833b2ddd9014000030008,1,1,2076,-57,1654695590876056,1654695590876056,
300833b2ddd9014000030002,1,1,2760,-63,1654695590878753,1654695590878753,
300833b2ddd9014000030009,1,1,2540,-55,1654695590879823,1654695590879823,
300833b2ddd9014000030008,1,1,2056,-57,1654695590881588,1654695590881588,
300833b2ddd9014000030008,1,1,2036,-57,1654695590913313,1654695590913313,
300833b2ddd9014000030009,1,1,2472,-55,1654695590914371,1654695590914371,
300833b2ddd9014000030002,1,1,2884,-63,1654695590916702,1654695590916702,
300833b2ddd9014000030002,1,1,2828,-63,1654695590921419,1654695590921419,
300833b2ddd9014000030008,1,1,2052,-57,1654695590922831,1654695590922831,
300833b2ddd9014000030009,1,1,2528,-55,1654695590923874,1654695590923874,
300833b2ddd9014000030002,1,1,2848,-64,1654695590954673,1654695590954673,
300833b2ddd9014000030008,1,1,2056,-57,1654695590958038,1654695590958038,
300833b2ddd9014000030009,1,1,2500,-55,1654695590960360,1654695590960360,
300833b2ddd9014000030009,1,1,2524,-55,1654695590964041,1654695590964041,
300833b2ddd9014000030008,1,1,2068,-57,1654695590965765,1654695590965765,
300833b2ddd9014000030002,1,1,2816,-64,1654695590966850,1654695590966850,
300833b2ddd9014000030009,1,1,2524,-55,1654695590997312,1654695590997312,
300833b2ddd9014000030002,1,1,2924,-63,1654695590999277,1654695590999277,
300833b2ddd9014000030008,1,1,2044,-57,1654695591000363,1654695591000363,
300833b2ddd9014000030009,1,1,2508,-55,1654695591003931,1654695591003931,
300833b2ddd9014000030008,1,1,2048,-57,1654695591005903,1654695591005903,
300833b2ddd9014000030002,1,1,2840,-63,1654695591007215,1654695591007215,
300833b2ddd9014000030008,1,1,2048,-57,1654695591038407,1654695591038407,
300833b2ddd9014000030009,1,1,2552,-55,1654695591039835,1654695591039835,
300833b2ddd9014000030002,1,1,2780,-63,1654695591040963,1654695591040963,
300833b2ddd9014000030008,1,1,2056,-57,1654695591044731,1654695591044731,
300833b2ddd9014000030009,1,1,2520,-55,1654695591046087,1654695591046087,
300833b2ddd9014000030002,1,1,2840,-63,1654695591048534,1654695591048534,
300833b2ddd9014000030009,1,1,2568,-55,1654695591079226,1654695591079226,
300833b2ddd9014000030008,1,1,2060,-57,1654695591080323,1654695591080323,
300833b2ddd9014000030002,1,1,2896,-63,1654695591082970,1654695591082970,
300833b2ddd9014000030002,1,1,2812,-63,1654695591087765,1654695591087765,
300833b2ddd9014000030009,1,1,2560,-55,1654695591090508,1654695591090508,
300833b2ddd9014000030008,1,1,2044,-57,1654695591091705,1654695591091705,
300833b2ddd9014000030002,1,1,2956,-63,1654695591121419,1654695591121419,
300833b2ddd9014000030008,1,1,2068,-58,1654695591122516,1654695591122516,
300833b2ddd9014000030009,1,1,2532,-55,1654695591123617,1654695591123617,
300833b2ddd9014000030008,1,1,2056,-57,1654695591130403,1654695591130403,
300833b2ddd9014000030009,1,1,2500,-55,1654695591131431,1654695591131431,
300833b2ddd9014000030002,1,1,2824,-63,1654695591132533,1654695591132533,
300833b2ddd9014000030002,1,1,2852,-63,1654695591163266,1654695591163266,
300833b2ddd9014000030008,1,1,2040,-57,1654695591164734,1654695591164734,
300833b2ddd9014000030009,1,1,2500,-55,1654695591165818,1654695591165818,
300833b2ddd9014000030002,1,1,2864,-63,1654695591169619,1654695591169619,
300833b2ddd9014000030009,1,1,2544,-55,1654695591171159,1654695591171159,
300833b2ddd9014000030008,1,1,2064,-57,1654695591172934,1654695591172934,
300833b2ddd9014000030002,1,1,2888,-64,1654695591204174,1654695591204174,
300833b2ddd9014000030009,1,1,2528,-55,1654695591206387,1654695591206387,
300833b2ddd9014000030008,1,1,2044,-57,1654695591207728,1654695591207728,
300833b2ddd9014000030008,1,1,2064,-57,1654695591211540,1654695591211540,
300833b2ddd9014000030009,1,1,2528,-55,1654695591212626,1654695591212626,
300833b2ddd9014000030002,1,1,2888,-63,1654695591215701,1654695591215701,
300833b2ddd9014000030009,1,1,2544,-55,1654695591246441,1654695591246441,
300833b2ddd9014000030008,1,1,2080,-57,1654695591247640,1654695591247640,
300833b2ddd9014000030002,1,1,2872,-64,1654695591248937,1654695591248937,
300833b2ddd9014000030002,1,1,2844,-63,1654695591252515,1654695591252515,
300833b2ddd9014000030008,1,1,2108,-57,1654695591253855,1654695591253855,
300833b2ddd9014000030009,1,1,2492,-55,1654695591255198,1654695591255198,
300833b2ddd9014000030002,1,1,2876,-63,1654695591293110,1654695591293110,
300833b2ddd9014000030008,1,1,2060,-57,1654695591294179,1654695591294179,
300833b2ddd9014000030009,1,1,2512,-55,1654695591295703,1654695591295703,
300833b2ddd9014000030002,1,1,2908,-64,1654695591301805,1654695591301805,
300833b2ddd9014000030008,1,1,2080,-57,1654695591303088,1654695591303088,
300833b2ddd9014000030009,1,1,2468,-55,1654695591304189,1654695591304189,
300833b2ddd9014000030008,1,1,2060,-57,1654695591335071,1654695591335071,
300833b2ddd9014000030009,1,1,2528,-55,1654695591336994,1654695591336994,
300833b2ddd9014000030002,1,1,2952,-63,1654695591338479,1654695591338479,
300833b2ddd9014000030008,1,1,2060,-57,1654695591343104,1654695591343104,
300833b2ddd9014000030009,1,1,2520,-55,1654695591344192,1654695591344192,
300833b2ddd9014000030002,1,1,2900,-63,1654695591345449,1654695591345449,
300833b2ddd9014000030009,1,1,2536,-55,1654695591376207,1654695591376207,
300833b2ddd9014000030008,1,1,2064,-57,1654695591377422,1654695591377422,
300833b2ddd9014000030002,1,1,2884,-63,1654695591378535,1654695591378535,
300833b2ddd9014000030008,1,1,2104,-57,1654695591382485,1654695591382485,
300833b2ddd9014000030009,1,1,2552,-55,1654695591383613,1654695591383613,
300833b2ddd9014000030002,1,1,2828,-63,1654695591384974,1654695591384974,
300833b2ddd9014000030009,1,1,2544,-55,1654695591417409,1654695591417409,
300833b2ddd9014000030008,1,1,2008,-57,1654695591419367,1654695591419367,
300833b2ddd9014000030002,1,1,2920,-63,1654695591421361,1654695591421361,
300833b2ddd9014000030009,1,1,2544,-55,1654695591424828,1654695591424828,
300833b2ddd9014000030008,1,1,2072,-57,1654695591426310,1654695591426310,
300833b2ddd9014000030002,1,1,2820,-63,1654695591427424,1654695591427424,
300833b2ddd9014000030009,1,1,2552,-55,1654695591457948,1654695591457948,
300833b2ddd9014000030008,1,1,2048,-58,1654695591460140,1654695591460140,
300833b2ddd9014000030002,1,1,2940,-63,1654695591461211,1654695591461211,
300833b2ddd9014000030002,1,1,2944,-63,1654695591464782,1654695591464782,
300833b2ddd9014000030009,1,1,2540,-55,1654695591465865,1654695591465865,
300833b2ddd9014000030008,1,1,2016,-57,1654695591466995,1654695591466995,
300833b2ddd9014000030009,1,1,2496,-55,1654695591499669,1654695591499669,
300833b2ddd9014000030002,1,1,2944,-63,1654695591500709,1654695591500709,
300833b2ddd9014000030008,1,1,2056,-57,1654695591503730,1654695591503730,
300833b2ddd9014000030009,1,1,2536,-55,1654695591507829,1654695591507829,
300833b2ddd9014000030008,1,1,2048,-57,1654695591509632,1654695591509632,
300833b2ddd9014000030002,1,1,2936,-63,1654695591510719,1654695591510719,
300833b2ddd9014000030009,1,1,2540,-55,1654695591541574,1654695591541574,
300833b2ddd9014000030008,1,1,2048,-57,1654695591543266,1654695591543266,
300833b2ddd9014000030002,1,1,2848,-62,1654695591545446,1654695591545446,
300833b2ddd9014000030002,1,1,2808,-63,1654695591548950,1654695591548950,
300833b2ddd9014000030009,1,1,2520,-55,1654695591550630,1654695591550630,
300833b2ddd9014000030008,1,1,2028,-57,1654695591552355,1654695591552355,