epc,atenda,atendanum,phase,RSS,timestamp,timestamp2,
300833b2ddd9014000030008,1,1,3044,-46,1654780869876539,1654780869876539,
300833b2ddd9014000030009,1,1,2436,-44,1654780869878008,1654780869878008,
300833b2ddd9014000030002,1,1,56,-49,1654780869880185,1654780869880185,
300833b2ddd9014000030002,1,1,72,-50,1654780869883146,1654780869883146,
300833b2ddd9014000030008,1,1,3048,-46,1654780869885151,1654780869885151,
300833b2ddd9014000030009,1,1,2484,-44,1654780869886490,1654780869886490,
300833b2ddd9014000030001,1,1,1128,-48,1654780869887720,1654780869887720,
300833b2ddd9014000030001,1,1,1120,-48,1654780869917705,1654780869917705,
300833b2ddd9014000030008,1,1,3060,-46,1654780869919896,1654780869919896,
300833b2ddd9014000030009,1,1,2460,-44,1654780869920980,1654780869920980,
300833b2ddd9014000030002,1,1,72,-49,1654780869922037,1654780869922037,
300833b2ddd9014000030001,1,1,1120,-49,1654780869925663,1654780869925663,
300833b2ddd9014000030002,1,1,68,-49,1654780869927328,1654780869927328,
300833b2ddd9014000030008,1,1,3040,-46,1654780869928384,1654780869928384,
300833b2ddd9014000030009,1,1,2444,-44,1654780869929470,1654780869929470,
300833b2ddd9014000030002,1,1,64,-50,1654780870186715,1654780870186715,
300833b2ddd9014000030001,1,1,1116,-48,1654780870187946,1654780870187946,
300833b2ddd9014000030008,1,1,3024,-46,1654780870189002,1654780870189002,
300833b2ddd9014000030009,1,1,2460,-44,1654780870190311,1654780870190311,
300833b2ddd9014000030002,1,1,84,-49,1654780870193829,1654780870193829,
300833b2ddd9014000030008,1,1,3052,-46,1654780870195180,1654780870195180,
300833b2ddd9014000030001,1,1,1108,-48,1654780870196285,1654780870196285,
300833b2ddd9014000030009,1,1,2436,-44,1654780870197867,1654780870197867,
300833b2ddd9014000030009,1,1,2436,-44,1654780870229800,1654780870229800,
300833b2ddd9014000030008,1,1,3056,-46,1654780870231255,1654780870231255,
300833b2ddd9014000030001,1,1,1096,-48,1654780870232612,1654780870232612,
300833b2ddd9014000030002,1,1,60,-50,1654780870234067,1654780870234067,
300833b2ddd9014000030008,1,1,3040,-46,1654780870237090,1654780870237090,
300833b2ddd9014000030001,1,1,1124,-48,1654780870238475,1654780870238475,
300833b2ddd9014000030002,1,1,60,-50,1654780870239999,1654780870239999,
300833b2ddd9014000030009,1,1,2424,-44,1654780870241099,1654780870241099,
300833b2ddd9014000030001,1,1,1096,-48,1654780870272610,1654780870272610,
300833b2ddd9014000030009,1,1,2424,-44,1654780870273993,1654780870273993,
300833b2ddd9014000030008,1,1,3056,-46,1654780870275540,1654780870275540,
300833b2ddd9014000030002,1,1,68,-49,1654780870276881,1654780870276881,
300833b2ddd9014000030009,1,1,2448,-44,1654780870281628,1654780870281628,
300833b2ddd9014000030002,1,1,60,-49,1654780870283987,1654780870283987,
300833b2ddd9014000030008,1,1,3044,-46,1654780870285056,1654780870285056,
300833b2ddd9014000030001,1,1,1116,-48,1654780870286284,1654780870286284,
300833b2ddd9014000030008,1,1,3056,-46,1654780870317235,1654780870317235,
300833b2ddd9014000030001,1,1,1112,-48,1654780870318337,1654780870318337,
300833b2ddd9014000030009,1,1,2424,-44,1654780870319649,1654780870319649,
300833b2ddd9014000030002,1,1,60,-49,1654780870321101,1654780870321101,
300833b2ddd9014000030008,1,1,3052,-46,1654780870324315,1654780870324315,
300833b2ddd9014000030002,1,1,64,-49,1654780870325784,1654780870325784,
300833b2ddd9014000030009,1,1,2444,-44,1654780870327759,1654780870327759,
300833b2ddd9014000030001,1,1,1108,-48,1654780870329553,1654780870329553,
300833b2ddd9014000030009,1,1,2444,-44,1654780870360645,1654780870360645,
300833b2ddd9014000030002,1,1,64,-49,1654780870361728,1654780870361728,
300833b2ddd9014000030008,1,1,3028,-46,1654780870363309,1654780870363309,
300833b2ddd9014000030001,1,1,1104,-48,1654780870365249,1654780870365249,
300833b2ddd9014000030009,1,1,2432,-44,1654780870369826,1654780870369826,
300833b2ddd9014000030002,1,1,80,-49,1654780870372194,1654780870372194,
300833b2ddd9014000030001,1,1,1120,-48,1654780870373651,1654780870373651,
300833b2ddd9014000030008,1,1,3084,-46,1654780870374948,1654780870374948,
300833b2ddd9014000030009,1,1,2420,-44,1654780870405967,1654780870405967,
300833b2ddd9014000030008,1,1,3068,-46,1654780870407705,1654780870407705,
300833b2ddd9014000030001,1,1,1136,-48,1654780870409021,1654780870409021,
300833b2ddd9014000030002,1,1,52,-49,1654780870410177,1654780870410177,
300833b2ddd9014000030008,1,1,3048,-46,1654780870413400,1654780870413400,
300833b2ddd9014000030002,1,1,60,-49,1654780870415095,1654780870415095,
300833b2ddd9014000030009,1,1,2436,-44,1654780870416151,1654780870416151,
300833b2ddd9014000030001,1,1,1172,-48,1654780870417269,1654780870417269,
300833b2ddd9014000030009,1,1,2440,-44,1654780870447889,1654780870447889,
300833b2ddd9014000030002,1,1,56,-49,1654780870448972,1654780870448972,
300833b2ddd9014000030001,1,1,1116,-48,1654780870450044,1654780870450044,
300833b2ddd9014000030008,1,1,3060,-46,1654780870451382,1654780870451382,
300833b2ddd9014000030009,1,1,2428,-44,1654780870456359,1654780870456359,
300833b2ddd9014000030008,1,1,3068,-46,1654780870457400,1654780870457400,
300833b2ddd9014000030001,1,1,1112,-48,1654780870459735,1654780870459735,
300833b2ddd9014000030002,1,1,72,-49,1654780870461414,1654780870461414,
300833b2ddd9014000030001,1,1,1120,-48,1654780870493626,1654780870493626,
300833b2ddd9014000030009,1,1,2420,-45,1654780870495606,1654780870495606,
300833b2ddd9014000030002,1,1,48,-49,1654780870496675,1654780870496675,
300833b2ddd9014000030008,1,1,3036,-46,1654780870497985,1654780870497985,
300833b2ddd9014000030002,1,1,64,-49,1654780870501866,1654780870501866,
300833b2ddd9014000030008,1,1,3048,-46,1654780870503262,1654780870503262,
300833b2ddd9014000030009,1,1,2432,-44,1654780870504347,1654780870504347,
300833b2ddd9014000030001,1,1,1120,-48,1654780870505406,1654780870505406,
300833b2ddd9014000030009,1,1,2432,-45,1654780870544594,1654780870544594,
300833b2ddd9014000030001,1,1,1128,-48,1654780870545706,1654780870545706,
300833b2ddd9014000030008,1,1,3060,-46,1654780870547034,1654780870547034,
300833b2ddd9014000030002,1,1,60,-49,1654780870548117,1654780870548117,
300833b2ddd9014000030009,1,1,2432,-44,1654780870554457,1654780870554457,
300833b2ddd9014000030001,1,1,1100,-48,1654780870557046,1654780870557046,
300833b2ddd9014000030008,1,1,3048,-46,1654780870558073,1654780870558073,
300833b2ddd9014000030002,1,1,56,-49,1654780870559299,1654780870559299,
300833b2ddd9014000030001,1,1,1104,-48,1654780870590969,1654780870590969,
300833b2ddd9014000030002,1,1,60,-49,1654780870592210,1654780870592210,
300833b2ddd9014000030008,1,1,3052,-46,1654780870593535,1654780870593535,
300833b2ddd9014000030009,1,1,2428,-45,1654780870594650,1654780870594650,
300833b2ddd9014000030009,1,1,2420,-44,1654780870597995,1654780870597995,
300833b2ddd9014000030008,1,1,3088,-46,1654780870599092,1654780870599092,
300833b2ddd9014000030002,1,1,64,-49,1654780870600190,1654780870600190,
300833b2ddd9014000030001,1,1,1112,-48,1654780870601972,1654780870601972,
300833b2ddd9014000030009,1,1,2428,-44,1654780870635044,1654780870635044,
300833b2ddd9014000030008,1,1,3060,-46,1654780870636539,1654780870636539,
300833b2ddd9014000030001,1,1,1100,-48,1654780870638362,1654780870638362,
300833b2ddd9014000030002,1,1,60,-49,1654780870639788,1654780870639788,
300833b2ddd9014000030009,1,1,2420,-44,1654780870642851,1654780870642851,
300833b2ddd9014000030001,1,1,1092,-48,1654780870644846,1654780870644846,
300833b2ddd9014000030008,1,1,3056,-46,1654780870646170,1654780870646170,
300833b2ddd9014000030002,1,1,60,-49,1654780870648153,1654780870648153,
300833b2ddd9014000030009,1,1,2420,-45,1654780870681388,1654780870681388,
300833b2ddd9014000030002,1,1,60,-49,1654780870682486,1654780870682486,
300833b2ddd9014000030001,1,1,1112,-48,1654780870685374,1654780870685374,
300833b2ddd9014000030008,1,1,3064,-46,1654780870686474,1654780870686474,
300833b2ddd9014000030001,1,1,1104,-48,1654780870690060,1654780870690060,
300833b2ddd9014000030008,1,1,3068,-46,1654780870692046,1654780870692046,
300833b2ddd9014000030009,1,1,2436,-44,1654780870693372,1654780870693372,
300833b2ddd9014000030002,1,1,52,-49,1654780870694810,1654780870694810,
300833b2ddd9014000030009,1,1,2412,-45,1654780870726944,1654780870726944,
300833b2ddd9014000030008,1,1,3068,-46,1654780870728054,1654780870728054,
300833b2ddd9014000030001,1,1,1088,-48,1654780870729113,1654780870729113,
300833b2ddd9014000030002,1,1,64,-49,1654780870730196,1654780870730196,
300833b2ddd9014000030002,1,1,68,-49,1654780870735143,1654780870735143,
300833b2ddd9014000030008,1,1,3016,-46,1654780870736797,1654780870736797,
300833b2ddd9014000030001,1,1,1096,-48,1654780870738551,1654780870738551,
300833b2ddd9014000030009,1,1,2428,-44,1654780870740731,1654780870740731,
300833b2ddd9014000030001,1,1,1080,-48,1654780870771636,1654780870771636,
300833b2ddd9014000030008,1,1,3040,-46,1654780870772947,1654780870772947,
300833b2ddd9014000030002,1,1,56,-49,1654780870774030,1654780870774030,
300833b2ddd9014000030009,1,1,2416,-44,1654780870775399,1654780870775399,
300833b2ddd9014000030009,1,1,2444,-45,1654780870781133,1654780870781133,
300833b2ddd9014000030002,1,1,52,-49,1654780870782234,1654780870782234,
300833b2ddd9014000030008,1,1,3052,-46,1654780870783827,1654780870783827,
300833b2ddd9014000030001,1,1,1112,-48,1654780870785553,1654780870785553,
300833b2ddd9014000030008,1,1,3044,-46,1654780870818670,1654780870818670,
300833b2ddd9014000030001,1,1,1092,-48,1654780870820269,1654780870820269,
300833b2ddd9014000030002,1,1,60,-49,1654780870821690,1654780870821690,
300833b2ddd9014000030008,1,1,3048,-46,1654780870826253,1654780870826253,
300833b2ddd9014000030009,1,1,2420,-45,1654780870827972,1654780870827972,
300833b2ddd9014000030001,1,1,1072,-48,1654780870829686,1654780870829686,
300833b2ddd9014000030002,1,1,64,-49,1654780870830756,1654780870830756,
300833b2ddd9014000030009,1,1,2440,-44,1654780870860790,1654780870860790,
300833b2ddd9014000030008,1,1,3032,-46,1654780870862696,1654780870862696,
300833b2ddd9014000030001,1,1,1104,-48,1654780870863797,1654780870863797,
300833b2ddd9014000030002,1,1,60,-49,1654780870865247,1654780870865247,
300833b2ddd9014000030008,1,1,3024,-46,1654780870869309,1654780870869309,
300833b2ddd9014000030001,1,1,1092,-48,1654780870870397,1654780870870397,
300833b2ddd9014000030009,1,1,2412,-44,1654780870871751,1654780870871751,
300833b2ddd9014000030002,1,1,56,-49,1654780870873217,1654780870873217,
300833b2ddd9014000030009,1,1,2404,-44,1654780870903637,1654780870903637,
300833b2ddd9014000030001,1,1,1100,-48,1654780870905588,1654780870905588,
300833b2ddd9014000030002,1,1,68,-50,1654780870907112,1654780870907112,
300833b2ddd9014000030008,1,1,3040,-46,1654780870910399,1654780870910399,
300833b2ddd9014000030009,1,1,2420,-45,1654780870912390,1654780870912390,
300833b2ddd9014000030001,1,1,1092,-48,1654780870913492,1654780870913492,
300833b2ddd9014000030002,1,1,72,-49,1654780870914830,1654780870914830,
300833b2ddd9014000030001,1,1,1096,-48,1654780870973999,1654780870973999,
300833b2ddd9014000030002,1,1,72,-49,1654780870975296,1654780870975296,
300833b2ddd9014000030008,1,1,3032,-46,1654780870978643,1654780870978643,
300833b2ddd9014000030002,1,1,60,-49,1654780870980564,1654780870980564,
300833b2ddd9014000030001,1,1,1100,-48,1654780870981876,1654780870981876,
300833b2ddd9014000030009,1,1,2432,-44,1654780870982907,1654780870982907,
300833b2ddd9014000030002,1,1,72,-49,1654780871013548,1654780871013548,
300833b2ddd9014000030008,1,1,3044,-46,1654780871014572,1654780871014572,
300833b2ddd9014000030001,1,1,1076,-48,1654780871015888,1654780871015888,
300833b2ddd9014000030009,1,1,2416,-45,1654780871017198,1654780871017198,
300833b2ddd9014000030002,1,1,40,-49,1654780871022778,1654780871022778,
300833b2ddd9014000030001,1,1,1080,-48,1654780871024050,1654780871024050,
300833b2ddd9014000030009,1,1,2428,-45,1654780871025148,1654780871025148,
300833b2ddd9014000030008,1,1,3032,-46,1654780871026270,1654780871026270,
300833b2ddd9014000030008,1,1,3048,-46,1654780871059392,1654780871059392,
300833b2ddd9014000030009,1,1,2416,-44,1654780871060520,1654780871060520,
300833b2ddd9014000030001,1,1,1100,-48,1654780871062074,1654780871062074,
300833b2ddd9014000030002,1,1,60,-49,1654780871064379,1654780871064379,
300833b2ddd9014000030002,1,1,60,-49,1654780871067433,1654780871067433,
300833b2ddd9014000030008,1,1,3056,-46,1654780871069326,1654780871069326,
300833b2ddd9014000030009,1,1,2432,-45,1654780871070394,1654780871070394,
300833b2ddd9014000030001,1,1,1092,-48,1654780871072307,1654780871072307,
300833b2ddd9014000030002,1,1,60,-49,1654780871102821,1654780871102821,
300833b2ddd9014000030009,1,1,2404,-45,1654780871104534,1654780871104534,
300833b2ddd9014000030001,1,1,1088,-48,1654780871105904,1654780871105904,
300833b2ddd9014000030008,1,1,3036,-46,1654780871107640,1654780871107640,
300833b2ddd9014000030008,1,1,3044,-46,1654780871110494,1654780871110494,
300833b2ddd9014000030009,1,1,2416,-44,1654780871112902,1654780871112902,
300833b2ddd9014000030002,1,1,72,-49,1654780871114434,1654780871114434,
300833b2ddd9014000030001,1,1,1076,-48,1654780871115508,1654780871115508,
300833b2ddd9014000030009,1,1,2416,-45,1654780871146637,1654780871146637,
300833b2ddd9014000030001,1,1,1092,-48,1654780871148405,1654780871148405,
300833b2ddd9014000030002,1,1,60,-50,1654780871152065,1654780871152065,
300833b2ddd9014000030008,1,1,3040,-46,1654780871153389,1654780871153389,
300833b2ddd9014000030009,1,1,2440,-44,1654780871154925,1654780871154925,
300833b2ddd9014000030001,1,1,1096,-48,1654780871156896,1654780871156896,
300833b2ddd9014000030008,1,1,3048,-46,1654780871189271,1654780871189271,
300833b2ddd9014000030009,1,1,2420,-44,1654780871190725,1654780871190725,
300833b2ddd9014000030002,1,1,68,-49,1654780871191808,1654780871191808,
300833b2ddd9014000030001,1,1,1068,-48,1654780871192838,1654780871192838,
300833b2ddd9014000030009,1,1,2420,-44,1654780871196541,1654780871196541,
300833b2ddd9014000030008,1,1,3024,-46,1654780871198768,1654780871198768,
300833b2ddd9014000030001,1,1,1060,-48,1654780871200875,1654780871200875,
300833b2ddd9014000030002,1,1,60,-49,1654780871202086,1654780871202086,
300833b2ddd9014000030009,1,1,2388,-44,1654780871232297,1654780871232297,
300833b2ddd9014000030001,1,1,1064,-48,1654780871233412,1654780871233412,
300833b2ddd9014000030002,1,1,60,-49,1654780871234508,1654780871234508,
300833b2ddd9014000030008,1,1,3040,-46,1654780871235576,1654780871235576,
300833b2ddd9014000030002,1,1,52,-49,1654780871240597,1654780871240597,
300833b2ddd9014000030001,1,1,1072,-48,1654780871241937,1654780871241937,
300833b2ddd9014000030008,1,1,3052,-46,1654780871243061,1654780871243061,
300833b2ddd9014000030009,1,1,2400,-45,1654780871244616,1654780871244616,
300833b2ddd9014000030009,1,1,2396,-44,1654780871276387,1654780871276387,
300833b2ddd9014000030002,1,1,68,-50,1654780871277840,1654780871277840,
300833b2ddd9014000030008,1,1,3052,-46,1654780871279812,1654780871279812,
300833b2ddd9014000030001,1,1,1048,-48,1654780871280900,1654780871280900,
300833b2ddd9014000030001,1,1,1072,-48,1654780871283604,1654780871283604,
300833b2ddd9014000030002,1,1,96,-49,1654780871284731,1654780871284731,
300833b2ddd9014000030008,1,1,3044,-46,1654780871285828,1654780871285828,
300833b2ddd9014000030009,1,1,2396,-45,1654780871287904,1654780871287904,
300833b2ddd9014000030001,1,1,1072,-48,1654780871320647,1654780871320647,
300833b2ddd9014000030002,1,1,96,-50,1654780871321730,1654780871321730,
300833b2ddd9014000030008,1,1,3048,-46,1654780871323265,1654780871323265,
300833b2ddd9014000030009,1,1,2404,-45,1654780871324351,1654780871324351,
300833b2ddd9014000030002,1,1,72,-49,1654780871327349,1654780871327349,
300833b2ddd9014000030001,1,1,1068,-48,1654780871328438,1654780871328438,
300833b2ddd9014000030009,1,1,2404,-44,1654780871330258,1654780871330258,
300833b2ddd9014000030008,1,1,3048,-46,1654780871331356,1654780871331356,
300833b2ddd9014000030008,1,1,3040,-46,1654780871362543,1654780871362543,
300833b2ddd9014000030002,1,1,56,-49,1654780871363602,1654780871363602,
300833b2ddd9014000030009,1,1,2400,-44,1654780871364713,1654780871364713,
300833b2ddd9014000030001,1,1,1032,-48,1654780871367362,1654780871367362,
300833b2ddd9014000030008,1,1,3044,-46,1654780871371490,1654780871371490,
300833b2ddd9014000030002,1,1,76,-49,1654780871372560,1654780871372560,
300833b2ddd9014000030009,1,1,2416,-44,1654780871373643,1654780871373643,
300833b2ddd9014000030001,1,1,1072,-48,1654780871375016,1654780871375016,
300833b2ddd9014000030001,1,1,1064,-48,1654780871407459,1654780871407459,
300833b2ddd9014000030009,1,1,2400,-45,1654780871408913,1654780871408913,
300833b2ddd9014000030008,1,1,3060,-46,1654780871410252,1654780871410252,
300833b2ddd9014000030002,1,1,68,-49,1654780871411405,1654780871411405,
300833b2ddd9014000030001,1,1,1072,-48,1654780871414366,1654780871414366,
300833b2ddd9014000030008,1,1,3056,-46,1654780871415479,1654780871415479,
300833b2ddd9014000030002,1,1,64,-49,1654780871417016,1654780871417016,
300833b2ddd9014000030009,1,1,2392,-45,1654780871418610,1654780871418610,
300833b2ddd9014000030008,1,1,3044,-46,1654780871449871,1654780871449871,
300833b2ddd9014000030002,1,1,56,-49,1654780871451522,1654780871451522,
300833b2ddd9014000030009,1,1,2412,-45,1654780871453403,1654780871453403,
300833b2ddd9014000030001,1,1,1084,-48,1654780871454617,1654780871454617,
300833b2ddd9014000030002,1,1,56,-49,1654780871458744,1654780871458744,
300833b2ddd9014000030008,1,1,3048,-46,1654780871459886,1654780871459886,
300833b2ddd9014000030009,1,1,2420,-44,1654780871461000,1654780871461000,
300833b2ddd9014000030001,1,1,1088,-48,1654780871463436,1654780871463436,
300833b2ddd9014000030008,1,1,3060,-46,1654780871496094,1654780871496094,
300833b2ddd9014000030001,1,1,1088,-48,1654780871497423,1654780871497423,
300833b2ddd9014000030002,1,1,56,-49,1654780871498690,1654780871498690,
300833b2ddd9014000030009,1,1,2436,-45,1654780871500272,1654780871500272,
300833b2ddd9014000030001,1,1,1072,-48,1654780871507885,1654780871507885,
300833b2ddd9014000030009,1,1,2424,-45,1654780871508985,1654780871508985,
300833b2ddd9014000030008,1,1,3064,-46,1654780871510083,1654780871510083,
300833b2ddd9014000030002,1,1,76,-49,1654780871511677,1654780871511677,
300833b2ddd9014000030008,1,1,3084,-46,1654780871544733,1654780871544733,
300833b2ddd9014000030009,1,1,2448,-45,1654780871546256,1654780871546256,
300833b2ddd9014000030001,1,1,1100,-48,1654780871547824,1654780871547824,
300833b2ddd9014000030002,1,1,88,-49,1654780871549745,1654780871549745,
300833b2ddd9014000030002,1,1,72,-49,1654780871553368,1654780871553368,
300833b2ddd9014000030001,1,1,1104,-48,1654780871554470,1654780871554470,
300833b2ddd9014000030009,1,1,2432,-45,1654780871557364,1654780871557364,
300833b2ddd9014000030008,1,1,3056,-46,1654780871558404,1654780871558404,
300833b2ddd9014000030001,1,1,1092,-48,1654780871588934,1654780871588934,
300833b2ddd9014000030009,1,1,2440,-44,1654780871590277,1654780871590277,
300833b2ddd9014000030002,1,1,80,-49,1654780871591629,1654780871591629,
300833b2ddd9014000030008,1,1,3076,-46,1654780871593207,1654780871593207,
300833b2ddd9014000030009,1,1,2452,-45,1654780871617966,1654780871617966,
300833b2ddd9014000030002,1,1,88,-49,1654780871619275,1654780871619275,
300833b2ddd9014000030008,1,1,3072,-46,1654780871621095,1654780871621095,
300833b2ddd9014000030001,1,1,1092,-48,1654780871622155,1654780871622155,
300833b2ddd9014000030001,1,1,1120,-49,1654780871653922,1654780871653922,
300833b2ddd9014000030009,1,1,2432,-45,1654780871655394,1654780871655394,
300833b2ddd9014000030008,1,1,3084,-46,1654780871656705,1654780871656705,
300833b2ddd9014000030002,1,1,96,-49,1654780871658353,1654780871658353,
300833b2ddd9014000030002,1,1,88,-49,1654780871661222,1654780871661222,
300833b2ddd9014000030001,1,1,1108,-49,1654780871663711,1654780871663711,
300833b2ddd9014000030009,1,1,2436,-44,1654780871665262,1654780871665262,
300833b2ddd9014000030008,1,1,3068,-46,1654780871666357,1654780871666357,
300833b2ddd9014000030001,1,1,1136,-48,1654780871696057,1654780871696057,
300833b2ddd9014000030009,1,1,2428,-45,1654780871697397,1654780871697397,
300833b2ddd9014000030008,1,1,3060,-46,1654780871698975,1654780871698975,
300833b2ddd9014000030002,1,1,88,-50,1654780871700926,1654780871700926,
300833b2ddd9014000030002,1,1,88,-50,1654780871705071,1654780871705071,
300833b2ddd9014000030001,1,1,1140,-49,1654780871706171,1654780871706171,
300833b2ddd9014000030009,1,1,2444,-44,1654780871708828,1654780871708828,
300833b2ddd9014000030008,1,1,3060,-46,1654780871710180,1654780871710180,
300833b2ddd9014000030009,1,1,2440,-45,1654780871740776,1654780871740776,
300833b2ddd9014000030001,1,1,1152,-48,1654780871742089,1654780871742089,
300833b2ddd9014000030008,1,1,3064,-45,1654780871743145,1654780871743145,
300833b2ddd9014000030002,1,1,88,-50,1654780871745064,1654780871745064,
300833b2ddd9014000030008,1,1,3056,-46,1654780871749413,1654780871749413,
300833b2ddd9014000030002,1,1,80,-50,1654780871750469,1654780871750469,
300833b2ddd9014000030009,1,1,2452,-45,1654780871751538,1654780871751538,
300833b2ddd9014000030001,1,1,1180,-48,1654780871754600,1654780871754600,
300833b2ddd9014000030001,1,1,1188,-48,1654780871785668,1654780871785668,
300833b2ddd9014000030008,1,1,3048,-46,1654780871787219,1654780871787219,
300833b2ddd9014000030002,1,1,80,-50,1654780871788673,1654780871788673,
300833b2ddd9014000030009,1,1,2448,-44,1654780871791892,1654780871791892,
300833b2ddd9014000030002,1,1,76,-50,1654780871794486,1654780871794486,
300833b2ddd9014000030001,1,1,1200,-48,1654780871795945,1654780871795945,
300833b2ddd9014000030008,1,1,3044,-46,1654780871797027,1654780871797027,
300833b2ddd9014000030008,1,1,3032,-46,1654780871835484,1654780871835484,
300833b2ddd9014000030002,1,1,68,-50,1654780871836779,1654780871836779,
300833b2ddd9014000030009,1,1,2416,-45,1654780871837892,1654780871837892,
300833b2ddd9014000030001,1,1,1276,-48,1654780871839363,1654780871839363,
300833b2ddd9014000030008,1,1,3016,-46,1654780871844292,1654780871844292,
300833b2ddd9014000030001,1,1,1260,-48,1654780871845377,1654780871845377,
300833b2ddd9014000030009,1,1,2392,-45,1654780871846749,1654780871846749,
300833b2ddd9014000030002,1,1,72,-50,1654780871848101,1654780871848101,
300833b2ddd9014000030002,1,1,80,-50,1654780871880160,1654780871880160,
300833b2ddd9014000030009,1,1,2396,-45,1654780871881216,1654780871881216,
300833b2ddd9014000030008,1,1,3016,-46,1654780871882584,1654780871882584,
300833b2ddd9014000030001,1,1,1276,-48,1654780871883671,1654780871883671,
300833b2ddd9014000030001,1,1,1292,-48,1654780871888159,1654780871888159,
300833b2ddd9014000030009,1,1,2376,-45,1654780871889472,1654780871889472,
300833b2ddd9014000030008,1,1,3020,-46,1654780871891066,1654780871891066,
300833b2ddd9014000030002,1,1,84,-51,1654780871894088,1654780871894088,
300833b2ddd9014000030009,1,1,2384,-45,1654780871924702,1654780871924702,
300833b2ddd9014000030001,1,1,1300,-48,1654780871925788,1654780871925788,
300833b2ddd9014000030008,1,1,3032,-46,1654780871927055,1654780871927055,
300833b2ddd9014000030002,1,1,96,-51,1654780871930801,1654780871930801,
300833b2ddd9014000030001,1,1,1304,-48,1654780871938483,1654780871938483,
300833b2ddd9014000030002,1,1,100,-51,1654780871939934,1654780871939934,
300833b2ddd9014000030008,1,1,3036,-46,1654780871941061,1654780871941061,
300833b2ddd9014000030009,1,1,2388,-45,1654780871942090,1654780871942090,
300833b2ddd9014000030002,1,1,156,-50,1654780871980015,1654780871980015,
300833b2ddd9014000030009,1,1,2428,-45,1654780871981085,1654780871981085,
300833b2ddd9014000030008,1,1,3092,-46,1654780871982438,1654780871982438,
300833b2ddd9014000030001,1,1,1324,-49,1654780871983809,1654780871983809,
300833b2ddd9014000030009,1,1,2428,-45,1654780871989028,1654780871989028,
300833b2ddd9014000030008,1,1,3108,-46,1654780871990438,1654780871990438,
300833b2ddd9014000030002,1,1,136,-50,1654780871991523,1654780871991523,
300833b2ddd9014000030001,1,1,1328,-49,1654780871993195,1654780871993195,
300833b2ddd9014000030009,1,1,2416,-45,1654780872022965,1654780872022965,
300833b2ddd9014000030001,1,1,1288,-50,1654780872024079,1654780872024079,
300833b2ddd9014000030002,1,1,140,-50,1654780872025646,1654780872025646,
300833b2ddd9014000030008,1,1,3112,-45,1654780872026999,1654780872026999,
300833b2ddd9014000030001,1,1,1280,-50,1654780872034029,1654780872034029,
300833b2ddd9014000030002,1,1,136,-50,1654780872036168,1654780872036168,
300833b2ddd9014000030009,1,1,2420,-45,1654780872040460,1654780872040460,
300833b2ddd9014000030008,1,1,3112,-45,1654780872041716,1654780872041716,
300833b2ddd9014000030009,1,1,2428,-45,1654780872074999,1654780872074999,
300833b2ddd9014000030008,1,1,3120,-45,1654780872077383,1654780872077383,
300833b2ddd9014000030002,1,1,140,-50,1654780872078609,1654780872078609,
300833b2ddd9014000030009,1,1,2400,-45,1654780872082699,1654780872082699,
300833b2ddd9014000030008,1,1,3116,-44,1654780872083781,1654780872083781,
300833b2ddd9014000030002,1,1,120,-50,1654780872085094,1654780872085094,
300833b2ddd9014000030001,1,1,1172,-49,1654780872086663,1654780872086663,
300833b2ddd9014000030008,1,1,3092,-45,1654780872124188,1654780872124188,
300833b2ddd9014000030002,1,1,76,-50,1654780872125512,1654780872125512,
300833b2ddd9014000030009,1,1,2372,-46,1654780872126824,1654780872126824,
300833b2ddd9014000030001,1,1,1132,-49,1654780872129620,1654780872129620,
300833b2ddd9014000030008,1,1,3056,-45,1654780872140363,1654780872140363,
300833b2ddd9014000030001,1,1,1128,-48,1654780872141422,1654780872141422,
300833b2ddd9014000030002,1,1,84,-50,1654780872142462,1654780872142462,
300833b2ddd9014000030009,1,1,2344,-46,1654780872145811,1654780872145811,
300833b2ddd9014000030009,1,1,2312,-47,1654780872178213,1654780872178213,
300833b2ddd9014000030001,1,1,1152,-48,1654780872179698,1654780872179698,
300833b2ddd9014000030008,1,1,3056,-45,1654780872180797,1654780872180797,
300833b2ddd9014000030002,1,1,12,-50,1654780872181908,1654780872181908,
300833b2ddd9014000030009,1,1,2296,-47,1654780872187301,1654780872187301,
300833b2ddd9014000030002,1,1,12,-50,1654780872188823,1654780872188823,
300833b2ddd9014000030008,1,1,3044,-45,1654780872190375,1654780872190375,
300833b2ddd9014000030001,1,1,1180,-48,1654780872191463,1654780872191463,
300833b2ddd9014000030001,1,1,1220,-48,1654780872229580,1654780872229580,
300833b2ddd9014000030008,1,1,3024,-45,1654780872231190,1654780872231190,
300833b2ddd9014000030009,1,1,2292,-47,1654780872232630,1654780872232630,
300833b2ddd9014000030001,1,1,1228,-48,1654780872235353,1654780872235353,
300833b2ddd9014000030002,1,1,28,-50,1654780872236409,1654780872236409,
300833b2ddd9014000030008,1,1,3036,-45,1654780872238711,1654780872238711,
300833b2ddd9014000030009,1,1,2264,-46,1654780872240823,1654780872240823,
300833b2ddd9014000030002,1,1,24,-50,1654780872270775,1654780872270775,
300833b2ddd9014000030001,1,1,1260,-48,1654780872272315,1654780872272315,
300833b2ddd9014000030009,1,1,2284,-46,1654780872275577,1654780872275577,
300833b2ddd9014000030008,1,1,3056,-45,1654780872276870,1654780872276870,
300833b2ddd9014000030009,1,1,2272,-46,1654780872280511,1654780872280511,
300833b2ddd9014000030008,1,1,3068,-45,1654780872281821,1654780872281821,
300833b2ddd9014000030001,1,1,1272,-48,1654780872284002,1654780872284002,
300833b2ddd9014000030002,1,1,64,-50,1654780872285311,1654780872285311,
300833b2ddd9014000030008,1,1,3116,-45,1654780872322300,1654780872322300,
300833b2ddd9014000030001,1,1,1240,-49,1654780872323389,1654780872323389,
300833b2ddd9014000030009,1,1,2280,-46,1654780872325409,1654780872325409,
300833b2ddd9014000030001,1,1,1220,-49,1654780872330131,1654780872330131,
300833b2ddd9014000030008,1,1,3112,-45,1654780872331862,1654780872331862,
300833b2ddd9014000030009,1,1,2292,-46,1654780872334223,1654780872334223,
300833b2ddd9014000030002,1,1,80,-50,1654780872335464,1654780872335464,
300833b2ddd9014000030009,1,1,2296,-46,1654780872365760,1654780872365760,
300833b2ddd9014000030001,1,1,1196,-49,1654780872368083,1654780872368083,
300833b2ddd9014000030002,1,1,104,-50,1654780872369096,1654780872369096,
300833b2ddd9014000030001,1,1,1184,-49,1654780872373433,1654780872373433,
300833b2ddd9014000030009,1,1,2304,-45,1654780872375111,1654780872375111,
300833b2ddd9014000030008,1,1,3160,-45,1654780872376451,1654780872376451,
300833b2ddd9014000030002,1,1,64,-50,1654780872377608,1654780872377608,
300833b2ddd9014000030008,1,1,3152,-46,1654780872408960,1654780872408960,
300833b2ddd9014000030001,1,1,1128,-48,1654780872410033,1654780872410033,
300833b2ddd9014000030009,1,1,2292,-45,1654780872411526,1654780872411526,
300833b2ddd9014000030002,1,1,116,-49,1654780872412668,1654780872412668,
300833b2ddd9014000030002,1,1,124,-50,1654780872415367,1654780872415367,
300833b2ddd9014000030009,1,1,2304,-45,1654780872416452,1654780872416452,
300833b2ddd9014000030001,1,1,1156,-48,1654780872418262,1654780872418262,
300833b2ddd9014000030008,1,1,3156,-46,1654780872419586,1654780872419586,
300833b2ddd9014000030009,1,1,2340,-45,1654780872450775,1654780872450775,
300833b2ddd9014000030008,1,1,3152,-46,1654780872451828,1654780872451828,
300833b2ddd9014000030001,1,1,1124,-48,1654780872456070,1654780872456070,
300833b2ddd9014000030002,1,1,132,-50,1654780872457297,1654780872457297,
300833b2ddd9014000030008,1,1,3156,-46,1654780872460048,1654780872460048,
300833b2ddd9014000030009,1,1,2312,-45,1654780872461374,1654780872461374,
300833b2ddd9014000030002,1,1,140,-50,1654780872462952,1654780872462952,
300833b2ddd9014000030001,1,1,1096,-48,1654780872464667,1654780872464667,
300833b2ddd9014000030009,1,1,2348,-45,1654780872497933,1654780872497933,
300833b2ddd9014000030002,1,1,116,-49,1654780872499046,1654780872499046,
300833b2ddd9014000030008,1,1,3164,-46,1654780872500114,1654780872500114,
300833b2ddd9014000030001,1,1,1108,-48,1654780872501331,1654780872501331,
300833b2ddd9014000030008,1,1,3160,-46,1654780872504448,1654780872504448,
300833b2ddd9014000030001,1,1,1140,-48,1654780872505805,1654780872505805,
300833b2ddd9014000030009,1,1,2332,-45,1654780872507671,1654780872507671,
300833b2ddd9014000030002,1,1,96,-49,1654780872508740,1654780872508740,
300833b2ddd9014000030002,1,1,104,-49,1654780872540455,1654780872540455,
300833b2ddd9014000030009,1,1,2340,-45,1654780872541568,1654780872541568,
300833b2ddd9014000030001,1,1,1124,-48,1654780872543080,1654780872543080,
300833b2ddd9014000030008,1,1,3144,-46,1654780872545087,1654780872545087,
300833b2ddd9014000030001,1,1,1144,-48,1654780872548787,1654780872548787,
300833b2ddd9014000030002,1,1,140,-49,1654780872550994,1654780872550994,
300833b2ddd9014000030009,1,1,2332,-45,1654780872552321,1654780872552321,
300833b2ddd9014000030008,1,1,3144,-46,1654780872553616,1654780872553616,
300833b2ddd9014000030008,1,1,3132,-45,1654780872584866,1654780872584866,
300833b2ddd9014000030002,1,1,100,-49,1654780872585966,1654780872585966,
300833b2ddd9014000030009,1,1,2344,-45,1654780872587546,1654780872587546,
300833b2ddd9014000030001,1,1,1148,-48,1654780872589499,1654780872589499,
300833b2ddd9014000030008,1,1,3132,-46,1654780872593867,1654780872593867,
300833b2ddd9014000030009,1,1,2340,-45,1654780872594980,1654780872594980,
300833b2ddd9014000030001,1,1,1128,-48,1654780872596520,1654780872596520,
300833b2ddd9014000030002,1,1,144,-49,1654780872599052,1654780872599052,
300833b2ddd9014000030008,1,1,3148,-45,1654780872629300,1654780872629300,
300833b2ddd9014000030009,1,1,2332,-45,1654780872630346,1654780872630346,
300833b2ddd9014000030001,1,1,1140,-48,1654780872632832,1654780872632832,
300833b2ddd9014000030002,1,1,152,-49,1654780872634156,1654780872634156,
300833b2ddd9014000030001,1,1,1152,-48,1654780872637779,1654780872637779,
300833b2ddd9014000030009,1,1,2360,-45,1654780872639944,1654780872639944,
300833b2ddd9014000030008,1,1,3148,-45,1654780872640982,1654780872640982,
300833b2ddd9014000030002,1,1,148,-49,1654780872642651,1654780872642651,
300833b2ddd9014000030008,1,1,3140,-45,1654780872672421,1654780872672421,
300833b2ddd9014000030009,1,1,2360,-45,1654780872673988,1654780872673988,
300833b2ddd9014000030001,1,1,1156,-49,1654780872675342,1654780872675342,
300833b2ddd9014000030002,1,1,156,-48,1654780872676712,1654780872676712,
300833b2ddd9014000030001,1,1,1172,-48,1654780872681464,1654780872681464,
300833b2ddd9014000030008,1,1,3168,-45,1654780872683203,1654780872683203,
300833b2ddd9014000030002,1,1,148,-49,1654780872684229,1654780872684229,
300833b2ddd9014000030009,1,1,2364,-45,1654780872685299,1654780872685299,
300833b2ddd9014000030008,1,1,3152,-45,1654780872716122,1654780872716122,
300833b2ddd9014000030002,1,1,176,-49,1654780872717191,1654780872717191,
300833b2ddd9014000030009,1,1,2360,-45,1654780872718333,1654780872718333,
300833b2ddd9014000030001,1,1,1152,-48,1654780872719420,1654780872719420,
300833b2ddd9014000030009,1,1,2352,-45,1654780872725164,1654780872725164,
300833b2ddd9014000030008,1,1,3148,-45,1654780872726879,1654780872726879,
300833b2ddd9014000030002,1,1,172,-49,1654780872728350,1654780872728350,
300833b2ddd9014000030001,1,1,1160,-48,1654780872729395,1654780872729395,
300833b2ddd9014000030008,1,1,3152,-45,1654780872761370,1654780872761370,
300833b2ddd9014000030009,1,1,2344,-45,1654780872762843,1654780872762843,
300833b2ddd9014000030001,1,1,1168,-48,1654780872764055,1654780872764055,
300833b2ddd9014000030002,1,1,168,-49,1654780872767506,1654780872767506,
300833b2ddd9014000030008,1,1,3132,-45,1654780872768702,1654780872768702,
300833b2ddd9014000030009,1,1,2348,-45,1654780872770255,1654780872770255,
300833b2ddd9014000030001,1,1,1188,-48,1654780872771441,1654780872771441,
300833b2ddd9014000030009,1,1,2352,-45,1654780872801361,1654780872801361,
300833b2ddd9014000030002,1,1,168,-49,1654780872802927,1654780872802927,
300833b2ddd9014000030001,1,1,1168,-48,1654780872804269,1654780872804269,
300833b2ddd9014000030008,1,1,3152,-45,1654780872805353,1654780872805353,
300833b2ddd9014000030009,1,1,2348,-45,1654780872810327,1654780872810327,
300833b2ddd9014000030002,1,1,184,-49,1654780872811991,1654780872811991,
300833b2ddd9014000030001,1,1,1172,-48,1654780872813755,1654780872813755,
300833b2ddd9014000030008,1,1,3160,-45,1654780872814853,1654780872814853,
300833b2ddd9014000030001,1,1,1160,-48,1654780872845634,1654780872845634,
300833b2ddd9014000030009,1,1,2368,-45,1654780872846705,1654780872846705,
300833b2ddd9014000030008,1,1,3156,-45,1654780872847788,1654780872847788,
300833b2ddd9014000030009,1,1,2356,-45,1654780872853337,1654780872853337,
300833b2ddd9014000030001,1,1,1180,-48,1654780872854679,1654780872854679,
300833b2ddd9014000030008,1,1,3152,-45,1654780872856482,1654780872856482,
300833b2ddd9014000030009,1,1,2352,-45,1654780872888439,1654780872888439,
300833b2ddd9014000030001,1,1,1172,-48,1654780872889509,1654780872889509,
300833b2ddd9014000030008,1,1,3140,-45,1654780872890865,1654780872890865,
300833b2ddd9014000030008,1,1,3156,-44,1654780872895808,1654780872895808,
300833b2ddd9014000030009,1,1,2364,-45,1654780872897148,1654780872897148,
300833b2ddd9014000030002,1,1,188,-49,1654780872898189,1654780872898189,
300833b2ddd9014000030001,1,1,1180,-48,1654780872899560,1654780872899560,
300833b2ddd9014000030001,1,1,1176,-48,1654780872931510,1654780872931510,
300833b2ddd9014000030008,1,1,3152,-45,1654780872932592,1654780872932592,
300833b2ddd9014000030002,1,1,208,-49,1654780872934624,1654780872934624,
300833b2ddd9014000030009,1,1,2344,-45,1654780872935853,1654780872935853,
300833b2ddd9014000030008,1,1,3144,-45,1654780872940204,1654780872940204,
300833b2ddd9014000030001,1,1,1168,-48,1654780872942142,1654780872942142,
300833b2ddd9014000030009,1,1,2344,-45,1654780872943483,1654780872943483,
300833b2ddd9014000030002,1,1,200,-49,1654780872944934,1654780872944934,
300833b2ddd9014000030001,1,1,1188,-48,1654780872974672,1654780872974672,
300833b2ddd9014000030002,1,1,192,-49,1654780872975982,1654780872975982,
300833b2ddd9014000030008,1,1,3144,-45,1654780872977277,1654780872977277,
300833b2ddd9014000030009,1,1,2336,-45,1654780872978830,1654780872978830,
300833b2ddd9014000030001,1,1,1168,-48,1654780872983055,1654780872983055,
300833b2ddd9014000030009,1,1,2344,-45,1654780872984410,1654780872984410,
300833b2ddd9014000030008,1,1,3168,-45,1654780872986512,1654780872986512,
300833b2ddd9014000030002,1,1,220,-49,1654780872988206,1654780872988206,
300833b2ddd9014000030008,1,1,3148,-45,1654780873018787,1654780873018787,
300833b2ddd9014000030009,1,1,2340,-45,1654780873020100,1654780873020100,
300833b2ddd9014000030001,1,1,1180,-48,1654780873021200,1654780873021200,
300833b2ddd9014000030002,1,1,204,-49,1654780873022524,1654780873022524,
300833b2ddd9014000030002,1,1,180,-49,1654780873027938,1654780873027938,
300833b2ddd9014000030009,1,1,2336,-45,1654780873029712,1654780873029712,
300833b2ddd9014000030008,1,1,3156,-44,1654780873031019,1654780873031019,
300833b2ddd9014000030001,1,1,1168,-48,1654780873032266,1654780873032266,
300833b2ddd9014000030002,1,1,204,-49,1654780873062958,1654780873062958,
300833b2ddd9014000030009,1,1,2344,-45,1654780873064172,1654780873064172,
300833b2ddd9014000030008,1,1,3160,-45,1654780873065522,1654780873065522,
300833b2ddd9014000030001,1,1,1180,-48,1654780873066983,1654780873066983,
300833b2ddd9014000030009,1,1,2352,-45,1654780873070438,1654780873070438,
300833b2ddd9014000030002,1,1,168,-49,1654780873071537,1654780873071537,
300833b2ddd9014000030008,1,1,3160,-44,1654780873072889,1654780873072889,
300833b2ddd9014000030001,1,1,1176,-48,1654780873074218,1654780873074218,
300833b2ddd9014000030002,1,1,176,-49,1654780873106263,1654780873106263,
300833b2ddd9014000030008,1,1,3152,-45,1654780873107686,1654780873107686,
300833b2ddd9014000030009,1,1,2344,-45,1654780873108713,1654780873108713,
300833b2ddd9014000030001,1,1,1192,-48,1654780873110439,1654780873110439,
300833b2ddd9014000030001,1,1,1196,-48,1654780873113172,1654780873113172,
300833b2ddd9014000030009,1,1,2332,-45,1654780873116014,1654780873116014,
300833b2ddd9014000030008,1,1,3156,-45,1654780873117084,1654780873117084,
300833b2ddd9014000030002,1,1,184,-49,1654780873118310,1654780873118310,
300833b2ddd9014000030008,1,1,3160,-45,1654780873149185,1654780873149185,
300833b2ddd9014000030002,1,1,188,-49,1654780873150644,1654780873150644,
300833b2ddd9014000030009,1,1,2348,-45,1654780873151728,1654780873151728,
300833b2ddd9014000030001,1,1,1176,-48,1654780873153668,1654780873153668,
300833b2ddd9014000030009,1,1,2388,-45,1654780873156949,1654780873156949,
300833b2ddd9014000030008,1,1,3160,-45,1654780873159294,1654780873159294,
300833b2ddd9014000030002,1,1,196,-49,1654780873160392,1654780873160392,
300833b2ddd9014000030001,1,1,1164,-48,1654780873161638,1654780873161638,
300833b2ddd9014000030009,1,1,2348,-45,1654780873191533,1654780873191533,
300833b2ddd9014000030008,1,1,3160,-45,1654780873192574,1654780873192574,
300833b2ddd9014000030002,1,1,196,-49,1654780873193643,1654780873193643,
300833b2ddd9014000030001,1,1,1168,-48,1654780873195425,1654780873195425,
300833b2ddd9014000030001,1,1,1176,-48,1654780873199606,1654780873199606,
300833b2ddd9014000030008,1,1,3160,-45,1654780873202052,1654780873202052,
300833b2ddd9014000030009,1,1,2352,-45,1654780873203179,1654780873203179,
300833b2ddd9014000030002,1,1,184,-49,1654780873204377,1654780873204377,
300833b2ddd9014000030002,1,1,184,-49,1654780873234825,1654780873234825,
300833b2ddd9014000030009,1,1,2340,-45,1654780873236550,1654780873236550,
300833b2ddd9014000030008,1,1,3160,-45,1654780873237662,1654780873237662,
300833b2ddd9014000030001,1,1,1184,-48,1654780873238735,1654780873238735,
300833b2ddd9014000030002,1,1,176,-49,1654780873242642,1654780873242642,
300833b2ddd9014000030001,1,1,1172,-48,1654780873245242,1654780873245242,
300833b2ddd9014000030009,1,1,2332,-45,1654780873247352,1654780873247352,
300833b2ddd9014000030008,1,1,3164,-45,1654780873248462,1654780873248462,
300833b2ddd9014000030008,1,1,3172,-45,1654780873278199,1654780873278199,
300833b2ddd9014000030009,1,1,2340,-45,1654780873279756,1654780873279756,
300833b2ddd9014000030001,1,1,1172,-48,1654780873281323,1654780873281323,
300833b2ddd9014000030002,1,1,200,-49,1654780873282436,1654780873282436,
300833b2ddd9014000030009,1,1,2344,-45,1654780873287743,1654780873287743,
300833b2ddd9014000030008,1,1,3176,-45,1654780873288781,1654780873288781,
300833b2ddd9014000030001,1,1,1180,-48,1654780873290111,1654780873290111,
300833b2ddd9014000030002,1,1,200,-49,1654780873291265,1654780873291265,
300833b2ddd9014000030001,1,1,1172,-48,1654780873321615,1654780873321615,
300833b2ddd9014000030008,1,1,3156,-45,1654780873323821,1654780873323821,
300833b2ddd9014000030009,1,1,2348,-45,1654780873324863,1654780873324863,
300833b2ddd9014000030002,1,1,196,-49,1654780873326090,1654780873326090,
300833b2ddd9014000030001,1,1,1164,-48,1654780873329013,1654780873329013,
300833b2ddd9014000030009,1,1,2348,-45,1654780873330099,1654780873330099,
300833b2ddd9014000030008,1,1,3152,-45,1654780873331197,1654780873331197,
300833b2ddd9014000030002,1,1,188,-49,1654780873334155,1654780873334155,
300833b2ddd9014000030002,1,1,176,-49,1654780873365130,1654780873365130,
300833b2ddd9014000030009,1,1,2348,-45,1654780873366473,1654780873366473,
300833b2ddd9014000030008,1,1,3172,-44,1654780873367584,1654780873367584,
300833b2ddd9014000030001,1,1,1200,-48,1654780873368703,1654780873368703,
300833b2ddd9014000030002,1,1,192,-49,1654780873373410,1654780873373410,
300833b2ddd9014000030001,1,1,1176,-48,1654780873375022,1654780873375022,
300833b2ddd9014000030008,1,1,3168,-45,1654780873376076,1654780873376076,
300833b2ddd9014000030009,1,1,2356,-45,1654780873377448,1654780873377448,
300833b2ddd9014000030001,1,1,1156,-48,1654780873409214,1654780873409214,
300833b2ddd9014000030008,1,1,3192,-45,1654780873410538,1654780873410538,
300833b2ddd9014000030009,1,1,2368,-45,1654780873412090,1654780873412090,
300833b2ddd9014000030002,1,1,196,-48,1654780873413145,1654780873413145,
300833b2ddd9014000030008,1,1,3172,-45,1654780873418996,1654780873418996,
300833b2ddd9014000030001,1,1,1172,-48,1654780873420042,1654780873420042,
300833b2ddd9014000030002,1,1,168,-49,1654780873421241,1654780873421241,
300833b2ddd9014000030009,1,1,2340,-45,1654780873422325,1654780873422325,
300833b2ddd9014000030008,1,1,3180,-45,1654780873452244,1654780873452244,
300833b2ddd9014000030009,1,1,2352,-45,1654780873453613,1654780873453613,
300833b2ddd9014000030001,1,1,1192,-48,1654780873454686,1654780873454686,
300833b2ddd9014000030002,1,1,192,-49,1654780873456266,1654780873456266,
300833b2ddd9014000030002,1,1,184,-48,1654780873465318,1654780873465318,
300833b2ddd9014000030008,1,1,3172,-45,1654780873466634,1654780873466634,
300833b2ddd9014000030009,1,1,2348,-45,1654780873467946,1654780873467946,
300833b2ddd9014000030001,1,1,1152,-48,1654780873469260,1654780873469260,
300833b2ddd9014000030009,1,1,2344,-45,1654780873501153,1654780873501153,
300833b2ddd9014000030001,1,1,1160,-48,1654780873502623,1654780873502623,
300833b2ddd9014000030002,1,1,188,-49,1654780873503765,1654780873503765,
300833b2ddd9014000030008,1,1,3176,-44,1654780873504862,1654780873504862,
300833b2ddd9014000030002,1,1,196,-49,1654780873508689,1654780873508689,
300833b2ddd9014000030001,1,1,1168,-48,1654780873510405,1654780873510405,
300833b2ddd9014000030008,1,1,3176,-44,1654780873511457,1654780873511457,
300833b2ddd9014000030009,1,1,2372,-45,1654780873512560,1654780873512560,
300833b2ddd9014000030001,1,1,1180,-48,1654780873543985,1654780873543985,
300833b2ddd9014000030009,1,1,2344,-45,1654780873545100,1654780873545100,
300833b2ddd9014000030008,1,1,3172,-45,1654780873546440,1654780873546440,
300833b2ddd9014000030002,1,1,176,-49,1654780873547880,1654780873547880,
300833b2ddd9014000030001,1,1,1124,-48,1654780873552252,1654780873552252,
300833b2ddd9014000030002,1,1,200,-48,1654780873553518,1654780873553518,
300833b2ddd9014000030009,1,1,2344,-45,1654780873555115,1654780873555115,
300833b2ddd9014000030008,1,1,3180,-44,1654780873556209,1654780873556209,
300833b2ddd9014000030001,1,1,1152,-48,1654780873587982,1654780873587982,
300833b2ddd9014000030008,1,1,3176,-45,1654780873590144,1654780873590144,
300833b2ddd9014000030009,1,1,2360,-45,1654780873591244,1654780873591244,
300833b2ddd9014000030002,1,1,184,-48,1654780873592681,1654780873592681,
300833b2ddd9014000030008,1,1,3172,-45,1654780873595652,1654780873595652,
300833b2ddd9014000030001,1,1,1184,-49,1654780873596767,1654780873596767,
300833b2ddd9014000030009,1,1,2356,-45,1654780873597780,1654780873597780,
300833b2ddd9014000030002,1,1,192,-49,1654780873599389,1654780873599389,
300833b2ddd9014000030009,1,1,2372,-45,1654780873829979,1654780873829979,
300833b2ddd9014000030001,1,1,1152,-48,1654780873831447,1654780873831447,
300833b2ddd9014000030008,1,1,3160,-45,1654780873832505,1654780873832505,
300833b2ddd9014000030002,1,1,188,-48,1654780873833575,1654780873833575,
300833b2ddd9014000030002,1,1,176,-49,1654780873837438,1654780873837438,
300833b2ddd9014000030001,1,1,1168,-48,1654780873838775,1654780873838775,
300833b2ddd9014000030008,1,1,3156,-44,1654780873840960,1654780873840960,
300833b2ddd9014000030009,1,1,2336,-45,1654780873842530,1654780873842530,
300833b2ddd9014000030001,1,1,1144,-48,1654780873872818,1654780873872818,
300833b2ddd9014000030009,1,1,2368,-45,1654780873875024,1654780873875024,
300833b2ddd9014000030002,1,1,208,-48,1654780873876150,1654780873876150,
300833b2ddd9014000030008,1,1,3180,-45,1654780873877263,1654780873877263,
300833b2ddd9014000030008,1,1,3168,-44,1654780873880818,1654780873880818,
300833b2ddd9014000030009,1,1,2344,-45,1654780873881891,1654780873881891,
300833b2ddd9014000030002,1,1,188,-48,1654780873883214,1654780873883214,
300833b2ddd9014000030001,1,1,1152,-49,1654780873884767,1654780873884767,
300833b2ddd9014000030009,1,1,2356,-45,1654780873916152,1654780873916152,
300833b2ddd9014000030002,1,1,200,-49,1654780873917250,1654780873917250,
300833b2ddd9014000030001,1,1,1156,-48,1654780873918845,1654780873918845,
300833b2ddd9014000030009,1,1,2360,-45,1654780873925231,1654780873925231,
300833b2ddd9014000030001,1,1,1152,-48,1654780873926516,1654780873926516,
300833b2ddd9014000030002,1,1,192,-49,1654780873927827,1654780873927827,
300833b2ddd9014000030008,1,1,3160,-45,1654780873929207,1654780873929207,
300833b2ddd9014000030008,1,1,3156,-45,1654780873960671,1654780873960671,
300833b2ddd9014000030001,1,1,1164,-48,1654780873963063,1654780873963063,
300833b2ddd9014000030009,1,1,2360,-45,1654780873964148,1654780873964148,
300833b2ddd9014000030002,1,1,184,-48,1654780873965585,1654780873965585,
300833b2ddd9014000030001,1,1,1164,-49,1654780873968604,1654780873968604,
300833b2ddd9014000030009,1,1,2376,-45,1654780873969687,1654780873969687,
300833b2ddd9014000030008,1,1,3172,-45,1654780873970754,1654780873970754,
300833b2ddd9014000030002,1,1,180,-49,1654780873972567,1654780873972567,
300833b2ddd9014000030002,1,1,180,-48,1654780874003839,1654780874003839,
300833b2ddd9014000030009,1,1,2348,-45,1654780874004910,1654780874004910,
300833b2ddd9014000030001,1,1,1184,-48,1654780874006719,1654780874006719,
300833b2ddd9014000030008,1,1,3160,-44,1654780874007801,1654780874007801,
300833b2ddd9014000030009,1,1,2340,-45,1654780874012298,1654780874012298,
300833b2ddd9014000030002,1,1,200,-49,1654780874013394,1654780874013394,
300833b2ddd9014000030001,1,1,1160,-48,1654780874014977,1654780874014977,
300833b2ddd9014000030008,1,1,3152,-45,1654780874016298,1654780874016298,
300833b2ddd9014000030002,1,1,180,-48,1654780874047981,1654780874047981,
300833b2ddd9014000030009,1,1,2356,-45,1654780874049906,1654780874049906,
300833b2ddd9014000030001,1,1,1180,-48,1654780874051219,1654780874051219,
300833b2ddd9014000030008,1,1,3164,-45,1654780874052260,1654780874052260,
300833b2ddd9014000030009,1,1,2352,-45,1654780874055848,1654780874055848,
300833b2ddd9014000030008,1,1,3160,-44,1654780874056916,1654780874056916,
300833b2ddd9014000030001,1,1,1176,-48,1654780874058230,1654780874058230,
300833b2ddd9014000030002,1,1,156,-49,1654780874059781,1654780874059781,
300833b2ddd9014000030008,1,1,3160,-44,1654780874090961,1654780874090961,
300833b2ddd9014000030002,1,1,184,-48,1654780874092073,1654780874092073,
300833b2ddd9014000030009,1,1,2348,-45,1654780874093881,1654780874093881,
300833b2ddd9014000030001,1,1,1184,-48,1654780874096404,1654780874096404,
300833b2ddd9014000030002,1,1,160,-48,1654780874100083,1654780874100083,
300833b2ddd9014000030001,1,1,1188,-48,1654780874101567,1654780874101567,
300833b2ddd9014000030008,1,1,3168,-44,1654780874104049,1654780874104049,
300833b2ddd9014000030009,1,1,2356,-45,1654780874105264,1654780874105264,