epc,atenda,atendanum,phase,RSS,timestamp,timestamp2,
300833b2ddd9014000030001,1,1,1120,-48,1654781033837481,1654781033837481,
300833b2ddd9014000030008,1,1,3068,-47,1654781033838933,1654781033838933,
300833b2ddd9014000030009,1,1,2412,-45,1654781033840004,1654781033840004,
300833b2ddd9014000030002,1,1,32,-49,1654781033841115,1654781033841115,
300833b2ddd9014000030009,1,1,2428,-44,1654781033851888,1654781033851888,
300833b2ddd9014000030002,1,1,20,-50,1654781033853240,1654781033853240,
300833b2ddd9014000030001,1,1,1144,-48,1654781033854866,1654781033854866,
300833b2ddd9014000030008,1,1,3064,-47,1654781033856178,1654781033856178,
300833b2ddd9014000030009,1,1,2444,-44,1654781033887471,1654781033887471,
300833b2ddd9014000030001,1,1,1160,-48,1654781033888559,1654781033888559,
300833b2ddd9014000030008,1,1,3080,-47,1654781033890349,1654781033890349,
300833b2ddd9014000030002,1,1,44,-49,1654781033891464,1654781033891464,
300833b2ddd9014000030002,1,1,4084,-50,1654781033896736,1654781033896736,
300833b2ddd9014000030001,1,1,1128,-48,1654781033897965,1654781033897965,
300833b2ddd9014000030009,1,1,2444,-45,1654781033899107,1654781033899107,
300833b2ddd9014000030008,1,1,3060,-47,1654781033901015,1654781033901015,
300833b2ddd9014000030008,1,1,3076,-47,1654781033930892,1654781033930892,
300833b2ddd9014000030009,1,1,2440,-44,1654781033932545,1654781033932545,
300833b2ddd9014000030002,1,1,36,-49,1654781033933625,1654781033933625,
300833b2ddd9014000030001,1,1,1116,-47,1654781033935012,1654781033935012,
300833b2ddd9014000030009,1,1,2432,-44,1654781033938363,1654781033938363,
300833b2ddd9014000030001,1,1,1136,-47,1654781033939507,1654781033939507,
300833b2ddd9014000030002,1,1,20,-50,1654781033941299,1654781033941299,
300833b2ddd9014000030008,1,1,3056,-47,1654781033944094,1654781033944094,
300833b2ddd9014000030009,1,1,2420,-44,1654781033975001,1654781033975001,
300833b2ddd9014000030001,1,1,1128,-48,1654781033976727,1654781033976727,
300833b2ddd9014000030002,1,1,24,-50,1654781033977810,1654781033977810,
300833b2ddd9014000030008,1,1,3076,-47,1654781033978905,1654781033978905,
300833b2ddd9014000030002,1,1,12,-50,1654781033982536,1654781033982536,
300833b2ddd9014000030001,1,1,1112,-48,1654781033983906,1654781033983906,
300833b2ddd9014000030008,1,1,3064,-47,1654781033985246,1654781033985246,
300833b2ddd9014000030009,1,1,2412,-44,1654781033986318,1654781033986318,
300833b2ddd9014000030001,1,1,1140,-48,1654781034020057,1654781034020057,
300833b2ddd9014000030009,1,1,2428,-44,1654781034021426,1654781034021426,
300833b2ddd9014000030008,1,1,3048,-47,1654781034023120,1654781034023120,
300833b2ddd9014000030002,1,1,12,-50,1654781034024304,1654781034024304,
300833b2ddd9014000030008,1,1,3060,-47,1654781034028852,1654781034028852,
300833b2ddd9014000030001,1,1,1112,-48,1654781034030323,1654781034030323,
300833b2ddd9014000030002,1,1,20,-49,1654781034031407,1654781034031407,
300833b2ddd9014000030009,1,1,2440,-44,1654781034032462,1654781034032462,
300833b2ddd9014000030009,1,1,2424,-44,1654781034062865,1654781034062865,
300833b2ddd9014000030001,1,1,1112,-47,1654781034065107,1654781034065107,
300833b2ddd9014000030008,1,1,3064,-47,1654781034066192,1654781034066192,
300833b2ddd9014000030002,1,1,20,-49,1654781034067888,1654781034067888,
300833b2ddd9014000030008,1,1,3052,-47,1654781034071200,1654781034071200,
300833b2ddd9014000030009,1,1,2440,-45,1654781034073604,1654781034073604,
300833b2ddd9014000030002,1,1,32,-49,1654781034074672,1654781034074672,
300833b2ddd9014000030001,1,1,1092,-48,1654781034075846,1654781034075846,
300833b2ddd9014000030009,1,1,2428,-44,1654781034106368,1654781034106368,
300833b2ddd9014000030001,1,1,1112,-48,1654781034107806,1654781034107806,
300833b2ddd9014000030008,1,1,3072,-47,1654781034108892,1654781034108892,
300833b2ddd9014000030002,1,1,24,-49,1654781034110362,1654781034110362,
300833b2ddd9014000030009,1,1,2428,-45,1654781034113383,1654781034113383,
300833b2ddd9014000030008,1,1,3080,-47,1654781034115808,1654781034115808,
300833b2ddd9014000030001,1,1,1100,-48,1654781034117634,1654781034117634,
300833b2ddd9014000030002,1,1,28,-49,1654781034118847,1654781034118847,
300833b2ddd9014000030002,1,1,20,-49,1654781034150235,1654781034150235,
300833b2ddd9014000030008,1,1,3076,-47,1654781034151289,1654781034151289,
300833b2ddd9014000030009,1,1,2428,-45,1654781034152348,1654781034152348,
300833b2ddd9014000030001,1,1,1108,-48,1654781034154542,1654781034154542,
300833b2ddd9014000030009,1,1,2444,-44,1654781034159711,1654781034159711,
300833b2ddd9014000030002,1,1,20,-49,1654781034161063,1654781034161063,
300833b2ddd9014000030008,1,1,3064,-47,1654781034163520,1654781034163520,
300833b2ddd9014000030001,1,1,1112,-48,1654781034165089,1654781034165089,
300833b2ddd9014000030002,1,1,4,-50,1654781034195830,1654781034195830,
300833b2ddd9014000030008,1,1,3056,-47,1654781034197554,1654781034197554,
300833b2ddd9014000030009,1,1,2424,-44,1654781034199106,1654781034199106,
300833b2ddd9014000030001,1,1,1120,-48,1654781034200351,1654781034200351,
300833b2ddd9014000030008,1,1,3056,-47,1654781034203303,1654781034203303,
300833b2ddd9014000030002,1,1,28,-49,1654781034204625,1654781034204625,
300833b2ddd9014000030009,1,1,2428,-44,1654781034206677,1654781034206677,
300833b2ddd9014000030001,1,1,1100,-48,1654781034208713,1654781034208713,
300833b2ddd9014000030002,1,1,36,-49,1654781034240311,1654781034240311,
300833b2ddd9014000030009,1,1,2424,-44,1654781034241921,1654781034241921,
300833b2ddd9014000030001,1,1,1116,-47,1654781034243249,1654781034243249,
300833b2ddd9014000030008,1,1,3068,-47,1654781034244288,1654781034244288,
300833b2ddd9014000030001,1,1,1096,-48,1654781034251211,1654781034251211,
300833b2ddd9014000030008,1,1,3044,-47,1654781034253713,1654781034253713,
300833b2ddd9014000030009,1,1,2412,-45,1654781034254827,1654781034254827,
300833b2ddd9014000030002,1,1,24,-50,1654781034256236,1654781034256236,
300833b2ddd9014000030002,1,1,16,-50,1654781034285853,1654781034285853,
300833b2ddd9014000030008,1,1,3068,-47,1654781034286935,1654781034286935,
300833b2ddd9014000030001,1,1,1120,-48,1654781034289070,1654781034289070,
300833b2ddd9014000030009,1,1,2420,-44,1654781034290100,1654781034290100,
300833b2ddd9014000030009,1,1,2412,-44,1654781034294349,1654781034294349,
300833b2ddd9014000030002,1,1,28,-49,1654781034295899,1654781034295899,
300833b2ddd9014000030008,1,1,3048,-47,1654781034297436,1654781034297436,
300833b2ddd9014000030001,1,1,1104,-47,1654781034298495,1654781034298495,
300833b2ddd9014000030008,1,1,3072,-47,1654781034329691,1654781034329691,
300833b2ddd9014000030002,1,1,32,-49,1654781034330759,1654781034330759,
300833b2ddd9014000030009,1,1,2408,-44,1654781034333886,1654781034333886,
300833b2ddd9014000030001,1,1,1104,-47,1654781034335952,1654781034335952,
300833b2ddd9014000030001,1,1,1104,-48,1654781034339785,1654781034339785,
300833b2ddd9014000030009,1,1,2432,-45,1654781034340985,1654781034340985,
300833b2ddd9014000030008,1,1,3060,-47,1654781034342112,1654781034342112,
300833b2ddd9014000030002,1,1,32,-50,1654781034343450,1654781034343450,
300833b2ddd9014000030008,1,1,3044,-47,1654781034374392,1654781034374392,
300833b2ddd9014000030009,1,1,2416,-44,1654781034375564,1654781034375564,
300833b2ddd9014000030002,1,1,24,-49,1654781034376647,1654781034376647,
300833b2ddd9014000030001,1,1,1100,-48,1654781034377988,1654781034377988,
300833b2ddd9014000030001,1,1,1112,-48,1654781034381616,1654781034381616,
300833b2ddd9014000030009,1,1,2416,-45,1654781034382744,1654781034382744,
300833b2ddd9014000030002,1,1,20,-49,1654781034383813,1654781034383813,
300833b2ddd9014000030008,1,1,3064,-47,1654781034385407,1654781034385407,
300833b2ddd9014000030009,1,1,2412,-44,1654781034417994,1654781034417994,
300833b2ddd9014000030001,1,1,1100,-48,1654781034421038,1654781034421038,
300833b2ddd9014000030008,1,1,3060,-47,1654781034422151,1654781034422151,
300833b2ddd9014000030001,1,1,1104,-48,1654781034425111,1654781034425111,
300833b2ddd9014000030008,1,1,3060,-47,1654781034426750,1654781034426750,
300833b2ddd9014000030002,1,1,20,-49,1654781034427776,1654781034427776,
300833b2ddd9014000030009,1,1,2424,-44,1654781034429058,1654781034429058,
300833b2ddd9014000030009,1,1,2432,-45,1654781034459717,1654781034459717,
300833b2ddd9014000030001,1,1,1116,-48,1654781034460803,1654781034460803,
300833b2ddd9014000030008,1,1,3060,-47,1654781034461829,1654781034461829,
300833b2ddd9014000030002,1,1,20,-49,1654781034463377,1654781034463377,
300833b2ddd9014000030008,1,1,3056,-47,1654781034467807,1654781034467807,
300833b2ddd9014000030002,1,1,32,-49,1654781034468917,1654781034468917,
300833b2ddd9014000030009,1,1,2420,-44,1654781034470485,1654781034470485,
300833b2ddd9014000030001,1,1,1116,-48,1654781034471812,1654781034471812,
300833b2ddd9014000030002,1,1,24,-50,1654781034503650,1654781034503650,
300833b2ddd9014000030001,1,1,1108,-47,1654781034505064,1654781034505064,
300833b2ddd9014000030009,1,1,2432,-44,1654781034507311,1654781034507311,
300833b2ddd9014000030008,1,1,3072,-47,1654781034508523,1654781034508523,
300833b2ddd9014000030002,1,1,24,-49,1654781034511768,1654781034511768,
300833b2ddd9014000030001,1,1,1124,-48,1654781034513185,1654781034513185,
300833b2ddd9014000030009,1,1,2424,-44,1654781034517300,1654781034517300,
300833b2ddd9014000030008,1,1,3084,-47,1654781034518354,1654781034518354,
300833b2ddd9014000030008,1,1,3084,-47,1654781034549120,1654781034549120,
300833b2ddd9014000030002,1,1,28,-49,1654781034550219,1654781034550219,
300833b2ddd9014000030001,1,1,1116,-48,1654781034551547,1654781034551547,
300833b2ddd9014000030009,1,1,2416,-44,1654781034552846,1654781034552846,
300833b2ddd9014000030002,1,1,48,-49,1654781034557770,1654781034557770,
300833b2ddd9014000030009,1,1,2420,-44,1654781034558842,1654781034558842,
300833b2ddd9014000030008,1,1,3084,-47,1654781034561339,1654781034561339,
300833b2ddd9014000030001,1,1,1108,-48,1654781034562665,1654781034562665,
300833b2ddd9014000030009,1,1,2432,-44,1654781034594410,1654781034594410,
300833b2ddd9014000030001,1,1,1120,-48,1654781034595723,1654781034595723,
300833b2ddd9014000030008,1,1,3092,-47,1654781034596779,1654781034596779,
300833b2ddd9014000030002,1,1,20,-49,1654781034598759,1654781034598759,
300833b2ddd9014000030009,1,1,2424,-44,1654781034603146,1654781034603146,
300833b2ddd9014000030001,1,1,1112,-47,1654781034604217,1654781034604217,
300833b2ddd9014000030008,1,1,3092,-47,1654781034605272,1654781034605272,
300833b2ddd9014000030002,1,1,12,-49,1654781034607962,1654781034607962,
300833b2ddd9014000030008,1,1,3088,-47,1654781034638913,1654781034638913,
300833b2ddd9014000030001,1,1,1148,-48,1654781034640839,1654781034640839,
300833b2ddd9014000030009,1,1,2408,-45,1654781034642618,1654781034642618,
300833b2ddd9014000030002,1,1,32,-49,1654781034644591,1654781034644591,
300833b2ddd9014000030009,1,1,2424,-44,1654781034648302,1654781034648302,
300833b2ddd9014000030008,1,1,3052,-47,1654781034649343,1654781034649343,
300833b2ddd9014000030002,1,1,32,-49,1654781034650666,1654781034650666,
300833b2ddd9014000030001,1,1,1116,-47,1654781034651996,1654781034651996,
300833b2ddd9014000030008,1,1,3080,-47,1654781034683742,1654781034683742,
300833b2ddd9014000030009,1,1,2420,-44,1654781034685068,1654781034685068,
300833b2ddd9014000030001,1,1,1100,-48,1654781034687088,1654781034687088,
300833b2ddd9014000030002,1,1,24,-49,1654781034688796,1654781034688796,
300833b2ddd9014000030009,1,1,2416,-44,1654781034692420,1654781034692420,
300833b2ddd9014000030008,1,1,3092,-47,1654781034694013,1654781034694013,
300833b2ddd9014000030002,1,1,24,-49,1654781034695082,1654781034695082,
300833b2ddd9014000030001,1,1,1108,-48,1654781034697023,1654781034697023,
300833b2ddd9014000030001,1,1,1120,-48,1654781034728180,1654781034728180,
300833b2ddd9014000030009,1,1,2416,-44,1654781034729532,1654781034729532,
300833b2ddd9014000030002,1,1,16,-49,1654781034730813,1654781034730813,
300833b2ddd9014000030008,1,1,3084,-47,1654781034732164,1654781034732164,
300833b2ddd9014000030001,1,1,1100,-47,1654781034736622,1654781034736622,
300833b2ddd9014000030002,1,1,24,-49,1654781034739463,1654781034739463,
300833b2ddd9014000030008,1,1,3088,-47,1654781034741858,1654781034741858,
300833b2ddd9014000030009,1,1,2408,-44,1654781034742958,1654781034742958,
300833b2ddd9014000030009,1,1,2416,-44,1654781034772684,1654781034772684,
300833b2ddd9014000030002,1,1,20,-49,1654781034773767,1654781034773767,
300833b2ddd9014000030008,1,1,3068,-47,1654781034775078,1654781034775078,
300833b2ddd9014000030001,1,1,1096,-48,1654781034777725,1654781034777725,
300833b2ddd9014000030009,1,1,2420,-44,1654781034781351,1654781034781351,
300833b2ddd9014000030008,1,1,3076,-47,1654781034783844,1654781034783844,
300833b2ddd9014000030002,1,1,8,-49,1654781034785284,1654781034785284,
300833b2ddd9014000030001,1,1,1108,-48,1654781034786385,1654781034786385,
300833b2ddd9014000030008,1,1,3076,-47,1654781034816153,1654781034816153,
300833b2ddd9014000030001,1,1,1112,-48,1654781034818366,1654781034818366,
300833b2ddd9014000030009,1,1,2416,-45,1654781034819721,1654781034819721,
300833b2ddd9014000030002,1,1,44,-49,1654781034820916,1654781034820916,
300833b2ddd9014000030009,1,1,2424,-44,1654781034825320,1654781034825320,
300833b2ddd9014000030001,1,1,1108,-48,1654781034826433,1654781034826433,
300833b2ddd9014000030002,1,1,8,-49,1654781034827491,1654781034827491,
300833b2ddd9014000030008,1,1,3076,-47,1654781034829326,1654781034829326,
300833b2ddd9014000030009,1,1,2432,-44,1654781034860596,1654781034860596,
300833b2ddd9014000030001,1,1,1104,-48,1654781034861698,1654781034861698,
300833b2ddd9014000030008,1,1,3080,-47,1654781034863264,1654781034863264,
300833b2ddd9014000030002,1,1,8,-49,1654781034864545,1654781034864545,
300833b2ddd9014000030008,1,1,3068,-47,1654781034869225,1654781034869225,
300833b2ddd9014000030002,1,1,24,-49,1654781034870977,1654781034870977,
300833b2ddd9014000030001,1,1,1100,-47,1654781034872049,1654781034872049,
300833b2ddd9014000030009,1,1,2428,-44,1654781034873390,1654781034873390,
300833b2ddd9014000030002,1,1,20,-49,1654781034904493,1654781034904493,
300833b2ddd9014000030008,1,1,3040,-47,1654781034905736,1654781034905736,
300833b2ddd9014000030009,1,1,2408,-44,1654781034906835,1654781034906835,
300833b2ddd9014000030001,1,1,1096,-48,1654781034908148,1654781034908148,
300833b2ddd9014000030009,1,1,2416,-44,1654781034914881,1654781034914881,
300833b2ddd9014000030008,1,1,3076,-47,1654781034915977,1654781034915977,
300833b2ddd9014000030002,1,1,44,-49,1654781034917446,1654781034917446,
300833b2ddd9014000030001,1,1,1104,-48,1654781034918592,1654781034918592,
300833b2ddd9014000030008,1,1,3072,-47,1654781034948400,1654781034948400,
300833b2ddd9014000030002,1,1,28,-49,1654781034949739,1654781034949739,
300833b2ddd9014000030009,1,1,2404,-44,1654781034951079,1654781034951079,
300833b2ddd9014000030001,1,1,1092,-48,1654781034952136,1654781034952136,
300833b2ddd9014000030002,1,1,16,-49,1654781034956861,1654781034956861,
300833b2ddd9014000030009,1,1,2424,-44,1654781034957974,1654781034957974,
300833b2ddd9014000030008,1,1,3068,-47,1654781034960277,1654781034960277,
300833b2ddd9014000030001,1,1,1084,-48,1654781034962004,1654781034962004,
300833b2ddd9014000030008,1,1,3064,-47,1654781034992564,1654781034992564,
300833b2ddd9014000030001,1,1,1100,-48,1654781034993638,1654781034993638,
300833b2ddd9014000030009,1,1,2416,-44,1654781034994708,1654781034994708,
300833b2ddd9014000030002,1,1,12,-49,1654781034997126,1654781034997126,
300833b2ddd9014000030002,1,1,40,-49,1654781035001692,1654781035001692,
300833b2ddd9014000030008,1,1,3064,-47,1654781035002805,1654781035002805,
300833b2ddd9014000030009,1,1,2432,-44,1654781035003862,1654781035003862,
300833b2ddd9014000030001,1,1,1048,-47,1654781035005490,1654781035005490,
300833b2ddd9014000030002,1,1,24,-49,1654781035038019,1654781035038019,
300833b2ddd9014000030008,1,1,3080,-47,1654781035039316,1654781035039316,
300833b2ddd9014000030001,1,1,1076,-48,1654781035040431,1654781035040431,
300833b2ddd9014000030009,1,1,2408,-44,1654781035041489,1654781035041489,
300833b2ddd9014000030002,1,1,20,-49,1654781035046796,1654781035046796,
300833b2ddd9014000030009,1,1,2408,-44,1654781035047883,1654781035047883,
300833b2ddd9014000030001,1,1,1092,-48,1654781035049154,1654781035049154,
300833b2ddd9014000030008,1,1,3068,-47,1654781035050180,1654781035050180,
300833b2ddd9014000030008,1,1,3064,-47,1654781035082233,1654781035082233,
300833b2ddd9014000030001,1,1,1064,-48,1654781035083876,1654781035083876,
300833b2ddd9014000030009,1,1,2408,-44,1654781035084934,1654781035084934,
300833b2ddd9014000030002,1,1,12,-49,1654781035086286,1654781035086286,
300833b2ddd9014000030001,1,1,1092,-48,1654781035089924,1654781035089924,
300833b2ddd9014000030009,1,1,2412,-44,1654781035092088,1654781035092088,
300833b2ddd9014000030002,1,1,20,-49,1654781035093199,1654781035093199,
300833b2ddd9014000030008,1,1,3072,-47,1654781035094424,1654781035094424,
300833b2ddd9014000030001,1,1,1108,-48,1654781035126126,1654781035126126,
300833b2ddd9014000030002,1,1,20,-49,1654781035127179,1654781035127179,
300833b2ddd9014000030009,1,1,2424,-44,1654781035128251,1654781035128251,
300833b2ddd9014000030008,1,1,3076,-46,1654781035129844,1654781035129844,
300833b2ddd9014000030009,1,1,2404,-44,1654781035134295,1654781035134295,
300833b2ddd9014000030002,1,1,8,-49,1654781035136287,1654781035136287,
300833b2ddd9014000030008,1,1,3076,-47,1654781035137371,1654781035137371,
300833b2ddd9014000030001,1,1,1060,-48,1654781035138459,1654781035138459,
300833b2ddd9014000030002,1,1,20,-49,1654781035169033,1654781035169033,
300833b2ddd9014000030001,1,1,1076,-48,1654781035170997,1654781035170997,
300833b2ddd9014000030009,1,1,2412,-44,1654781035172565,1654781035172565,
300833b2ddd9014000030008,1,1,3052,-47,1654781035174031,1654781035174031,
300833b2ddd9014000030008,1,1,3092,-47,1654781035177490,1654781035177490,
300833b2ddd9014000030001,1,1,1068,-48,1654781035178990,1654781035178990,
300833b2ddd9014000030009,1,1,2404,-44,1654781035180105,1654781035180105,
300833b2ddd9014000030002,1,1,24,-49,1654781035181189,1654781035181189,
300833b2ddd9014000030001,1,1,1144,-48,1654781035211510,1654781035211510,
300833b2ddd9014000030009,1,1,2412,-45,1654781035212567,1654781035212567,
300833b2ddd9014000030008,1,1,3096,-47,1654781035214403,1654781035214403,
300833b2ddd9014000030002,1,1,8,-49,1654781035216084,1654781035216084,
300833b2ddd9014000030009,1,1,2388,-45,1654781035220935,1654781035220935,
300833b2ddd9014000030008,1,1,3068,-47,1654781035222117,1654781035222117,
300833b2ddd9014000030001,1,1,1060,-48,1654781035223220,1654781035223220,
300833b2ddd9014000030002,1,1,12,-49,1654781035225236,1654781035225236,
300833b2ddd9014000030001,1,1,1108,-48,1654781035255470,1654781035255470,
300833b2ddd9014000030009,1,1,2416,-44,1654781035256925,1654781035256925,
300833b2ddd9014000030002,1,1,4,-49,1654781035257966,1654781035257966,
300833b2ddd9014000030008,1,1,3048,-47,1654781035259362,1654781035259362,
300833b2ddd9014000030009,1,1,2424,-44,1654781035262748,1654781035262748,
300833b2ddd9014000030001,1,1,1148,-48,1654781035263837,1654781035263837,
300833b2ddd9014000030008,1,1,3068,-47,1654781035264915,1654781035264915,
300833b2ddd9014000030002,1,1,4,-49,1654781035266989,1654781035266989,
300833b2ddd9014000030001,1,1,1072,-48,1654781035299545,1654781035299545,
300833b2ddd9014000030009,1,1,2396,-44,1654781035301524,1654781035301524,
300833b2ddd9014000030008,1,1,3048,-47,1654781035302578,1654781035302578,
300833b2ddd9014000030002,1,1,0,-49,1654781035303690,1654781035303690,
300833b2ddd9014000030008,1,1,3068,-47,1654781035307769,1654781035307769,
300833b2ddd9014000030002,1,1,8,-49,1654781035309478,1654781035309478,
300833b2ddd9014000030009,1,1,2408,-44,1654781035310507,1654781035310507,
300833b2ddd9014000030001,1,1,1068,-48,1654781035311722,1654781035311722,
300833b2ddd9014000030001,1,1,1072,-48,1654781035341715,1654781035341715,
300833b2ddd9014000030002,1,1,4,-49,1654781035344035,1654781035344035,
300833b2ddd9014000030008,1,1,3064,-47,1654781035345147,1654781035345147,
300833b2ddd9014000030009,1,1,2404,-45,1654781035346275,1654781035346275,
300833b2ddd9014000030001,1,1,1060,-48,1654781035351142,1654781035351142,
300833b2ddd9014000030002,1,1,24,-49,1654781035352437,1654781035352437,
300833b2ddd9014000030008,1,1,3040,-47,1654781035353720,1654781035353720,
300833b2ddd9014000030009,1,1,2396,-44,1654781035355271,1654781035355271,
300833b2ddd9014000030008,1,1,3056,-47,1654781035386380,1654781035386380,
300833b2ddd9014000030002,1,1,20,-49,1654781035387479,1654781035387479,
300833b2ddd9014000030001,1,1,1064,-48,1654781035388610,1654781035388610,
300833b2ddd9014000030009,1,1,2396,-44,1654781035389964,1654781035389964,
300833b2ddd9014000030002,1,1,8,-49,1654781035395413,1654781035395413,
300833b2ddd9014000030009,1,1,2388,-45,1654781035397148,1654781035397148,
300833b2ddd9014000030001,1,1,1076,-48,1654781035398832,1654781035398832,
300833b2ddd9014000030008,1,1,3064,-46,1654781035399945,1654781035399945,
300833b2ddd9014000030008,1,1,3060,-47,1654781035429973,1654781035429973,
300833b2ddd9014000030001,1,1,1056,-48,1654781035431231,1654781035431231,
300833b2ddd9014000030009,1,1,2396,-44,1654781035432543,1654781035432543,
300833b2ddd9014000030002,1,1,16,-49,1654781035433910,1654781035433910,
300833b2ddd9014000030009,1,1,2392,-44,1654781035438689,1654781035438689,
300833b2ddd9014000030001,1,1,1064,-48,1654781035440626,1654781035440626,
300833b2ddd9014000030008,1,1,3064,-47,1654781035441684,1654781035441684,
300833b2ddd9014000030002,1,1,28,-49,1654781035442909,1654781035442909,
300833b2ddd9014000030009,1,1,2380,-44,1654781035472883,1654781035472883,
300833b2ddd9014000030002,1,1,20,-49,1654781035473991,1654781035473991,
300833b2ddd9014000030001,1,1,1068,-48,1654781035475761,1654781035475761,
300833b2ddd9014000030008,1,1,3052,-46,1654781035477100,1654781035477100,
300833b2ddd9014000030001,1,1,1064,-48,1654781035482073,1654781035482073,
300833b2ddd9014000030002,1,1,24,-49,1654781035484171,1654781035484171,
300833b2ddd9014000030008,1,1,3064,-46,1654781035485665,1654781035485665,
300833b2ddd9014000030009,1,1,2412,-45,1654781035487020,1654781035487020,
300833b2ddd9014000030002,1,1,8,-49,1654781035518224,1654781035518224,
300833b2ddd9014000030001,1,1,1048,-48,1654781035519891,1654781035519891,
300833b2ddd9014000030009,1,1,2396,-45,1654781035521221,1654781035521221,
300833b2ddd9014000030008,1,1,3060,-47,1654781035522653,1654781035522653,
300833b2ddd9014000030001,1,1,1048,-48,1654781035525374,1654781035525374,
300833b2ddd9014000030008,1,1,3064,-47,1654781035526473,1654781035526473,
300833b2ddd9014000030009,1,1,2396,-45,1654781035528523,1654781035528523,
300833b2ddd9014000030002,1,1,16,-49,1654781035529564,1654781035529564,
300833b2ddd9014000030009,1,1,2400,-45,1654781035561251,1654781035561251,
300833b2ddd9014000030001,1,1,1052,-48,1654781035562362,1654781035562362,
300833b2ddd9014000030008,1,1,3088,-46,1654781035563449,1654781035563449,
300833b2ddd9014000030002,1,1,48,-49,1654781035565043,1654781035565043,
300833b2ddd9014000030009,1,1,2412,-44,1654781035569478,1654781035569478,
300833b2ddd9014000030002,1,1,12,-49,1654781035570548,1654781035570548,
300833b2ddd9014000030001,1,1,1068,-48,1654781035571636,1654781035571636,
300833b2ddd9014000030008,1,1,3080,-46,1654781035573216,1654781035573216,
300833b2ddd9014000030002,1,1,44,-49,1654781035604659,1654781035604659,
300833b2ddd9014000030008,1,1,3080,-46,1654781035605959,1654781035605959,
300833b2ddd9014000030001,1,1,1052,-48,1654781035607286,1654781035607286,
300833b2ddd9014000030009,1,1,2412,-45,1654781035608869,1654781035608869,
300833b2ddd9014000030009,1,1,2404,-45,1654781035613533,1654781035613533,
300833b2ddd9014000030002,1,1,48,-49,1654781035615154,1654781035615154,
300833b2ddd9014000030001,1,1,1052,-48,1654781035620125,1654781035620125,
300833b2ddd9014000030008,1,1,3092,-46,1654781035621235,1654781035621235,
300833b2ddd9014000030008,1,1,3068,-46,1654781035651239,1654781035651239,
300833b2ddd9014000030009,1,1,2412,-44,1654781035652965,1654781035652965,
300833b2ddd9014000030002,1,1,56,-49,1654781035655106,1654781035655106,
300833b2ddd9014000030001,1,1,1072,-49,1654781035657315,1654781035657315,
300833b2ddd9014000030009,1,1,2420,-45,1654781035661170,1654781035661170,
300833b2ddd9014000030002,1,1,44,-49,1654781035662253,1654781035662253,
300833b2ddd9014000030008,1,1,3104,-46,1654781035663589,1654781035663589,
300833b2ddd9014000030001,1,1,1056,-49,1654781035665203,1654781035665203,
300833b2ddd9014000030001,1,1,1120,-49,1654781035696751,1654781035696751,
300833b2ddd9014000030008,1,1,3108,-46,1654781035698062,1654781035698062,
300833b2ddd9014000030002,1,1,88,-49,1654781035699332,1654781035699332,
300833b2ddd9014000030009,1,1,2432,-45,1654781035700643,1654781035700643,
300833b2ddd9014000030002,1,1,68,-49,1654781035705105,1654781035705105,
300833b2ddd9014000030008,1,1,3108,-46,1654781035706202,1654781035706202,
300833b2ddd9014000030001,1,1,1108,-49,1654781035707998,1654781035707998,
300833b2ddd9014000030009,1,1,2428,-45,1654781035709126,1654781035709126,
300833b2ddd9014000030009,1,1,2440,-44,1654781035740894,1654781035740894,
300833b2ddd9014000030001,1,1,1136,-48,1654781035742603,1654781035742603,
300833b2ddd9014000030002,1,1,84,-49,1654781035743673,1654781035743673,
300833b2ddd9014000030008,1,1,3128,-46,1654781035744755,1654781035744755,
300833b2ddd9014000030009,1,1,2420,-45,1654781035749470,1654781035749470,
300833b2ddd9014000030001,1,1,1140,-48,1654781035750541,1654781035750541,
300833b2ddd9014000030008,1,1,3116,-46,1654781035751907,1654781035751907,
300833b2ddd9014000030002,1,1,104,-50,1654781035753233,1654781035753233,
300833b2ddd9014000030008,1,1,3096,-46,1654781035785705,1654781035785705,
300833b2ddd9014000030001,1,1,1196,-48,1654781035787402,1654781035787402,
300833b2ddd9014000030009,1,1,2428,-44,1654781035788530,1654781035788530,
300833b2ddd9014000030002,1,1,112,-50,1654781035790028,1654781035790028,
300833b2ddd9014000030002,1,1,120,-50,1654781035793482,1654781035793482,
300833b2ddd9014000030008,1,1,3112,-46,1654781035795568,1654781035795568,
300833b2ddd9014000030009,1,1,2424,-44,1654781035796669,1654781035796669,
300833b2ddd9014000030001,1,1,1216,-48,1654781035797913,1654781035797913,
300833b2ddd9014000030002,1,1,116,-50,1654781035828778,1654781035828778,
300833b2ddd9014000030009,1,1,2408,-44,1654781035829835,1654781035829835,
300833b2ddd9014000030008,1,1,3088,-46,1654781035830947,1654781035830947,
300833b2ddd9014000030001,1,1,1240,-47,1654781035832389,1654781035832389,
300833b2ddd9014000030008,1,1,3076,-46,1654781035835341,1654781035835341,
300833b2ddd9014000030009,1,1,2392,-44,1654781035836399,1654781035836399,
300833b2ddd9014000030001,1,1,1232,-47,1654781035837471,1654781035837471,
300833b2ddd9014000030002,1,1,112,-50,1654781035838854,1654781035838854,
300833b2ddd9014000030009,1,1,2384,-44,1654781035871927,1654781035871927,
300833b2ddd9014000030001,1,1,1244,-47,1654781035873256,1654781035873256,
300833b2ddd9014000030008,1,1,3064,-46,1654781035874282,1654781035874282,
300833b2ddd9014000030002,1,1,120,-51,1654781035875721,1654781035875721,
300833b2ddd9014000030009,1,1,2368,-44,1654781035878762,1654781035878762,
300833b2ddd9014000030008,1,1,3064,-46,1654781035879813,1654781035879813,
300833b2ddd9014000030001,1,1,1272,-47,1654781035881414,1654781035881414,
300833b2ddd9014000030002,1,1,152,-51,1654781035882496,1654781035882496,
300833b2ddd9014000030009,1,1,2356,-45,1654781035913962,1654781035913962,
300833b2ddd9014000030001,1,1,1292,-47,1654781035915916,1654781035915916,
300833b2ddd9014000030008,1,1,3076,-47,1654781035917481,1654781035917481,
300833b2ddd9014000030002,1,1,124,-51,1654781035918934,1654781035918934,
300833b2ddd9014000030008,1,1,3092,-47,1654781035921723,1654781035921723,
300833b2ddd9014000030009,1,1,2376,-45,1654781035922823,1654781035922823,
300833b2ddd9014000030009,1,1,2340,-47,1654781036148793,1654781036148793,
300833b2ddd9014000030008,1,1,3124,-45,1654781036149875,1654781036149875,
300833b2ddd9014000030002,1,1,72,-50,1654781036155162,1654781036155162,
300833b2ddd9014000030001,1,1,1220,-47,1654781036156503,1654781036156503,
300833b2ddd9014000030008,1,1,3104,-45,1654781036157841,1654781036157841,
300833b2ddd9014000030009,1,1,2320,-47,1654781036158956,1654781036158956,
300833b2ddd9014000030008,1,1,3100,-45,1654781036197225,1654781036197225,
300833b2ddd9014000030002,1,1,52,-50,1654781036198466,1654781036198466,
300833b2ddd9014000030001,1,1,1296,-48,1654781036200414,1654781036200414,
300833b2ddd9014000030009,1,1,2316,-46,1654781036201572,1654781036201572,
300833b2ddd9014000030009,1,1,2320,-46,1654781036204569,1654781036204569,
300833b2ddd9014000030001,1,1,1304,-48,1654781036206264,1654781036206264,
300833b2ddd9014000030008,1,1,3104,-45,1654781036207833,1654781036207833,
300833b2ddd9014000030002,1,1,44,-50,1654781036209045,1654781036209045,
300833b2ddd9014000030008,1,1,3116,-45,1654781036239320,1654781036239320,
300833b2ddd9014000030009,1,1,2292,-46,1654781036240662,1654781036240662,
300833b2ddd9014000030002,1,1,76,-50,1654781036242269,1654781036242269,
300833b2ddd9014000030001,1,1,1316,-48,1654781036243331,1654781036243331,
300833b2ddd9014000030001,1,1,1316,-48,1654781036247518,1654781036247518,
300833b2ddd9014000030002,1,1,80,-50,1654781036249116,1654781036249116,
300833b2ddd9014000030009,1,1,2304,-46,1654781036250218,1654781036250218,
300833b2ddd9014000030008,1,1,3140,-45,1654781036251752,1654781036251752,
300833b2ddd9014000030008,1,1,3148,-45,1654781036283489,1654781036283489,
300833b2ddd9014000030009,1,1,2296,-46,1654781036284589,1654781036284589,
300833b2ddd9014000030001,1,1,1296,-49,1654781036285706,1654781036285706,
300833b2ddd9014000030002,1,1,84,-50,1654781036287044,1654781036287044,
300833b2ddd9014000030009,1,1,2316,-46,1654781036292899,1654781036292899,
300833b2ddd9014000030008,1,1,3136,-45,1654781036293982,1654781036293982,
300833b2ddd9014000030001,1,1,1268,-49,1654781036295427,1654781036295427,
300833b2ddd9014000030002,1,1,96,-49,1654781036296909,1654781036296909,
300833b2ddd9014000030008,1,1,3156,-45,1654781036328199,1654781036328199,
300833b2ddd9014000030009,1,1,2328,-46,1654781036329257,1654781036329257,
300833b2ddd9014000030001,1,1,1220,-49,1654781036330459,1654781036330459,
300833b2ddd9014000030002,1,1,120,-49,1654781036331545,1654781036331545,
300833b2ddd9014000030009,1,1,2312,-45,1654781036334576,1654781036334576,
300833b2ddd9014000030008,1,1,3156,-45,1654781036336559,1654781036336559,
300833b2ddd9014000030001,1,1,1212,-49,1654781036337900,1654781036337900,
300833b2ddd9014000030002,1,1,116,-49,1654781036339142,1654781036339142,
300833b2ddd9014000030001,1,1,1184,-49,1654781036369338,1654781036369338,
300833b2ddd9014000030008,1,1,3148,-46,1654781036370422,1654781036370422,
300833b2ddd9014000030002,1,1,108,-50,1654781036371732,1654781036371732,
300833b2ddd9014000030009,1,1,2312,-46,1654781036373328,1654781036373328,
300833b2ddd9014000030009,1,1,2312,-45,1654781036377555,1654781036377555,
300833b2ddd9014000030002,1,1,120,-50,1654781036379093,1654781036379093,
300833b2ddd9014000030001,1,1,1160,-49,1654781036381283,1654781036381283,
300833b2ddd9014000030008,1,1,3156,-46,1654781036382381,1654781036382381,
300833b2ddd9014000030008,1,1,3136,-46,1654781036413253,1654781036413253,
300833b2ddd9014000030009,1,1,2296,-45,1654781036414339,1654781036414339,
300833b2ddd9014000030002,1,1,92,-50,1654781036415424,1654781036415424,
300833b2ddd9014000030001,1,1,1180,-49,1654781036417235,1654781036417235,
300833b2ddd9014000030008,1,1,3140,-46,1654781036421727,1654781036421727,
300833b2ddd9014000030001,1,1,1184,-49,1654781036422844,1654781036422844,
300833b2ddd9014000030009,1,1,2320,-45,1654781036424410,1654781036424410,
300833b2ddd9014000030002,1,1,108,-50,1654781036425507,1654781036425507,
300833b2ddd9014000030001,1,1,1196,-49,1654781036458406,1654781036458406,
300833b2ddd9014000030009,1,1,2312,-45,1654781036459448,1654781036459448,
300833b2ddd9014000030008,1,1,3132,-45,1654781036460742,1654781036460742,
300833b2ddd9014000030002,1,1,120,-50,1654781036462223,1654781036462223,
300833b2ddd9014000030001,1,1,1196,-49,1654781036466986,1654781036466986,
300833b2ddd9014000030009,1,1,2324,-45,1654781036468683,1654781036468683,
300833b2ddd9014000030008,1,1,3132,-45,1654781036470006,1654781036470006,
300833b2ddd9014000030002,1,1,92,-50,1654781036471476,1654781036471476,
300833b2ddd9014000030009,1,1,2320,-45,1654781036501534,1654781036501534,
300833b2ddd9014000030008,1,1,3120,-45,1654781036502631,1654781036502631,
300833b2ddd9014000030002,1,1,92,-49,1654781036503758,1654781036503758,
300833b2ddd9014000030001,1,1,1204,-49,1654781036504872,1654781036504872,
300833b2ddd9014000030008,1,1,3112,-45,1654781036510068,1654781036510068,
300833b2ddd9014000030002,1,1,108,-50,1654781036511420,1654781036511420,
300833b2ddd9014000030001,1,1,1204,-49,1654781036513004,1654781036513004,
300833b2ddd9014000030009,1,1,2324,-45,1654781036514032,1654781036514032,
300833b2ddd9014000030001,1,1,1228,-49,1654781036546185,1654781036546185,
300833b2ddd9014000030009,1,1,2320,-45,1654781036547372,1654781036547372,
300833b2ddd9014000030008,1,1,3136,-45,1654781036548667,1654781036548667,
300833b2ddd9014000030002,1,1,128,-49,1654781036550332,1654781036550332,
300833b2ddd9014000030002,1,1,120,-49,1654781036554876,1654781036554876,
300833b2ddd9014000030009,1,1,2320,-45,1654781036556573,1654781036556573,
300833b2ddd9014000030008,1,1,3132,-45,1654781036557637,1654781036557637,
300833b2ddd9014000030001,1,1,1248,-49,1654781036559041,1654781036559041,
300833b2ddd9014000030001,1,1,1236,-49,1654781036589407,1654781036589407,
300833b2ddd9014000030008,1,1,3136,-44,1654781036591411,1654781036591411,
300833b2ddd9014000030009,1,1,2340,-44,1654781036593345,1654781036593345,
300833b2ddd9014000030002,1,1,140,-49,1654781036594429,1654781036594429,
300833b2ddd9014000030002,1,1,132,-50,1654781036597173,1654781036597173,
300833b2ddd9014000030008,1,1,3120,-44,1654781036598229,1654781036598229,
300833b2ddd9014000030009,1,1,2316,-45,1654781036600292,1654781036600292,
300833b2ddd9014000030001,1,1,1244,-49,1654781036602842,1654781036602842,
300833b2ddd9014000030001,1,1,1232,-49,1654781036638772,1654781036638772,
300833b2ddd9014000030009,1,1,2356,-45,1654781036640108,1654781036640108,
300833b2ddd9014000030002,1,1,120,-49,1654781036641647,1654781036641647,
300833b2ddd9014000030008,1,1,3148,-44,1654781036642730,1654781036642730,
300833b2ddd9014000030001,1,1,1232,-49,1654781036648387,1654781036648387,
300833b2ddd9014000030002,1,1,132,-50,1654781036650352,1654781036650352,
300833b2ddd9014000030009,1,1,2328,-44,1654781036651537,1654781036651537,
300833b2ddd9014000030008,1,1,3144,-44,1654781036652677,1654781036652677,
300833b2ddd9014000030008,1,1,3156,-44,1654781036683727,1654781036683727,
300833b2ddd9014000030001,1,1,1224,-49,1654781036685865,1654781036685865,
300833b2ddd9014000030002,1,1,160,-50,1654781036690842,1654781036690842,
300833b2ddd9014000030001,1,1,1244,-49,1654781036691929,1654781036691929,
300833b2ddd9014000030008,1,1,3144,-44,1654781036693448,1654781036693448,
300833b2ddd9014000030009,1,1,2320,-45,1654781036694518,1654781036694518,
300833b2ddd9014000030009,1,1,2328,-45,1654781036724618,1654781036724618,
300833b2ddd9014000030001,1,1,1224,-49,1654781036726527,1654781036726527,
300833b2ddd9014000030008,1,1,3168,-44,1654781036727594,1654781036727594,
300833b2ddd9014000030008,1,1,3156,-44,1654781036732009,1654781036732009,
300833b2ddd9014000030001,1,1,1216,-49,1654781036733589,1654781036733589,
300833b2ddd9014000030009,1,1,2324,-45,1654781036734789,1654781036734789,
300833b2ddd9014000030002,1,1,140,-49,1654781036736269,1654781036736269,
300833b2ddd9014000030009,1,1,2332,-45,1654781036766391,1654781036766391,
300833b2ddd9014000030008,1,1,3168,-44,1654781036767487,1654781036767487,
300833b2ddd9014000030001,1,1,1240,-49,1654781036769297,1654781036769297,
300833b2ddd9014000030002,1,1,136,-49,1654781036770367,1654781036770367,
300833b2ddd9014000030009,1,1,2332,-44,1654781036774555,1654781036774555,
300833b2ddd9014000030002,1,1,148,-49,1654781036776120,1654781036776120,
300833b2ddd9014000030008,1,1,3152,-44,1654781036777205,1654781036777205,
300833b2ddd9014000030001,1,1,1212,-49,1654781036778807,1654781036778807,
300833b2ddd9014000030002,1,1,160,-49,1654781036810384,1654781036810384,
300833b2ddd9014000030009,1,1,2320,-44,1654781036811441,1654781036811441,
300833b2ddd9014000030008,1,1,3148,-44,1654781036812509,1654781036812509,
300833b2ddd9014000030001,1,1,1212,-48,1654781036814049,1654781036814049,
300833b2ddd9014000030002,1,1,148,-49,1654781036818295,1654781036818295,
300833b2ddd9014000030009,1,1,2340,-44,1654781036819648,1654781036819648,
300833b2ddd9014000030008,1,1,3148,-44,1654781036820941,1654781036820941,
300833b2ddd9014000030001,1,1,1224,-49,1654781036823762,1654781036823762,
300833b2ddd9014000030008,1,1,3156,-44,1654781036853944,1654781036853944,
300833b2ddd9014000030002,1,1,156,-49,1654781036855880,1654781036855880,
300833b2ddd9014000030001,1,1,1224,-49,1654781036857025,1654781036857025,
300833b2ddd9014000030009,1,1,2336,-45,1654781036858094,1654781036858094,
300833b2ddd9014000030001,1,1,1216,-49,1654781036863970,1654781036863970,
300833b2ddd9014000030009,1,1,2324,-44,1654781036865506,1654781036865506,
300833b2ddd9014000030008,1,1,3156,-44,1654781036866602,1654781036866602,
300833b2ddd9014000030002,1,1,140,-49,1654781036867927,1654781036867927,
300833b2ddd9014000030002,1,1,148,-49,1654781036898261,1654781036898261,
300833b2ddd9014000030009,1,1,2332,-44,1654781036899784,1654781036899784,
300833b2ddd9014000030008,1,1,3156,-44,1654781036901614,1654781036901614,
300833b2ddd9014000030001,1,1,1232,-49,1654781036903327,1654781036903327,
300833b2ddd9014000030008,1,1,3144,-44,1654781036907376,1654781036907376,
300833b2ddd9014000030002,1,1,156,-50,1654781036908458,1654781036908458,
300833b2ddd9014000030009,1,1,2348,-45,1654781036909543,1654781036909543,
300833b2ddd9014000030001,1,1,1212,-49,1654781036911140,1654781036911140,
300833b2ddd9014000030009,1,1,2336,-45,1654781036942560,1654781036942560,
300833b2ddd9014000030008,1,1,3160,-44,1654781036943668,1654781036943668,
300833b2ddd9014000030002,1,1,144,-49,1654781036945010,1654781036945010,
300833b2ddd9014000030001,1,1,1212,-48,1654781036947433,1654781036947433,
300833b2ddd9014000030001,1,1,1208,-49,1654781036951179,1654781036951179,
300833b2ddd9014000030002,1,1,136,-50,1654781036952293,1654781036952293,
300833b2ddd9014000030009,1,1,2336,-44,1654781036953871,1654781036953871,
300833b2ddd9014000030008,1,1,3168,-44,1654781036954910,1654781036954910,
300833b2ddd9014000030001,1,1,1200,-48,1654781036987391,1654781036987391,
300833b2ddd9014000030009,1,1,2320,-44,1654781036988507,1654781036988507,
300833b2ddd9014000030009,1,1,2344,-44,1654781036993948,1654781036993948,
300833b2ddd9014000030008,1,1,3164,-44,1654781036996734,1654781036996734,
300833b2ddd9014000030001,1,1,1220,-48,1654781036997778,1654781036997778,
300833b2ddd9014000030002,1,1,172,-50,1654781036999005,1654781036999005,
300833b2ddd9014000030001,1,1,1228,-48,1654781037058028,1654781037058028,
300833b2ddd9014000030009,1,1,2340,-44,1654781037059085,1654781037059085,
300833b2ddd9014000030002,1,1,160,-49,1654781037061529,1654781037061529,
300833b2ddd9014000030002,1,1,160,-50,1654781037065514,1654781037065514,
300833b2ddd9014000030009,1,1,2328,-45,1654781037066570,1654781037066570,
300833b2ddd9014000030008,1,1,3172,-45,1654781037067737,1654781037067737,
300833b2ddd9014000030001,1,1,1196,-49,1654781037068838,1654781037068838,
300833b2ddd9014000030001,1,1,1184,-49,1654781037101928,1654781037101928,
300833b2ddd9014000030009,1,1,2340,-44,1654781037102997,1654781037102997,
300833b2ddd9014000030002,1,1,164,-50,1654781037104066,1654781037104066,
300833b2ddd9014000030008,1,1,3160,-44,1654781037105425,1654781037105425,
300833b2ddd9014000030001,1,1,1212,-49,1654781037110255,1654781037110255,
300833b2ddd9014000030008,1,1,3168,-44,1654781037111534,1654781037111534,
300833b2ddd9014000030009,1,1,2336,-44,1654781037114010,1654781037114010,
300833b2ddd9014000030002,1,1,172,-50,1654781037115530,1654781037115530,
300833b2ddd9014000030009,1,1,2332,-44,1654781037146438,1654781037146438,
300833b2ddd9014000030001,1,1,1204,-48,1654781037147779,1654781037147779,
300833b2ddd9014000030002,1,1,164,-50,1654781037150516,1654781037150516,
300833b2ddd9014000030008,1,1,3156,-44,1654781037154329,1654781037154329,
300833b2ddd9014000030009,1,1,2324,-44,1654781037155854,1654781037155854,
300833b2ddd9014000030002,1,1,180,-50,1654781037156937,1654781037156937,
300833b2ddd9014000030001,1,1,1224,-49,1654781037158293,1654781037158293,
300833b2ddd9014000030008,1,1,3128,-44,1654781037189873,1654781037189873,
300833b2ddd9014000030009,1,1,2324,-45,1654781037191185,1654781037191185,
300833b2ddd9014000030002,1,1,140,-50,1654781037193838,1654781037193838,
300833b2ddd9014000030001,1,1,1200,-49,1654781037195179,1654781037195179,
300833b2ddd9014000030001,1,1,1216,-49,1654781037198865,1654781037198865,
300833b2ddd9014000030009,1,1,2324,-45,1654781037200163,1654781037200163,
300833b2ddd9014000030002,1,1,140,-50,1654781037201288,1654781037201288,
300833b2ddd9014000030008,1,1,3152,-45,1654781037202370,1654781037202370,
300833b2ddd9014000030008,1,1,3152,-45,1654781037234469,1654781037234469,
300833b2ddd9014000030001,1,1,1220,-49,1654781037235613,1654781037235613,
300833b2ddd9014000030009,1,1,2352,-44,1654781037236710,1654781037236710,
300833b2ddd9014000030002,1,1,140,-49,1654781037239142,1654781037239142,
300833b2ddd9014000030008,1,1,3152,-44,1654781037242768,1654781037242768,
300833b2ddd9014000030001,1,1,1228,-49,1654781037244352,1654781037244352,
300833b2ddd9014000030002,1,1,124,-50,1654781037245648,1654781037245648,
300833b2ddd9014000030009,1,1,2324,-44,1654781037246945,1654781037246945,
300833b2ddd9014000030008,1,1,3140,-44,1654781037278402,1654781037278402,
300833b2ddd9014000030009,1,1,2320,-44,1654781037280042,1654781037280042,
300833b2ddd9014000030001,1,1,1232,-49,1654781037281397,1654781037281397,
300833b2ddd9014000030002,1,1,148,-50,1654781037282478,1654781037282478,
300833b2ddd9014000030001,1,1,1260,-49,1654781037285855,1654781037285855,
300833b2ddd9014000030009,1,1,2336,-45,1654781037287165,1654781037287165,
300833b2ddd9014000030002,1,1,148,-49,1654781037288759,1654781037288759,
300833b2ddd9014000030008,1,1,3172,-44,1654781037290098,1654781037290098,
300833b2ddd9014000030008,1,1,3188,-44,1654781037321315,1654781037321315,
300833b2ddd9014000030001,1,1,1228,-49,1654781037322414,1654781037322414,
300833b2ddd9014000030009,1,1,2332,-44,1654781037323560,1654781037323560,
300833b2ddd9014000030002,1,1,136,-49,1654781037324855,1654781037324855,
300833b2ddd9014000030002,1,1,148,-49,1654781037329800,1654781037329800,
300833b2ddd9014000030009,1,1,2336,-44,1654781037331398,1654781037331398,
300833b2ddd9014000030008,1,1,3192,-44,1654781037332495,1654781037332495,
300833b2ddd9014000030001,1,1,1244,-48,1654781037333568,1654781037333568,
300833b2ddd9014000030009,1,1,2360,-44,1654781037365677,1654781037365677,
300833b2ddd9014000030002,1,1,132,-49,1654781037368442,1654781037368442,
300833b2ddd9014000030008,1,1,3188,-44,1654781037369991,1654781037369991,
300833b2ddd9014000030001,1,1,1224,-49,1654781037371575,1654781037371575,
300833b2ddd9014000030002,1,1,136,-49,1654781037381471,1654781037381471,
300833b2ddd9014000030008,1,1,3196,-44,1654781037383077,1654781037383077,
300833b2ddd9014000030009,1,1,2348,-44,1654781037384390,1654781037384390,
300833b2ddd9014000030001,1,1,1232,-48,1654781037386089,1654781037386089,
300833b2ddd9014000030002,1,1,152,-49,1654781037418507,1654781037418507,
300833b2ddd9014000030001,1,1,1216,-49,1654781037420490,1654781037420490,
300833b2ddd9014000030009,1,1,2352,-44,1654781037421845,1654781037421845,
300833b2ddd9014000030008,1,1,3192,-44,1654781037422940,1654781037422940,
300833b2ddd9014000030008,1,1,3192,-44,1654781037426317,1654781037426317,
300833b2ddd9014000030009,1,1,2344,-44,1654781037427643,1654781037427643,
300833b2ddd9014000030002,1,1,136,-49,1654781037428954,1654781037428954,
300833b2ddd9014000030001,1,1,1232,-49,1654781037430040,1654781037430040,
300833b2ddd9014000030001,1,1,1240,-49,1654781037461749,1654781037461749,
300833b2ddd9014000030008,1,1,3184,-44,1654781037464262,1654781037464262,
300833b2ddd9014000030009,1,1,2352,-44,1654781037465995,1654781037465995,
300833b2ddd9014000030002,1,1,140,-49,1654781037467179,1654781037467179,
300833b2ddd9014000030002,1,1,140,-49,1654781037474935,1654781037474935,
300833b2ddd9014000030009,1,1,2356,-44,1654781037476020,1654781037476020,
300833b2ddd9014000030008,1,1,3184,-44,1654781037477557,1654781037477557,
300833b2ddd9014000030001,1,1,1248,-49,1654781037479830,1654781037479830,
300833b2ddd9014000030009,1,1,2348,-44,1654781037513756,1654781037513756,
300833b2ddd9014000030002,1,1,156,-49,1654781037515449,1654781037515449,
300833b2ddd9014000030008,1,1,3184,-44,1654781037516818,1654781037516818,
300833b2ddd9014000030001,1,1,1228,-49,1654781037518502,1654781037518502,
300833b2ddd9014000030008,1,1,3192,-44,1654781037522393,1654781037522393,
300833b2ddd9014000030009,1,1,2360,-44,1654781037523705,1654781037523705,
300833b2ddd9014000030002,1,1,140,-49,1654781037524803,1654781037524803,
300833b2ddd9014000030001,1,1,1240,-49,1654781037526242,1654781037526242,
300833b2ddd9014000030001,1,1,1232,-49,1654781037556269,1654781037556269,
300833b2ddd9014000030008,1,1,3192,-44,1654781037557621,1654781037557621,
300833b2ddd9014000030002,1,1,160,-49,1654781037558960,1654781037558960,
300833b2ddd9014000030009,1,1,2344,-44,1654781037560060,1654781037560060,
300833b2ddd9014000030002,1,1,120,-49,1654781037565054,1654781037565054,
300833b2ddd9014000030009,1,1,2332,-44,1654781037566706,1654781037566706,
300833b2ddd9014000030008,1,1,3188,-44,1654781037567775,1654781037567775,
300833b2ddd9014000030001,1,1,1220,-49,1654781037568920,1654781037568920,
300833b2ddd9014000030008,1,1,3188,-44,1654781037604416,1654781037604416,
300833b2ddd9014000030009,1,1,2348,-44,1654781037605648,1654781037605648,
300833b2ddd9014000030002,1,1,128,-49,1654781037610363,1654781037610363,
300833b2ddd9014000030001,1,1,1236,-49,1654781037611436,1654781037611436,
300833b2ddd9014000030009,1,1,2364,-44,1654781037615905,1654781037615905,
300833b2ddd9014000030001,1,1,1232,-49,1654781037617192,1654781037617192,
300833b2ddd9014000030008,1,1,3184,-44,1654781037618529,1654781037618529,
300833b2ddd9014000030002,1,1,152,-49,1654781037619598,1654781037619598,
300833b2ddd9014000030009,1,1,2348,-44,1654781037650803,1654781037650803,
300833b2ddd9014000030008,1,1,3188,-44,1654781037652774,1654781037652774,
300833b2ddd9014000030001,1,1,1240,-49,1654781037654753,1654781037654753,
300833b2ddd9014000030002,1,1,152,-49,1654781037655836,1654781037655836,
300833b2ddd9014000030009,1,1,2360,-44,1654781037658887,1654781037658887,
300833b2ddd9014000030002,1,1,140,-49,1654781037659970,1654781037659970,
300833b2ddd9014000030001,1,1,1232,-49,1654781037661283,1654781037661283,
300833b2ddd9014000030008,1,1,3172,-44,1654781037662340,1654781037662340,
300833b2ddd9014000030009,1,1,2344,-44,1654781037694625,1654781037694625,
300833b2ddd9014000030008,1,1,3200,-44,1654781037696305,1654781037696305,
300833b2ddd9014000030001,1,1,1256,-49,1654781037697436,1654781037697436,
300833b2ddd9014000030002,1,1,140,-49,1654781037698889,1654781037698889,
300833b2ddd9014000030009,1,1,2356,-45,1654781037702327,1654781037702327,
300833b2ddd9014000030008,1,1,3192,-44,1654781037704655,1654781037704655,
300833b2ddd9014000030002,1,1,140,-49,1654781037705740,1654781037705740,
300833b2ddd9014000030001,1,1,1232,-49,1654781037706928,1654781037706928,
300833b2ddd9014000030002,1,1,108,-49,1654781037736664,1654781037736664,
300833b2ddd9014000030008,1,1,3184,-44,1654781037738214,1654781037738214,
300833b2ddd9014000030001,1,1,1252,-49,1654781037739244,1654781037739244,
300833b2ddd9014000030009,1,1,2344,-44,1654781037741718,1654781037741718,
300833b2ddd9014000030008,1,1,3188,-44,1654781037745419,1654781037745419,
300833b2ddd9014000030001,1,1,1232,-49,1654781037746506,1654781037746506,
300833b2ddd9014000030009,1,1,2348,-44,1654781037748116,1654781037748116,
300833b2ddd9014000030002,1,1,120,-49,1654781037750306,1654781037750306,
300833b2ddd9014000030009,1,1,2344,-44,1654781037781397,1654781037781397,
300833b2ddd9014000030001,1,1,1244,-49,1654781037782722,1654781037782722,
300833b2ddd9014000030008,1,1,3176,-44,1654781037783825,1654781037783825,
300833b2ddd9014000030002,1,1,120,-49,1654781037784908,1654781037784908,
300833b2ddd9014000030008,1,1,3188,-44,1654781037790158,1654781037790158,
300833b2ddd9014000030009,1,1,2352,-45,1654781037791613,1654781037791613,
300833b2ddd9014000030001,1,1,1248,-49,1654781037792941,1654781037792941,
300833b2ddd9014000030002,1,1,136,-49,1654781037794398,1654781037794398,
300833b2ddd9014000030001,1,1,1248,-49,1654781037825014,1654781037825014,
300833b2ddd9014000030009,1,1,2348,-44,1654781037826725,1654781037826725,
300833b2ddd9014000030008,1,1,3208,-44,1654781037827793,1654781037827793,
300833b2ddd9014000030002,1,1,136,-49,1654781037828920,1654781037828920,
300833b2ddd9014000030001,1,1,1260,-49,1654781037832543,1654781037832543,
300833b2ddd9014000030008,1,1,3196,-44,1654781037833644,1654781037833644,
300833b2ddd9014000030009,1,1,2352,-44,1654781037834730,1654781037834730,
300833b2ddd9014000030002,1,1,152,-49,1654781037836084,1654781037836084,
300833b2ddd9014000030009,1,1,2352,-44,1654781037867721,1654781037867721,
300833b2ddd9014000030002,1,1,164,-49,1654781037870221,1654781037870221,
300833b2ddd9014000030008,1,1,3192,-44,1654781037871915,1654781037871915,
300833b2ddd9014000030001,1,1,1232,-49,1654781037873190,1654781037873190,
300833b2ddd9014000030001,1,1,1244,-49,1654781037876441,1654781037876441,
300833b2ddd9014000030002,1,1,148,-49,1654781037877922,1654781037877922,
300833b2ddd9014000030008,1,1,3192,-44,1654781037878978,1654781037878978,
300833b2ddd9014000030009,1,1,2360,-44,1654781037880320,1654781037880320,
300833b2ddd9014000030008,1,1,3192,-44,1654781037911826,1654781037911826,
300833b2ddd9014000030002,1,1,132,-49,1654781037912956,1654781037912956,
300833b2ddd9014000030001,1,1,1236,-49,1654781037914044,1654781037914044,
300833b2ddd9014000030009,1,1,2344,-44,1654781037915145,1654781037915145,
300833b2ddd9014000030008,1,1,3180,-44,1654781037919251,1654781037919251,
300833b2ddd9014000030001,1,1,1232,-49,1654781037920452,1654781037920452,
300833b2ddd9014000030009,1,1,2344,-44,1654781037921777,1654781037921777,
300833b2ddd9014000030002,1,1,124,-49,1654781037923515,1654781037923515,
300833b2ddd9014000030008,1,1,3184,-44,1654781037954595,1654781037954595,
300833b2ddd9014000030001,1,1,1248,-49,1654781037955683,1654781037955683,
300833b2ddd9014000030009,1,1,2340,-44,1654781037956769,1654781037956769,
300833b2ddd9014000030002,1,1,132,-49,1654781037957937,1654781037957937,
300833b2ddd9014000030008,1,1,3172,-44,1654781037961740,1654781037961740,
300833b2ddd9014000030009,1,1,2336,-44,1654781037962926,1654781037962926,
300833b2ddd9014000030001,1,1,1256,-49,1654781037964041,1654781037964041,
300833b2ddd9014000030002,1,1,120,-49,1654781037965679,1654781037965679,
300833b2ddd9014000030009,1,1,2348,-44,1654781037996113,1654781037996113,
300833b2ddd9014000030001,1,1,1248,-49,1654781037997809,1654781037997809,
300833b2ddd9014000030002,1,1,120,-49,1654781037998896,1654781037998896,
300833b2ddd9014000030008,1,1,3180,-44,1654781037999995,1654781037999995,
300833b2ddd9014000030008,1,1,3184,-44,1654781038003364,1654781038003364,
300833b2ddd9014000030001,1,1,1276,-49,1654781038004482,1654781038004482,
300833b2ddd9014000030002,1,1,152,-49,1654781038007156,1654781038007156,
300833b2ddd9014000030009,1,1,2352,-44,1654781038008496,1654781038008496,
300833b2ddd9014000030001,1,1,1256,-49,1654781038039602,1654781038039602,
300833b2ddd9014000030002,1,1,116,-49,1654781038040713,1654781038040713,
300833b2ddd9014000030008,1,1,3184,-44,1654781038042009,1654781038042009,
300833b2ddd9014000030009,1,1,2336,-45,1654781038043122,1654781038043122,
300833b2ddd9014000030009,1,1,2344,-45,1654781038047878,1654781038047878,
300833b2ddd9014000030008,1,1,3172,-44,1654781038049185,1654781038049185,
300833b2ddd9014000030002,1,1,116,-49,1654781038051549,1654781038051549,
300833b2ddd9014000030001,1,1,1256,-49,1654781038053161,1654781038053161,
300833b2ddd9014000030001,1,1,1260,-49,1654781038084248,1654781038084248,
300833b2ddd9014000030002,1,1,124,-48,1654781038085475,1654781038085475,
300833b2ddd9014000030008,1,1,3180,-44,1654781038088504,1654781038088504,
300833b2ddd9014000030009,1,1,2336,-45,1654781038089977,1654781038089977,
300833b2ddd9014000030009,1,1,2336,-45,1654781038092813,1654781038092813,
300833b2ddd9014000030008,1,1,3164,-44,1654781038095230,1654781038095230,
300833b2ddd9014000030001,1,1,1244,-49,1654781038096346,1654781038096346,
300833b2ddd9014000030002,1,1,136,-49,1654781038097586,1654781038097586,
300833b2ddd9014000030008,1,1,3176,-44,1654781038128347,1654781038128347,
300833b2ddd9014000030002,1,1,124,-49,1654781038129588,1654781038129588,
300833b2ddd9014000030009,1,1,2336,-44,1654781038130658,1654781038130658,
300833b2ddd9014000030001,1,1,1240,-49,1654781038131732,1654781038131732,
300833b2ddd9014000030001,1,1,1252,-49,1654781038135353,1654781038135353,
300833b2ddd9014000030009,1,1,2332,-45,1654781038136410,1654781038136410,
300833b2ddd9014000030002,1,1,124,-49,1654781038138200,1654781038138200,
300833b2ddd9014000030008,1,1,3164,-44,1654781038139510,1654781038139510,
300833b2ddd9014000030001,1,1,1236,-49,1654781038170730,1654781038170730,
300833b2ddd9014000030009,1,1,2332,-44,1654781038172084,1654781038172084,
300833b2ddd9014000030002,1,1,128,-49,1654781038173152,1654781038173152,
300833b2ddd9014000030008,1,1,3168,-44,1654781038174220,1654781038174220,
300833b2ddd9014000030001,1,1,1248,-49,1654781038180343,1654781038180343,
300833b2ddd9014000030008,1,1,3148,-44,1654781038181730,1654781038181730,
300833b2ddd9014000030009,1,1,2336,-44,1654781038183213,1654781038183213,
300833b2ddd9014000030002,1,1,136,-49,1654781038184696,1654781038184696,
300833b2ddd9014000030009,1,1,2344,-44,1654781038214461,1654781038214461,
300833b2ddd9014000030002,1,1,128,-49,1654781038215529,1654781038215529,
300833b2ddd9014000030008,1,1,3176,-44,1654781038218364,1654781038218364,
300833b2ddd9014000030001,1,1,1236,-49,1654781038220656,1654781038220656,
300833b2ddd9014000030008,1,1,3168,-44,1654781038224239,1654781038224239,
300833b2ddd9014000030001,1,1,1244,-49,1654781038225440,1654781038225440,
300833b2ddd9014000030009,1,1,2332,-44,1654781038226538,1654781038226538,
300833b2ddd9014000030002,1,1,132,-49,1654781038228427,1654781038228427,
300833b2ddd9014000030008,1,1,3156,-44,1654781038258628,1654781038258628,
300833b2ddd9014000030009,1,1,2348,-45,1654781038260499,1654781038260499,
300833b2ddd9014000030001,1,1,1220,-49,1654781038262169,1654781038262169,
300833b2ddd9014000030002,1,1,124,-49,1654781038263210,1654781038263210,
300833b2ddd9014000030002,1,1,128,-49,1654781038266206,1654781038266206,
300833b2ddd9014000030001,1,1,1228,-49,1654781038267308,1654781038267308,
300833b2ddd9014000030009,1,1,2340,-44,1654781038268833,1654781038268833,
300833b2ddd9014000030008,1,1,3184,-44,1654781038270198,1654781038270198,
300833b2ddd9014000030008,1,1,3168,-44,1654781038302665,1654781038302665,
300833b2ddd9014000030002,1,1,136,-49,1654781038304120,1654781038304120,
300833b2ddd9014000030009,1,1,2340,-44,1654781038306007,1654781038306007,
300833b2ddd9014000030001,1,1,1224,-49,1654781038307992,1654781038307992,
300833b2ddd9014000030001,1,1,1224,-49,1654781038313261,1654781038313261,
300833b2ddd9014000030002,1,1,124,-49,1654781038315470,1654781038315470,
300833b2ddd9014000030008,1,1,3172,-45,1654781038316539,1654781038316539,
300833b2ddd9014000030009,1,1,2336,-45,1654781038317952,1654781038317952,
300833b2ddd9014000030002,1,1,128,-49,1654781038349413,1654781038349413,
300833b2ddd9014000030008,1,1,3168,-44,1654781038350482,1654781038350482,
300833b2ddd9014000030009,1,1,2332,-44,1654781038351808,1654781038351808,
300833b2ddd9014000030001,1,1,1224,-49,1654781038353850,1654781038353850,
300833b2ddd9014000030001,1,1,1216,-49,1654781038360676,1654781038360676,
300833b2ddd9014000030009,1,1,2348,-44,1654781038361989,1654781038361989,
300833b2ddd9014000030002,1,1,128,-49,1654781038363073,1654781038363073,
300833b2ddd9014000030008,1,1,3164,-44,1654781038364111,1654781038364111,
300833b2ddd9014000030001,1,1,1208,-49,1654781038395927,1654781038395927,
300833b2ddd9014000030008,1,1,3172,-44,1654781038397420,1654781038397420,
300833b2ddd9014000030002,1,1,124,-49,1654781038399016,1654781038399016,
300833b2ddd9014000030009,1,1,2348,-44,1654781038400114,1654781038400114,
300833b2ddd9014000030008,1,1,3172,-44,1654781038408624,1654781038408624,
300833b2ddd9014000030001,1,1,1196,-49,1654781038410310,1654781038410310,
300833b2ddd9014000030009,1,1,2340,-44,1654781038412101,1654781038412101,
300833b2ddd9014000030002,1,1,112,-49,1654781038413216,1654781038413216,
300833b2ddd9014000030009,1,1,2332,-45,1654781038443044,1654781038443044,
300833b2ddd9014000030002,1,1,144,-49,1654781038444340,1654781038444340,
300833b2ddd9014000030001,1,1,1224,-49,1654781038445955,1654781038445955,
300833b2ddd9014000030008,1,1,3184,-44,1654781038447281,1654781038447281,
300833b2ddd9014000030002,1,1,124,-49,1654781038451484,1654781038451484,
300833b2ddd9014000030001,1,1,1228,-49,1654781038453024,1654781038453024,
300833b2ddd9014000030008,1,1,3164,-45,1654781038454593,1654781038454593,
300833b2ddd9014000030009,1,1,2344,-44,1654781038455677,1654781038455677,
300833b2ddd9014000030002,1,1,124,-49,1654781038487270,1654781038487270,
300833b2ddd9014000030009,1,1,2324,-44,1654781038488947,1654781038488947,
300833b2ddd9014000030008,1,1,3184,-44,1654781038489998,1654781038489998,
300833b2ddd9014000030001,1,1,1224,-49,1654781038491075,1654781038491075,
300833b2ddd9014000030001,1,1,1240,-49,1654781038497114,1654781038497114,
300833b2ddd9014000030009,1,1,2336,-44,1654781038498425,1654781038498425,
300833b2ddd9014000030008,1,1,3180,-44,1654781038499508,1654781038499508,
300833b2ddd9014000030002,1,1,120,-49,1654781038500833,1654781038500833,
300833b2ddd9014000030009,1,1,2344,-45,1654781038534195,1654781038534195,
300833b2ddd9014000030002,1,1,148,-48,1654781038535776,1654781038535776,
300833b2ddd9014000030008,1,1,3144,-43,1654781038537131,1654781038537131,
300833b2ddd9014000030001,1,1,1116,-49,1654781038539818,1654781038539818,
300833b2ddd9014000030001,1,1,1196,-49,1654781038545330,1654781038545330,
300833b2ddd9014000030008,1,1,3176,-45,1654781038547320,1654781038547320,
300833b2ddd9014000030002,1,1,124,-49,1654781038548664,1654781038548664,
300833b2ddd9014000030009,1,1,2304,-44,1654781038549777,1654781038549777,
300833b2ddd9014000030002,1,1,148,-49,1654781038580063,1654781038580063,
300833b2ddd9014000030008,1,1,3164,-44,1654781038581132,1654781038581132,
300833b2ddd9014000030009,1,1,2332,-45,1654781038582727,1654781038582727,
300833b2ddd9014000030001,1,1,1220,-49,1654781038585735,1654781038585735,
300833b2ddd9014000030009,1,1,2324,-44,1654781038591686,1654781038591686,
300833b2ddd9014000030008,1,1,3152,-45,1654781038592768,1654781038592768,
300833b2ddd9014000030002,1,1,128,-49,1654781038593865,1654781038593865,
300833b2ddd9014000030001,1,1,1204,-49,1654781038595532,1654781038595532,
300833b2ddd9014000030001,1,1,1200,-49,1654781038625892,1654781038625892,
300833b2ddd9014000030009,1,1,2312,-45,1654781038627796,1654781038627796,
300833b2ddd9014000030008,1,1,3176,-45,1654781038628878,1654781038628878,
300833b2ddd9014000030002,1,1,144,-49,1654781038630118,1654781038630118,
300833b2ddd9014000030001,1,1,1208,-49,1654781038633291,1654781038633291,
300833b2ddd9014000030009,1,1,2332,-45,1654781038634390,1654781038634390,
300833b2ddd9014000030002,1,1,140,-50,1654781038635515,1654781038635515,
300833b2ddd9014000030008,1,1,3152,-44,1654781038637066,1654781038637066,
300833b2ddd9014000030009,1,1,2344,-45,1654781038668962,1654781038668962,
300833b2ddd9014000030008,1,1,3160,-45,1654781038670904,1654781038670904,
300833b2ddd9014000030002,1,1,120,-49,1654781038675003,1654781038675003,
300833b2ddd9014000030001,1,1,1192,-49,1654781038676132,1654781038676132,
300833b2ddd9014000030001,1,1,1212,-49,1654781038679110,1654781038679110,
300833b2ddd9014000030002,1,1,140,-49,1654781038680482,1654781038680482,
300833b2ddd9014000030008,1,1,3164,-45,1654781038681840,1654781038681840,
300833b2ddd9014000030009,1,1,2336,-44,1654781038682938,1654781038682938,