epc,atenda,atendanum,phase,RSS,timestamp,timestamp2,
300833b2ddd9014000030008,1,1,3036,-45,1654780754126100,1654780754126100,
300833b2ddd9014000030009,1,1,2244,-45,1654780754127527,1654780754127527,
300833b2ddd9014000030001,1,1,1104,-47,1654780754128898,1654780754128898,
300833b2ddd9014000030002,1,1,172,-50,1654780754130010,1654780754130010,
300833b2ddd9014000030001,1,1,1104,-47,1654780754133653,1654780754133653,
300833b2ddd9014000030009,1,1,2252,-45,1654780754134951,1654780754134951,
300833b2ddd9014000030008,1,1,3028,-46,1654780754136232,1654780754136232,
300833b2ddd9014000030002,1,1,204,-50,1654780754137544,1654780754137544,
300833b2ddd9014000030009,1,1,2252,-45,1654780754168733,1654780754168733,
300833b2ddd9014000030008,1,1,3024,-45,1654780754169829,1654780754169829,
300833b2ddd9014000030001,1,1,1132,-47,1654780754171159,1654780754171159,
300833b2ddd9014000030002,1,1,180,-50,1654780754172937,1654780754172937,
300833b2ddd9014000030008,1,1,3040,-45,1654780754177135,1654780754177135,
300833b2ddd9014000030009,1,1,2268,-45,1654780754178249,1654780754178249,
300833b2ddd9014000030001,1,1,1072,-47,1654780754182373,1654780754182373,
300833b2ddd9014000030002,1,1,184,-50,1654780754183540,1654780754183540,
300833b2ddd9014000030001,1,1,1120,-47,1654780754213288,1654780754213288,
300833b2ddd9014000030009,1,1,2244,-45,1654780754214374,1654780754214374,
300833b2ddd9014000030008,1,1,3032,-45,1654780754215926,1654780754215926,
300833b2ddd9014000030002,1,1,160,-50,1654780754217491,1654780754217491,
300833b2ddd9014000030001,1,1,1120,-47,1654780754222479,1654780754222479,
300833b2ddd9014000030002,1,1,164,-49,1654780754223706,1654780754223706,
300833b2ddd9014000030009,1,1,2260,-45,1654780754225696,1654780754225696,
300833b2ddd9014000030008,1,1,3036,-45,1654780754226776,1654780754226776,
300833b2ddd9014000030002,1,1,172,-49,1654780754256497,1654780754256497,
300833b2ddd9014000030009,1,1,2252,-45,1654780754257824,1654780754257824,
300833b2ddd9014000030001,1,1,1116,-47,1654780754258868,1654780754258868,
300833b2ddd9014000030008,1,1,3016,-45,1654780754260478,1654780754260478,
300833b2ddd9014000030009,1,1,2256,-45,1654780754265552,1654780754265552,
300833b2ddd9014000030002,1,1,180,-50,1654780754267049,1654780754267049,
300833b2ddd9014000030001,1,1,1112,-47,1654780754268137,1654780754268137,
300833b2ddd9014000030008,1,1,3028,-45,1654780754269220,1654780754269220,
300833b2ddd9014000030002,1,1,140,-49,1654780754299772,1654780754299772,
300833b2ddd9014000030001,1,1,1156,-47,1654780754301071,1654780754301071,
300833b2ddd9014000030008,1,1,3020,-45,1654780754302664,1654780754302664,
300833b2ddd9014000030009,1,1,2256,-45,1654780754303734,1654780754303734,
300833b2ddd9014000030008,1,1,3020,-45,1654780754308467,1654780754308467,
300833b2ddd9014000030009,1,1,2256,-45,1654780754310695,1654780754310695,
300833b2ddd9014000030001,1,1,1108,-47,1654780754313729,1654780754313729,
300833b2ddd9014000030002,1,1,136,-49,1654780754315056,1654780754315056,
300833b2ddd9014000030009,1,1,2300,-45,1654780754348819,1654780754348819,
300833b2ddd9014000030002,1,1,184,-50,1654780754350017,1654780754350017,
300833b2ddd9014000030001,1,1,1120,-47,1654780754351558,1654780754351558,
300833b2ddd9014000030008,1,1,3028,-45,1654780754355387,1654780754355387,
300833b2ddd9014000030001,1,1,1112,-47,1654780754356820,1654780754356820,
300833b2ddd9014000030002,1,1,184,-50,1654780754357889,1654780754357889,
300833b2ddd9014000030009,1,1,2288,-45,1654780754358984,1654780754358984,
300833b2ddd9014000030002,1,1,192,-50,1654780754389815,1654780754389815,
300833b2ddd9014000030009,1,1,2240,-45,1654780754390875,1654780754390875,
300833b2ddd9014000030001,1,1,1108,-47,1654780754392231,1654780754392231,
300833b2ddd9014000030002,1,1,152,-50,1654780754397622,1654780754397622,
300833b2ddd9014000030009,1,1,2256,-45,1654780754399031,1654780754399031,
300833b2ddd9014000030008,1,1,3044,-45,1654780754400327,1654780754400327,
300833b2ddd9014000030001,1,1,1128,-47,1654780754401769,1654780754401769,
300833b2ddd9014000030001,1,1,1140,-47,1654780754431777,1654780754431777,
300833b2ddd9014000030009,1,1,2256,-45,1654780754432878,1654780754432878,
300833b2ddd9014000030002,1,1,160,-50,1654780754433992,1654780754433992,
300833b2ddd9014000030009,1,1,2244,-45,1654780754439647,1654780754439647,
300833b2ddd9014000030001,1,1,1120,-47,1654780754443248,1654780754443248,
300833b2ddd9014000030001,1,1,1132,-47,1654780754474237,1654780754474237,
300833b2ddd9014000030009,1,1,2240,-45,1654780754476146,1654780754476146,
300833b2ddd9014000030009,1,1,2252,-45,1654780754480149,1654780754480149,
300833b2ddd9014000030008,1,1,3016,-45,1654780754481828,1654780754481828,
300833b2ddd9014000030001,1,1,1072,-47,1654780754482918,1654780754482918,
300833b2ddd9014000030002,1,1,148,-49,1654780754484228,1654780754484228,
300833b2ddd9014000030009,1,1,2272,-45,1654780754514685,1654780754514685,
300833b2ddd9014000030008,1,1,3032,-45,1654780754516411,1654780754516411,
300833b2ddd9014000030002,1,1,212,-50,1654780754517948,1654780754517948,
300833b2ddd9014000030001,1,1,1124,-47,1654780754519135,1654780754519135,
300833b2ddd9014000030001,1,1,1132,-47,1654780754522135,1654780754522135,
300833b2ddd9014000030008,1,1,3036,-45,1654780754523223,1654780754523223,
300833b2ddd9014000030009,1,1,2280,-45,1654780754524560,1654780754524560,
300833b2ddd9014000030002,1,1,180,-50,1654780754527803,1654780754527803,
300833b2ddd9014000030008,1,1,3020,-45,1654780754558300,1654780754558300,
300833b2ddd9014000030001,1,1,1132,-47,1654780754559502,1654780754559502,
300833b2ddd9014000030002,1,1,168,-50,1654780754560572,1654780754560572,
300833b2ddd9014000030009,1,1,2272,-45,1654780754561613,1654780754561613,
300833b2ddd9014000030009,1,1,2236,-45,1654780754569895,1654780754569895,
300833b2ddd9014000030002,1,1,188,-50,1654780754571005,1654780754571005,
300833b2ddd9014000030008,1,1,3044,-45,1654780754572089,1654780754572089,
300833b2ddd9014000030001,1,1,1116,-47,1654780754573758,1654780754573758,
300833b2ddd9014000030001,1,1,1112,-47,1654780754603516,1654780754603516,
300833b2ddd9014000030009,1,1,2244,-45,1654780754605513,1654780754605513,
300833b2ddd9014000030008,1,1,3040,-45,1654780754606595,1654780754606595,
300833b2ddd9014000030002,1,1,124,-50,1654780754607907,1654780754607907,
300833b2ddd9014000030002,1,1,184,-50,1654780754615394,1654780754615394,
300833b2ddd9014000030008,1,1,3040,-45,1654780754617578,1654780754617578,
300833b2ddd9014000030009,1,1,2264,-45,1654780754618664,1654780754618664,
300833b2ddd9014000030001,1,1,1116,-47,1654780754619938,1654780754619938,
300833b2ddd9014000030009,1,1,2272,-45,1654780754649649,1654780754649649,
300833b2ddd9014000030008,1,1,3016,-45,1654780754650706,1654780754650706,
300833b2ddd9014000030002,1,1,208,-50,1654780754651790,1654780754651790,
300833b2ddd9014000030001,1,1,1096,-47,1654780754654198,1654780754654198,
300833b2ddd9014000030009,1,1,2260,-45,1654780754659049,1654780754659049,
300833b2ddd9014000030002,1,1,200,-50,1654780754660695,1654780754660695,
300833b2ddd9014000030008,1,1,3024,-45,1654780754662122,1654780754662122,
300833b2ddd9014000030001,1,1,1104,-47,1654780754663182,1654780754663182,
300833b2ddd9014000030008,1,1,3036,-45,1654780754693227,1654780754693227,
300833b2ddd9014000030009,1,1,2260,-45,1654780754694540,1654780754694540,
300833b2ddd9014000030002,1,1,224,-50,1654780754695652,1654780754695652,
300833b2ddd9014000030001,1,1,1120,-47,1654780754696994,1654780754696994,
300833b2ddd9014000030002,1,1,216,-50,1654780754701497,1654780754701497,
300833b2ddd9014000030001,1,1,1100,-47,1654780754702868,1654780754702868,
300833b2ddd9014000030009,1,1,2232,-45,1654780754704691,1654780754704691,
300833b2ddd9014000030008,1,1,3044,-46,1654780754705744,1654780754705744,
300833b2ddd9014000030009,1,1,2256,-45,1654780754737453,1654780754737453,
300833b2ddd9014000030001,1,1,1104,-47,1654780754738569,1654780754738569,
300833b2ddd9014000030002,1,1,208,-50,1654780754740758,1654780754740758,
300833b2ddd9014000030008,1,1,3040,-45,1654780754742112,1654780754742112,
300833b2ddd9014000030002,1,1,180,-50,1654780754745727,1654780754745727,
300833b2ddd9014000030008,1,1,3032,-45,1654780754747051,1654780754747051,
300833b2ddd9014000030001,1,1,1092,-47,1654780754748166,1654780754748166,
300833b2ddd9014000030009,1,1,2268,-45,1654780754749430,1654780754749430,
300833b2ddd9014000030002,1,1,192,-50,1654780754808997,1654780754808997,
300833b2ddd9014000030008,1,1,3024,-45,1654780754810507,1654780754810507,
300833b2ddd9014000030009,1,1,2256,-45,1654780754812133,1654780754812133,
300833b2ddd9014000030009,1,1,2252,-45,1654780754815956,1654780754815956,
300833b2ddd9014000030002,1,1,200,-50,1654780754817423,1654780754817423,
300833b2ddd9014000030008,1,1,3056,-46,1654780754818718,1654780754818718,
300833b2ddd9014000030001,1,1,1100,-47,1654780754819878,1654780754819878,
300833b2ddd9014000030009,1,1,2228,-45,1654780754850408,1654780754850408,
300833b2ddd9014000030001,1,1,1088,-47,1654780754851677,1654780754851677,
300833b2ddd9014000030008,1,1,3040,-45,1654780754853028,1654780754853028,
300833b2ddd9014000030002,1,1,196,-50,1654780754854080,1654780754854080,
300833b2ddd9014000030009,1,1,2248,-45,1654780754859094,1654780754859094,
300833b2ddd9014000030002,1,1,192,-50,1654780754860134,1654780754860134,
300833b2ddd9014000030001,1,1,1096,-47,1654780754861193,1654780754861193,
300833b2ddd9014000030008,1,1,3056,-45,1654780754862261,1654780754862261,
300833b2ddd9014000030002,1,1,200,-50,1654780754894032,1654780754894032,
300833b2ddd9014000030001,1,1,1100,-47,1654780754895177,1654780754895177,
300833b2ddd9014000030009,1,1,2248,-45,1654780754896459,1654780754896459,
300833b2ddd9014000030008,1,1,3024,-45,1654780754897752,1654780754897752,
300833b2ddd9014000030001,1,1,1104,-47,1654780754902995,1654780754902995,
300833b2ddd9014000030008,1,1,3028,-45,1654780754904717,1654780754904717,
300833b2ddd9014000030009,1,1,2240,-45,1654780754906031,1654780754906031,
300833b2ddd9014000030002,1,1,188,-50,1654780754907511,1654780754907511,
300833b2ddd9014000030009,1,1,2252,-45,1654780754937772,1654780754937772,
300833b2ddd9014000030001,1,1,1088,-47,1654780754939029,1654780754939029,
300833b2ddd9014000030008,1,1,3024,-45,1654780754940339,1654780754940339,
300833b2ddd9014000030002,1,1,172,-50,1654780754941436,1654780754941436,
300833b2ddd9014000030009,1,1,2276,-45,1654780754945000,1654780754945000,
300833b2ddd9014000030001,1,1,1084,-47,1654780754946103,1654780754946103,
300833b2ddd9014000030008,1,1,3024,-45,1654780754947211,1654780754947211,
300833b2ddd9014000030002,1,1,204,-49,1654780754948948,1654780754948948,
300833b2ddd9014000030009,1,1,2280,-45,1654780754980041,1654780754980041,
300833b2ddd9014000030008,1,1,3052,-45,1654780754981606,1654780754981606,
300833b2ddd9014000030001,1,1,1128,-47,1654780754983449,1654780754983449,
300833b2ddd9014000030002,1,1,184,-49,1654780754985114,1654780754985114,
300833b2ddd9014000030002,1,1,172,-49,1654780754989922,1654780754989922,
300833b2ddd9014000030009,1,1,2264,-45,1654780754991021,1654780754991021,
300833b2ddd9014000030008,1,1,3028,-45,1654780754993894,1654780754993894,
300833b2ddd9014000030001,1,1,1116,-47,1654780754994939,1654780754994939,
300833b2ddd9014000030008,1,1,3036,-46,1654780755024718,1654780755024718,
300833b2ddd9014000030009,1,1,2284,-45,1654780755026643,1654780755026643,
300833b2ddd9014000030002,1,1,188,-50,1654780755027698,1654780755027698,
300833b2ddd9014000030001,1,1,1116,-47,1654780755029411,1654780755029411,
300833b2ddd9014000030002,1,1,172,-50,1654780755032481,1654780755032481,
300833b2ddd9014000030001,1,1,1120,-47,1654780755033568,1654780755033568,
300833b2ddd9014000030009,1,1,2276,-45,1654780755034710,1654780755034710,
300833b2ddd9014000030008,1,1,3040,-45,1654780755036032,1654780755036032,
300833b2ddd9014000030009,1,1,2276,-45,1654780755069079,1654780755069079,
300833b2ddd9014000030001,1,1,1112,-47,1654780755071018,1654780755071018,
300833b2ddd9014000030008,1,1,3044,-46,1654780755072101,1654780755072101,
300833b2ddd9014000030002,1,1,184,-49,1654780755073796,1654780755073796,
300833b2ddd9014000030009,1,1,2284,-45,1654780755076777,1654780755076777,
300833b2ddd9014000030008,1,1,3036,-45,1654780755078469,1654780755078469,
300833b2ddd9014000030001,1,1,1132,-47,1654780755079785,1654780755079785,
300833b2ddd9014000030002,1,1,196,-49,1654780755081495,1654780755081495,
300833b2ddd9014000030002,1,1,164,-50,1654780755338211,1654780755338211,
300833b2ddd9014000030009,1,1,2264,-45,1654780755339936,1654780755339936,
300833b2ddd9014000030008,1,1,3048,-46,1654780755342866,1654780755342866,
300833b2ddd9014000030001,1,1,1124,-47,1654780755343940,1654780755343940,
300833b2ddd9014000030008,1,1,3036,-46,1654780755349355,1654780755349355,
300833b2ddd9014000030002,1,1,208,-49,1654780755350652,1654780755350652,
300833b2ddd9014000030009,1,1,2284,-45,1654780755352488,1654780755352488,
300833b2ddd9014000030001,1,1,1120,-47,1654780755354783,1654780755354783,
300833b2ddd9014000030001,1,1,1120,-47,1654780755384804,1654780755384804,
300833b2ddd9014000030008,1,1,3040,-46,1654780755385932,1654780755385932,
300833b2ddd9014000030009,1,1,2276,-45,1654780755387766,1654780755387766,
300833b2ddd9014000030002,1,1,176,-50,1654780755388865,1654780755388865,
300833b2ddd9014000030008,1,1,3048,-46,1654780755394435,1654780755394435,
300833b2ddd9014000030001,1,1,1140,-47,1654780755395778,1654780755395778,
300833b2ddd9014000030002,1,1,188,-50,1654780755396844,1654780755396844,
300833b2ddd9014000030009,1,1,2272,-45,1654780755398626,1654780755398626,
300833b2ddd9014000030008,1,1,3048,-45,1654780755435035,1654780755435035,
300833b2ddd9014000030009,1,1,2288,-45,1654780755436561,1654780755436561,
300833b2ddd9014000030001,1,1,1120,-47,1654780755437819,1654780755437819,
300833b2ddd9014000030002,1,1,172,-50,1654780755438932,1654780755438932,
300833b2ddd9014000030009,1,1,2288,-45,1654780755441934,1654780755441934,
300833b2ddd9014000030008,1,1,3032,-45,1654780755442988,1654780755442988,
300833b2ddd9014000030001,1,1,1116,-47,1654780755444547,1654780755444547,
300833b2ddd9014000030002,1,1,196,-50,1654780755446240,1654780755446240,
300833b2ddd9014000030001,1,1,1152,-47,1654780755477973,1654780755477973,
300833b2ddd9014000030008,1,1,3016,-46,1654780755480037,1654780755480037,
300833b2ddd9014000030002,1,1,184,-50,1654780755481135,1654780755481135,
300833b2ddd9014000030001,1,1,1132,-47,1654780755483856,1654780755483856,
300833b2ddd9014000030008,1,1,3040,-45,1654780755485409,1654780755485409,
300833b2ddd9014000030009,1,1,2268,-45,1654780755486522,1654780755486522,
300833b2ddd9014000030002,1,1,176,-50,1654780755488487,1654780755488487,
300833b2ddd9014000030002,1,1,204,-50,1654780755519820,1654780755519820,
300833b2ddd9014000030008,1,1,3028,-45,1654780755520918,1654780755520918,
300833b2ddd9014000030009,1,1,2272,-45,1654780755522770,1654780755522770,
300833b2ddd9014000030001,1,1,1132,-47,1654780755523857,1654780755523857,
300833b2ddd9014000030001,1,1,1120,-47,1654780755528062,1654780755528062,
300833b2ddd9014000030002,1,1,204,-50,1654780755529372,1654780755529372,
300833b2ddd9014000030009,1,1,2284,-45,1654780755530995,1654780755530995,
300833b2ddd9014000030008,1,1,3032,-45,1654780755532290,1654780755532290,
300833b2ddd9014000030009,1,1,2268,-45,1654780755563729,1654780755563729,
300833b2ddd9014000030001,1,1,1116,-47,1654780755565029,1654780755565029,
300833b2ddd9014000030008,1,1,3032,-45,1654780755566141,1654780755566141,
300833b2ddd9014000030002,1,1,196,-50,1654780755567747,1654780755567747,
300833b2ddd9014000030008,1,1,3032,-45,1654780755572422,1654780755572422,
300833b2ddd9014000030001,1,1,1116,-47,1654780755573468,1654780755573468,
300833b2ddd9014000030002,1,1,188,-50,1654780755574580,1654780755574580,
300833b2ddd9014000030009,1,1,2264,-45,1654780755575665,1654780755575665,
300833b2ddd9014000030008,1,1,3032,-45,1654780755607843,1654780755607843,
300833b2ddd9014000030009,1,1,2276,-45,1654780755609271,1654780755609271,
300833b2ddd9014000030001,1,1,1120,-47,1654780755610854,1654780755610854,
300833b2ddd9014000030002,1,1,192,-50,1654780755612109,1654780755612109,
300833b2ddd9014000030008,1,1,3028,-46,1654780755615094,1654780755615094,
300833b2ddd9014000030009,1,1,2272,-45,1654780755616183,1654780755616183,
300833b2ddd9014000030001,1,1,1124,-47,1654780755617536,1654780755617536,
300833b2ddd9014000030002,1,1,184,-50,1654780755620795,1654780755620795,
300833b2ddd9014000030001,1,1,1128,-47,1654780755652220,1654780755652220,
300833b2ddd9014000030008,1,1,3024,-46,1654780755655154,1654780755655154,
300833b2ddd9014000030009,1,1,2288,-45,1654780755658107,1654780755658107,
300833b2ddd9014000030002,1,1,184,-50,1654780755660028,1654780755660028,
300833b2ddd9014000030001,1,1,1092,-47,1654780755667268,1654780755667268,
300833b2ddd9014000030002,1,1,212,-50,1654780755668321,1654780755668321,
300833b2ddd9014000030008,1,1,3036,-45,1654780755669647,1654780755669647,
300833b2ddd9014000030009,1,1,2268,-45,1654780755670775,1654780755670775,
300833b2ddd9014000030009,1,1,2276,-45,1654780755702597,1654780755702597,
300833b2ddd9014000030008,1,1,3060,-45,1654780755703639,1654780755703639,
300833b2ddd9014000030002,1,1,196,-50,1654780755704721,1654780755704721,
300833b2ddd9014000030001,1,1,1100,-47,1654780755706092,1654780755706092,
300833b2ddd9014000030001,1,1,1104,-47,1654780755711095,1654780755711095,
300833b2ddd9014000030009,1,1,2276,-45,1654780755712536,1654780755712536,
300833b2ddd9014000030002,1,1,196,-50,1654780755713633,1654780755713633,
300833b2ddd9014000030008,1,1,3048,-45,1654780755714944,1654780755714944,
300833b2ddd9014000030002,1,1,188,-50,1654780756141657,1654780756141657,
300833b2ddd9014000030009,1,1,2420,-46,1654780756143591,1654780756143591,
300833b2ddd9014000030008,1,1,3012,-46,1654780756144718,1654780756144718,
300833b2ddd9014000030001,1,1,1216,-48,1654780756147387,1654780756147387,
300833b2ddd9014000030001,1,1,1212,-48,1654780756151713,1654780756151713,
300833b2ddd9014000030002,1,1,168,-50,1654780756153251,1654780756153251,
300833b2ddd9014000030008,1,1,3012,-46,1654780756155989,1654780756155989,
300833b2ddd9014000030009,1,1,2396,-46,1654780756157077,1654780756157077,
300833b2ddd9014000030001,1,1,1240,-47,1654780756189104,1654780756189104,
300833b2ddd9014000030002,1,1,156,-51,1654780756190557,1654780756190557,
300833b2ddd9014000030008,1,1,2992,-46,1654780756191669,1654780756191669,
300833b2ddd9014000030009,1,1,2400,-46,1654780756192912,1654780756192912,
300833b2ddd9014000030008,1,1,3024,-46,1654780756196186,1654780756196186,
300833b2ddd9014000030002,1,1,204,-51,1654780756197227,1654780756197227,
300833b2ddd9014000030009,1,1,2364,-46,1654780756198354,1654780756198354,
300833b2ddd9014000030001,1,1,1248,-48,1654780756199639,1654780756199639,
300833b2ddd9014000030001,1,1,1264,-48,1654780756232238,1654780756232238,
300833b2ddd9014000030009,1,1,2352,-46,1654780756233310,1654780756233310,
300833b2ddd9014000030008,1,1,3028,-46,1654780756235433,1654780756235433,
300833b2ddd9014000030002,1,1,216,-51,1654780756236846,1654780756236846,
300833b2ddd9014000030002,1,1,180,-51,1654780756255455,1654780756255455,
300833b2ddd9014000030009,1,1,2316,-46,1654780756256811,1654780756256811,
300833b2ddd9014000030008,1,1,3036,-46,1654780756260109,1654780756260109,
300833b2ddd9014000030001,1,1,1292,-48,1654780756261407,1654780756261407,
300833b2ddd9014000030001,1,1,1300,-49,1654780756298217,1654780756298217,
300833b2ddd9014000030009,1,1,2352,-46,1654780756299914,1654780756299914,
300833b2ddd9014000030008,1,1,3100,-46,1654780756301010,1654780756301010,
300833b2ddd9014000030002,1,1,272,-51,1654780756302678,1654780756302678,
300833b2ddd9014000030009,1,1,2340,-46,1654780756305690,1654780756305690,
300833b2ddd9014000030008,1,1,3092,-46,1654780756306715,1654780756306715,
300833b2ddd9014000030002,1,1,244,-51,1654780756308294,1654780756308294,
300833b2ddd9014000030001,1,1,1304,-49,1654780756310270,1654780756310270,
300833b2ddd9014000030008,1,1,3108,-45,1654780756341289,1654780756341289,
300833b2ddd9014000030001,1,1,1264,-49,1654780756342334,1654780756342334,
300833b2ddd9014000030009,1,1,2316,-46,1654780756344637,1654780756344637,
300833b2ddd9014000030002,1,1,220,-51,1654780756346077,1654780756346077,
300833b2ddd9014000030002,1,1,276,-51,1654780756350671,1654780756350671,
300833b2ddd9014000030001,1,1,1244,-49,1654780756352740,1654780756352740,
300833b2ddd9014000030008,1,1,3108,-45,1654780756356251,1654780756356251,
300833b2ddd9014000030009,1,1,2352,-46,1654780756357349,1654780756357349,
300833b2ddd9014000030009,1,1,2284,-46,1654780756393794,1654780756393794,
300833b2ddd9014000030008,1,1,3116,-45,1654780756394976,1654780756394976,
300833b2ddd9014000030002,1,1,204,-50,1654780756396201,1654780756396201,
300833b2ddd9014000030001,1,1,1148,-49,1654780756397288,1654780756397288,
300833b2ddd9014000030009,1,1,2300,-46,1654780756404022,1654780756404022,
300833b2ddd9014000030001,1,1,1140,-49,1654780756405122,1654780756405122,
300833b2ddd9014000030008,1,1,3088,-45,1654780756406134,1654780756406134,
300833b2ddd9014000030002,1,1,200,-51,1654780756407559,1654780756407559,
300833b2ddd9014000030009,1,1,2284,-46,1654780756438278,1654780756438278,
300833b2ddd9014000030008,1,1,3080,-45,1654780756439461,1654780756439461,
300833b2ddd9014000030002,1,1,152,-50,1654780756442770,1654780756442770,
300833b2ddd9014000030001,1,1,1092,-48,1654780756443843,1654780756443843,
300833b2ddd9014000030001,1,1,1120,-48,1654780756447965,1654780756447965,
300833b2ddd9014000030002,1,1,136,-50,1654780756449063,1654780756449063,
300833b2ddd9014000030008,1,1,3076,-45,1654780756450091,1654780756450091,
300833b2ddd9014000030009,1,1,2276,-46,1654780756452592,1654780756452592,
300833b2ddd9014000030002,1,1,80,-51,1654780756489973,1654780756489973,
300833b2ddd9014000030001,1,1,1120,-48,1654780756491230,1654780756491230,
300833b2ddd9014000030009,1,1,2232,-46,1654780756492346,1654780756492346,
300833b2ddd9014000030008,1,1,3024,-45,1654780756493457,1654780756493457,
300833b2ddd9014000030008,1,1,3040,-45,1654780756497729,1654780756497729,
300833b2ddd9014000030009,1,1,2224,-46,1654780756499157,1654780756499157,
300833b2ddd9014000030001,1,1,1112,-48,1654780756500214,1654780756500214,
300833b2ddd9014000030002,1,1,84,-50,1654780756501696,1654780756501696,
300833b2ddd9014000030008,1,1,3032,-46,1654780756533250,1654780756533250,
300833b2ddd9014000030009,1,1,2236,-46,1654780756534589,1654780756534589,
300833b2ddd9014000030002,1,1,100,-50,1654780756535644,1654780756535644,
300833b2ddd9014000030001,1,1,1168,-48,1654780756538063,1654780756538063,
300833b2ddd9014000030002,1,1,84,-50,1654780756541963,1654780756541963,
300833b2ddd9014000030009,1,1,2244,-46,1654780756543063,1654780756543063,
300833b2ddd9014000030001,1,1,1184,-48,1654780756545760,1654780756545760,
300833b2ddd9014000030008,1,1,3056,-45,1654780756546845,1654780756546845,
300833b2ddd9014000030001,1,1,1200,-48,1654780756583665,1654780756583665,
300833b2ddd9014000030002,1,1,100,-50,1654780756584738,1654780756584738,
300833b2ddd9014000030008,1,1,3092,-45,1654780756585763,1654780756585763,
300833b2ddd9014000030009,1,1,2252,-46,1654780756587062,1654780756587062,
300833b2ddd9014000030009,1,1,2260,-46,1654780756592316,1654780756592316,
300833b2ddd9014000030008,1,1,3116,-46,1654780756594911,1654780756594911,
300833b2ddd9014000030001,1,1,1192,-48,1654780756596016,1654780756596016,
300833b2ddd9014000030002,1,1,116,-50,1654780756597301,1654780756597301,
300833b2ddd9014000030002,1,1,148,-50,1654780756627308,1654780756627308,
300833b2ddd9014000030001,1,1,1192,-48,1654780756629021,1654780756629021,
300833b2ddd9014000030008,1,1,3140,-46,1654780756630104,1654780756630104,
300833b2ddd9014000030009,1,1,2276,-45,1654780756631248,1654780756631248,
300833b2ddd9014000030009,1,1,2288,-45,1654780756635444,1654780756635444,
300833b2ddd9014000030002,1,1,176,-50,1654780756636558,1654780756636558,
300833b2ddd9014000030008,1,1,3152,-46,1654780756637628,1654780756637628,
300833b2ddd9014000030001,1,1,1180,-48,1654780756638954,1654780756638954,
300833b2ddd9014000030002,1,1,212,-50,1654780756672062,1654780756672062,
300833b2ddd9014000030009,1,1,2272,-44,1654780756673787,1654780756673787,
300833b2ddd9014000030008,1,1,3184,-46,1654780756675140,1654780756675140,
300833b2ddd9014000030001,1,1,1140,-47,1654780756676853,1654780756676853,
300833b2ddd9014000030009,1,1,2280,-45,1654780756679795,1654780756679795,
300833b2ddd9014000030008,1,1,3188,-46,1654780756680893,1654780756680893,
300833b2ddd9014000030002,1,1,212,-50,1654780756682488,1654780756682488,
300833b2ddd9014000030001,1,1,1144,-47,1654780756683816,1654780756683816,
300833b2ddd9014000030009,1,1,2288,-44,1654780756721051,1654780756721051,
300833b2ddd9014000030008,1,1,3192,-46,1654780756722160,1654780756722160,
300833b2ddd9014000030001,1,1,1116,-47,1654780756723732,1654780756723732,
300833b2ddd9014000030002,1,1,244,-50,1654780756725282,1654780756725282,
300833b2ddd9014000030001,1,1,1100,-47,1654780756729476,1654780756729476,
300833b2ddd9014000030008,1,1,3188,-46,1654780756731416,1654780756731416,
300833b2ddd9014000030002,1,1,240,-50,1654780756733419,1654780756733419,
300833b2ddd9014000030009,1,1,2292,-44,1654780756734433,1654780756734433,
300833b2ddd9014000030009,1,1,2300,-44,1654780756764826,1654780756764826,
300833b2ddd9014000030008,1,1,3176,-46,1654780756768026,1654780756768026,
300833b2ddd9014000030001,1,1,1120,-47,1654780756769139,1654780756769139,
300833b2ddd9014000030002,1,1,240,-50,1654780756770325,1654780756770325,
300833b2ddd9014000030008,1,1,3168,-46,1654780756775053,1654780756775053,
300833b2ddd9014000030001,1,1,1124,-47,1654780756776155,1654780756776155,
300833b2ddd9014000030009,1,1,2308,-44,1654780756777212,1654780756777212,
300833b2ddd9014000030002,1,1,252,-50,1654780756778423,1654780756778423,
300833b2ddd9014000030009,1,1,2324,-45,1654780756821871,1654780756821871,
300833b2ddd9014000030002,1,1,204,-50,1654780756822911,1654780756822911,
300833b2ddd9014000030001,1,1,1140,-47,1654780756824013,1654780756824013,
300833b2ddd9014000030008,1,1,3128,-46,1654780756825552,1654780756825552,
300833b2ddd9014000030009,1,1,2344,-44,1654780756830377,1654780756830377,
300833b2ddd9014000030002,1,1,196,-50,1654780756831476,1654780756831476,
300833b2ddd9014000030008,1,1,3128,-46,1654780756832814,1654780756832814,
300833b2ddd9014000030001,1,1,1144,-47,1654780756833915,1654780756833915,
300833b2ddd9014000030002,1,1,240,-49,1654780756868829,1654780756868829,
300833b2ddd9014000030009,1,1,2348,-45,1654780756870112,1654780756870112,
300833b2ddd9014000030008,1,1,3152,-45,1654780756872116,1654780756872116,
300833b2ddd9014000030001,1,1,1148,-48,1654780756874446,1654780756874446,
300833b2ddd9014000030001,1,1,1132,-48,1654780756882649,1654780756882649,
300833b2ddd9014000030008,1,1,3148,-45,1654780756883746,1654780756883746,
300833b2ddd9014000030009,1,1,2336,-44,1654780756884846,1654780756884846,
300833b2ddd9014000030002,1,1,260,-49,1654780756885900,1654780756885900,
300833b2ddd9014000030001,1,1,1168,-48,1654780756918589,1654780756918589,
300833b2ddd9014000030009,1,1,2364,-45,1654780756920861,1654780756920861,
300833b2ddd9014000030008,1,1,3172,-45,1654780756922173,1654780756922173,
300833b2ddd9014000030002,1,1,244,-49,1654780756923385,1654780756923385,
300833b2ddd9014000030009,1,1,2360,-44,1654780756926477,1654780756926477,
300833b2ddd9014000030002,1,1,280,-49,1654780756928409,1654780756928409,
300833b2ddd9014000030008,1,1,3168,-45,1654780756931058,1654780756931058,
300833b2ddd9014000030001,1,1,1180,-48,1654780756932291,1654780756932291,
300833b2ddd9014000030002,1,1,308,-49,1654780756968494,1654780756968494,
300833b2ddd9014000030001,1,1,1156,-48,1654780756969552,1654780756969552,
300833b2ddd9014000030009,1,1,2344,-45,1654780756970610,1654780756970610,
300833b2ddd9014000030008,1,1,3184,-44,1654780756971964,1654780756971964,
300833b2ddd9014000030009,1,1,2360,-45,1654780756977313,1654780756977313,
300833b2ddd9014000030008,1,1,3188,-44,1654780756979034,1654780756979034,
300833b2ddd9014000030001,1,1,1156,-48,1654780756980079,1654780756980079,
300833b2ddd9014000030002,1,1,296,-49,1654780756981432,1654780756981432,
300833b2ddd9014000030008,1,1,3204,-44,1654780757013864,1654780757013864,
300833b2ddd9014000030001,1,1,1140,-47,1654780757014969,1654780757014969,
300833b2ddd9014000030009,1,1,2352,-45,1654780757016039,1654780757016039,
300833b2ddd9014000030002,1,1,336,-49,1654780757017506,1654780757017506,
300833b2ddd9014000030001,1,1,1164,-47,1654780757021719,1654780757021719,
300833b2ddd9014000030002,1,1,344,-49,1654780757022744,1654780757022744,
300833b2ddd9014000030008,1,1,3200,-44,1654780757023816,1654780757023816,
300833b2ddd9014000030009,1,1,2344,-44,1654780757024987,1654780757024987,
300833b2ddd9014000030002,1,1,368,-49,1654780757055792,1654780757055792,
300833b2ddd9014000030008,1,1,3216,-44,1654780757057685,1654780757057685,
300833b2ddd9014000030009,1,1,2352,-44,1654780757059028,1654780757059028,
300833b2ddd9014000030001,1,1,1180,-47,1654780757060711,1654780757060711,
300833b2ddd9014000030008,1,1,3208,-44,1654780757064069,1654780757064069,
300833b2ddd9014000030001,1,1,1164,-47,1654780757065555,1654780757065555,
300833b2ddd9014000030009,1,1,2364,-44,1654780757066909,1654780757066909,
300833b2ddd9014000030002,1,1,356,-50,1654780757068604,1654780757068604,
300833b2ddd9014000030009,1,1,2348,-45,1654780757099119,1654780757099119,
300833b2ddd9014000030002,1,1,376,-49,1654780757100158,1654780757100158,
300833b2ddd9014000030001,1,1,1192,-47,1654780757101231,1654780757101231,
300833b2ddd9014000030008,1,1,3224,-44,1654780757103051,1654780757103051,
300833b2ddd9014000030001,1,1,1176,-47,1654780757107425,1654780757107425,
300833b2ddd9014000030008,1,1,3216,-44,1654780757108525,1654780757108525,
300833b2ddd9014000030009,1,1,2396,-45,1654780757110604,1654780757110604,
300833b2ddd9014000030002,1,1,380,-50,1654780757112527,1654780757112527,
300833b2ddd9014000030001,1,1,1188,-47,1654780757144176,1654780757144176,
300833b2ddd9014000030008,1,1,3224,-44,1654780757145231,1654780757145231,
300833b2ddd9014000030002,1,1,404,-50,1654780757146331,1654780757146331,
300833b2ddd9014000030009,1,1,2364,-45,1654780757147401,1654780757147401,
300833b2ddd9014000030001,1,1,1196,-47,1654780757150775,1654780757150775,
300833b2ddd9014000030009,1,1,2368,-45,1654780757151847,1654780757151847,
300833b2ddd9014000030008,1,1,3200,-44,1654780757152877,1654780757152877,
300833b2ddd9014000030002,1,1,404,-50,1654780757154923,1654780757154923,
300833b2ddd9014000030001,1,1,1204,-47,1654780757186285,1654780757186285,
300833b2ddd9014000030002,1,1,400,-50,1654780757187329,1654780757187329,
300833b2ddd9014000030008,1,1,3236,-44,1654780757188384,1654780757188384,
300833b2ddd9014000030009,1,1,2376,-44,1654780757190234,1654780757190234,
300833b2ddd9014000030002,1,1,408,-50,1654780757194443,1654780757194443,
300833b2ddd9014000030009,1,1,2360,-45,1654780757195797,1654780757195797,
300833b2ddd9014000030008,1,1,3232,-44,1654780757199777,1654780757199777,
300833b2ddd9014000030001,1,1,1192,-47,1654780757200951,1654780757200951,
300833b2ddd9014000030008,1,1,3232,-44,1654780757230835,1654780757230835,
300833b2ddd9014000030002,1,1,380,-50,1654780757232104,1654780757232104,
300833b2ddd9014000030001,1,1,1188,-47,1654780757234591,1654780757234591,
300833b2ddd9014000030009,1,1,2392,-45,1654780757236187,1654780757236187,
300833b2ddd9014000030009,1,1,2372,-45,1654780757239567,1654780757239567,
300833b2ddd9014000030002,1,1,392,-50,1654780757241795,1654780757241795,
300833b2ddd9014000030008,1,1,3216,-44,1654780757242849,1654780757242849,
300833b2ddd9014000030001,1,1,1204,-47,1654780757243950,1654780757243950,
300833b2ddd9014000030009,1,1,2380,-44,1654780757275738,1654780757275738,
300833b2ddd9014000030002,1,1,408,-50,1654780757276836,1654780757276836,
300833b2ddd9014000030008,1,1,3224,-44,1654780757277976,1654780757277976,
300833b2ddd9014000030001,1,1,1200,-47,1654780757279219,1654780757279219,
300833b2ddd9014000030008,1,1,3224,-44,1654780757282168,1654780757282168,
300833b2ddd9014000030002,1,1,396,-50,1654780757283238,1654780757283238,
300833b2ddd9014000030009,1,1,2348,-45,1654780757284577,1654780757284577,
300833b2ddd9014000030001,1,1,1196,-47,1654780757287012,1654780757287012,
300833b2ddd9014000030009,1,1,2388,-44,1654780757317869,1654780757317869,
300833b2ddd9014000030001,1,1,1216,-47,1654780757319453,1654780757319453,
300833b2ddd9014000030008,1,1,3248,-44,1654780757320580,1654780757320580,
300833b2ddd9014000030002,1,1,416,-50,1654780757322159,1654780757322159,
300833b2ddd9014000030002,1,1,412,-50,1654780757326882,1654780757326882,
300833b2ddd9014000030009,1,1,2356,-45,1654780757328393,1654780757328393,
300833b2ddd9014000030001,1,1,1224,-47,1654780757329706,1654780757329706,
300833b2ddd9014000030008,1,1,3224,-44,1654780757330791,1654780757330791,
300833b2ddd9014000030009,1,1,2360,-45,1654780757361181,1654780757361181,
300833b2ddd9014000030008,1,1,3240,-44,1654780757362222,1654780757362222,
300833b2ddd9014000030002,1,1,408,-50,1654780757364000,1654780757364000,
300833b2ddd9014000030001,1,1,1204,-47,1654780757365941,1654780757365941,
300833b2ddd9014000030009,1,1,2372,-44,1654780757369795,1654780757369795,
300833b2ddd9014000030008,1,1,3228,-44,1654780757371106,1654780757371106,
300833b2ddd9014000030001,1,1,1192,-47,1654780757373570,1654780757373570,
300833b2ddd9014000030002,1,1,400,-50,1654780757374853,1654780757374853,
300833b2ddd9014000030002,1,1,400,-50,1654780757405871,1654780757405871,
300833b2ddd9014000030008,1,1,3236,-44,1654780757407195,1654780757407195,
300833b2ddd9014000030001,1,1,1216,-47,1654780757408240,1654780757408240,
300833b2ddd9014000030009,1,1,2364,-45,1654780757409311,1654780757409311,
300833b2ddd9014000030009,1,1,2356,-44,1654780757414647,1654780757414647,
300833b2ddd9014000030002,1,1,400,-50,1654780757416115,1654780757416115,
300833b2ddd9014000030008,1,1,3236,-44,1654780757417210,1654780757417210,
300833b2ddd9014000030001,1,1,1188,-47,1654780757418328,1654780757418328,
300833b2ddd9014000030002,1,1,388,-50,1654780757449114,1654780757449114,
300833b2ddd9014000030009,1,1,2360,-45,1654780757450781,1654780757450781,
300833b2ddd9014000030008,1,1,3228,-44,1654780757452133,1654780757452133,
300833b2ddd9014000030001,1,1,1192,-47,1654780757453620,1654780757453620,
300833b2ddd9014000030008,1,1,3240,-44,1654780757456586,1654780757456586,
300833b2ddd9014000030001,1,1,1220,-47,1654780757457701,1654780757457701,
300833b2ddd9014000030009,1,1,2368,-45,1654780757459266,1654780757459266,
300833b2ddd9014000030002,1,1,424,-50,1654780757460589,1654780757460589,
300833b2ddd9014000030008,1,1,3244,-44,1654780757492048,1654780757492048,
300833b2ddd9014000030001,1,1,1212,-47,1654780757493658,1654780757493658,
300833b2ddd9014000030009,1,1,2372,-44,1654780757495436,1654780757495436,
300833b2ddd9014000030002,1,1,412,-50,1654780757496892,1654780757496892,
300833b2ddd9014000030009,1,1,2356,-45,1654780757501453,1654780757501453,
300833b2ddd9014000030008,1,1,3244,-44,1654780757502650,1654780757502650,
300833b2ddd9014000030002,1,1,408,-50,1654780757503707,1654780757503707,
300833b2ddd9014000030001,1,1,1196,-47,1654780757504821,1654780757504821,
300833b2ddd9014000030001,1,1,1200,-47,1654780757535700,1654780757535700,
300833b2ddd9014000030008,1,1,3252,-44,1654780757536781,1654780757536781,
300833b2ddd9014000030009,1,1,2352,-45,1654780757538622,1654780757538622,
300833b2ddd9014000030002,1,1,432,-50,1654780757540926,1654780757540926,
300833b2ddd9014000030001,1,1,1188,-47,1654780757544172,1654780757544172,
300833b2ddd9014000030009,1,1,2364,-45,1654780757545497,1654780757545497,
300833b2ddd9014000030008,1,1,3236,-44,1654780757546595,1654780757546595,
300833b2ddd9014000030002,1,1,416,-50,1654780757549654,1654780757549654,
300833b2ddd9014000030009,1,1,2364,-45,1654780757580152,1654780757580152,
300833b2ddd9014000030008,1,1,3264,-44,1654780757581351,1654780757581351,
300833b2ddd9014000030001,1,1,1232,-47,1654780757582382,1654780757582382,
300833b2ddd9014000030002,1,1,420,-50,1654780757583735,1654780757583735,
300833b2ddd9014000030002,1,1,432,-50,1654780757587350,1654780757587350,
300833b2ddd9014000030009,1,1,2380,-45,1654780757588406,1654780757588406,
300833b2ddd9014000030001,1,1,1192,-47,1654780757589722,1654780757589722,
300833b2ddd9014000030008,1,1,3248,-44,1654780757591271,1654780757591271,
300833b2ddd9014000030008,1,1,3240,-44,1654780757629060,1654780757629060,
300833b2ddd9014000030001,1,1,1208,-47,1654780757630817,1654780757630817,
300833b2ddd9014000030009,1,1,2360,-44,1654780757632099,1654780757632099,
300833b2ddd9014000030002,1,1,440,-50,1654780757633297,1654780757633297,
300833b2ddd9014000030002,1,1,428,-50,1654780757637819,1654780757637819,
300833b2ddd9014000030009,1,1,2340,-45,1654780757639130,1654780757639130,
300833b2ddd9014000030008,1,1,3240,-44,1654780757640213,1654780757640213,
300833b2ddd9014000030001,1,1,1224,-47,1654780757643488,1654780757643488,
300833b2ddd9014000030001,1,1,1248,-47,1654780757673208,1654780757673208,
300833b2ddd9014000030008,1,1,3236,-44,1654780757674277,1654780757674277,
300833b2ddd9014000030002,1,1,404,-50,1654780757675872,1654780757675872,
300833b2ddd9014000030009,1,1,2348,-45,1654780757678035,1654780757678035,
300833b2ddd9014000030002,1,1,416,-50,1654780757681889,1654780757681889,
300833b2ddd9014000030001,1,1,1212,-47,1654780757683019,1654780757683019,
300833b2ddd9014000030009,1,1,2356,-45,1654780757684841,1654780757684841,
300833b2ddd9014000030008,1,1,3248,-44,1654780757686151,1654780757686151,
300833b2ddd9014000030008,1,1,3236,-44,1654780757718095,1654780757718095,
300833b2ddd9014000030002,1,1,384,-50,1654780757719351,1654780757719351,
300833b2ddd9014000030009,1,1,2376,-45,1654780757720448,1654780757720448,
300833b2ddd9014000030001,1,1,1220,-47,1654780757721820,1654780757721820,
300833b2ddd9014000030001,1,1,1228,-47,1654780757725432,1654780757725432,
300833b2ddd9014000030009,1,1,2368,-45,1654780757727111,1654780757727111,
300833b2ddd9014000030002,1,1,412,-50,1654780757728411,1654780757728411,
300833b2ddd9014000030008,1,1,3232,-44,1654780757729466,1654780757729466,
300833b2ddd9014000030009,1,1,2372,-45,1654780757760084,1654780757760084,
300833b2ddd9014000030008,1,1,3232,-44,1654780757761129,1654780757761129,
300833b2ddd9014000030001,1,1,1228,-47,1654780757763586,1654780757763586,
300833b2ddd9014000030002,1,1,412,-50,1654780757765196,1654780757765196,
300833b2ddd9014000030009,1,1,2368,-45,1654780757768642,1654780757768642,
300833b2ddd9014000030001,1,1,1232,-47,1654780757769658,1654780757769658,
300833b2ddd9014000030008,1,1,3240,-44,1654780757771465,1654780757771465,
300833b2ddd9014000030002,1,1,416,-50,1654780757773401,1654780757773401,
300833b2ddd9014000030008,1,1,3244,-44,1654780757804588,1654780757804588,
300833b2ddd9014000030001,1,1,1200,-47,1654780757806713,1654780757806713,
300833b2ddd9014000030009,1,1,2336,-44,1654780757807825,1654780757807825,
300833b2ddd9014000030002,1,1,412,-50,1654780757809036,1654780757809036,
300833b2ddd9014000030009,1,1,2376,-44,1654780757812018,1654780757812018,
300833b2ddd9014000030002,1,1,436,-50,1654780757813371,1654780757813371,
300833b2ddd9014000030008,1,1,3236,-44,1654780757815221,1654780757815221,
300833b2ddd9014000030001,1,1,1228,-47,1654780757816636,1654780757816636,
300833b2ddd9014000030001,1,1,1240,-47,1654780757847808,1654780757847808,
300833b2ddd9014000030008,1,1,3244,-44,1654780757849787,1654780757849787,
300833b2ddd9014000030009,1,1,2352,-44,1654780757850873,1654780757850873,
300833b2ddd9014000030002,1,1,440,-50,1654780757851971,1654780757851971,
300833b2ddd9014000030008,1,1,3248,-44,1654780757857779,1654780757857779,
300833b2ddd9014000030001,1,1,1248,-47,1654780757859222,1654780757859222,
300833b2ddd9014000030009,1,1,2344,-45,1654780757861649,1654780757861649,
300833b2ddd9014000030002,1,1,412,-50,1654780757862846,1654780757862846,
300833b2ddd9014000030002,1,1,460,-50,1654780757893683,1654780757893683,
300833b2ddd9014000030009,1,1,2372,-45,1654780757894740,1654780757894740,
300833b2ddd9014000030008,1,1,3248,-44,1654780757897148,1654780757897148,
300833b2ddd9014000030001,1,1,1236,-47,1654780757898407,1654780757898407,
300833b2ddd9014000030009,1,1,2380,-45,1654780757901389,1654780757901389,
300833b2ddd9014000030008,1,1,3228,-44,1654780757903128,1654780757903128,
300833b2ddd9014000030002,1,1,420,-50,1654780757904438,1654780757904438,
300833b2ddd9014000030001,1,1,1228,-47,1654780757905512,1654780757905512,
300833b2ddd9014000030009,1,1,2364,-44,1654780757935792,1654780757935792,
300833b2ddd9014000030001,1,1,1232,-47,1654780757937130,1654780757937130,
300833b2ddd9014000030008,1,1,3244,-44,1654780757946190,1654780757946190,
300833b2ddd9014000030002,1,1,400,-50,1654780757947756,1654780757947756,
300833b2ddd9014000030002,1,1,420,-50,1654780757951012,1654780757951012,
300833b2ddd9014000030008,1,1,3248,-44,1654780757952322,1654780757952322,
300833b2ddd9014000030009,1,1,2356,-45,1654780757953621,1654780757953621,
300833b2ddd9014000030001,1,1,1228,-47,1654780757954690,1654780757954690,
300833b2ddd9014000030009,1,1,2356,-45,1654780757986855,1654780757986855,
300833b2ddd9014000030008,1,1,3268,-44,1654780757988827,1654780757988827,
300833b2ddd9014000030001,1,1,1232,-47,1654780757990256,1654780757990256,
300833b2ddd9014000030002,1,1,420,-50,1654780757991312,1654780757991312,
300833b2ddd9014000030002,1,1,416,-50,1654780757996014,1654780757996014,
300833b2ddd9014000030001,1,1,1248,-47,1654780757997458,1654780757997458,
300833b2ddd9014000030009,1,1,2380,-45,1654780757998769,1654780757998769,
300833b2ddd9014000030008,1,1,3236,-44,1654780757999852,1654780757999852,
300833b2ddd9014000030009,1,1,2356,-44,1654780758030571,1654780758030571,
300833b2ddd9014000030008,1,1,3256,-44,1654780758031908,1654780758031908,
300833b2ddd9014000030002,1,1,408,-50,1654780758033219,1654780758033219,
300833b2ddd9014000030001,1,1,1232,-47,1654780758034349,1654780758034349,
300833b2ddd9014000030009,1,1,2368,-44,1654780758040469,1654780758040469,
300833b2ddd9014000030001,1,1,1224,-47,1654780758041883,1654780758041883,
300833b2ddd9014000030002,1,1,420,-50,1654780758042951,1654780758042951,
300833b2ddd9014000030008,1,1,3236,-44,1654780758044078,1654780758044078,
300833b2ddd9014000030009,1,1,2356,-45,1654780758074697,1654780758074697,
300833b2ddd9014000030001,1,1,1228,-48,1654780758076633,1654780758076633,
300833b2ddd9014000030008,1,1,3256,-44,1654780758077925,1654780758077925,
300833b2ddd9014000030002,1,1,408,-50,1654780758079622,1654780758079622,
300833b2ddd9014000030002,1,1,392,-50,1654780758082810,1654780758082810,
300833b2ddd9014000030008,1,1,3244,-44,1654780758083806,1654780758083806,
300833b2ddd9014000030009,1,1,2368,-45,1654780758085345,1654780758085345,
300833b2ddd9014000030001,1,1,1240,-48,1654780758086446,1654780758086446,
300833b2ddd9014000030002,1,1,408,-50,1654780758119412,1654780758119412,
300833b2ddd9014000030009,1,1,2384,-45,1654780758121065,1654780758121065,
300833b2ddd9014000030008,1,1,3248,-44,1654780758123562,1654780758123562,
300833b2ddd9014000030001,1,1,1224,-47,1654780758124675,1654780758124675,
300833b2ddd9014000030002,1,1,376,-50,1654780758131021,1654780758131021,
300833b2ddd9014000030009,1,1,2356,-45,1654780758132078,1654780758132078,
300833b2ddd9014000030001,1,1,1232,-47,1654780758133122,1654780758133122,
300833b2ddd9014000030008,1,1,3244,-44,1654780758134206,1654780758134206,
300833b2ddd9014000030009,1,1,2352,-45,1654780758166312,1654780758166312,
300833b2ddd9014000030008,1,1,3240,-44,1654780758167678,1654780758167678,
300833b2ddd9014000030002,1,1,424,-50,1654780758169243,1654780758169243,
300833b2ddd9014000030001,1,1,1252,-47,1654780758170303,1654780758170303,
300833b2ddd9014000030001,1,1,1240,-48,1654780758176243,1654780758176243,
300833b2ddd9014000030002,1,1,408,-49,1654780758178333,1654780758178333,
300833b2ddd9014000030008,1,1,3236,-44,1654780758180038,1654780758180038,
300833b2ddd9014000030009,1,1,2372,-45,1654780758181507,1654780758181507,
300833b2ddd9014000030002,1,1,404,-50,1654780758211621,1654780758211621,
300833b2ddd9014000030009,1,1,2372,-44,1654780758214036,1654780758214036,
300833b2ddd9014000030001,1,1,1244,-47,1654780758215560,1654780758215560,
300833b2ddd9014000030008,1,1,3240,-44,1654780758217112,1654780758217112,
300833b2ddd9014000030008,1,1,3248,-44,1654780758221232,1654780758221232,
300833b2ddd9014000030009,1,1,2348,-44,1654780758222914,1654780758222914,
300833b2ddd9014000030002,1,1,408,-49,1654780758223996,1654780758223996,
300833b2ddd9014000030001,1,1,1228,-47,1654780758225199,1654780758225199,
300833b2ddd9014000030002,1,1,388,-50,1654780758255454,1654780758255454,
300833b2ddd9014000030009,1,1,2364,-45,1654780758256767,1654780758256767,
300833b2ddd9014000030008,1,1,3244,-44,1654780758257849,1654780758257849,
300833b2ddd9014000030001,1,1,1240,-47,1654780758259433,1654780758259433,
300833b2ddd9014000030008,1,1,3248,-44,1654780758264625,1654780758264625,
300833b2ddd9014000030002,1,1,404,-49,1654780758265867,1654780758265867,
300833b2ddd9014000030001,1,1,1232,-47,1654780758266940,1654780758266940,
300833b2ddd9014000030009,1,1,2364,-45,1654780758268250,1654780758268250,
300833b2ddd9014000030001,1,1,1220,-48,1654780758300061,1654780758300061,
300833b2ddd9014000030009,1,1,2380,-45,1654780758301115,1654780758301115,
300833b2ddd9014000030008,1,1,3240,-44,1654780758302228,1654780758302228,
300833b2ddd9014000030002,1,1,416,-50,1654780758303411,1654780758303411,
300833b2ddd9014000030009,1,1,2348,-44,1654780758306396,1654780758306396,
300833b2ddd9014000030008,1,1,3240,-44,1654780758307466,1654780758307466,
300833b2ddd9014000030002,1,1,412,-49,1654780758309016,1654780758309016,
300833b2ddd9014000030001,1,1,1244,-47,1654780758310345,1654780758310345,
300833b2ddd9014000030009,1,1,2352,-44,1654780758341865,1654780758341865,
300833b2ddd9014000030001,1,1,1232,-47,1654780758342910,1654780758342910,
300833b2ddd9014000030002,1,1,380,-49,1654780758343994,1654780758343994,
300833b2ddd9014000030008,1,1,3232,-44,1654780758345784,1654780758345784,
300833b2ddd9014000030009,1,1,2380,-44,1654780758352222,1654780758352222,
300833b2ddd9014000030002,1,1,372,-50,1654780758353335,1654780758353335,
300833b2ddd9014000030001,1,1,1220,-48,1654780758354435,1654780758354435,
300833b2ddd9014000030008,1,1,3240,-44,1654780758356824,1654780758356824,