epc,atenda,atendanum,phase,RSS,timestamp,timestamp2,
300833b2ddd9014000030002,1,1,80,-49,1654780979321992,1654780979321992,
300833b2ddd9014000030009,1,1,2388,-43,1654780979324255,1654780979324255,
300833b2ddd9014000030001,1,1,1232,-46,1654780979325539,1654780979325539,
300833b2ddd9014000030008,1,1,3004,-46,1654780979328906,1654780979328906,
300833b2ddd9014000030002,1,1,68,-49,1654780979330884,1654780979330884,
300833b2ddd9014000030009,1,1,2392,-44,1654780979332196,1654780979332196,
300833b2ddd9014000030001,1,1,1232,-46,1654780979333625,1654780979333625,
300833b2ddd9014000030008,1,1,3012,-46,1654780979363544,1654780979363544,
300833b2ddd9014000030009,1,1,2400,-44,1654780979364870,1654780979364870,
300833b2ddd9014000030001,1,1,1232,-46,1654780979366197,1654780979366197,
300833b2ddd9014000030002,1,1,92,-50,1654780979367565,1654780979367565,
300833b2ddd9014000030001,1,1,1244,-46,1654780979372509,1654780979372509,
300833b2ddd9014000030009,1,1,2428,-43,1654780979374176,1654780979374176,
300833b2ddd9014000030008,1,1,3012,-46,1654780979375261,1654780979375261,
300833b2ddd9014000030002,1,1,84,-49,1654780979376712,1654780979376712,
300833b2ddd9014000030001,1,1,1248,-46,1654780979406710,1654780979406710,
300833b2ddd9014000030002,1,1,72,-49,1654780979408021,1654780979408021,
300833b2ddd9014000030008,1,1,3008,-46,1654780979410717,1654780979410717,
300833b2ddd9014000030009,1,1,2408,-43,1654780979412013,1654780979412013,
300833b2ddd9014000030001,1,1,1224,-46,1654780979415605,1654780979415605,
300833b2ddd9014000030009,1,1,2404,-43,1654780979416903,1654780979416903,
300833b2ddd9014000030008,1,1,2996,-47,1654780979418195,1654780979418195,
300833b2ddd9014000030002,1,1,84,-49,1654780979420059,1654780979420059,
300833b2ddd9014000030008,1,1,2996,-47,1654780979451348,1654780979451348,
300833b2ddd9014000030002,1,1,76,-49,1654780979452432,1654780979452432,
300833b2ddd9014000030009,1,1,2392,-44,1654780979453518,1654780979453518,
300833b2ddd9014000030001,1,1,1264,-46,1654780979454591,1654780979454591,
300833b2ddd9014000030001,1,1,1232,-47,1654780979459315,1654780979459315,
300833b2ddd9014000030009,1,1,2388,-44,1654780979462887,1654780979462887,
300833b2ddd9014000030008,1,1,2996,-47,1654780979464424,1654780979464424,
300833b2ddd9014000030002,1,1,92,-49,1654780979465522,1654780979465522,
300833b2ddd9014000030001,1,1,1228,-47,1654780979496802,1654780979496802,
300833b2ddd9014000030002,1,1,92,-50,1654780979497857,1654780979497857,
300833b2ddd9014000030009,1,1,2416,-43,1654780979499621,1654780979499621,
300833b2ddd9014000030009,1,1,2404,-43,1654780979504272,1654780979504272,
300833b2ddd9014000030002,1,1,80,-50,1654780979505653,1654780979505653,
300833b2ddd9014000030001,1,1,1260,-47,1654780979506798,1654780979506798,
300833b2ddd9014000030008,1,1,2984,-47,1654780979507940,1654780979507940,
300833b2ddd9014000030002,1,1,80,-49,1654780979540077,1654780979540077,
300833b2ddd9014000030009,1,1,2392,-43,1654780979541104,1654780979541104,
300833b2ddd9014000030008,1,1,3000,-46,1654780979542925,1654780979542925,
300833b2ddd9014000030001,1,1,1248,-46,1654780979543981,1654780979543981,
300833b2ddd9014000030001,1,1,1228,-46,1654780979548413,1654780979548413,
300833b2ddd9014000030002,1,1,80,-50,1654780979550065,1654780979550065,
300833b2ddd9014000030008,1,1,2996,-47,1654780979551389,1654780979551389,
300833b2ddd9014000030009,1,1,2404,-43,1654780979552531,1654780979552531,
300833b2ddd9014000030008,1,1,2984,-46,1654780979582881,1654780979582881,
300833b2ddd9014000030009,1,1,2388,-44,1654780979584493,1654780979584493,
300833b2ddd9014000030002,1,1,84,-49,1654780979585787,1654780979585787,
300833b2ddd9014000030001,1,1,1228,-46,1654780979587075,1654780979587075,
300833b2ddd9014000030008,1,1,2996,-47,1654780979592437,1654780979592437,
300833b2ddd9014000030009,1,1,2392,-44,1654780979593507,1654780979593507,
300833b2ddd9014000030001,1,1,1260,-46,1654780979594566,1654780979594566,
300833b2ddd9014000030002,1,1,88,-50,1654780979596004,1654780979596004,
300833b2ddd9014000030001,1,1,1256,-47,1654780979626235,1654780979626235,
300833b2ddd9014000030002,1,1,72,-49,1654780979627559,1654780979627559,
300833b2ddd9014000030008,1,1,2980,-47,1654780979632689,1654780979632689,
300833b2ddd9014000030009,1,1,2396,-44,1654780979633804,1654780979633804,
300833b2ddd9014000030001,1,1,1232,-46,1654780979636531,1654780979636531,
300833b2ddd9014000030002,1,1,76,-49,1654780979637870,1654780979637870,
300833b2ddd9014000030001,1,1,1236,-47,1654780979669168,1654780979669168,
300833b2ddd9014000030002,1,1,100,-49,1654780979670566,1654780979670566,
300833b2ddd9014000030009,1,1,2400,-44,1654780979671606,1654780979671606,
300833b2ddd9014000030009,1,1,2396,-44,1654780979675397,1654780979675397,
300833b2ddd9014000030008,1,1,3024,-46,1654780979678275,1654780979678275,
300833b2ddd9014000030001,1,1,1252,-47,1654780979679306,1654780979679306,
300833b2ddd9014000030002,1,1,60,-49,1654780979680504,1654780979680504,
300833b2ddd9014000030002,1,1,72,-49,1654780979710223,1654780979710223,
300833b2ddd9014000030001,1,1,1236,-47,1654780979711323,1654780979711323,
300833b2ddd9014000030008,1,1,3016,-46,1654780979713117,1654780979713117,
300833b2ddd9014000030009,1,1,2400,-44,1654780979714483,1654780979714483,
300833b2ddd9014000030002,1,1,72,-49,1654780979719476,1654780979719476,
300833b2ddd9014000030009,1,1,2392,-44,1654780979720690,1654780979720690,
300833b2ddd9014000030001,1,1,1224,-46,1654780979722245,1654780979722245,
300833b2ddd9014000030008,1,1,3004,-46,1654780979723709,1654780979723709,
300833b2ddd9014000030009,1,1,2388,-44,1654780979753430,1654780979753430,
300833b2ddd9014000030002,1,1,64,-49,1654780979754996,1654780979754996,
300833b2ddd9014000030001,1,1,1236,-47,1654780979756112,1654780979756112,
300833b2ddd9014000030008,1,1,3000,-47,1654780979757180,1654780979757180,
300833b2ddd9014000030002,1,1,84,-50,1654780979762380,1654780979762380,
300833b2ddd9014000030001,1,1,1244,-47,1654780979763495,1654780979763495,
300833b2ddd9014000030008,1,1,3008,-47,1654780979765939,1654780979765939,
300833b2ddd9014000030009,1,1,2384,-44,1654780979767280,1654780979767280,
300833b2ddd9014000030008,1,1,2996,-47,1654780979797861,1654780979797861,
300833b2ddd9014000030001,1,1,1236,-46,1654780979799570,1654780979799570,
300833b2ddd9014000030009,1,1,2392,-44,1654780979800870,1654780979800870,
300833b2ddd9014000030002,1,1,92,-49,1654780979802564,1654780979802564,
300833b2ddd9014000030009,1,1,2384,-43,1654780979806059,1654780979806059,
300833b2ddd9014000030002,1,1,104,-49,1654780979807269,1654780979807269,
300833b2ddd9014000030008,1,1,3012,-46,1654780979808607,1654780979808607,
300833b2ddd9014000030001,1,1,1224,-47,1654780979809723,1654780979809723,
300833b2ddd9014000030001,1,1,1260,-47,1654780979840033,1654780979840033,
300833b2ddd9014000030009,1,1,2396,-44,1654780979841046,1654780979841046,
300833b2ddd9014000030008,1,1,3000,-47,1654780979843094,1654780979843094,
300833b2ddd9014000030002,1,1,104,-50,1654780979844261,1654780979844261,
300833b2ddd9014000030009,1,1,2380,-44,1654780979848549,1654780979848549,
300833b2ddd9014000030001,1,1,1240,-47,1654780979849831,1654780979849831,
300833b2ddd9014000030008,1,1,2976,-46,1654780979851707,1654780979851707,
300833b2ddd9014000030002,1,1,92,-50,1654780979853374,1654780979853374,
300833b2ddd9014000030009,1,1,2392,-43,1654780979884562,1654780979884562,
300833b2ddd9014000030008,1,1,2984,-46,1654780979886567,1654780979886567,
300833b2ddd9014000030001,1,1,1220,-46,1654780979887682,1654780979887682,
300833b2ddd9014000030001,1,1,1216,-46,1654780979891228,1654780979891228,
300833b2ddd9014000030009,1,1,2392,-44,1654780979893195,1654780979893195,
300833b2ddd9014000030008,1,1,2996,-47,1654780979894505,1654780979894505,
300833b2ddd9014000030002,1,1,80,-49,1654780979895609,1654780979895609,
300833b2ddd9014000030001,1,1,1228,-46,1654780979926170,1654780979926170,
300833b2ddd9014000030002,1,1,80,-49,1654780979927677,1654780979927677,
300833b2ddd9014000030008,1,1,2984,-46,1654780979928790,1654780979928790,
300833b2ddd9014000030009,1,1,2384,-44,1654780979929876,1654780979929876,
300833b2ddd9014000030009,1,1,2380,-44,1654780979935864,1654780979935864,
300833b2ddd9014000030002,1,1,84,-49,1654780979937425,1654780979937425,
300833b2ddd9014000030008,1,1,2992,-46,1654780979938621,1654780979938621,
300833b2ddd9014000030001,1,1,1212,-46,1654780979939622,1654780979939622,
300833b2ddd9014000030008,1,1,2968,-46,1654780979969852,1654780979969852,
300833b2ddd9014000030009,1,1,2380,-44,1654780979970952,1654780979970952,
300833b2ddd9014000030001,1,1,1216,-46,1654780979972125,1654780979972125,
300833b2ddd9014000030002,1,1,84,-50,1654780979975010,1654780979975010,
300833b2ddd9014000030002,1,1,92,-49,1654780979978818,1654780979978818,
300833b2ddd9014000030009,1,1,2380,-43,1654780979979962,1654780979979962,
300833b2ddd9014000030001,1,1,1232,-47,1654780979981743,1654780979981743,
300833b2ddd9014000030008,1,1,2992,-46,1654780979982810,1654780979982810,
300833b2ddd9014000030001,1,1,1208,-46,1654780980015019,1654780980015019,
300833b2ddd9014000030009,1,1,2396,-44,1654780980016132,1654780980016132,
300833b2ddd9014000030008,1,1,2988,-47,1654780980017428,1654780980017428,
300833b2ddd9014000030002,1,1,104,-50,1654780980019817,1654780980019817,
300833b2ddd9014000030008,1,1,3000,-47,1654780980024025,1654780980024025,
300833b2ddd9014000030009,1,1,2388,-44,1654780980025466,1654780980025466,
300833b2ddd9014000030001,1,1,1216,-46,1654780980026551,1654780980026551,
300833b2ddd9014000030002,1,1,92,-50,1654780980028486,1654780980028486,
300833b2ddd9014000030001,1,1,1232,-47,1654780980059518,1654780980059518,
300833b2ddd9014000030009,1,1,2396,-44,1654780980060732,1654780980060732,
300833b2ddd9014000030002,1,1,100,-50,1654780980061816,1654780980061816,
300833b2ddd9014000030008,1,1,2980,-47,1654780980062913,1654780980062913,
300833b2ddd9014000030002,1,1,104,-50,1654780980066820,1654780980066820,
300833b2ddd9014000030009,1,1,2392,-44,1654780980067848,1654780980067848,
300833b2ddd9014000030008,1,1,2984,-46,1654780980069391,1654780980069391,
300833b2ddd9014000030001,1,1,1236,-46,1654780980071147,1654780980071147,
300833b2ddd9014000030001,1,1,1252,-47,1654780980103040,1654780980103040,
300833b2ddd9014000030002,1,1,84,-50,1654780980104153,1654780980104153,
300833b2ddd9014000030008,1,1,3008,-47,1654780980105236,1654780980105236,
300833b2ddd9014000030009,1,1,2404,-44,1654780980106291,1654780980106291,
300833b2ddd9014000030009,1,1,2404,-43,1654780980111543,1654780980111543,
300833b2ddd9014000030008,1,1,3004,-47,1654780980112867,1654780980112867,
300833b2ddd9014000030002,1,1,68,-49,1654780980113936,1654780980113936,
300833b2ddd9014000030001,1,1,1232,-47,1654780980115533,1654780980115533,
300833b2ddd9014000030009,1,1,2384,-43,1654780980146897,1654780980146897,
300833b2ddd9014000030008,1,1,2984,-47,1654780980148591,1654780980148591,
300833b2ddd9014000030001,1,1,1232,-47,1654780980149664,1654780980149664,
300833b2ddd9014000030002,1,1,84,-49,1654780980150747,1654780980150747,
300833b2ddd9014000030002,1,1,76,-49,1654780980154837,1654780980154837,
300833b2ddd9014000030008,1,1,3000,-46,1654780980156305,1654780980156305,
300833b2ddd9014000030009,1,1,2392,-43,1654780980157392,1654780980157392,
300833b2ddd9014000030001,1,1,1240,-46,1654780980159101,1654780980159101,
300833b2ddd9014000030001,1,1,1236,-47,1654780980189089,1654780980189089,
300833b2ddd9014000030008,1,1,2992,-46,1654780980190684,1654780980190684,
300833b2ddd9014000030009,1,1,2388,-44,1654780980192040,1654780980192040,
300833b2ddd9014000030002,1,1,88,-49,1654780980193363,1654780980193363,
300833b2ddd9014000030009,1,1,2384,-43,1654780980198685,1654780980198685,
300833b2ddd9014000030008,1,1,3004,-46,1654780980199727,1654780980199727,
300833b2ddd9014000030001,1,1,1244,-46,1654780980200770,1654780980200770,
300833b2ddd9014000030002,1,1,76,-49,1654780980202451,1654780980202451,
300833b2ddd9014000030009,1,1,2396,-44,1654780980232941,1654780980232941,
300833b2ddd9014000030001,1,1,1228,-47,1654780980234157,1654780980234157,
300833b2ddd9014000030008,1,1,3008,-46,1654780980235223,1654780980235223,
300833b2ddd9014000030002,1,1,80,-49,1654780980236597,1654780980236597,
300833b2ddd9014000030009,1,1,2392,-43,1654780980240442,1654780980240442,
300833b2ddd9014000030002,1,1,72,-49,1654780980241553,1654780980241553,
300833b2ddd9014000030001,1,1,1240,-47,1654780980242581,1654780980242581,
300833b2ddd9014000030008,1,1,3008,-46,1654780980243895,1654780980243895,
300833b2ddd9014000030002,1,1,76,-49,1654780980275528,1654780980275528,
300833b2ddd9014000030001,1,1,1236,-46,1654780980276619,1654780980276619,
300833b2ddd9014000030008,1,1,3000,-46,1654780980278154,1654780980278154,
300833b2ddd9014000030009,1,1,2412,-44,1654780980279211,1654780980279211,
300833b2ddd9014000030009,1,1,2408,-43,1654780980283958,1654780980283958,
300833b2ddd9014000030008,1,1,3024,-46,1654780980285256,1654780980285256,
300833b2ddd9014000030001,1,1,1212,-46,1654780980286371,1654780980286371,
300833b2ddd9014000030002,1,1,84,-49,1654780980288817,1654780980288817,
300833b2ddd9014000030009,1,1,2396,-43,1654780980332150,1654780980332150,
300833b2ddd9014000030008,1,1,2992,-47,1654780980333220,1654780980333220,
300833b2ddd9014000030001,1,1,1244,-46,1654780980334320,1654780980334320,
300833b2ddd9014000030002,1,1,64,-49,1654780980335761,1654780980335761,
300833b2ddd9014000030008,1,1,3012,-46,1654780980339057,1654780980339057,
300833b2ddd9014000030002,1,1,92,-49,1654780980340739,1654780980340739,
300833b2ddd9014000030009,1,1,2400,-43,1654780980342106,1654780980342106,
300833b2ddd9014000030001,1,1,1236,-46,1654780980343856,1654780980343856,
300833b2ddd9014000030002,1,1,68,-49,1654780980376464,1654780980376464,
300833b2ddd9014000030009,1,1,2388,-43,1654780980378642,1654780980378642,
300833b2ddd9014000030008,1,1,3000,-46,1654780980379947,1654780980379947,
300833b2ddd9014000030001,1,1,1228,-47,1654780980381378,1654780980381378,
300833b2ddd9014000030008,1,1,3000,-46,1654780980384171,1654780980384171,
300833b2ddd9014000030002,1,1,68,-49,1654780980385735,1654780980385735,
300833b2ddd9014000030009,1,1,2388,-44,1654780980387091,1654780980387091,
300833b2ddd9014000030001,1,1,1236,-47,1654780980388418,1654780980388418,
300833b2ddd9014000030009,1,1,2400,-44,1654780980419827,1654780980419827,
300833b2ddd9014000030002,1,1,80,-49,1654780980420924,1654780980420924,
300833b2ddd9014000030001,1,1,1244,-47,1654780980421968,1654780980421968,
300833b2ddd9014000030008,1,1,3012,-46,1654780980423310,1654780980423310,
300833b2ddd9014000030008,1,1,3004,-46,1654780980428020,1654780980428020,
300833b2ddd9014000030002,1,1,64,-49,1654780980429590,1654780980429590,
300833b2ddd9014000030001,1,1,1256,-47,1654780980431737,1654780980431737,
300833b2ddd9014000030009,1,1,2392,-43,1654780980433106,1654780980433106,
300833b2ddd9014000030002,1,1,76,-49,1654780980465528,1654780980465528,
300833b2ddd9014000030001,1,1,1220,-47,1654780980466674,1654780980466674,
300833b2ddd9014000030008,1,1,2992,-46,1654780980467786,1654780980467786,
300833b2ddd9014000030009,1,1,2408,-44,1654780980469337,1654780980469337,
300833b2ddd9014000030009,1,1,2388,-44,1654780980473801,1654780980473801,
300833b2ddd9014000030002,1,1,84,-49,1654780980474885,1654780980474885,
300833b2ddd9014000030008,1,1,2988,-46,1654780980476196,1654780980476196,
300833b2ddd9014000030001,1,1,1228,-46,1654780980477780,1654780980477780,
300833b2ddd9014000030009,1,1,2372,-44,1654780980511010,1654780980511010,
300833b2ddd9014000030001,1,1,1208,-47,1654780980512964,1654780980512964,
300833b2ddd9014000030008,1,1,3020,-46,1654780980514031,1654780980514031,
300833b2ddd9014000030002,1,1,76,-49,1654780980515199,1654780980515199,
300833b2ddd9014000030009,1,1,2396,-43,1654780980518191,1654780980518191,
300833b2ddd9014000030001,1,1,1252,-47,1654780980519249,1654780980519249,
300833b2ddd9014000030008,1,1,2996,-47,1654780980520557,1654780980520557,
300833b2ddd9014000030002,1,1,64,-49,1654780980521669,1654780980521669,
300833b2ddd9014000030002,1,1,52,-49,1654780980553822,1654780980553822,
300833b2ddd9014000030009,1,1,2384,-43,1654780980555787,1654780980555787,
300833b2ddd9014000030008,1,1,3000,-46,1654780980560686,1654780980560686,
300833b2ddd9014000030001,1,1,1240,-47,1654780980561759,1654780980561759,
300833b2ddd9014000030001,1,1,1232,-47,1654780980566451,1654780980566451,
300833b2ddd9014000030008,1,1,2992,-46,1654780980567552,1654780980567552,
300833b2ddd9014000030002,1,1,100,-49,1654780980568665,1654780980568665,
300833b2ddd9014000030009,1,1,2388,-44,1654780980570233,1654780980570233,
300833b2ddd9014000030008,1,1,2996,-46,1654780980603022,1654780980603022,
300833b2ddd9014000030009,1,1,2388,-43,1654780980604592,1654780980604592,
300833b2ddd9014000030001,1,1,1228,-47,1654780980605832,1654780980605832,
300833b2ddd9014000030002,1,1,68,-49,1654780980607304,1654780980607304,
300833b2ddd9014000030002,1,1,56,-49,1654780980610520,1654780980610520,
300833b2ddd9014000030008,1,1,3012,-46,1654780980612216,1654780980612216,
300833b2ddd9014000030009,1,1,2392,-43,1654780980613542,1654780980613542,
300833b2ddd9014000030001,1,1,1236,-47,1654780980614997,1654780980614997,
300833b2ddd9014000030008,1,1,3000,-46,1654780980644750,1654780980644750,
300833b2ddd9014000030009,1,1,2380,-43,1654780980646105,1654780980646105,
300833b2ddd9014000030002,1,1,52,-49,1654780980650285,1654780980650285,
300833b2ddd9014000030009,1,1,2400,-44,1654780980654465,1654780980654465,
300833b2ddd9014000030002,1,1,68,-49,1654780980656387,1654780980656387,
300833b2ddd9014000030001,1,1,1200,-47,1654780980657502,1654780980657502,
300833b2ddd9014000030008,1,1,3000,-46,1654780980658586,1654780980658586,
300833b2ddd9014000030008,1,1,3004,-46,1654780980690606,1654780980690606,
300833b2ddd9014000030009,1,1,2376,-43,1654780980693169,1654780980693169,
300833b2ddd9014000030001,1,1,1220,-47,1654780980694794,1654780980694794,
300833b2ddd9014000030002,1,1,68,-49,1654780980695945,1654780980695945,
300833b2ddd9014000030001,1,1,1240,-47,1654780980701053,1654780980701053,
300833b2ddd9014000030009,1,1,2384,-43,1654780980702182,1654780980702182,
300833b2ddd9014000030008,1,1,2984,-46,1654780980704211,1654780980704211,
300833b2ddd9014000030002,1,1,68,-49,1654780980705623,1654780980705623,
300833b2ddd9014000030002,1,1,92,-49,1654780980737197,1654780980737197,
300833b2ddd9014000030008,1,1,2996,-46,1654780980738263,1654780980738263,
300833b2ddd9014000030009,1,1,2372,-44,1654780980739323,1654780980739323,
300833b2ddd9014000030009,1,1,2380,-44,1654780980744502,1654780980744502,
300833b2ddd9014000030008,1,1,2996,-46,1654780980746394,1654780980746394,
300833b2ddd9014000030001,1,1,1228,-47,1654780980747512,1654780980747512,
300833b2ddd9014000030002,1,1,76,-49,1654780980748962,1654780980748962,
300833b2ddd9014000030002,1,1,92,-49,1654780980779652,1654780980779652,
300833b2ddd9014000030001,1,1,1204,-47,1654780980780883,1654780980780883,
300833b2ddd9014000030009,1,1,2376,-44,1654780980781911,1654780980781911,
300833b2ddd9014000030008,1,1,2996,-46,1654780980784514,1654780980784514,
300833b2ddd9014000030009,1,1,2368,-44,1654780980787265,1654780980787265,
300833b2ddd9014000030008,1,1,3000,-46,1654780980788347,1654780980788347,
300833b2ddd9014000030002,1,1,56,-49,1654780980789673,1654780980789673,
300833b2ddd9014000030001,1,1,1208,-47,1654780980790973,1654780980790973,
300833b2ddd9014000030009,1,1,2368,-43,1654780980824415,1654780980824415,
300833b2ddd9014000030002,1,1,84,-49,1654780980825498,1654780980825498,
300833b2ddd9014000030008,1,1,2972,-46,1654780980826624,1654780980826624,
300833b2ddd9014000030001,1,1,1204,-47,1654780980827671,1654780980827671,
300833b2ddd9014000030008,1,1,3012,-46,1654780980831016,1654780980831016,
300833b2ddd9014000030009,1,1,2384,-43,1654780980832598,1654780980832598,
300833b2ddd9014000030002,1,1,76,-49,1654780980833894,1654780980833894,
300833b2ddd9014000030001,1,1,1204,-47,1654780980836701,1654780980836701,
300833b2ddd9014000030009,1,1,2392,-44,1654780980866363,1654780980866363,
300833b2ddd9014000030002,1,1,76,-49,1654780980867645,1654780980867645,
300833b2ddd9014000030008,1,1,2964,-46,1654780980868772,1654780980868772,
300833b2ddd9014000030001,1,1,1216,-47,1654780980870073,1654780980870073,
300833b2ddd9014000030008,1,1,2992,-46,1654780980874701,1654780980874701,
300833b2ddd9014000030009,1,1,2372,-44,1654780980876269,1654780980876269,
300833b2ddd9014000030002,1,1,68,-49,1654780980877594,1654780980877594,
300833b2ddd9014000030001,1,1,1252,-47,1654780980880401,1654780980880401,
300833b2ddd9014000030002,1,1,72,-49,1654780980938160,1654780980938160,
300833b2ddd9014000030001,1,1,1188,-47,1654780980939633,1654780980939633,
300833b2ddd9014000030008,1,1,2984,-46,1654780980940717,1654780980940717,
300833b2ddd9014000030009,1,1,2360,-44,1654780980946680,1654780980946680,
300833b2ddd9014000030001,1,1,1188,-47,1654780980948376,1654780980948376,
300833b2ddd9014000030008,1,1,2984,-46,1654780980949430,1654780980949430,
300833b2ddd9014000030002,1,1,56,-49,1654780980950643,1654780980950643,
300833b2ddd9014000030002,1,1,60,-49,1654780980980501,1654780980980501,
300833b2ddd9014000030008,1,1,2996,-46,1654780980983329,1654780980983329,
300833b2ddd9014000030001,1,1,1184,-47,1654780980984432,1654780980984432,
300833b2ddd9014000030009,1,1,2384,-44,1654780980987139,1654780980987139,
300833b2ddd9014000030001,1,1,1168,-47,1654780980989079,1654780980989079,
300833b2ddd9014000030008,1,1,2996,-46,1654780980990159,1654780980990159,
300833b2ddd9014000030002,1,1,64,-49,1654780980991500,1654780980991500,
300833b2ddd9014000030001,1,1,1180,-47,1654780981021941,1654780981021941,
300833b2ddd9014000030002,1,1,60,-49,1654780981023524,1654780981023524,
300833b2ddd9014000030008,1,1,3016,-46,1654780981024664,1654780981024664,
300833b2ddd9014000030009,1,1,2376,-44,1654780981029536,1654780981029536,
300833b2ddd9014000030008,1,1,3012,-46,1654780981030605,1654780981030605,
300833b2ddd9014000030002,1,1,64,-49,1654780981031999,1654780981031999,
300833b2ddd9014000030001,1,1,1156,-47,1654780981033569,1654780981033569,
300833b2ddd9014000030009,1,1,2364,-44,1654780981068157,1654780981068157,
300833b2ddd9014000030008,1,1,3024,-46,1654780981069207,1654780981069207,
300833b2ddd9014000030001,1,1,1148,-47,1654780981070860,1654780981070860,
300833b2ddd9014000030002,1,1,12,-49,1654780981071963,1654780981071963,
300833b2ddd9014000030008,1,1,3012,-46,1654780981075900,1654780981075900,
300833b2ddd9014000030009,1,1,2376,-44,1654780981076970,1654780981076970,
300833b2ddd9014000030001,1,1,1160,-47,1654780981078341,1654780981078341,
300833b2ddd9014000030002,1,1,92,-49,1654780981079525,1654780981079525,
300833b2ddd9014000030001,1,1,1132,-47,1654780981110304,1654780981110304,
300833b2ddd9014000030009,1,1,2392,-45,1654780981111788,1654780981111788,
300833b2ddd9014000030008,1,1,3044,-46,1654780981113752,1654780981113752,
300833b2ddd9014000030002,1,1,92,-49,1654780981114949,1654780981114949,
300833b2ddd9014000030008,1,1,3048,-46,1654780981117732,1654780981117732,
300833b2ddd9014000030009,1,1,2376,-44,1654780981119659,1654780981119659,
300833b2ddd9014000030002,1,1,80,-49,1654780981121860,1654780981121860,
300833b2ddd9014000030001,1,1,1140,-47,1654780981123176,1654780981123176,
300833b2ddd9014000030009,1,1,2416,-44,1654780981153408,1654780981153408,
300833b2ddd9014000030001,1,1,1156,-48,1654780981154466,1654780981154466,
300833b2ddd9014000030002,1,1,116,-49,1654780981156000,1654780981156000,
300833b2ddd9014000030008,1,1,3068,-46,1654780981157669,1654780981157669,
300833b2ddd9014000030008,1,1,3068,-46,1654780981161808,1654780981161808,
300833b2ddd9014000030002,1,1,128,-49,1654780981163504,1654780981163504,
300833b2ddd9014000030009,1,1,2420,-44,1654780981165072,1654780981165072,
300833b2ddd9014000030001,1,1,1140,-48,1654780981166470,1654780981166470,
300833b2ddd9014000030001,1,1,1168,-48,1654780981197948,1654780981197948,
300833b2ddd9014000030009,1,1,2436,-45,1654780981199077,1654780981199077,
300833b2ddd9014000030002,1,1,108,-49,1654780981200671,1654780981200671,
300833b2ddd9014000030008,1,1,3052,-46,1654780981201783,1654780981201783,
300833b2ddd9014000030001,1,1,1200,-48,1654780981217642,1654780981217642,
300833b2ddd9014000030009,1,1,2436,-44,1654780981219026,1654780981219026,
300833b2ddd9014000030002,1,1,124,-50,1654780981220364,1654780981220364,
300833b2ddd9014000030008,1,1,3032,-46,1654780981221705,1654780981221705,
300833b2ddd9014000030008,1,1,3040,-45,1654780981252941,1654780981252941,
300833b2ddd9014000030001,1,1,1240,-48,1654780981254044,1654780981254044,
300833b2ddd9014000030002,1,1,112,-50,1654780981255312,1654780981255312,
300833b2ddd9014000030009,1,1,2452,-44,1654780981256608,1654780981256608,
300833b2ddd9014000030009,1,1,2432,-44,1654780981265249,1654780981265249,
300833b2ddd9014000030002,1,1,112,-50,1654780981267141,1654780981267141,
300833b2ddd9014000030008,1,1,3024,-45,1654780981269155,1654780981269155,
300833b2ddd9014000030001,1,1,1252,-48,1654780981270628,1654780981270628,
300833b2ddd9014000030008,1,1,3000,-46,1654780981306547,1654780981306547,
300833b2ddd9014000030002,1,1,132,-50,1654780981307817,1654780981307817,
300833b2ddd9014000030001,1,1,1312,-48,1654780981308905,1654780981308905,
300833b2ddd9014000030009,1,1,2408,-44,1654780981310204,1654780981310204,
300833b2ddd9014000030009,1,1,2408,-44,1654780981315178,1654780981315178,
300833b2ddd9014000030001,1,1,1316,-47,1654780981316621,1654780981316621,
300833b2ddd9014000030008,1,1,3020,-46,1654780981317679,1654780981317679,
300833b2ddd9014000030002,1,1,104,-50,1654780981318748,1654780981318748,
300833b2ddd9014000030001,1,1,1336,-47,1654780981349416,1654780981349416,
300833b2ddd9014000030008,1,1,2988,-46,1654780981350742,1654780981350742,
300833b2ddd9014000030009,1,1,2376,-45,1654780981352052,1654780981352052,
300833b2ddd9014000030002,1,1,100,-51,1654780981354027,1654780981354027,
300833b2ddd9014000030001,1,1,1348,-48,1654780981360651,1654780981360651,
300833b2ddd9014000030009,1,1,2384,-44,1654780981362218,1654780981362218,
300833b2ddd9014000030002,1,1,116,-51,1654780981364332,1654780981364332,
300833b2ddd9014000030008,1,1,3024,-46,1654780981365672,1654780981365672,
300833b2ddd9014000030008,1,1,3040,-46,1654780981397358,1654780981397358,
300833b2ddd9014000030002,1,1,136,-51,1654780981399724,1654780981399724,
300833b2ddd9014000030001,1,1,1344,-48,1654780981400829,1654780981400829,
300833b2ddd9014000030009,1,1,2384,-45,1654780981401872,1654780981401872,
300833b2ddd9014000030002,1,1,108,-51,1654780981407226,1654780981407226,
300833b2ddd9014000030001,1,1,1332,-48,1654780981408327,1654780981408327,
300833b2ddd9014000030009,1,1,2400,-45,1654780981409397,1654780981409397,
300833b2ddd9014000030008,1,1,3068,-46,1654780981410749,1654780981410749,
300833b2ddd9014000030002,1,1,164,-51,1654780981448779,1654780981448779,
300833b2ddd9014000030001,1,1,1324,-49,1654780981450959,1654780981450959,
300833b2ddd9014000030001,1,1,1300,-49,1654780981455127,1654780981455127,
300833b2ddd9014000030008,1,1,3068,-45,1654780981456622,1654780981456622,
300833b2ddd9014000030009,1,1,2416,-45,1654780981457933,1654780981457933,
300833b2ddd9014000030002,1,1,168,-50,1654780981459174,1654780981459174,
300833b2ddd9014000030002,1,1,200,-50,1654780981489080,1654780981489080,
300833b2ddd9014000030001,1,1,1208,-49,1654780981491276,1654780981491276,
300833b2ddd9014000030008,1,1,3124,-45,1654780981494095,1654780981494095,
300833b2ddd9014000030009,1,1,2432,-45,1654780981495192,1654780981495192,
300833b2ddd9014000030008,1,1,3116,-45,1654780981497916,1654780981497916,
300833b2ddd9014000030002,1,1,152,-50,1654780981498958,1654780981498958,
300833b2ddd9014000030009,1,1,2428,-45,1654780981500537,1654780981500537,
300833b2ddd9014000030001,1,1,1200,-49,1654780981502077,1654780981502077,
300833b2ddd9014000030009,1,1,2420,-46,1654780981533505,1654780981533505,
300833b2ddd9014000030002,1,1,172,-50,1654780981535683,1654780981535683,
300833b2ddd9014000030001,1,1,1168,-48,1654780981536997,1654780981536997,
300833b2ddd9014000030001,1,1,1180,-48,1654780981540263,1654780981540263,
300833b2ddd9014000030009,1,1,2380,-46,1654780981541830,1654780981541830,
300833b2ddd9014000030002,1,1,132,-50,1654780981543153,1654780981543153,
300833b2ddd9014000030008,1,1,3104,-45,1654780981544235,1654780981544235,
300833b2ddd9014000030009,1,1,2296,-45,1654780981768499,1654780981768499,
300833b2ddd9014000030001,1,1,1192,-49,1654780981769983,1654780981769983,
300833b2ddd9014000030002,1,1,108,-50,1654780981771069,1654780981771069,
300833b2ddd9014000030008,1,1,3184,-46,1654780981772162,1654780981772162,
300833b2ddd9014000030002,1,1,136,-50,1654780981776246,1654780981776246,
300833b2ddd9014000030008,1,1,3180,-46,1654780981777342,1654780981777342,
300833b2ddd9014000030001,1,1,1176,-49,1654780981778446,1654780981778446,
300833b2ddd9014000030009,1,1,2336,-46,1654780981780024,1654780981780024,
300833b2ddd9014000030001,1,1,1156,-48,1654780981811584,1654780981811584,
300833b2ddd9014000030008,1,1,3180,-46,1654780981812738,1654780981812738,
300833b2ddd9014000030009,1,1,2320,-45,1654780981814575,1654780981814575,
300833b2ddd9014000030002,1,1,128,-49,1654780981815716,1654780981815716,
300833b2ddd9014000030001,1,1,1132,-49,1654780981820195,1654780981820195,
300833b2ddd9014000030009,1,1,2320,-45,1654780981822162,1654780981822162,
300833b2ddd9014000030002,1,1,132,-50,1654780981823247,1654780981823247,
300833b2ddd9014000030008,1,1,3176,-46,1654780981824671,1654780981824671,
300833b2ddd9014000030001,1,1,1144,-49,1654780981854629,1654780981854629,
300833b2ddd9014000030009,1,1,2316,-45,1654780981855969,1654780981855969,
300833b2ddd9014000030008,1,1,3180,-46,1654780981857023,1654780981857023,
300833b2ddd9014000030002,1,1,156,-50,1654780981859187,1654780981859187,
300833b2ddd9014000030009,1,1,2324,-45,1654780981863494,1654780981863494,
300833b2ddd9014000030001,1,1,1140,-49,1654780981865194,1654780981865194,
300833b2ddd9014000030008,1,1,3172,-46,1654780981866715,1654780981866715,
300833b2ddd9014000030002,1,1,144,-50,1654780981867914,1654780981867914,
300833b2ddd9014000030008,1,1,3180,-46,1654780981898089,1654780981898089,
300833b2ddd9014000030001,1,1,1124,-49,1654780981899162,1654780981899162,
300833b2ddd9014000030002,1,1,164,-49,1654780981900730,1654780981900730,
300833b2ddd9014000030009,1,1,2368,-45,1654780981901799,1654780981901799,
300833b2ddd9014000030002,1,1,136,-49,1654780981906940,1654780981906940,
300833b2ddd9014000030008,1,1,3176,-46,1654780981908379,1654780981908379,
300833b2ddd9014000030009,1,1,2340,-45,1654780981909706,1654780981909706,
300833b2ddd9014000030001,1,1,1108,-49,1654780981911137,1654780981911137,
300833b2ddd9014000030009,1,1,2340,-45,1654780981940905,1654780981940905,
300833b2ddd9014000030002,1,1,168,-49,1654780981942212,1654780981942212,
300833b2ddd9014000030008,1,1,3164,-45,1654780981944272,1654780981944272,
300833b2ddd9014000030001,1,1,1144,-49,1654780981945944,1654780981945944,
300833b2ddd9014000030001,1,1,1172,-49,1654780981949717,1654780981949717,
300833b2ddd9014000030002,1,1,140,-49,1654780981951268,1654780981951268,
300833b2ddd9014000030008,1,1,3160,-45,1654780981952833,1654780981952833,
300833b2ddd9014000030009,1,1,2372,-45,1654780981953902,1654780981953902,
300833b2ddd9014000030008,1,1,3160,-45,1654780981985330,1654780981985330,
300833b2ddd9014000030001,1,1,1168,-49,1654780981986689,1654780981986689,
300833b2ddd9014000030009,1,1,2368,-44,1654780981988512,1654780981988512,
300833b2ddd9014000030002,1,1,168,-49,1654780981989951,1654780981989951,
300833b2ddd9014000030001,1,1,1172,-49,1654780981994050,1654780981994050,
300833b2ddd9014000030002,1,1,172,-49,1654780981995853,1654780981995853,
300833b2ddd9014000030008,1,1,3172,-44,1654780981997135,1654780981997135,
300833b2ddd9014000030009,1,1,2368,-44,1654780981998249,1654780981998249,
300833b2ddd9014000030009,1,1,2372,-44,1654780982029446,1654780982029446,
300833b2ddd9014000030008,1,1,3188,-44,1654780982030614,1654780982030614,
300833b2ddd9014000030001,1,1,1176,-49,1654780982031675,1654780982031675,
300833b2ddd9014000030002,1,1,188,-49,1654780982032745,1654780982032745,
300833b2ddd9014000030009,1,1,2428,-44,1654780982036847,1654780982036847,
300833b2ddd9014000030001,1,1,1188,-49,1654780982037920,1654780982037920,
300833b2ddd9014000030008,1,1,3184,-44,1654780982039018,1654780982039018,
300833b2ddd9014000030002,1,1,204,-49,1654780982040116,1654780982040116,
300833b2ddd9014000030001,1,1,1188,-49,1654780982072578,1654780982072578,
300833b2ddd9014000030002,1,1,204,-49,1654780982073991,1654780982073991,
300833b2ddd9014000030008,1,1,3196,-44,1654780982075073,1654780982075073,
300833b2ddd9014000030009,1,1,2388,-44,1654780982076186,1654780982076186,
300833b2ddd9014000030009,1,1,2392,-44,1654780982080927,1654780982080927,
300833b2ddd9014000030008,1,1,3200,-44,1654780982082025,1654780982082025,
300833b2ddd9014000030002,1,1,224,-48,1654780982083051,1654780982083051,
300833b2ddd9014000030001,1,1,1184,-49,1654780982084337,1654780982084337,
300833b2ddd9014000030008,1,1,3228,-44,1654780982123021,1654780982123021,
300833b2ddd9014000030002,1,1,264,-48,1654780982124732,1654780982124732,
300833b2ddd9014000030001,1,1,1172,-49,1654780982126935,1654780982126935,
300833b2ddd9014000030009,1,1,2396,-44,1654780982128036,1654780982128036,
300833b2ddd9014000030009,1,1,2384,-44,1654780982136336,1654780982136336,
300833b2ddd9014000030002,1,1,264,-49,1654780982139835,1654780982139835,
300833b2ddd9014000030008,1,1,3220,-44,1654780982141271,1654780982141271,
300833b2ddd9014000030001,1,1,1184,-49,1654780982142519,1654780982142519,
300833b2ddd9014000030009,1,1,2392,-44,1654780982174581,1654780982174581,
300833b2ddd9014000030002,1,1,272,-49,1654780982175808,1654780982175808,
300833b2ddd9014000030008,1,1,3236,-44,1654780982177767,1654780982177767,
300833b2ddd9014000030001,1,1,1176,-48,1654780982178811,1654780982178811,
300833b2ddd9014000030001,1,1,1196,-49,1654780982181534,1654780982181534,
300833b2ddd9014000030008,1,1,3236,-44,1654780982183101,1654780982183101,
300833b2ddd9014000030009,1,1,2412,-44,1654780982184426,1654780982184426,
300833b2ddd9014000030002,1,1,280,-49,1654780982186575,1654780982186575,
300833b2ddd9014000030002,1,1,260,-49,1654780982218665,1654780982218665,
300833b2ddd9014000030009,1,1,2392,-44,1654780982220288,1654780982220288,
300833b2ddd9014000030008,1,1,3228,-44,1654780982221824,1654780982221824,
300833b2ddd9014000030001,1,1,1188,-48,1654780982227364,1654780982227364,
300833b2ddd9014000030009,1,1,2396,-44,1654780982228691,1654780982228691,
300833b2ddd9014000030002,1,1,288,-49,1654780982230029,1654780982230029,
300833b2ddd9014000030008,1,1,3224,-44,1654780982231354,1654780982231354,
300833b2ddd9014000030009,1,1,2408,-44,1654780982262986,1654780982262986,
300833b2ddd9014000030008,1,1,3228,-44,1654780982264055,1654780982264055,
300833b2ddd9014000030002,1,1,296,-49,1654780982265095,1654780982265095,
300833b2ddd9014000030001,1,1,1196,-48,1654780982266183,1654780982266183,
300833b2ddd9014000030008,1,1,3232,-44,1654780982271156,1654780982271156,
300833b2ddd9014000030001,1,1,1208,-48,1654780982272783,1654780982272783,
300833b2ddd9014000030009,1,1,2396,-44,1654780982274153,1654780982274153,
300833b2ddd9014000030002,1,1,288,-49,1654780982275235,1654780982275235,
300833b2ddd9014000030002,1,1,276,-49,1654780982307384,1654780982307384,
300833b2ddd9014000030009,1,1,2424,-44,1654780982308582,1654780982308582,
300833b2ddd9014000030008,1,1,3232,-44,1654780982309695,1654780982309695,
300833b2ddd9014000030001,1,1,1208,-48,1654780982311023,1654780982311023,
300833b2ddd9014000030008,1,1,3232,-44,1654780982315749,1654780982315749,
300833b2ddd9014000030001,1,1,1196,-48,1654780982316851,1654780982316851,
300833b2ddd9014000030002,1,1,244,-49,1654780982318388,1654780982318388,
300833b2ddd9014000030009,1,1,2408,-44,1654780982319484,1654780982319484,
300833b2ddd9014000030008,1,1,3232,-44,1654780982349514,1654780982349514,
300833b2ddd9014000030002,1,1,276,-49,1654780982350641,1654780982350641,
300833b2ddd9014000030009,1,1,2440,-44,1654780982352414,1654780982352414,
300833b2ddd9014000030001,1,1,1228,-48,1654780982353528,1654780982353528,
300833b2ddd9014000030001,1,1,1200,-48,1654780982357862,1654780982357862,
300833b2ddd9014000030009,1,1,2396,-44,1654780982360639,1654780982360639,
300833b2ddd9014000030008,1,1,3236,-44,1654780982361719,1654780982361719,
300833b2ddd9014000030002,1,1,280,-49,1654780982362962,1654780982362962,
300833b2ddd9014000030002,1,1,296,-49,1654780982392928,1654780982392928,
300833b2ddd9014000030008,1,1,3232,-44,1654780982394892,1654780982394892,
300833b2ddd9014000030009,1,1,2420,-44,1654780982396006,1654780982396006,
300833b2ddd9014000030001,1,1,1200,-48,1654780982397335,1654780982397335,
300833b2ddd9014000030001,1,1,1200,-48,1654780982401050,1654780982401050,
300833b2ddd9014000030008,1,1,3232,-44,1654780982402148,1654780982402148,
300833b2ddd9014000030002,1,1,264,-49,1654780982403261,1654780982403261,
300833b2ddd9014000030009,1,1,2412,-44,1654780982404982,1654780982404982,
300833b2ddd9014000030001,1,1,1204,-48,1654780982437232,1654780982437232,
300833b2ddd9014000030009,1,1,2424,-44,1654780982438586,1654780982438586,
300833b2ddd9014000030002,1,1,268,-49,1654780982439657,1654780982439657,
300833b2ddd9014000030008,1,1,3248,-44,1654780982440992,1654780982440992,
300833b2ddd9014000030009,1,1,2404,-44,1654780982445685,1654780982445685,
300833b2ddd9014000030001,1,1,1188,-48,1654780982447212,1654780982447212,
300833b2ddd9014000030002,1,1,304,-49,1654780982448308,1654780982448308,
300833b2ddd9014000030008,1,1,3244,-44,1654780982449860,1654780982449860,
300833b2ddd9014000030002,1,1,284,-49,1654780982481333,1654780982481333,
300833b2ddd9014000030009,1,1,2412,-44,1654780982485354,1654780982485354,
300833b2ddd9014000030001,1,1,1240,-48,1654780982487422,1654780982487422,
300833b2ddd9014000030008,1,1,3232,-44,1654780982488506,1654780982488506,
300833b2ddd9014000030002,1,1,292,-49,1654780982491312,1654780982491312,
300833b2ddd9014000030001,1,1,1200,-48,1654780982492428,1654780982492428,
300833b2ddd9014000030009,1,1,2424,-44,1654780982493980,1654780982493980,
300833b2ddd9014000030008,1,1,3244,-44,1654780982495276,1654780982495276,
300833b2ddd9014000030002,1,1,280,-49,1654780982526842,1654780982526842,
300833b2ddd9014000030008,1,1,3232,-44,1654780982529047,1654780982529047,
300833b2ddd9014000030001,1,1,1232,-48,1654780982530414,1654780982530414,
300833b2ddd9014000030009,1,1,2416,-44,1654780982531701,1654780982531701,
300833b2ddd9014000030009,1,1,2416,-44,1654780982534923,1654780982534923,
300833b2ddd9014000030001,1,1,1208,-48,1654780982535968,1654780982535968,
300833b2ddd9014000030008,1,1,3228,-44,1654780982537079,1654780982537079,
300833b2ddd9014000030002,1,1,264,-49,1654780982538390,1654780982538390,
300833b2ddd9014000030009,1,1,2404,-44,1654780982570755,1654780982570755,
300833b2ddd9014000030002,1,1,276,-49,1654780982571982,1654780982571982,
300833b2ddd9014000030008,1,1,3224,-44,1654780982573093,1654780982573093,
300833b2ddd9014000030001,1,1,1216,-48,1654780982574224,1654780982574224,
300833b2ddd9014000030008,1,1,3232,-44,1654780982577803,1654780982577803,
300833b2ddd9014000030009,1,1,2408,-44,1654780982578979,1654780982578979,
300833b2ddd9014000030001,1,1,1220,-48,1654780982580037,1654780982580037,
300833b2ddd9014000030002,1,1,280,-49,1654780982582086,1654780982582086,
300833b2ddd9014000030001,1,1,1208,-48,1654780982613329,1654780982613329,
300833b2ddd9014000030008,1,1,3228,-44,1654780982614697,1654780982614697,
300833b2ddd9014000030009,1,1,2420,-44,1654780982616505,1654780982616505,
300833b2ddd9014000030002,1,1,272,-49,1654780982618827,1654780982618827,
300833b2ddd9014000030001,1,1,1192,-48,1654780982622335,1654780982622335,
300833b2ddd9014000030008,1,1,3240,-44,1654780982623431,1654780982623431,
300833b2ddd9014000030002,1,1,272,-49,1654780982624529,1654780982624529,
300833b2ddd9014000030009,1,1,2416,-44,1654780982625826,1654780982625826,
300833b2ddd9014000030008,1,1,3228,-44,1654780982657754,1654780982657754,
300833b2ddd9014000030001,1,1,1208,-48,1654780982658813,1654780982658813,
300833b2ddd9014000030009,1,1,2420,-44,1654780982660366,1654780982660366,
300833b2ddd9014000030002,1,1,272,-49,1654780982661436,1654780982661436,
300833b2ddd9014000030002,1,1,268,-49,1654780982665660,1654780982665660,
300833b2ddd9014000030008,1,1,3240,-44,1654780982666714,1654780982666714,
300833b2ddd9014000030009,1,1,2416,-44,1654780982667755,1654780982667755,
300833b2ddd9014000030001,1,1,1212,-48,1654780982668816,1654780982668816,
300833b2ddd9014000030002,1,1,264,-49,1654780982700892,1654780982700892,
300833b2ddd9014000030001,1,1,1208,-48,1654780982702249,1654780982702249,
300833b2ddd9014000030008,1,1,3232,-44,1654780982703347,1654780982703347,
300833b2ddd9014000030009,1,1,2396,-44,1654780982704489,1654780982704489,
300833b2ddd9014000030008,1,1,3232,-44,1654780982709505,1654780982709505,
300833b2ddd9014000030009,1,1,2404,-44,1654780982710861,1654780982710861,
300833b2ddd9014000030002,1,1,260,-49,1654780982712966,1654780982712966,
300833b2ddd9014000030001,1,1,1204,-48,1654780982715020,1654780982715020,
300833b2ddd9014000030002,1,1,264,-49,1654780982745565,1654780982745565,
300833b2ddd9014000030001,1,1,1212,-48,1654780982746680,1654780982746680,
300833b2ddd9014000030009,1,1,2412,-44,1654780982747791,1654780982747791,
300833b2ddd9014000030008,1,1,3232,-44,1654780982749400,1654780982749400,
300833b2ddd9014000030001,1,1,1212,-48,1654780982753573,1654780982753573,
300833b2ddd9014000030008,1,1,3228,-44,1654780982755158,1654780982755158,
300833b2ddd9014000030009,1,1,2408,-44,1654780982756212,1654780982756212,
300833b2ddd9014000030002,1,1,284,-49,1654780982757522,1654780982757522,
300833b2ddd9014000030008,1,1,3232,-44,1654780982789211,1654780982789211,
300833b2ddd9014000030001,1,1,1188,-48,1654780982790970,1654780982790970,
300833b2ddd9014000030009,1,1,2416,-44,1654780982792093,1654780982792093,
300833b2ddd9014000030002,1,1,260,-49,1654780982793123,1654780982793123,
300833b2ddd9014000030009,1,1,2400,-44,1654780982797026,1654780982797026,
300833b2ddd9014000030008,1,1,3244,-44,1654780982799624,1654780982799624,
300833b2ddd9014000030001,1,1,1228,-48,1654780982801111,1654780982801111,
300833b2ddd9014000030002,1,1,304,-49,1654780982802279,1654780982802279,
300833b2ddd9014000030009,1,1,2416,-44,1654780982832516,1654780982832516,
300833b2ddd9014000030008,1,1,3256,-44,1654780982834931,1654780982834931,
300833b2ddd9014000030002,1,1,260,-49,1654780982836002,1654780982836002,
300833b2ddd9014000030001,1,1,1248,-48,1654780982837246,1654780982837246,
300833b2ddd9014000030009,1,1,2404,-44,1654780982840511,1654780982840511,
300833b2ddd9014000030002,1,1,284,-49,1654780982841538,1654780982841538,
300833b2ddd9014000030001,1,1,1224,-48,1654780982843782,1654780982843782,
300833b2ddd9014000030008,1,1,3240,-44,1654780982845095,1654780982845095,
300833b2ddd9014000030001,1,1,1208,-48,1654780982875990,1654780982875990,
300833b2ddd9014000030009,1,1,2396,-44,1654780982878560,1654780982878560,
300833b2ddd9014000030008,1,1,3240,-44,1654780982879599,1654780982879599,
300833b2ddd9014000030002,1,1,272,-49,1654780982880813,1654780982880813,
300833b2ddd9014000030002,1,1,280,-49,1654780982883577,1654780982883577,
300833b2ddd9014000030001,1,1,1196,-48,1654780982885116,1654780982885116,
300833b2ddd9014000030008,1,1,3244,-44,1654780982886226,1654780982886226,
300833b2ddd9014000030009,1,1,2392,-44,1654780982887557,1654780982887557,
300833b2ddd9014000030001,1,1,1200,-48,1654780982919716,1654780982919716,
300833b2ddd9014000030002,1,1,288,-49,1654780982920943,1654780982920943,
300833b2ddd9014000030008,1,1,3232,-44,1654780982921982,1654780982921982,
300833b2ddd9014000030009,1,1,2392,-44,1654780982923054,1654780982923054,
300833b2ddd9014000030001,1,1,1208,-48,1654780982926646,1654780982926646,
300833b2ddd9014000030009,1,1,2400,-44,1654780982927999,1654780982927999,
300833b2ddd9014000030002,1,1,280,-49,1654780982929565,1654780982929565,
300833b2ddd9014000030008,1,1,3232,-44,1654780982930902,1654780982930902,
300833b2ddd9014000030009,1,1,2384,-44,1654780982962333,1654780982962333,
300833b2ddd9014000030008,1,1,3240,-44,1654780982963398,1654780982963398,
300833b2ddd9014000030002,1,1,272,-49,1654780982964443,1654780982964443,
300833b2ddd9014000030008,1,1,3240,-44,1654780982969590,1654780982969590,
300833b2ddd9014000030002,1,1,300,-49,1654780982971181,1654780982971181,
300833b2ddd9014000030009,1,1,2404,-44,1654780982972269,1654780982972269,
300833b2ddd9014000030001,1,1,1212,-48,1654780982973895,1654780982973895,
300833b2ddd9014000030009,1,1,2396,-44,1654780983005557,1654780983005557,
300833b2ddd9014000030008,1,1,3248,-44,1654780983008099,1654780983008099,
300833b2ddd9014000030002,1,1,340,-49,1654780983009555,1654780983009555,
300833b2ddd9014000030008,1,1,3240,-44,1654780983012307,1654780983012307,
300833b2ddd9014000030009,1,1,2404,-44,1654780983013363,1654780983013363,
300833b2ddd9014000030001,1,1,1204,-48,1654780983016062,1654780983016062,
300833b2ddd9014000030002,1,1,284,-49,1654780983017386,1654780983017386,
300833b2ddd9014000030001,1,1,1212,-48,1654780983048204,1654780983048204,
300833b2ddd9014000030008,1,1,3236,-44,1654780983049273,1654780983049273,
300833b2ddd9014000030009,1,1,2420,-44,1654780983051290,1654780983051290,
300833b2ddd9014000030002,1,1,276,-49,1654780983052748,1654780983052748,
300833b2ddd9014000030001,1,1,1200,-48,1654780983057714,1654780983057714,
300833b2ddd9014000030002,1,1,280,-49,1654780983059009,1654780983059009,
300833b2ddd9014000030009,1,1,2392,-44,1654780983060773,1654780983060773,
300833b2ddd9014000030008,1,1,3232,-44,1654780983061996,1654780983061996,
300833b2ddd9014000030008,1,1,3236,-44,1654780983097703,1654780983097703,
300833b2ddd9014000030002,1,1,284,-49,1654780983099061,1654780983099061,
300833b2ddd9014000030009,1,1,2396,-44,1654780983100388,1654780983100388,
300833b2ddd9014000030001,1,1,1208,-48,1654780983103420,1654780983103420,
300833b2ddd9014000030009,1,1,2396,-44,1654780983107261,1654780983107261,
300833b2ddd9014000030001,1,1,1196,-48,1654780983108617,1654780983108617,
300833b2ddd9014000030008,1,1,3224,-44,1654780983109702,1654780983109702,
300833b2ddd9014000030002,1,1,280,-49,1654780983112262,1654780983112262,
300833b2ddd9014000030001,1,1,1220,-48,1654780983143664,1654780983143664,
300833b2ddd9014000030008,1,1,3212,-44,1654780983145147,1654780983145147,
300833b2ddd9014000030009,1,1,2392,-44,1654780983146429,1654780983146429,
300833b2ddd9014000030002,1,1,296,-49,1654780983148095,1654780983148095,
300833b2ddd9014000030002,1,1,276,-49,1654780983151557,1654780983151557,
300833b2ddd9014000030008,1,1,3244,-44,1654780983152782,1654780983152782,
300833b2ddd9014000030009,1,1,2392,-44,1654780983154364,1654780983154364,
300833b2ddd9014000030001,1,1,1216,-48,1654780983155818,1654780983155818,
300833b2ddd9014000030001,1,1,1200,-48,1654780983186510,1654780983186510,
300833b2ddd9014000030009,1,1,2440,-44,1654780983187722,1654780983187722,
300833b2ddd9014000030008,1,1,3240,-44,1654780983188760,1654780983188760,
300833b2ddd9014000030002,1,1,284,-49,1654780983189847,1654780983189847,
300833b2ddd9014000030009,1,1,2404,-44,1654780983194043,1654780983194043,
300833b2ddd9014000030001,1,1,1200,-48,1654780983195117,1654780983195117,
300833b2ddd9014000030008,1,1,3228,-44,1654780983196668,1654780983196668,
300833b2ddd9014000030002,1,1,264,-49,1654780983198066,1654780983198066,
300833b2ddd9014000030008,1,1,3236,-44,1654780983229269,1654780983229269,
300833b2ddd9014000030009,1,1,2420,-44,1654780983231250,1654780983231250,
300833b2ddd9014000030001,1,1,1208,-48,1654780983232339,1654780983232339,
300833b2ddd9014000030002,1,1,288,-49,1654780983234049,1654780983234049,
300833b2ddd9014000030008,1,1,3236,-44,1654780983237535,1654780983237535,
300833b2ddd9014000030001,1,1,1216,-48,1654780983238623,1654780983238623,
300833b2ddd9014000030009,1,1,2408,-44,1654780983239992,1654780983239992,
300833b2ddd9014000030002,1,1,292,-49,1654780983241343,1654780983241343,
300833b2ddd9014000030001,1,1,1212,-48,1654780983273675,1654780983273675,
300833b2ddd9014000030008,1,1,3228,-44,1654780983275636,1654780983275636,
300833b2ddd9014000030009,1,1,2392,-44,1654780983276736,1654780983276736,
300833b2ddd9014000030002,1,1,272,-49,1654780983277934,1654780983277934,
300833b2ddd9014000030002,1,1,284,-49,1654780983280707,1654780983280707,
300833b2ddd9014000030001,1,1,1208,-48,1654780983282003,1654780983282003,
300833b2ddd9014000030008,1,1,3220,-44,1654780983283601,1654780983283601,
300833b2ddd9014000030009,1,1,2384,-44,1654780983284971,1654780983284971,
300833b2ddd9014000030009,1,1,2404,-44,1654780983316347,1654780983316347,
300833b2ddd9014000030002,1,1,280,-49,1654780983317402,1654780983317402,
300833b2ddd9014000030008,1,1,3232,-44,1654780983318482,1654780983318482,
300833b2ddd9014000030001,1,1,1204,-48,1654780983319981,1654780983319981,
300833b2ddd9014000030008,1,1,3228,-44,1654780983325197,1654780983325197,
300833b2ddd9014000030001,1,1,1204,-48,1654780983326654,1654780983326654,
300833b2ddd9014000030009,1,1,2400,-44,1654780983328389,1654780983328389,
300833b2ddd9014000030002,1,1,280,-49,1654780983329474,1654780983329474,
300833b2ddd9014000030001,1,1,1220,-48,1654780983359696,1654780983359696,
300833b2ddd9014000030009,1,1,2396,-44,1654780983361392,1654780983361392,
300833b2ddd9014000030008,1,1,3220,-44,1654780983362717,1654780983362717,
300833b2ddd9014000030002,1,1,276,-49,1654780983364198,1654780983364198,
300833b2ddd9014000030008,1,1,3232,-44,1654780983367213,1654780983367213,
300833b2ddd9014000030001,1,1,1204,-48,1654780983368527,1654780983368527,
300833b2ddd9014000030009,1,1,2412,-44,1654780983369867,1654780983369867,
300833b2ddd9014000030002,1,1,280,-49,1654780983370921,1654780983370921,
300833b2ddd9014000030002,1,1,272,-49,1654780983403715,1654780983403715,
300833b2ddd9014000030009,1,1,2408,-44,1654780983405412,1654780983405412,
300833b2ddd9014000030008,1,1,3224,-44,1654780983406481,1654780983406481,
300833b2ddd9014000030001,1,1,1200,-48,1654780983407695,1654780983407695,
300833b2ddd9014000030008,1,1,3228,-44,1654780983412140,1654780983412140,
300833b2ddd9014000030009,1,1,2396,-44,1654780983413480,1654780983413480,
300833b2ddd9014000030002,1,1,296,-49,1654780983415059,1654780983415059,
300833b2ddd9014000030001,1,1,1220,-48,1654780983416175,1654780983416175,