epc,atenda,atendanum,phase,RSS,timestamp,timestamp2,
300833b2ddd9014000030001,1,1,1040,-70,1654695517530184,1654695517530184,
300833b2ddd9014000030009,1,1,2416,-54,1654695517531283,1654695517531283,
300833b2ddd9014000030002,1,1,2836,-62,1654695517532822,1654695517532822,
300833b2ddd9014000030008,1,1,1792,-56,1654695517533937,1654695517533937,
300833b2ddd9014000030001,1,1,1140,-71,1654695517539990,1654695517539990,
300833b2ddd9014000030009,1,1,2412,-55,1654695517541273,1654695517541273,
300833b2ddd9014000030008,1,1,1776,-57,1654695517542360,1654695517542360,
300833b2ddd9014000030002,1,1,2800,-62,1654695517543868,1654695517543868,
300833b2ddd9014000030001,1,1,1088,-70,1654695517575637,1654695517575637,
300833b2ddd9014000030009,1,1,2416,-55,1654695517576993,1654695517576993,
300833b2ddd9014000030008,1,1,1796,-56,1654695517578093,1654695517578093,
300833b2ddd9014000030002,1,1,2884,-61,1654695517579391,1654695517579391,
300833b2ddd9014000030009,1,1,2416,-55,1654695517584268,1654695517584268,
300833b2ddd9014000030002,1,1,2948,-62,1654695517585596,1654695517585596,
300833b2ddd9014000030008,1,1,1824,-56,1654695517587598,1654695517587598,
300833b2ddd9014000030001,1,1,1080,-70,1654695517589894,1654695517589894,
300833b2ddd9014000030008,1,1,1824,-57,1654695517620179,1654695517620179,
300833b2ddd9014000030002,1,1,2772,-62,1654695517622122,1654695517622122,
300833b2ddd9014000030001,1,1,984,-69,1654695517623451,1654695517623451,
300833b2ddd9014000030009,1,1,2396,-54,1654695517624536,1654695517624536,
300833b2ddd9014000030009,1,1,2432,-54,1654695517628291,1654695517628291,
300833b2ddd9014000030002,1,1,2808,-62,1654695517629421,1654695517629421,
300833b2ddd9014000030008,1,1,1796,-57,1654695517630747,1654695517630747,
300833b2ddd9014000030001,1,1,1004,-70,1654695517632333,1654695517632333,
300833b2ddd9014000030009,1,1,2412,-54,1654695517664038,1654695517664038,
300833b2ddd9014000030002,1,1,2824,-62,1654695517666000,1654695517666000,
300833b2ddd9014000030008,1,1,1744,-57,1654695517667299,1654695517667299,
300833b2ddd9014000030001,1,1,1332,-69,1654695517668758,1654695517668758,
300833b2ddd9014000030002,1,1,2812,-62,1654695517672230,1654695517672230,
300833b2ddd9014000030001,1,1,1000,-69,1654695517673946,1654695517673946,
300833b2ddd9014000030009,1,1,2372,-54,1654695517675045,1654695517675045,
300833b2ddd9014000030008,1,1,1792,-57,1654695517676144,1654695517676144,
300833b2ddd9014000030008,1,1,1828,-56,1654695517706975,1654695517706975,
300833b2ddd9014000030009,1,1,2408,-55,1654695517708061,1654695517708061,
300833b2ddd9014000030002,1,1,2856,-62,1654695517709402,1654695517709402,
300833b2ddd9014000030001,1,1,1204,-70,1654695517711373,1654695517711373,
300833b2ddd9014000030009,1,1,2420,-55,1654695517715251,1654695517715251,
300833b2ddd9014000030002,1,1,2900,-62,1654695517716593,1654695517716593,
300833b2ddd9014000030008,1,1,1788,-57,1654695517718178,1654695517718178,
300833b2ddd9014000030001,1,1,1052,-70,1654695517720387,1654695517720387,
300833b2ddd9014000030009,1,1,2404,-54,1654695517750944,1654695517750944,
300833b2ddd9014000030002,1,1,2884,-62,1654695517752326,1654695517752326,
300833b2ddd9014000030008,1,1,1828,-57,1654695517753454,1654695517753454,
300833b2ddd9014000030001,1,1,1024,-69,1654695517754767,1654695517754767,
300833b2ddd9014000030009,1,1,2432,-55,1654695517759489,1654695517759489,
300833b2ddd9014000030008,1,1,1824,-57,1654695517761027,1654695517761027,
300833b2ddd9014000030002,1,1,2800,-61,1654695517762155,1654695517762155,
300833b2ddd9014000030001,1,1,996,-70,1654695517763258,1654695517763258,
300833b2ddd9014000030002,1,1,2812,-62,1654695517794937,1654695517794937,
300833b2ddd9014000030009,1,1,2400,-54,1654695517796518,1654695517796518,
300833b2ddd9014000030008,1,1,1792,-56,1654695517797646,1654695517797646,
300833b2ddd9014000030001,1,1,1152,-69,1654695517799003,1654695517799003,
300833b2ddd9014000030002,1,1,2844,-62,1654695517803991,1654695517803991,
300833b2ddd9014000030001,1,1,1028,-69,1654695517805067,1654695517805067,
300833b2ddd9014000030009,1,1,2412,-55,1654695517806389,1654695517806389,
300833b2ddd9014000030008,1,1,1804,-56,1654695517807478,1654695517807478,
300833b2ddd9014000030008,1,1,1816,-56,1654695517838972,1654695517838972,
300833b2ddd9014000030002,1,1,2768,-62,1654695517840655,1654695517840655,
300833b2ddd9014000030009,1,1,2404,-55,1654695517841767,1654695517841767,
300833b2ddd9014000030001,1,1,1160,-70,1654695517843492,1654695517843492,
300833b2ddd9014000030009,1,1,2420,-55,1654695517846549,1654695517846549,
300833b2ddd9014000030008,1,1,1828,-57,1654695517848727,1654695517848727,
300833b2ddd9014000030001,1,1,1008,-70,1654695517849831,1654695517849831,
300833b2ddd9014000030002,1,1,2828,-62,1654695517850869,1654695517850869,
300833b2ddd9014000030002,1,1,2848,-62,1654695517881790,1654695517881790,
300833b2ddd9014000030008,1,1,1800,-57,1654695517883466,1654695517883466,
300833b2ddd9014000030009,1,1,2392,-55,1654695517884836,1654695517884836,
300833b2ddd9014000030001,1,1,1024,-69,1654695517886069,1654695517886069,
300833b2ddd9014000030009,1,1,2440,-54,1654695517889105,1654695517889105,
300833b2ddd9014000030008,1,1,1844,-57,1654695517890598,1654695517890598,
300833b2ddd9014000030002,1,1,2916,-62,1654695517891913,1654695517891913,
300833b2ddd9014000030001,1,1,1196,-70,1654695517893655,1654695517893655,
300833b2ddd9014000030008,1,1,1804,-56,1654695517924991,1654695517924991,
300833b2ddd9014000030009,1,1,2392,-55,1654695517926318,1654695517926318,
300833b2ddd9014000030001,1,1,1020,-70,1654695517927423,1654695517927423,
300833b2ddd9014000030002,1,1,2872,-62,1654695517928789,1654695517928789,
300833b2ddd9014000030009,1,1,2392,-54,1654695517933764,1654695517933764,
300833b2ddd9014000030008,1,1,1812,-56,1654695517934876,1654695517934876,
300833b2ddd9014000030001,1,1,1100,-70,1654695517936219,1654695517936219,
300833b2ddd9014000030002,1,1,2916,-62,1654695517937922,1654695517937922,
300833b2ddd9014000030002,1,1,2844,-62,1654695517969639,1654695517969639,
300833b2ddd9014000030008,1,1,1836,-56,1654695517971533,1654695517971533,
300833b2ddd9014000030009,1,1,2400,-54,1654695517972591,1654695517972591,
300833b2ddd9014000030001,1,1,1104,-70,1654695517973823,1654695517973823,
300833b2ddd9014000030009,1,1,2392,-55,1654695517977001,1654695517977001,
300833b2ddd9014000030002,1,1,2796,-62,1654695517978341,1654695517978341,
300833b2ddd9014000030008,1,1,1828,-56,1654695517979679,1654695517979679,
300833b2ddd9014000030001,1,1,1208,-70,1654695517981427,1654695517981427,
300833b2ddd9014000030008,1,1,1812,-57,1654695518013013,1654695518013013,
300833b2ddd9014000030001,1,1,1044,-70,1654695518014742,1654695518014742,
300833b2ddd9014000030009,1,1,2408,-55,1654695518015870,1654695518015870,
300833b2ddd9014000030002,1,1,2856,-61,1654695518017340,1654695518017340,
300833b2ddd9014000030009,1,1,2412,-55,1654695518020324,1654695518020324,
300833b2ddd9014000030002,1,1,2856,-62,1654695518021419,1654695518021419,
300833b2ddd9014000030001,1,1,1208,-70,1654695518022796,1654695518022796,
300833b2ddd9014000030008,1,1,1824,-56,1654695518024389,1654695518024389,
300833b2ddd9014000030009,1,1,2388,-55,1654695518055778,1654695518055778,
300833b2ddd9014000030008,1,1,1824,-57,1654695518056849,1654695518056849,
300833b2ddd9014000030001,1,1,1052,-69,1654695518058177,1654695518058177,
300833b2ddd9014000030002,1,1,2828,-62,1654695518059517,1654695518059517,
300833b2ddd9014000030001,1,1,1280,-69,1654695518064411,1654695518064411,
300833b2ddd9014000030009,1,1,2400,-54,1654695518065751,1654695518065751,
300833b2ddd9014000030008,1,1,1808,-56,1654695518066836,1654695518066836,
300833b2ddd9014000030002,1,1,2788,-62,1654695518068178,1654695518068178,
300833b2ddd9014000030008,1,1,1812,-56,1654695518100217,1654695518100217,
300833b2ddd9014000030001,1,1,1168,-70,1654695518101333,1654695518101333,
300833b2ddd9014000030009,1,1,2404,-55,1654695518102433,1654695518102433,
300833b2ddd9014000030002,1,1,2848,-62,1654695518104028,1654695518104028,
300833b2ddd9014000030008,1,1,1828,-56,1654695518108399,1654695518108399,
300833b2ddd9014000030001,1,1,1216,-70,1654695518111230,1654695518111230,
300833b2ddd9014000030009,1,1,2392,-55,1654695518112302,1654695518112302,
300833b2ddd9014000030002,1,1,3000,-62,1654695518113544,1654695518113544,
300833b2ddd9014000030009,1,1,2400,-55,1654695518144887,1654695518144887,
300833b2ddd9014000030008,1,1,1856,-56,1654695518145929,1654695518145929,
300833b2ddd9014000030002,1,1,2836,-62,1654695518147143,1654695518147143,
300833b2ddd9014000030001,1,1,1288,-70,1654695518148646,1654695518148646,
300833b2ddd9014000030008,1,1,1828,-56,1654695518151664,1654695518151664,
300833b2ddd9014000030002,1,1,2872,-62,1654695518153420,1654695518153420,
300833b2ddd9014000030009,1,1,2424,-54,1654695518154771,1654695518154771,
300833b2ddd9014000030001,1,1,972,-69,1654695518155836,1654695518155836,
300833b2ddd9014000030008,1,1,1828,-56,1654695518186371,1654695518186371,
300833b2ddd9014000030002,1,1,2880,-62,1654695518188093,1654695518188093,
300833b2ddd9014000030009,1,1,2412,-55,1654695518189461,1654695518189461,
300833b2ddd9014000030001,1,1,1032,-68,1654695518190498,1654695518190498,
300833b2ddd9014000030009,1,1,2416,-54,1654695518193897,1654695518193897,
300833b2ddd9014000030001,1,1,1056,-68,1654695518194987,1654695518194987,
300833b2ddd9014000030002,1,1,2816,-62,1654695518196566,1654695518196566,
300833b2ddd9014000030008,1,1,1780,-57,1654695518197894,1654695518197894,
300833b2ddd9014000030009,1,1,2436,-54,1654695518229397,1654695518229397,
300833b2ddd9014000030002,1,1,2808,-62,1654695518231559,1654695518231559,
300833b2ddd9014000030008,1,1,1816,-56,1654695518232631,1654695518232631,
300833b2ddd9014000030001,1,1,1144,-70,1654695518234289,1654695518234289,
300833b2ddd9014000030002,1,1,2828,-62,1654695518237049,1654695518237049,
300833b2ddd9014000030008,1,1,1820,-56,1654695518238374,1654695518238374,
300833b2ddd9014000030009,1,1,2400,-54,1654695518239518,1654695518239518,
300833b2ddd9014000030001,1,1,1216,-69,1654695518242184,1654695518242184,
300833b2ddd9014000030001,1,1,1104,-70,1654695518273220,1654695518273220,
300833b2ddd9014000030002,1,1,2780,-61,1654695518274770,1654695518274770,
300833b2ddd9014000030009,1,1,2408,-55,1654695518275896,1654695518275896,
300833b2ddd9014000030008,1,1,1812,-56,1654695518277593,1654695518277593,
300833b2ddd9014000030001,1,1,1124,-70,1654695518280589,1654695518280589,
300833b2ddd9014000030009,1,1,2404,-54,1654695518282543,1654695518282543,
300833b2ddd9014000030008,1,1,1836,-56,1654695518283598,1654695518283598,
300833b2ddd9014000030002,1,1,2760,-61,1654695518285299,1654695518285299,
300833b2ddd9014000030008,1,1,1792,-56,1654695518315287,1654695518315287,
300833b2ddd9014000030002,1,1,2836,-62,1654695518316627,1654695518316627,
300833b2ddd9014000030009,1,1,2412,-55,1654695518318420,1654695518318420,
300833b2ddd9014000030001,1,1,1168,-69,1654695518320120,1654695518320120,
300833b2ddd9014000030009,1,1,2420,-55,1654695518324518,1654695518324518,
300833b2ddd9014000030008,1,1,1836,-56,1654695518325988,1654695518325988,
300833b2ddd9014000030002,1,1,2832,-62,1654695518327588,1654695518327588,
300833b2ddd9014000030001,1,1,1104,-69,1654695518328821,1654695518328821,
300833b2ddd9014000030001,1,1,1300,-69,1654695518359560,1654695518359560,
300833b2ddd9014000030008,1,1,1812,-56,1654695518361648,1654695518361648,
300833b2ddd9014000030009,1,1,2384,-54,1654695518362777,1654695518362777,
300833b2ddd9014000030002,1,1,2756,-62,1654695518364008,1654695518364008,
300833b2ddd9014000030008,1,1,1836,-56,1654695518368173,1654695518368173,
300833b2ddd9014000030001,1,1,1224,-69,1654695518370441,1654695518370441,
300833b2ddd9014000030009,1,1,2400,-55,1654695518371554,1654695518371554,
300833b2ddd9014000030002,1,1,2772,-62,1654695518373041,1654695518373041,
300833b2ddd9014000030002,1,1,2848,-62,1654695518403324,1654695518403324,
300833b2ddd9014000030009,1,1,2432,-55,1654695518405313,1654695518405313,
300833b2ddd9014000030001,1,1,1112,-69,1654695518406387,1654695518406387,
300833b2ddd9014000030008,1,1,1804,-56,1654695518407487,1654695518407487,
300833b2ddd9014000030008,1,1,1816,-56,1654695518410858,1654695518410858,
300833b2ddd9014000030009,1,1,2392,-55,1654695518412854,1654695518412854,
300833b2ddd9014000030002,1,1,2868,-62,1654695518414366,1654695518414366,
300833b2ddd9014000030001,1,1,1320,-70,1654695518415811,1654695518415811,
300833b2ddd9014000030009,1,1,2396,-55,1654695518445596,1654695518445596,
300833b2ddd9014000030008,1,1,1808,-56,1654695518447774,1654695518447774,
300833b2ddd9014000030001,1,1,1124,-70,1654695518448880,1654695518448880,
300833b2ddd9014000030002,1,1,2772,-62,1654695518449921,1654695518449921,
300833b2ddd9014000030002,1,1,2816,-62,1654695518453754,1654695518453754,
300833b2ddd9014000030008,1,1,1800,-56,1654695518455253,1654695518455253,
300833b2ddd9014000030001,1,1,1240,-70,1654695518456329,1654695518456329,
300833b2ddd9014000030009,1,1,2392,-54,1654695518457428,1654695518457428,
300833b2ddd9014000030001,1,1,1064,-70,1654695518487974,1654695518487974,
300833b2ddd9014000030008,1,1,1788,-57,1654695518489555,1654695518489555,
300833b2ddd9014000030009,1,1,2396,-54,1654695518490910,1654695518490910,
300833b2ddd9014000030002,1,1,2800,-62,1654695518492579,1654695518492579,
300833b2ddd9014000030008,1,1,1816,-56,1654695518496943,1654695518496943,
300833b2ddd9014000030002,1,1,2792,-62,1654695518498057,1654695518498057,
300833b2ddd9014000030009,1,1,2384,-55,1654695518499383,1654695518499383,
300833b2ddd9014000030001,1,1,1092,-70,1654695518502473,1654695518502473,
300833b2ddd9014000030008,1,1,1772,-56,1654695518532184,1654695518532184,
300833b2ddd9014000030009,1,1,2396,-55,1654695518533482,1654695518533482,
300833b2ddd9014000030001,1,1,984,-70,1654695518535311,1654695518535311,
300833b2ddd9014000030002,1,1,2808,-61,1654695518536781,1654695518536781,
300833b2ddd9014000030002,1,1,2880,-62,1654695518540904,1654695518540904,
300833b2ddd9014000030001,1,1,1072,-69,1654695518541980,1654695518541980,
300833b2ddd9014000030008,1,1,1836,-56,1654695518543303,1654695518543303,
300833b2ddd9014000030009,1,1,2412,-54,1654695518544373,1654695518544373,
300833b2ddd9014000030002,1,1,2892,-62,1654695518576242,1654695518576242,
300833b2ddd9014000030008,1,1,1836,-56,1654695518577383,1654695518577383,
300833b2ddd9014000030009,1,1,2396,-54,1654695518579475,1654695518579475,
300833b2ddd9014000030001,1,1,1340,-70,1654695518580622,1654695518580622,
300833b2ddd9014000030009,1,1,2392,-54,1654695518585364,1654695518585364,
300833b2ddd9014000030001,1,1,1112,-69,1654695518586810,1654695518586810,
300833b2ddd9014000030008,1,1,1812,-56,1654695518588162,1654695518588162,
300833b2ddd9014000030002,1,1,2868,-61,1654695518589619,1654695518589619,
300833b2ddd9014000030002,1,1,2824,-62,1654695518619745,1654695518619745,
300833b2ddd9014000030009,1,1,2380,-55,1654695518620815,1654695518620815,
300833b2ddd9014000030001,1,1,1200,-69,1654695518621918,1654695518621918,
300833b2ddd9014000030008,1,1,1820,-56,1654695518623498,1654695518623498,
300833b2ddd9014000030009,1,1,2404,-55,1654695518628363,1654695518628363,
300833b2ddd9014000030002,1,1,2816,-62,1654695518629490,1654695518629490,
300833b2ddd9014000030008,1,1,1828,-56,1654695518630816,1654695518630816,
300833b2ddd9014000030001,1,1,740,-70,1654695518633030,1654695518633030,
300833b2ddd9014000030009,1,1,2388,-54,1654695518664058,1654695518664058,
300833b2ddd9014000030008,1,1,1828,-57,1654695518665113,1654695518665113,
300833b2ddd9014000030001,1,1,1100,-69,1654695518667662,1654695518667662,
300833b2ddd9014000030002,1,1,2808,-61,1654695518669375,1654695518669375,
300833b2ddd9014000030008,1,1,1828,-56,1654695518673489,1654695518673489,
300833b2ddd9014000030009,1,1,2336,-55,1654695518675059,1654695518675059,
300833b2ddd9014000030002,1,1,2828,-62,1654695518676676,1654695518676676,
300833b2ddd9014000030001,1,1,1068,-70,1654695518678647,1654695518678647,
300833b2ddd9014000030002,1,1,2908,-62,1654695518709190,1654695518709190,
300833b2ddd9014000030009,1,1,2392,-55,1654695518710737,1654695518710737,
300833b2ddd9014000030008,1,1,1808,-56,1654695518712081,1654695518712081,
300833b2ddd9014000030001,1,1,1132,-69,1654695518713767,1654695518713767,
300833b2ddd9014000030009,1,1,2400,-55,1654695518718104,1654695518718104,
300833b2ddd9014000030008,1,1,1836,-56,1654695518719489,1654695518719489,
300833b2ddd9014000030001,1,1,1160,-70,1654695518721076,1654695518721076,
300833b2ddd9014000030002,1,1,2700,-61,1654695518722759,1654695518722759,
300833b2ddd9014000030009,1,1,2432,-54,1654695518754782,1654695518754782,
300833b2ddd9014000030008,1,1,1820,-56,1654695518755896,1654695518755896,
300833b2ddd9014000030002,1,1,2840,-62,1654695518757178,1654695518757178,
300833b2ddd9014000030001,1,1,1500,-67,1654695518758397,1654695518758397,
300833b2ddd9014000030008,1,1,1812,-56,1654695518761408,1654695518761408,
300833b2ddd9014000030009,1,1,2424,-54,1654695518763018,1654695518763018,
300833b2ddd9014000030002,1,1,2804,-61,1654695518764317,1654695518764317,
300833b2ddd9014000030008,1,1,1820,-56,1654695518795926,1654695518795926,
300833b2ddd9014000030009,1,1,2384,-54,1654695518797496,1654695518797496,
300833b2ddd9014000030002,1,1,2784,-61,1654695518800753,1654695518800753,
300833b2ddd9014000030001,1,1,1440,-67,1654695518805099,1654695518805099,
300833b2ddd9014000030002,1,1,2792,-61,1654695518806197,1654695518806197,
300833b2ddd9014000030009,1,1,2404,-54,1654695518807410,1654695518807410,
300833b2ddd9014000030008,1,1,1804,-56,1654695518808482,1654695518808482,
300833b2ddd9014000030009,1,1,2372,-54,1654695518838148,1654695518838148,
300833b2ddd9014000030008,1,1,1808,-56,1654695518840296,1654695518840296,
300833b2ddd9014000030002,1,1,2856,-61,1654695518841681,1654695518841681,
300833b2ddd9014000030001,1,1,1244,-66,1654695518845520,1654695518845520,
300833b2ddd9014000030009,1,1,2384,-55,1654695518848664,1654695518848664,
300833b2ddd9014000030008,1,1,1824,-55,1654695518851210,1654695518851210,
300833b2ddd9014000030009,1,1,2372,-54,1654695518881435,1654695518881435,
300833b2ddd9014000030008,1,1,1796,-55,1654695518882519,1654695518882519,
300833b2ddd9014000030008,1,1,1728,-55,1654695518888062,1654695518888062,
300833b2ddd9014000030009,1,1,2348,-54,1654695518889773,1654695518889773,
300833b2ddd9014000030009,1,1,2492,-53,1654695518920967,1654695518920967,
300833b2ddd9014000030008,1,1,1656,-55,1654695518923742,1654695518923742,
300833b2ddd9014000030008,1,1,1828,-55,1654695518927464,1654695518927464,
300833b2ddd9014000030009,1,1,2536,-53,1654695518929404,1654695518929404,
300833b2ddd9014000030008,1,1,1808,-56,1654695518960495,1654695518960495,
300833b2ddd9014000030009,1,1,2384,-55,1654695518961623,1654695518961623,
300833b2ddd9014000030008,1,1,1840,-56,1654695518967685,1654695518967685,
300833b2ddd9014000030009,1,1,2432,-55,1654695518969368,1654695518969368,
300833b2ddd9014000030001,1,1,1152,-70,1654695518970487,1654695518970487,
300833b2ddd9014000030002,1,1,2804,-62,1654695518971528,1654695518971528,
300833b2ddd9014000030002,1,1,2756,-62,1654695519002531,1654695519002531,
300833b2ddd9014000030008,1,1,1820,-56,1654695519003757,1654695519003757,
300833b2ddd9014000030009,1,1,2388,-55,1654695519004859,1654695519004859,
300833b2ddd9014000030001,1,1,948,-69,1654695519006247,1654695519006247,
300833b2ddd9014000030001,1,1,1088,-70,1654695519010706,1654695519010706,
300833b2ddd9014000030009,1,1,2400,-54,1654695519011791,1654695519011791,
300833b2ddd9014000030008,1,1,1812,-56,1654695519012861,1654695519012861,
300833b2ddd9014000030002,1,1,2828,-62,1654695519014588,1654695519014588,
300833b2ddd9014000030009,1,1,2400,-54,1654695519045051,1654695519045051,
300833b2ddd9014000030008,1,1,1820,-56,1654695519046598,1654695519046598,
300833b2ddd9014000030002,1,1,2796,-62,1654695519047698,1654695519047698,
300833b2ddd9014000030001,1,1,1140,-70,1654695519049174,1654695519049174,
300833b2ddd9014000030009,1,1,2428,-55,1654695519052483,1654695519052483,
300833b2ddd9014000030002,1,1,2776,-62,1654695519053611,1654695519053611,
300833b2ddd9014000030008,1,1,1852,-56,1654695519055189,1654695519055189,
300833b2ddd9014000030001,1,1,1348,-70,1654695519056521,1654695519056521,
300833b2ddd9014000030002,1,1,2808,-62,1654695519088517,1654695519088517,
300833b2ddd9014000030001,1,1,1148,-68,1654695519089778,1654695519089778,
300833b2ddd9014000030008,1,1,1832,-57,1654695519091796,1654695519091796,
300833b2ddd9014000030009,1,1,2388,-55,1654695519092852,1654695519092852,
300833b2ddd9014000030001,1,1,1016,-69,1654695519095625,1654695519095625,
300833b2ddd9014000030009,1,1,2388,-54,1654695519097148,1654695519097148,
300833b2ddd9014000030002,1,1,2788,-62,1654695519098204,1654695519098204,
300833b2ddd9014000030008,1,1,1832,-57,1654695519099558,1654695519099558,
300833b2ddd9014000030009,1,1,2396,-55,1654695519130871,1654695519130871,
300833b2ddd9014000030001,1,1,1216,-70,1654695519132812,1654695519132812,
300833b2ddd9014000030002,1,1,2860,-62,1654695519134126,1654695519134126,
300833b2ddd9014000030008,1,1,1832,-57,1654695519135223,1654695519135223,
300833b2ddd9014000030001,1,1,916,-69,1654695519138982,1654695519138982,
300833b2ddd9014000030002,1,1,2768,-62,1654695519140064,1654695519140064,
300833b2ddd9014000030009,1,1,2380,-55,1654695519143616,1654695519143616,
300833b2ddd9014000030008,1,1,1856,-56,1654695519144813,1654695519144813,
300833b2ddd9014000030008,1,1,1852,-57,1654695519174617,1654695519174617,
300833b2ddd9014000030009,1,1,2384,-54,1654695519175675,1654695519175675,
300833b2ddd9014000030001,1,1,1232,-69,1654695519176725,1654695519176725,
300833b2ddd9014000030002,1,1,2816,-63,1654695519177793,1654695519177793,
300833b2ddd9014000030001,1,1,1172,-70,1654695519183132,1654695519183132,
300833b2ddd9014000030008,1,1,1856,-57,1654695519184455,1654695519184455,
300833b2ddd9014000030009,1,1,2424,-54,1654695519185570,1654695519185570,
300833b2ddd9014000030002,1,1,2780,-62,1654695519188260,1654695519188260,
300833b2ddd9014000030008,1,1,1836,-56,1654695519219593,1654695519219593,
300833b2ddd9014000030009,1,1,2404,-55,1654695519220836,1654695519220836,
300833b2ddd9014000030001,1,1,1192,-70,1654695519221895,1654695519221895,
300833b2ddd9014000030002,1,1,2732,-62,1654695519222938,1654695519222938,
300833b2ddd9014000030008,1,1,1816,-57,1654695519227037,1654695519227037,
300833b2ddd9014000030001,1,1,1336,-69,1654695519228992,1654695519228992,
300833b2ddd9014000030009,1,1,2436,-55,1654695519230105,1654695519230105,
300833b2ddd9014000030002,1,1,2784,-62,1654695519231545,1654695519231545,
300833b2ddd9014000030001,1,1,1084,-66,1654695519261447,1654695519261447,
300833b2ddd9014000030002,1,1,2792,-62,1654695519262772,1654695519262772,
300833b2ddd9014000030008,1,1,1848,-57,1654695519264973,1654695519264973,
300833b2ddd9014000030009,1,1,2428,-55,1654695519266255,1654695519266255,
300833b2ddd9014000030008,1,1,1828,-57,1654695519269864,1654695519269864,
300833b2ddd9014000030002,1,1,2752,-62,1654695519271205,1654695519271205,
300833b2ddd9014000030001,1,1,1172,-70,1654695519272564,1654695519272564,
300833b2ddd9014000030009,1,1,2412,-55,1654695519273912,1654695519273912,
300833b2ddd9014000030009,1,1,2388,-55,1654695519305613,1654695519305613,
300833b2ddd9014000030002,1,1,2864,-62,1654695519307507,1654695519307507,
300833b2ddd9014000030008,1,1,1848,-56,1654695519308562,1654695519308562,
300833b2ddd9014000030001,1,1,1208,-69,1654695519310291,1654695519310291,
300833b2ddd9014000030009,1,1,2412,-55,1654695519313555,1654695519313555,
300833b2ddd9014000030008,1,1,1860,-57,1654695519315020,1654695519315020,
300833b2ddd9014000030001,1,1,1180,-69,1654695519316086,1654695519316086,
300833b2ddd9014000030002,1,1,2808,-62,1654695519317142,1654695519317142,
300833b2ddd9014000030008,1,1,1852,-56,1654695519347752,1654695519347752,
300833b2ddd9014000030009,1,1,2400,-55,1654695519348795,1654695519348795,
300833b2ddd9014000030001,1,1,1300,-68,1654695519350169,1654695519350169,
300833b2ddd9014000030002,1,1,2864,-62,1654695519351521,1654695519351521,
300833b2ddd9014000030002,1,1,2800,-62,1654695519356340,1654695519356340,
300833b2ddd9014000030001,1,1,1068,-70,1654695519358521,1654695519358521,
300833b2ddd9014000030008,1,1,1848,-57,1654695519360295,1654695519360295,
300833b2ddd9014000030009,1,1,2400,-54,1654695519361311,1654695519361311,
300833b2ddd9014000030008,1,1,1824,-56,1654695519391366,1654695519391366,
300833b2ddd9014000030002,1,1,2788,-62,1654695519393203,1654695519393203,
300833b2ddd9014000030009,1,1,2412,-55,1654695519394274,1654695519394274,
300833b2ddd9014000030001,1,1,1240,-69,1654695519395522,1654695519395522,
300833b2ddd9014000030001,1,1,1240,-69,1654695519398560,1654695519398560,
300833b2ddd9014000030009,1,1,2420,-54,1654695519399658,1654695519399658,
300833b2ddd9014000030008,1,1,1852,-57,1654695519401436,1654695519401436,
300833b2ddd9014000030002,1,1,2828,-62,1654695519403657,1654695519403657,
300833b2ddd9014000030009,1,1,2428,-55,1654695519434187,1654695519434187,
300833b2ddd9014000030002,1,1,2832,-62,1654695519435713,1654695519435713,
300833b2ddd9014000030008,1,1,1824,-56,1654695519437309,1654695519437309,
300833b2ddd9014000030001,1,1,1308,-70,1654695519438398,1654695519438398,
300833b2ddd9014000030009,1,1,2408,-55,1654695519443311,1654695519443311,
300833b2ddd9014000030002,1,1,2844,-62,1654695519444611,1654695519444611,
300833b2ddd9014000030008,1,1,1836,-57,1654695519446178,1654695519446178,
300833b2ddd9014000030001,1,1,1160,-69,1654695519447412,1654695519447412,
300833b2ddd9014000030008,1,1,1844,-56,1654695519477766,1654695519477766,
300833b2ddd9014000030002,1,1,2836,-62,1654695519478865,1654695519478865,
300833b2ddd9014000030009,1,1,2416,-55,1654695519479933,1654695519479933,
300833b2ddd9014000030001,1,1,976,-69,1654695519481296,1654695519481296,
300833b2ddd9014000030001,1,1,1016,-71,1654695519485730,1654695519485730,
300833b2ddd9014000030002,1,1,2868,-62,1654695519486813,1654695519486813,
300833b2ddd9014000030008,1,1,1848,-57,1654695519487897,1654695519487897,
300833b2ddd9014000030009,1,1,2428,-55,1654695519488954,1654695519488954,
300833b2ddd9014000030001,1,1,1152,-68,1654695519521092,1654695519521092,
300833b2ddd9014000030008,1,1,1820,-56,1654695519522475,1654695519522475,
300833b2ddd9014000030009,1,1,2404,-55,1654695519523801,1654695519523801,
300833b2ddd9014000030002,1,1,2800,-62,1654695519526590,1654695519526590,
300833b2ddd9014000030002,1,1,2872,-63,1654695519530660,1654695519530660,
300833b2ddd9014000030008,1,1,1836,-57,1654695519531972,1654695519531972,
300833b2ddd9014000030009,1,1,2428,-54,1654695519533012,1654695519533012,
300833b2ddd9014000030001,1,1,956,-70,1654695519535063,1654695519535063,
300833b2ddd9014000030001,1,1,1144,-69,1654695519565635,1654695519565635,
300833b2ddd9014000030009,1,1,2396,-55,1654695519567155,1654695519567155,
300833b2ddd9014000030008,1,1,1856,-56,1654695519568250,1654695519568250,
300833b2ddd9014000030002,1,1,2756,-62,1654695519569596,1654695519569596,
300833b2ddd9014000030002,1,1,2824,-62,1654695519573163,1654695519573163,
300833b2ddd9014000030008,1,1,1848,-56,1654695519574244,1654695519574244,
300833b2ddd9014000030009,1,1,2412,-55,1654695519575829,1654695519575829,
300833b2ddd9014000030001,1,1,1248,-70,1654695519577223,1654695519577223,
300833b2ddd9014000030002,1,1,2900,-63,1654695519608651,1654695519608651,
300833b2ddd9014000030001,1,1,1032,-69,1654695519611322,1654695519611322,
300833b2ddd9014000030008,1,1,1832,-56,1654695519613323,1654695519613323,
300833b2ddd9014000030009,1,1,2392,-55,1654695519614382,1654695519614382,
300833b2ddd9014000030001,1,1,1128,-69,1654695519617776,1654695519617776,
300833b2ddd9014000030009,1,1,2392,-55,1654695519618803,1654695519618803,
300833b2ddd9014000030008,1,1,1840,-56,1654695519620414,1654695519620414,
300833b2ddd9014000030002,1,1,2788,-62,1654695519621725,1654695519621725,
300833b2ddd9014000030001,1,1,1412,-70,1654695519653288,1654695519653288,
300833b2ddd9014000030002,1,1,2820,-62,1654695519657135,1654695519657135,
300833b2ddd9014000030008,1,1,1848,-56,1654695519658685,1654695519658685,
300833b2ddd9014000030009,1,1,2408,-54,1654695519659785,1654695519659785,
300833b2ddd9014000030001,1,1,1184,-69,1654695519664171,1654695519664171,
300833b2ddd9014000030002,1,1,2812,-62,1654695519665257,1654695519665257,
300833b2ddd9014000030008,1,1,1776,-56,1654695519666570,1654695519666570,
300833b2ddd9014000030009,1,1,2408,-54,1654695519667679,1654695519667679,
300833b2ddd9014000030002,1,1,2840,-62,1654695519699171,1654695519699171,
300833b2ddd9014000030008,1,1,1764,-56,1654695519700726,1654695519700726,
300833b2ddd9014000030009,1,1,2388,-54,1654695519701854,1654695519701854,
300833b2ddd9014000030001,1,1,1096,-69,1654695519704079,1654695519704079,
300833b2ddd9014000030008,1,1,1812,-56,1654695519708143,1654695519708143,
300833b2ddd9014000030002,1,1,2756,-62,1654695519710308,1654695519710308,
300833b2ddd9014000030009,1,1,2388,-55,1654695519711407,1654695519711407,
300833b2ddd9014000030001,1,1,1000,-69,1654695519712639,1654695519712639,
300833b2ddd9014000030008,1,1,1804,-57,1654695519742838,1654695519742838,
300833b2ddd9014000030009,1,1,2372,-55,1654695519743966,1654695519743966,
300833b2ddd9014000030002,1,1,2848,-62,1654695519745549,1654695519745549,
300833b2ddd9014000030001,1,1,904,-69,1654695519746610,1654695519746610,
300833b2ddd9014000030009,1,1,2404,-54,1654695519751065,1654695519751065,
300833b2ddd9014000030008,1,1,1772,-56,1654695519752107,1654695519752107,
300833b2ddd9014000030002,1,1,2836,-62,1654695519753971,1654695519753971,
300833b2ddd9014000030001,1,1,1100,-69,1654695519756549,1654695519756549,
300833b2ddd9014000030008,1,1,1768,-56,1654695519786838,1654695519786838,
300833b2ddd9014000030009,1,1,2344,-55,1654695519787923,1654695519787923,
300833b2ddd9014000030002,1,1,2824,-62,1654695519788979,1654695519788979,
300833b2ddd9014000030001,1,1,744,-68,1654695519790099,1654695519790099,
300833b2ddd9014000030008,1,1,1784,-56,1654695519795059,1654695519795059,
300833b2ddd9014000030001,1,1,1032,-69,1654695519796686,1654695519796686,
300833b2ddd9014000030009,1,1,2368,-55,1654695519797994,1654695519797994,
300833b2ddd9014000030002,1,1,2856,-63,1654695519799039,1654695519799039,
300833b2ddd9014000030009,1,1,2368,-54,1654695519830403,1654695519830403,
300833b2ddd9014000030002,1,1,2780,-62,1654695519832313,1654695519832313,
300833b2ddd9014000030008,1,1,1756,-56,1654695519833904,1654695519833904,
300833b2ddd9014000030001,1,1,796,-69,1654695519835094,1654695519835094,
300833b2ddd9014000030008,1,1,1764,-56,1654695519838285,1654695519838285,
300833b2ddd9014000030009,1,1,2372,-55,1654695519839967,1654695519839967,
300833b2ddd9014000030001,1,1,908,-70,1654695519841554,1654695519841554,
300833b2ddd9014000030002,1,1,2900,-62,1654695519842748,1654695519842748,
300833b2ddd9014000030002,1,1,2820,-62,1654695519873444,1654695519873444,
300833b2ddd9014000030009,1,1,2348,-55,1654695519875166,1654695519875166,
300833b2ddd9014000030001,1,1,956,-70,1654695519876228,1654695519876228,
300833b2ddd9014000030008,1,1,1720,-57,1654695519877427,1654695519877427,
300833b2ddd9014000030009,1,1,2380,-55,1654695519883005,1654695519883005,
300833b2ddd9014000030008,1,1,1768,-57,1654695519884553,1654695519884553,
300833b2ddd9014000030002,1,1,2852,-63,1654695519885994,1654695519885994,
300833b2ddd9014000030001,1,1,592,-69,1654695519887663,1654695519887663,
300833b2ddd9014000030002,1,1,2964,-63,1654695519918366,1654695519918366,
300833b2ddd9014000030008,1,1,1764,-57,1654695519919594,1654695519919594,
300833b2ddd9014000030009,1,1,2368,-55,1654695519920652,1654695519920652,
300833b2ddd9014000030001,1,1,936,-70,1654695519921814,1654695519921814,
300833b2ddd9014000030008,1,1,1780,-56,1654695519929388,1654695519929388,
300833b2ddd9014000030002,1,1,2992,-63,1654695519932923,1654695519932923,
300833b2ddd9014000030009,1,1,2324,-55,1654695519933996,1654695519933996,
300833b2ddd9014000030001,1,1,912,-70,1654695519937903,1654695519937903,
300833b2ddd9014000030009,1,1,2372,-55,1654695519969798,1654695519969798,
300833b2ddd9014000030008,1,1,1688,-57,1654695519970999,1654695519970999,
300833b2ddd9014000030001,1,1,668,-69,1654695519972116,1654695519972116,
300833b2ddd9014000030002,1,1,3072,-63,1654695519974067,1654695519974067,
300833b2ddd9014000030002,1,1,3052,-63,1654695519977841,1654695519977841,
300833b2ddd9014000030001,1,1,764,-68,1654695519978957,1654695519978957,
300833b2ddd9014000030009,1,1,2332,-55,1654695519980524,1654695519980524,
300833b2ddd9014000030008,1,1,1724,-57,1654695519981611,1654695519981611,
300833b2ddd9014000030009,1,1,2348,-55,1654695520013574,1654695520013574,
300833b2ddd9014000030008,1,1,1724,-57,1654695520015527,1654695520015527,
300833b2ddd9014000030002,1,1,3060,-63,1654695520016668,1654695520016668,
300833b2ddd9014000030001,1,1,756,-68,1654695520017772,1654695520017772,
300833b2ddd9014000030008,1,1,1712,-57,1654695520021591,1654695520021591,
300833b2ddd9014000030002,1,1,3040,-63,1654695520023034,1654695520023034,
300833b2ddd9014000030009,1,1,2312,-55,1654695520024133,1654695520024133,
300833b2ddd9014000030001,1,1,792,-68,1654695520025237,1654695520025237,
300833b2ddd9014000030009,1,1,2336,-55,1654695520056468,1654695520056468,
300833b2ddd9014000030008,1,1,1704,-56,1654695520057654,1654695520057654,
300833b2ddd9014000030002,1,1,3044,-64,1654695520058766,1654695520058766,
300833b2ddd9014000030001,1,1,804,-69,1654695520059882,1654695520059882,
300833b2ddd9014000030008,1,1,1716,-57,1654695520063494,1654695520063494,
300833b2ddd9014000030001,1,1,716,-68,1654695520065093,1654695520065093,
300833b2ddd9014000030009,1,1,2296,-55,1654695520066888,1654695520066888,
300833b2ddd9014000030002,1,1,3092,-63,1654695520068103,1654695520068103,
300833b2ddd9014000030002,1,1,2964,-64,1654695520099191,1654695520099191,
300833b2ddd9014000030009,1,1,2316,-55,1654695520100306,1654695520100306,
300833b2ddd9014000030001,1,1,696,-67,1654695520101895,1654695520101895,
300833b2ddd9014000030008,1,1,1676,-57,1654695520103233,1654695520103233,
300833b2ddd9014000030001,1,1,768,-69,1654695520108409,1654695520108409,
300833b2ddd9014000030002,1,1,2880,-63,1654695520109651,1654695520109651,
300833b2ddd9014000030009,1,1,2332,-55,1654695520111203,1654695520111203,
300833b2ddd9014000030008,1,1,1740,-56,1654695520112445,1654695520112445,
300833b2ddd9014000030008,1,1,1756,-57,1654695520142666,1654695520142666,
300833b2ddd9014000030001,1,1,1048,-67,1654695520143998,1654695520143998,
300833b2ddd9014000030002,1,1,2900,-64,1654695520145350,1654695520145350,
300833b2ddd9014000030009,1,1,2328,-55,1654695520146662,1654695520146662,
300833b2ddd9014000030008,1,1,1712,-56,1654695520151152,1654695520151152,
300833b2ddd9014000030009,1,1,2276,-54,1654695520152226,1654695520152226,
300833b2ddd9014000030001,1,1,680,-69,1654695520153288,1654695520153288,
300833b2ddd9014000030002,1,1,2896,-64,1654695520154369,1654695520154369,
300833b2ddd9014000030009,1,1,2300,-54,1654695520186358,1654695520186358,
300833b2ddd9014000030008,1,1,1764,-57,1654695520188337,1654695520188337,
300833b2ddd9014000030002,1,1,2872,-62,1654695520189870,1654695520189870,
300833b2ddd9014000030001,1,1,952,-69,1654695520192430,1654695520192430,
300833b2ddd9014000030001,1,1,884,-69,1654695520195221,1654695520195221,
300833b2ddd9014000030008,1,1,1780,-57,1654695520196529,1654695520196529,
300833b2ddd9014000030002,1,1,2868,-62,1654695520198381,1654695520198381,
300833b2ddd9014000030009,1,1,2288,-54,1654695520199481,1654695520199481,
300833b2ddd9014000030002,1,1,2828,-62,1654695520232210,1654695520232210,
300833b2ddd9014000030009,1,1,2304,-55,1654695520233253,1654695520233253,
300833b2ddd9014000030008,1,1,1796,-57,1654695520234325,1654695520234325,
300833b2ddd9014000030001,1,1,684,-70,1654695520236178,1654695520236178,
300833b2ddd9014000030009,1,1,2280,-55,1654695520239404,1654695520239404,
300833b2ddd9014000030002,1,1,2900,-62,1654695520241384,1654695520241384,
300833b2ddd9014000030008,1,1,1788,-57,1654695520242455,1654695520242455,
300833b2ddd9014000030009,1,1,2244,-54,1654695520273565,1654695520273565,
300833b2ddd9014000030008,1,1,1792,-57,1654695520274795,1654695520274795,
300833b2ddd9014000030002,1,1,2840,-62,1654695520276389,1654695520276389,
300833b2ddd9014000030008,1,1,1816,-57,1654695520279741,1654695520279741,
300833b2ddd9014000030002,1,1,2828,-62,1654695520281053,1654695520281053,
300833b2ddd9014000030009,1,1,2260,-54,1654695520282659,1654695520282659,
300833b2ddd9014000030008,1,1,1784,-56,1654695520319490,1654695520319490,
300833b2ddd9014000030009,1,1,2212,-54,1654695520321169,1654695520321169,
300833b2ddd9014000030002,1,1,2752,-63,1654695520322823,1654695520322823,
300833b2ddd9014000030002,1,1,2632,-63,1654695520325562,1654695520325562,
300833b2ddd9014000030009,1,1,2216,-54,1654695520327722,1654695520327722,
300833b2ddd9014000030008,1,1,1816,-56,1654695520329037,1654695520329037,
300833b2ddd9014000030001,1,1,716,-69,1654695520330257,1654695520330257,
300833b2ddd9014000030002,1,1,2664,-64,1654695520366153,1654695520366153,
300833b2ddd9014000030008,1,1,1852,-55,1654695520367222,1654695520367222,
300833b2ddd9014000030009,1,1,2204,-53,1654695520368277,1654695520368277,
300833b2ddd9014000030001,1,1,896,-68,1654695520370365,1654695520370365,
300833b2ddd9014000030002,1,1,2604,-65,1654695520374830,1654695520374830,
300833b2ddd9014000030009,1,1,2204,-53,1654695520376129,1654695520376129,
300833b2ddd9014000030008,1,1,1844,-55,1654695520377499,1654695520377499,
300833b2ddd9014000030001,1,1,1148,-68,1654695520378558,1654695520378558,
300833b2ddd9014000030002,1,1,2552,-65,1654695520410648,1654695520410648,
300833b2ddd9014000030008,1,1,1880,-55,1654695520412327,1654695520412327,
300833b2ddd9014000030009,1,1,2236,-53,1654695520413428,1654695520413428,
300833b2ddd9014000030001,1,1,1224,-67,1654695520414901,1654695520414901,
300833b2ddd9014000030008,1,1,1980,-55,1654695520418209,1654695520418209,
300833b2ddd9014000030009,1,1,2224,-53,1654695520419919,1654695520419919,
300833b2ddd9014000030002,1,1,2428,-66,1654695520421417,1654695520421417,
300833b2ddd9014000030001,1,1,1012,-66,1654695520422635,1654695520422635,
300833b2ddd9014000030002,1,1,2540,-66,1654695520452671,1654695520452671,
300833b2ddd9014000030001,1,1,1404,-66,1654695520454004,1654695520454004,
300833b2ddd9014000030009,1,1,2240,-53,1654695520455103,1654695520455103,
300833b2ddd9014000030008,1,1,1928,-55,1654695520456102,1654695520456102,
300833b2ddd9014000030008,1,1,1924,-56,1654695520461135,1654695520461135,
300833b2ddd9014000030009,1,1,2280,-53,1654695520462435,1654695520462435,
300833b2ddd9014000030002,1,1,2588,-65,1654695520464001,1654695520464001,
300833b2ddd9014000030001,1,1,1200,-66,1654695520467310,1654695520467310,
300833b2ddd9014000030002,1,1,2664,-65,1654695520497060,1654695520497060,
300833b2ddd9014000030009,1,1,2292,-54,1654695520498639,1654695520498639,
300833b2ddd9014000030008,1,1,1932,-56,1654695520500264,1654695520500264,
300833b2ddd9014000030001,1,1,1300,-68,1654695520508716,1654695520508716,
300833b2ddd9014000030008,1,1,1960,-56,1654695520512938,1654695520512938,
300833b2ddd9014000030009,1,1,2308,-54,1654695520514395,1654695520514395,
300833b2ddd9014000030002,1,1,2712,-65,1654695520516333,1654695520516333,
300833b2ddd9014000030009,1,1,2256,-54,1654695520547023,1654695520547023,
300833b2ddd9014000030002,1,1,2612,-65,1654695520548209,1654695520548209,
300833b2ddd9014000030008,1,1,1928,-56,1654695520549559,1654695520549559,
300833b2ddd9014000030001,1,1,940,-67,1654695520551304,1654695520551304,
300833b2ddd9014000030002,1,1,2720,-65,1654695520554296,1654695520554296,
300833b2ddd9014000030001,1,1,1300,-68,1654695520555371,1654695520555371,
300833b2ddd9014000030009,1,1,2292,-54,1654695520556654,1654695520556654,
300833b2ddd9014000030008,1,1,1920,-56,1654695520557752,1654695520557752,
300833b2ddd9014000030001,1,1,1136,-70,1654695520781875,1654695520781875,
300833b2ddd9014000030002,1,1,2720,-65,1654695520783217,1654695520783217,
300833b2ddd9014000030009,1,1,2280,-54,1654695520784287,1654695520784287,
300833b2ddd9014000030008,1,1,1944,-56,1654695520785371,1654695520785371,
300833b2ddd9014000030002,1,1,2800,-65,1654695520790076,1654695520790076,
300833b2ddd9014000030008,1,1,1916,-56,1654695520791432,1654695520791432,
300833b2ddd9014000030009,1,1,2268,-54,1654695520793011,1654695520793011,
300833b2ddd9014000030001,1,1,1148,-68,1654695520795650,1654695520795650,
300833b2ddd9014000030009,1,1,2268,-54,1654695520825904,1654695520825904,
300833b2ddd9014000030002,1,1,2844,-65,1654695520827299,1654695520827299,
300833b2ddd9014000030008,1,1,1916,-56,1654695520828355,1654695520828355,
300833b2ddd9014000030001,1,1,1116,-70,1654695520832222,1654695520832222,
300833b2ddd9014000030009,1,1,2296,-54,1654695520835848,1654695520835848,
300833b2ddd9014000030008,1,1,1936,-56,1654695520837002,1654695520837002,
300833b2ddd9014000030002,1,1,2708,-65,1654695520838119,1654695520838119,
300833b2ddd9014000030001,1,1,1300,-69,1654695520840454,1654695520840454,
300833b2ddd9014000030009,1,1,2280,-54,1654695520870575,1654695520870575,
300833b2ddd9014000030002,1,1,2900,-65,1654695520871676,1654695520871676,
300833b2ddd9014000030008,1,1,1920,-56,1654695520872986,1654695520872986,
300833b2ddd9014000030001,1,1,1020,-68,1654695520876706,1654695520876706,
300833b2ddd9014000030008,1,1,1940,-56,1654695520879696,1654695520879696,
300833b2ddd9014000030002,1,1,2848,-66,1654695520881041,1654695520881041,
300833b2ddd9014000030009,1,1,2308,-54,1654695520882336,1654695520882336,
300833b2ddd9014000030001,1,1,1000,-70,1654695520885692,1654695520885692,
300833b2ddd9014000030008,1,1,1968,-56,1654695520915572,1654695520915572,
300833b2ddd9014000030009,1,1,2292,-54,1654695520916928,1654695520916928,
300833b2ddd9014000030002,1,1,2808,-65,1654695520919325,1654695520919325,
300833b2ddd9014000030008,1,1,1924,-56,1654695520924607,1654695520924607,
300833b2ddd9014000030009,1,1,2292,-54,1654695520925920,1654695520925920,
300833b2ddd9014000030002,1,1,2808,-65,1654695520927600,1654695520927600,
300833b2ddd9014000030008,1,1,1968,-56,1654695520958024,1654695520958024,
300833b2ddd9014000030009,1,1,2288,-54,1654695520959194,1654695520959194,
300833b2ddd9014000030002,1,1,2912,-65,1654695520960295,1654695520960295,
300833b2ddd9014000030002,1,1,2900,-65,1654695520964130,1654695520964130,
300833b2ddd9014000030009,1,1,2288,-54,1654695520965229,1654695520965229,
300833b2ddd9014000030008,1,1,1956,-55,1654695520967534,1654695520967534,
300833b2ddd9014000030008,1,1,1940,-56,1654695520999146,1654695520999146,
300833b2ddd9014000030009,1,1,2304,-53,1654695521001084,1654695521001084,
300833b2ddd9014000030002,1,1,2820,-65,1654695521002833,1654695521002833,
300833b2ddd9014000030009,1,1,2292,-54,1654695521009770,1654695521009770,
300833b2ddd9014000030002,1,1,2856,-65,1654695521010840,1654695521010840,
300833b2ddd9014000030008,1,1,1952,-56,1654695521011893,1654695521011893,
300833b2ddd9014000030008,1,1,1960,-56,1654695521042983,1654695521042983,
300833b2ddd9014000030009,1,1,2316,-54,1654695521044691,1654695521044691,
300833b2ddd9014000030002,1,1,2840,-64,1654695521046031,1654695521046031,
300833b2ddd9014000030008,1,1,1940,-56,1654695521049677,1654695521049677,
300833b2ddd9014000030009,1,1,2272,-54,1654695521051617,1654695521051617,
300833b2ddd9014000030002,1,1,2900,-65,1654695521052929,1654695521052929,
300833b2ddd9014000030008,1,1,1960,-56,1654695521083711,1654695521083711,
300833b2ddd9014000030002,1,1,2884,-65,1654695521084812,1654695521084812,
300833b2ddd9014000030009,1,1,2292,-54,1654695521085894,1654695521085894,
300833b2ddd9014000030009,1,1,2336,-54,1654695521093441,1654695521093441,
300833b2ddd9014000030008,1,1,1968,-56,1654695521094708,1654695521094708,
300833b2ddd9014000030002,1,1,2792,-65,1654695521096148,1654695521096148,
300833b2ddd9014000030002,1,1,2716,-65,1654695521131947,1654695521131947,
300833b2ddd9014000030008,1,1,1948,-56,1654695521132985,1654695521132985,
300833b2ddd9014000030009,1,1,2300,-54,1654695521135122,1654695521135122,
300833b2ddd9014000030001,1,1,1116,-71,1654695521137500,1654695521137500,
300833b2ddd9014000030002,1,1,2952,-65,1654695521140571,1654695521140571,
300833b2ddd9014000030008,1,1,1912,-56,1654695521141910,1654695521141910,
300833b2ddd9014000030009,1,1,2280,-54,1654695521143999,1654695521143999,
300833b2ddd9014000030001,1,1,900,-71,1654695521146095,1654695521146095,
300833b2ddd9014000030002,1,1,2852,-64,1654695521176004,1654695521176004,
300833b2ddd9014000030009,1,1,2284,-54,1654695521177542,1654695521177542,
300833b2ddd9014000030001,1,1,1156,-70,1654695521178630,1654695521178630,
300833b2ddd9014000030008,1,1,1920,-56,1654695521600757,1654695521600757,
300833b2ddd9014000030002,1,1,2832,-65,1654695521603576,1654695521603576,
300833b2ddd9014000030009,1,1,2304,-54,1654695521604658,1654695521604658,
300833b2ddd9014000030008,1,1,1932,-56,1654695521605787,1654695521605787,
300833b2ddd9014000030001,1,1,1188,-71,1654695521608309,1654695521608309,
300833b2ddd9014000030009,1,1,2308,-54,1654695521639740,1654695521639740,
300833b2ddd9014000030008,1,1,1932,-56,1654695521640800,1654695521640800,
300833b2ddd9014000030002,1,1,2748,-65,1654695521642368,1654695521642368,
300833b2ddd9014000030001,1,1,1164,-72,1654695521644281,1654695521644281,
300833b2ddd9014000030008,1,1,1932,-55,1654695521648282,1654695521648282,
300833b2ddd9014000030002,1,1,2804,-65,1654695521649340,1654695521649340,
300833b2ddd9014000030009,1,1,2340,-54,1654695521650679,1654695521650679,
300833b2ddd9014000030001,1,1,896,-71,1654695521653759,1654695521653759,
300833b2ddd9014000030008,1,1,1928,-56,1654695521685383,1654695521685383,
300833b2ddd9014000030009,1,1,2300,-54,1654695521686738,1654695521686738,
300833b2ddd9014000030001,1,1,1220,-71,1654695521687799,1654695521687799,
300833b2ddd9014000030002,1,1,2848,-64,1654695521688897,1654695521688897,
300833b2ddd9014000030009,1,1,2296,-54,1654695521694383,1654695521694383,
300833b2ddd9014000030008,1,1,1940,-56,1654695521696051,1654695521696051,
300833b2ddd9014000030002,1,1,2792,-64,1654695521697392,1654695521697392,
300833b2ddd9014000030001,1,1,948,-71,1654695521698609,1654695521698609,
300833b2ddd9014000030002,1,1,2756,-64,1654695521728560,1654695521728560,
300833b2ddd9014000030001,1,1,1076,-70,1654695521729664,1654695521729664,
300833b2ddd9014000030009,1,1,2308,-54,1654695521731741,1654695521731741,
300833b2ddd9014000030008,1,1,1928,-56,1654695521732884,1654695521732884,
300833b2ddd9014000030009,1,1,2336,-54,1654695521739747,1654695521739747,
300833b2ddd9014000030008,1,1,1936,-56,1654695521741017,1654695521741017,
300833b2ddd9014000030002,1,1,2764,-64,1654695521742246,1654695521742246,
300833b2ddd9014000030001,1,1,1224,-71,1654695521743464,1654695521743464,
300833b2ddd9014000030008,1,1,1924,-56,1654695521773914,1654695521773914,
300833b2ddd9014000030002,1,1,2848,-64,1654695521775128,1654695521775128,
300833b2ddd9014000030001,1,1,976,-71,1654695521776176,1654695521776176,
300833b2ddd9014000030009,1,1,2320,-54,1654695521777499,1654695521777499,
300833b2ddd9014000030001,1,1,1252,-71,1654695521782296,1654695521782296,
300833b2ddd9014000030002,1,1,2912,-64,1654695521783395,1654695521783395,
300833b2ddd9014000030009,1,1,2288,-54,1654695521784865,1654695521784865,
300833b2ddd9014000030008,1,1,1928,-56,1654695521785935,1654695521785935,
300833b2ddd9014000030001,1,1,952,-70,1654695521816744,1654695521816744,
300833b2ddd9014000030002,1,1,2772,-64,1654695521818890,1654695521818890,
300833b2ddd9014000030008,1,1,1932,-56,1654695521819960,1654695521819960,
300833b2ddd9014000030009,1,1,2320,-54,1654695521821001,1654695521821001,
300833b2ddd9014000030008,1,1,1936,-56,1654695521826314,1654695521826314,
300833b2ddd9014000030009,1,1,2308,-54,1654695521827411,1654695521827411,
300833b2ddd9014000030002,1,1,2840,-64,1654695521828598,1654695521828598,
300833b2ddd9014000030001,1,1,1116,-70,1654695521829789,1654695521829789,
300833b2ddd9014000030008,1,1,1944,-56,1654695521859970,1654695521859970,
300833b2ddd9014000030002,1,1,2796,-64,1654695521861044,1654695521861044,
300833b2ddd9014000030009,1,1,2312,-54,1654695521862129,1654695521862129,
300833b2ddd9014000030001,1,1,1052,-70,1654695521866315,1654695521866315,
300833b2ddd9014000030002,1,1,3044,-64,1654695521871472,1654695521871472,
300833b2ddd9014000030001,1,1,1376,-70,1654695521872812,1654695521872812,
300833b2ddd9014000030009,1,1,2324,-54,1654695521876253,1654695521876253,
300833b2ddd9014000030008,1,1,1944,-56,1654695521877324,1654695521877324,
300833b2ddd9014000030009,1,1,2320,-54,1654695521907495,1654695521907495,
300833b2ddd9014000030002,1,1,2804,-65,1654695521909206,1654695521909206,
300833b2ddd9014000030008,1,1,1932,-56,1654695521910758,1654695521910758,
300833b2ddd9014000030001,1,1,1156,-70,1654695521912003,1654695521912003,
300833b2ddd9014000030008,1,1,1948,-56,1654695521915006,1654695521915006,
300833b2ddd9014000030009,1,1,2284,-54,1654695521916107,1654695521916107,
300833b2ddd9014000030002,1,1,2880,-65,1654695521917178,1654695521917178,
300833b2ddd9014000030001,1,1,1064,-70,1654695521919244,1654695521919244,
300833b2ddd9014000030009,1,1,2288,-54,1654695521951138,1654695521951138,
300833b2ddd9014000030002,1,1,2888,-65,1654695521952340,1654695521952340,
300833b2ddd9014000030008,1,1,1912,-56,1654695521953621,1654695521953621,
300833b2ddd9014000030001,1,1,1084,-71,1654695521955336,1654695521955336,
300833b2ddd9014000030001,1,1,1096,-70,1654695521958074,1654695521958074,
300833b2ddd9014000030002,1,1,2828,-64,1654695521959185,1654695521959185,
300833b2ddd9014000030009,1,1,2288,-54,1654695521960285,1654695521960285,
300833b2ddd9014000030008,1,1,1948,-55,1654695521962107,1654695521962107,
300833b2ddd9014000030009,1,1,2324,-54,1654695521996305,1654695521996305,
300833b2ddd9014000030002,1,1,2792,-65,1654695521998000,1654695521998000,
300833b2ddd9014000030008,1,1,1940,-56,1654695521999085,1654695521999085,
300833b2ddd9014000030001,1,1,1160,-71,1654695522000301,1654695522000301,
300833b2ddd9014000030009,1,1,2308,-54,1654695522003565,1654695522003565,
300833b2ddd9014000030008,1,1,1892,-56,1654695522004635,1654695522004635,
300833b2ddd9014000030002,1,1,2824,-65,1654695522006172,1654695522006172,
300833b2ddd9014000030001,1,1,1188,-71,1654695522007531,1654695522007531,
300833b2ddd9014000030008,1,1,1920,-56,1654695522038943,1654695522038943,
300833b2ddd9014000030009,1,1,2328,-54,1654695522040722,1654695522040722,
300833b2ddd9014000030002,1,1,2852,-65,1654695522042050,1654695522042050,
300833b2ddd9014000030001,1,1,1136,-71,1654695522044136,1654695522044136,
300833b2ddd9014000030008,1,1,1924,-56,1654695522046899,1654695522046899,
300833b2ddd9014000030009,1,1,2288,-54,1654695522047969,1654695522047969,
300833b2ddd9014000030001,1,1,1124,-70,1654695522052083,1654695522052083,
300833b2ddd9014000030002,1,1,2756,-65,1654695522053391,1654695522053391,
300833b2ddd9014000030001,1,1,1104,-71,1654695522086174,1654695522086174,
300833b2ddd9014000030002,1,1,2780,-65,1654695522087528,1654695522087528,
300833b2ddd9014000030009,1,1,2296,-54,1654695522089393,1654695522089393,
300833b2ddd9014000030008,1,1,1920,-56,1654695522090608,1654695522090608,
300833b2ddd9014000030002,1,1,2880,-65,1654695522095139,1654695522095139,
300833b2ddd9014000030008,1,1,1916,-56,1654695522096833,1654695522096833,
300833b2ddd9014000030009,1,1,2308,-54,1654695522098173,1654695522098173,
300833b2ddd9014000030001,1,1,1140,-71,1654695522099661,1654695522099661,
300833b2ddd9014000030009,1,1,2316,-54,1654695522129984,1654695522129984,
300833b2ddd9014000030002,1,1,2768,-65,1654695522131455,1654695522131455,
300833b2ddd9014000030008,1,1,1916,-56,1654695522132853,1654695522132853,
300833b2ddd9014000030001,1,1,1188,-71,1654695522134568,1654695522134568,
300833b2ddd9014000030002,1,1,2704,-65,1654695522138708,1654695522138708,
300833b2ddd9014000030009,1,1,2308,-54,1654695522140018,1654695522140018,
300833b2ddd9014000030001,1,1,1280,-70,1654695522141093,1654695522141093,
300833b2ddd9014000030008,1,1,1908,-56,1654695522142659,1654695522142659,
300833b2ddd9014000030009,1,1,2332,-54,1654695522174529,1654695522174529,
300833b2ddd9014000030001,1,1,1080,-70,1654695522175960,1654695522175960,
300833b2ddd9014000030008,1,1,1928,-56,1654695522177015,1654695522177015,
300833b2ddd9014000030002,1,1,2844,-65,1654695522178455,1654695522178455,
300833b2ddd9014000030002,1,1,2824,-65,1654695522181520,1654695522181520,
300833b2ddd9014000030001,1,1,1084,-71,1654695522182593,1654695522182593,
300833b2ddd9014000030009,1,1,2280,-54,1654695522183637,1654695522183637,
300833b2ddd9014000030008,1,1,1896,-56,1654695522185658,1654695522185658,
300833b2ddd9014000030008,1,1,1916,-56,1654695522216854,1654695522216854,
300833b2ddd9014000030001,1,1,1280,-70,1654695522218229,1654695522218229,
300833b2ddd9014000030002,1,1,2796,-64,1654695522219327,1654695522219327,
300833b2ddd9014000030009,1,1,2332,-54,1654695522221159,1654695522221159,
300833b2ddd9014000030008,1,1,1936,-56,1654695522225889,1654695522225889,
300833b2ddd9014000030001,1,1,1084,-70,1654695522227336,1654695522227336,
300833b2ddd9014000030002,1,1,2836,-65,1654695522228418,1654695522228418,
300833b2ddd9014000030009,1,1,2304,-54,1654695522229490,1654695522229490,
300833b2ddd9014000030008,1,1,1928,-56,1654695522260045,1654695522260045,
300833b2ddd9014000030009,1,1,2288,-54,1654695522262194,1654695522262194,
300833b2ddd9014000030001,1,1,1172,-70,1654695522263524,1654695522263524,
300833b2ddd9014000030002,1,1,2704,-65,1654695522264738,1654695522264738,
300833b2ddd9014000030001,1,1,1196,-71,1654695522267707,1654695522267707,
300833b2ddd9014000030009,1,1,2316,-54,1654695522268836,1654695522268836,
300833b2ddd9014000030008,1,1,1932,-56,1654695522269934,1654695522269934,
300833b2ddd9014000030002,1,1,2928,-65,1654695522271205,1654695522271205,
300833b2ddd9014000030002,1,1,2900,-65,1654695522303064,1654695522303064,
300833b2ddd9014000030009,1,1,2280,-54,1654695522304402,1654695522304402,
300833b2ddd9014000030008,1,1,1944,-56,1654695522305897,1654695522305897,
300833b2ddd9014000030001,1,1,1156,-71,1654695522309147,1654695522309147,
300833b2ddd9014000030009,1,1,2308,-54,1654695522312046,1654695522312046,
300833b2ddd9014000030001,1,1,1260,-70,1654695522313422,1654695522313422,
300833b2ddd9014000030008,1,1,1904,-56,1654695522315453,1654695522315453,
300833b2ddd9014000030002,1,1,2764,-65,1654695522317149,1654695522317149,
300833b2ddd9014000030008,1,1,1912,-56,1654695522347927,1654695522347927,
300833b2ddd9014000030002,1,1,2880,-65,1654695522349902,1654695522349902,
300833b2ddd9014000030009,1,1,2344,-54,1654695522351257,1654695522351257,
300833b2ddd9014000030001,1,1,1028,-69,1654695522353129,1654695522353129,
300833b2ddd9014000030008,1,1,1948,-56,1654695522356128,1654695522356128,
300833b2ddd9014000030001,1,1,1148,-70,1654695522357176,1654695522357176,
300833b2ddd9014000030009,1,1,2280,-54,1654695522358981,1654695522358981,
300833b2ddd9014000030002,1,1,2832,-65,1654695522360661,1654695522360661,
300833b2ddd9014000030009,1,1,2284,-54,1654695522391761,1654695522391761,
300833b2ddd9014000030008,1,1,1940,-56,1654695522393453,1654695522393453,
300833b2ddd9014000030002,1,1,2736,-65,1654695522394544,1654695522394544,
300833b2ddd9014000030001,1,1,1068,-69,1654695522396215,1654695522396215,
300833b2ddd9014000030009,1,1,2304,-54,1654695522400630,1654695522400630,
300833b2ddd9014000030001,1,1,752,-70,1654695522402376,1654695522402376,
300833b2ddd9014000030002,1,1,2800,-65,1654695522403429,1654695522403429,
300833b2ddd9014000030008,1,1,1912,-56,1654695522404515,1654695522404515,
300833b2ddd9014000030008,1,1,1928,-56,1654695522435049,1654695522435049,
300833b2ddd9014000030002,1,1,2860,-65,1654695522436106,1654695522436106,
300833b2ddd9014000030001,1,1,1072,-70,1654695522437407,1654695522437407,
300833b2ddd9014000030009,1,1,2316,-54,1654695522438732,1654695522438732,
300833b2ddd9014000030009,1,1,2292,-54,1654695522443504,1654695522443504,
300833b2ddd9014000030008,1,1,1912,-56,1654695522445721,1654695522445721,
300833b2ddd9014000030002,1,1,2892,-65,1654695522447432,1654695522447432,
300833b2ddd9014000030001,1,1,1280,-70,1654695522449340,1654695522449340,
300833b2ddd9014000030008,1,1,1908,-56,1654695522479251,1654695522479251,
300833b2ddd9014000030002,1,1,2840,-65,1654695522480564,1654695522480564,
300833b2ddd9014000030009,1,1,2320,-54,1654695522481621,1654695522481621,
300833b2ddd9014000030001,1,1,1088,-69,1654695522485077,1654695522485077,
300833b2ddd9014000030001,1,1,1276,-70,1654695522487847,1654695522487847,
300833b2ddd9014000030008,1,1,1888,-56,1654695522489428,1654695522489428,
300833b2ddd9014000030009,1,1,2324,-54,1654695522490526,1654695522490526,
300833b2ddd9014000030002,1,1,2804,-65,1654695522493325,1654695522493325,
300833b2ddd9014000030009,1,1,2304,-54,1654695522524144,1654695522524144,
300833b2ddd9014000030008,1,1,1876,-56,1654695522525642,1654695522525642,
300833b2ddd9014000030002,1,1,2764,-65,1654695522526995,1654695522526995,
300833b2ddd9014000030001,1,1,1248,-71,1654695522528849,1654695522528849,
300833b2ddd9014000030009,1,1,2312,-54,1654695522531805,1654695522531805,
300833b2ddd9014000030002,1,1,2716,-64,1654695522533730,1654695522533730,
300833b2ddd9014000030008,1,1,1888,-56,1654695522534770,1654695522534770,
300833b2ddd9014000030001,1,1,1224,-68,1654695522536426,1654695522536426,
300833b2ddd9014000030001,1,1,1016,-70,1654695522566610,1654695522566610,
300833b2ddd9014000030002,1,1,2792,-65,1654695522567695,1654695522567695,
300833b2ddd9014000030009,1,1,2340,-54,1654695522570098,1654695522570098,
300833b2ddd9014000030008,1,1,1888,-56,1654695522571242,1654695522571242,
300833b2ddd9014000030009,1,1,2304,-54,1654695522576057,1654695522576057,
300833b2ddd9014000030008,1,1,1916,-56,1654695522577367,1654695522577367,
300833b2ddd9014000030002,1,1,2872,-65,1654695522578395,1654695522578395,
300833b2ddd9014000030001,1,1,1392,-71,1654695522579613,1654695522579613,
300833b2ddd9014000030008,1,1,1892,-56,1654695522609529,1654695522609529,
300833b2ddd9014000030009,1,1,2312,-54,1654695522610571,1654695522610571,
300833b2ddd9014000030001,1,1,1452,-68,1654695522612341,1654695522612341,
300833b2ddd9014000030002,1,1,2804,-64,1654695522614912,1654695522614912,
300833b2ddd9014000030001,1,1,1352,-70,1654695522618199,1654695522618199,
300833b2ddd9014000030002,1,1,2820,-65,1654695522619852,1654695522619852,
300833b2ddd9014000030008,1,1,1876,-56,1654695522622969,1654695522622969,
300833b2ddd9014000030009,1,1,2336,-54,1654695522624040,1654695522624040,
300833b2ddd9014000030002,1,1,2944,-66,1654695522654618,1654695522654618,
300833b2ddd9014000030001,1,1,1160,-69,1654695522656992,1654695522656992,
300833b2ddd9014000030009,1,1,2288,-54,1654695522658219,1654695522658219,
300833b2ddd9014000030008,1,1,1872,-56,1654695522659532,1654695522659532,
300833b2ddd9014000030009,1,1,2328,-54,1654695522663659,1654695522663659,
300833b2ddd9014000030008,1,1,1868,-56,1654695522665117,1654695522665117,
300833b2ddd9014000030002,1,1,2916,-65,1654695522666694,1654695522666694,
300833b2ddd9014000030001,1,1,1152,-70,1654695522668577,1654695522668577,
300833b2ddd9014000030008,1,1,1964,-56,1654695522699258,1654695522699258,
300833b2ddd9014000030002,1,1,2796,-65,1654695522700585,1654695522700585,
300833b2ddd9014000030001,1,1,1140,-68,1654695522701687,1654695522701687,
300833b2ddd9014000030009,1,1,2308,-54,1654695522702799,1654695522702799,
300833b2ddd9014000030008,1,1,1876,-56,1654695522707905,1654695522707905,
300833b2ddd9014000030009,1,1,2312,-54,1654695522710697,1654695522710697,
300833b2ddd9014000030001,1,1,1140,-69,1654695522712143,1654695522712143,
300833b2ddd9014000030002,1,1,2876,-65,1654695522713229,1654695522713229,
300833b2ddd9014000030009,1,1,2352,-54,1654695522744623,1654695522744623,
300833b2ddd9014000030001,1,1,1060,-70,1654695522745670,1654695522745670,
300833b2ddd9014000030008,1,1,1900,-56,1654695522746994,1654695522746994,
300833b2ddd9014000030002,1,1,2820,-65,1654695522748236,1654695522748236,
300833b2ddd9014000030001,1,1,1288,-69,1654695522751575,1654695522751575,
300833b2ddd9014000030008,1,1,1908,-56,1654695522752615,1654695522752615,
300833b2ddd9014000030009,1,1,2308,-54,1654695522754224,1654695522754224,
300833b2ddd9014000030002,1,1,2868,-65,1654695522755311,1654695522755311,
300833b2ddd9014000030009,1,1,2352,-54,1654695522787496,1654695522787496,
300833b2ddd9014000030001,1,1,1220,-71,1654695522788856,1654695522788856,
300833b2ddd9014000030002,1,1,2824,-65,1654695522789943,1654695522789943,
300833b2ddd9014000030008,1,1,1908,-56,1654695522791039,1654695522791039,
300833b2ddd9014000030008,1,1,1888,-56,1654695522795862,1654695522795862,
300833b2ddd9014000030009,1,1,2284,-54,1654695522798070,1654695522798070,
300833b2ddd9014000030001,1,1,1384,-70,1654695522799174,1654695522799174,
300833b2ddd9014000030002,1,1,2924,-64,1654695522800928,1654695522800928,
300833b2ddd9014000030002,1,1,3044,-65,1654695522831057,1654695522831057,
300833b2ddd9014000030008,1,1,1900,-56,1654695522832653,1654695522832653,
300833b2ddd9014000030009,1,1,2308,-54,1654695522834520,1654695522834520,
300833b2ddd9014000030001,1,1,920,-69,1654695522836208,1654695522836208,
300833b2ddd9014000030002,1,1,2816,-65,1654695522840312,1654695522840312,
300833b2ddd9014000030008,1,1,1912,-56,1654695522841623,1654695522841623,
300833b2ddd9014000030009,1,1,2332,-54,1654695522842963,1654695522842963,
300833b2ddd9014000030001,1,1,1244,-70,1654695522845175,1654695522845175,
300833b2ddd9014000030001,1,1,1140,-69,1654695522876212,1654695522876212,
300833b2ddd9014000030002,1,1,2860,-65,1654695522877295,1654695522877295,
300833b2ddd9014000030008,1,1,1920,-56,1654695522880619,1654695522880619,
300833b2ddd9014000030009,1,1,2320,-55,1654695522881646,1654695522881646,
300833b2ddd9014000030008,1,1,1900,-56,1654695522884381,1654695522884381,
300833b2ddd9014000030009,1,1,2340,-54,1654695522885935,1654695522885935,
300833b2ddd9014000030001,1,1,1064,-69,1654695522888105,1654695522888105,
300833b2ddd9014000030002,1,1,2772,-64,1654695522889486,1654695522889486,
300833b2ddd9014000030001,1,1,1232,-70,1654695522920090,1654695522920090,
300833b2ddd9014000030009,1,1,2300,-54,1654695522921644,1654695522921644,
300833b2ddd9014000030008,1,1,1884,-56,1654695522923211,1654695522923211,
300833b2ddd9014000030002,1,1,2868,-65,1654695522924296,1654695522924296,
300833b2ddd9014000030002,1,1,2848,-65,1654695522929340,1654695522929340,
300833b2ddd9014000030008,1,1,1864,-56,1654695522930555,1654695522930555,
300833b2ddd9014000030009,1,1,2312,-54,1654695522931637,1654695522931637,
300833b2ddd9014000030001,1,1,1276,-70,1654695522932755,1654695522932755,