epc,atenda,atendanum,phase,RSS,timestamp,timestamp2,
300833b2ddd9014000030008,1,1,3108,-47,1654780725937527,1654780725937527,
300833b2ddd9014000030002,1,1,496,-53,1654780725938981,1654780725938981,
300833b2ddd9014000030009,1,1,2436,-45,1654780725940037,1654780725940037,
300833b2ddd9014000030001,1,1,1148,-46,1654780725941252,1654780725941252,
300833b2ddd9014000030002,1,1,488,-52,1654780725944095,1654780725944095,
300833b2ddd9014000030008,1,1,3092,-47,1654780725945193,1654780725945193,
300833b2ddd9014000030009,1,1,2436,-45,1654780725946744,1654780725946744,
300833b2ddd9014000030001,1,1,1160,-46,1654780725948100,1654780725948100,
300833b2ddd9014000030009,1,1,2448,-45,1654780725979957,1654780725979957,
300833b2ddd9014000030002,1,1,484,-53,1654780725981520,1654780725981520,
300833b2ddd9014000030001,1,1,1140,-46,1654780725982864,1654780725982864,
300833b2ddd9014000030008,1,1,3076,-47,1654780725983919,1654780725983919,
300833b2ddd9014000030008,1,1,3100,-47,1654780725989005,1654780725989005,
300833b2ddd9014000030002,1,1,472,-53,1654780725990118,1654780725990118,
300833b2ddd9014000030009,1,1,2424,-45,1654780725991460,1654780725991460,
300833b2ddd9014000030001,1,1,1124,-46,1654780725992801,1654780725992801,
300833b2ddd9014000030001,1,1,1144,-46,1654780726024297,1654780726024297,
300833b2ddd9014000030002,1,1,480,-52,1654780726025364,1654780726025364,
300833b2ddd9014000030008,1,1,3096,-47,1654780726026494,1654780726026494,
300833b2ddd9014000030009,1,1,2440,-45,1654780726027821,1654780726027821,
300833b2ddd9014000030008,1,1,3096,-47,1654780726032537,1654780726032537,
300833b2ddd9014000030009,1,1,2436,-45,1654780726034092,1654780726034092,
300833b2ddd9014000030001,1,1,1132,-46,1654780726035434,1654780726035434,
300833b2ddd9014000030002,1,1,444,-53,1654780726037977,1654780726037977,
300833b2ddd9014000030009,1,1,2432,-45,1654780726067862,1654780726067862,
300833b2ddd9014000030008,1,1,3100,-47,1654780726069201,1654780726069201,
300833b2ddd9014000030002,1,1,460,-53,1654780726070981,1654780726070981,
300833b2ddd9014000030001,1,1,1136,-46,1654780726072026,1654780726072026,
300833b2ddd9014000030009,1,1,2440,-45,1654780726076538,1654780726076538,
300833b2ddd9014000030008,1,1,3092,-47,1654780726077650,1654780726077650,
300833b2ddd9014000030001,1,1,1132,-46,1654780726078994,1654780726078994,
300833b2ddd9014000030002,1,1,460,-53,1654780726081470,1654780726081470,
300833b2ddd9014000030002,1,1,448,-52,1654780726112285,1654780726112285,
300833b2ddd9014000030001,1,1,1136,-46,1654780726113627,1654780726113627,
300833b2ddd9014000030008,1,1,3088,-47,1654780726114667,1654780726114667,
300833b2ddd9014000030009,1,1,2432,-45,1654780726115739,1654780726115739,
300833b2ddd9014000030002,1,1,456,-52,1654780726121829,1654780726121829,
300833b2ddd9014000030001,1,1,1132,-46,1654780726123235,1654780726123235,
300833b2ddd9014000030009,1,1,2444,-45,1654780726126230,1654780726126230,
300833b2ddd9014000030008,1,1,3088,-47,1654780726127470,1654780726127470,
300833b2ddd9014000030001,1,1,1128,-46,1654780726158702,1654780726158702,
300833b2ddd9014000030009,1,1,2452,-45,1654780726159786,1654780726159786,
300833b2ddd9014000030008,1,1,3100,-47,1654780726161301,1654780726161301,
300833b2ddd9014000030002,1,1,452,-53,1654780726162659,1654780726162659,
300833b2ddd9014000030009,1,1,2440,-45,1654780726167619,1654780726167619,
300833b2ddd9014000030001,1,1,1128,-46,1654780726169317,1654780726169317,
300833b2ddd9014000030008,1,1,3092,-47,1654780726170383,1654780726170383,
300833b2ddd9014000030002,1,1,456,-52,1654780726171868,1654780726171868,
300833b2ddd9014000030009,1,1,2468,-45,1654780726203156,1654780726203156,
300833b2ddd9014000030001,1,1,1132,-46,1654780726204257,1654780726204257,
300833b2ddd9014000030002,1,1,460,-52,1654780726205384,1654780726205384,
300833b2ddd9014000030008,1,1,3104,-47,1654780726206806,1654780726206806,
300833b2ddd9014000030008,1,1,3080,-47,1654780726210116,1654780726210116,
300833b2ddd9014000030009,1,1,2456,-45,1654780726211201,1654780726211201,
300833b2ddd9014000030001,1,1,1136,-46,1654780726212554,1654780726212554,
300833b2ddd9014000030002,1,1,428,-52,1654780726214249,1654780726214249,
300833b2ddd9014000030009,1,1,2436,-45,1654780726246830,1654780726246830,
300833b2ddd9014000030001,1,1,1132,-46,1654780726247913,1654780726247913,
300833b2ddd9014000030008,1,1,3092,-47,1654780726248929,1654780726248929,
300833b2ddd9014000030002,1,1,456,-52,1654780726250805,1654780726250805,
300833b2ddd9014000030008,1,1,3080,-47,1654780726255262,1654780726255262,
300833b2ddd9014000030002,1,1,424,-52,1654780726256842,1654780726256842,
300833b2ddd9014000030001,1,1,1120,-46,1654780726258183,1654780726258183,
300833b2ddd9014000030009,1,1,2436,-45,1654780726259283,1654780726259283,
300833b2ddd9014000030002,1,1,448,-52,1654780726292388,1654780726292388,
300833b2ddd9014000030009,1,1,2444,-45,1654780726295185,1654780726295185,
300833b2ddd9014000030001,1,1,1128,-46,1654780726296384,1654780726296384,
300833b2ddd9014000030008,1,1,3100,-47,1654780726297992,1654780726297992,
300833b2ddd9014000030009,1,1,2444,-45,1654780726301402,1654780726301402,
300833b2ddd9014000030008,1,1,3076,-47,1654780726302485,1654780726302485,
300833b2ddd9014000030001,1,1,1120,-46,1654780726303842,1654780726303842,
300833b2ddd9014000030002,1,1,472,-52,1654780726305690,1654780726305690,
300833b2ddd9014000030001,1,1,1128,-46,1654780726337169,1654780726337169,
300833b2ddd9014000030008,1,1,3096,-47,1654780726338862,1654780726338862,
300833b2ddd9014000030009,1,1,2444,-45,1654780726340148,1654780726340148,
300833b2ddd9014000030002,1,1,472,-52,1654780726341822,1654780726341822,
300833b2ddd9014000030001,1,1,1136,-46,1654780726344598,1654780726344598,
300833b2ddd9014000030009,1,1,2452,-45,1654780726345727,1654780726345727,
300833b2ddd9014000030008,1,1,3072,-47,1654780726346786,1654780726346786,
300833b2ddd9014000030002,1,1,464,-52,1654780726348109,1654780726348109,
300833b2ddd9014000030001,1,1,1116,-46,1654780726381658,1654780726381658,
300833b2ddd9014000030009,1,1,2432,-45,1654780726382687,1654780726382687,
300833b2ddd9014000030002,1,1,460,-52,1654780726383770,1654780726383770,
300833b2ddd9014000030008,1,1,3080,-47,1654780726384982,1654780726384982,
300833b2ddd9014000030009,1,1,2440,-45,1654780726387922,1654780726387922,
300833b2ddd9014000030001,1,1,1120,-46,1654780726389278,1654780726389278,
300833b2ddd9014000030008,1,1,3080,-47,1654780726391099,1654780726391099,
300833b2ddd9014000030002,1,1,492,-52,1654780726392167,1654780726392167,
300833b2ddd9014000030001,1,1,1124,-46,1654780726423939,1654780726423939,
300833b2ddd9014000030002,1,1,448,-52,1654780726425438,1654780726425438,
300833b2ddd9014000030008,1,1,3088,-47,1654780726426519,1654780726426519,
300833b2ddd9014000030009,1,1,2452,-45,1654780726427650,1654780726427650,
300833b2ddd9014000030001,1,1,1124,-46,1654780726431193,1654780726431193,
300833b2ddd9014000030002,1,1,464,-52,1654780726433356,1654780726433356,
300833b2ddd9014000030008,1,1,3068,-47,1654780726434484,1654780726434484,
300833b2ddd9014000030009,1,1,2476,-45,1654780726435565,1654780726435565,
300833b2ddd9014000030008,1,1,3104,-47,1654780726466042,1654780726466042,
300833b2ddd9014000030001,1,1,1116,-46,1654780726467398,1654780726467398,
300833b2ddd9014000030009,1,1,2432,-45,1654780726468456,1654780726468456,
300833b2ddd9014000030002,1,1,488,-52,1654780726470019,1654780726470019,
300833b2ddd9014000030008,1,1,3084,-47,1654780726475265,1654780726475265,
300833b2ddd9014000030001,1,1,1124,-46,1654780726476737,1654780726476737,
300833b2ddd9014000030009,1,1,2432,-45,1654780726477780,1654780726477780,
300833b2ddd9014000030002,1,1,476,-52,1654780726479475,1654780726479475,
300833b2ddd9014000030009,1,1,2440,-45,1654780726509466,1654780726509466,
300833b2ddd9014000030001,1,1,1132,-46,1654780726510551,1654780726510551,
300833b2ddd9014000030002,1,1,440,-52,1654780726511850,1654780726511850,
300833b2ddd9014000030008,1,1,3104,-47,1654780726513753,1654780726513753,
300833b2ddd9014000030001,1,1,1120,-46,1654780726518353,1654780726518353,
300833b2ddd9014000030009,1,1,2448,-45,1654780726519826,1654780726519826,
300833b2ddd9014000030008,1,1,3088,-47,1654780726521193,1654780726521193,
300833b2ddd9014000030002,1,1,452,-52,1654780726522291,1654780726522291,
300833b2ddd9014000030009,1,1,2444,-45,1654780726552916,1654780726552916,
300833b2ddd9014000030008,1,1,3080,-47,1654780726554838,1654780726554838,
300833b2ddd9014000030001,1,1,1132,-46,1654780726555953,1654780726555953,
300833b2ddd9014000030002,1,1,476,-52,1654780726557438,1654780726557438,
300833b2ddd9014000030009,1,1,2428,-45,1654780726560396,1654780726560396,
300833b2ddd9014000030008,1,1,3076,-47,1654780726561946,1654780726561946,
300833b2ddd9014000030002,1,1,456,-52,1654780726562988,1654780726562988,
300833b2ddd9014000030001,1,1,1112,-46,1654780726564914,1654780726564914,
300833b2ddd9014000030002,1,1,488,-52,1654780726596134,1654780726596134,
300833b2ddd9014000030001,1,1,1112,-46,1654780726598076,1654780726598076,
300833b2ddd9014000030008,1,1,3084,-47,1654780726599359,1654780726599359,
300833b2ddd9014000030009,1,1,2456,-45,1654780726600445,1654780726600445,
300833b2ddd9014000030002,1,1,468,-52,1654780726604059,1654780726604059,
300833b2ddd9014000030001,1,1,1128,-46,1654780726605132,1654780726605132,
300833b2ddd9014000030009,1,1,2424,-45,1654780726606429,1654780726606429,
300833b2ddd9014000030008,1,1,3100,-47,1654780726607555,1654780726607555,
300833b2ddd9014000030008,1,1,3076,-47,1654780726640975,1654780726640975,
300833b2ddd9014000030001,1,1,1108,-46,1654780726644656,1654780726644656,
300833b2ddd9014000030009,1,1,2408,-45,1654780726646594,1654780726646594,
300833b2ddd9014000030008,1,1,3088,-47,1654780726647690,1654780726647690,
300833b2ddd9014000030002,1,1,464,-52,1654780726648772,1654780726648772,
300833b2ddd9014000030009,1,1,2428,-45,1654780726680846,1654780726680846,
300833b2ddd9014000030002,1,1,508,-53,1654780726682319,1654780726682319,
300833b2ddd9014000030001,1,1,1100,-46,1654780726684721,1654780726684721,
300833b2ddd9014000030008,1,1,3084,-47,1654780726685821,1654780726685821,
300833b2ddd9014000030002,1,1,492,-52,1654780726688996,1654780726688996,
300833b2ddd9014000030008,1,1,3096,-47,1654780726690713,1654780726690713,
300833b2ddd9014000030009,1,1,2440,-45,1654780726693903,1654780726693903,
300833b2ddd9014000030001,1,1,1092,-46,1654780726695161,1654780726695161,
300833b2ddd9014000030002,1,1,472,-52,1654780726753744,1654780726753744,
300833b2ddd9014000030001,1,1,1100,-46,1654780726755014,1654780726755014,
300833b2ddd9014000030008,1,1,3076,-47,1654780726756594,1654780726756594,
300833b2ddd9014000030002,1,1,496,-53,1654780726761601,1654780726761601,
300833b2ddd9014000030008,1,1,3092,-47,1654780726763508,1654780726763508,
300833b2ddd9014000030009,1,1,2424,-45,1654780726764636,1654780726764636,
300833b2ddd9014000030001,1,1,1088,-46,1654780726766323,1654780726766323,
300833b2ddd9014000030001,1,1,1104,-46,1654780726797326,1654780726797326,
300833b2ddd9014000030008,1,1,3104,-47,1654780726798413,1654780726798413,
300833b2ddd9014000030009,1,1,2456,-45,1654780726799483,1654780726799483,
300833b2ddd9014000030001,1,1,1320,-44,1654780726805112,1654780726805112,
300833b2ddd9014000030009,1,1,2440,-45,1654780726806449,1654780726806449,
300833b2ddd9014000030008,1,1,3092,-47,1654780726807997,1654780726807997,
300833b2ddd9014000030009,1,1,2424,-45,1654780726839953,1654780726839953,
300833b2ddd9014000030008,1,1,3080,-47,1654780726841711,1654780726841711,
300833b2ddd9014000030001,1,1,1112,-46,1654780726843039,1654780726843039,
300833b2ddd9014000030002,1,1,484,-52,1654780726844506,1654780726844506,
300833b2ddd9014000030001,1,1,1104,-46,1654780726847548,1654780726847548,
300833b2ddd9014000030008,1,1,3092,-47,1654780726848638,1654780726848638,
300833b2ddd9014000030009,1,1,2436,-45,1654780726849943,1654780726849943,
300833b2ddd9014000030002,1,1,480,-52,1654780726851076,1654780726851076,
300833b2ddd9014000030009,1,1,2420,-45,1654780726883745,1654780726883745,
300833b2ddd9014000030008,1,1,3096,-47,1654780726884940,1654780726884940,
300833b2ddd9014000030001,1,1,1112,-46,1654780726886496,1654780726886496,
300833b2ddd9014000030002,1,1,480,-52,1654780726887694,1654780726887694,
300833b2ddd9014000030009,1,1,2440,-45,1654780726892102,1654780726892102,
300833b2ddd9014000030002,1,1,468,-52,1654780726894020,1654780726894020,
300833b2ddd9014000030008,1,1,3088,-47,1654780726895120,1654780726895120,
300833b2ddd9014000030001,1,1,1116,-46,1654780726896194,1654780726896194,
300833b2ddd9014000030001,1,1,1112,-46,1654780726926781,1654780726926781,
300833b2ddd9014000030002,1,1,468,-52,1654780726927864,1654780726927864,
300833b2ddd9014000030008,1,1,3104,-47,1654780726929654,1654780726929654,
300833b2ddd9014000030009,1,1,2428,-45,1654780726931043,1654780726931043,
300833b2ddd9014000030002,1,1,476,-53,1654780726936708,1654780726936708,
300833b2ddd9014000030009,1,1,2424,-45,1654780726938290,1654780726938290,
300833b2ddd9014000030008,1,1,3096,-47,1654780726939415,1654780726939415,
300833b2ddd9014000030001,1,1,1096,-46,1654780726940542,1654780726940542,
300833b2ddd9014000030009,1,1,2408,-45,1654780726973322,1654780726973322,
300833b2ddd9014000030002,1,1,456,-52,1654780726974899,1654780726974899,
300833b2ddd9014000030008,1,1,3096,-47,1654780726976153,1654780726976153,
300833b2ddd9014000030001,1,1,1080,-46,1654780726977255,1654780726977255,
300833b2ddd9014000030008,1,1,3072,-47,1654780726981148,1654780726981148,
300833b2ddd9014000030001,1,1,1096,-46,1654780726982234,1654780726982234,
300833b2ddd9014000030009,1,1,2440,-45,1654780726983516,1654780726983516,
300833b2ddd9014000030002,1,1,472,-52,1654780726984983,1654780726984983,
300833b2ddd9014000030008,1,1,3096,-47,1654780727016063,1654780727016063,
300833b2ddd9014000030009,1,1,2460,-45,1654780727017402,1654780727017402,
300833b2ddd9014000030002,1,1,424,-52,1654780727018643,1654780727018643,
300833b2ddd9014000030001,1,1,1120,-46,1654780727019729,1654780727019729,
300833b2ddd9014000030008,1,1,3092,-47,1654780727022579,1654780727022579,
300833b2ddd9014000030001,1,1,1116,-46,1654780727024575,1654780727024575,
300833b2ddd9014000030009,1,1,2448,-45,1654780727025647,1654780727025647,
300833b2ddd9014000030002,1,1,460,-52,1654780727026672,1654780727026672,
300833b2ddd9014000030001,1,1,1112,-46,1654780727057297,1654780727057297,
300833b2ddd9014000030009,1,1,2448,-45,1654780727058880,1654780727058880,
300833b2ddd9014000030008,1,1,3116,-47,1654780727060473,1654780727060473,
300833b2ddd9014000030002,1,1,428,-52,1654780727061898,1654780727061898,
300833b2ddd9014000030008,1,1,3108,-47,1654780727067120,1654780727067120,
300833b2ddd9014000030009,1,1,2452,-45,1654780727068219,1654780727068219,
300833b2ddd9014000030001,1,1,1120,-46,1654780727069514,1654780727069514,
300833b2ddd9014000030002,1,1,472,-52,1654780727070998,1654780727070998,
300833b2ddd9014000030008,1,1,3104,-47,1654780727107644,1654780727107644,
300833b2ddd9014000030001,1,1,1120,-46,1654780727108731,1654780727108731,
300833b2ddd9014000030009,1,1,2432,-45,1654780727110314,1654780727110314,
300833b2ddd9014000030002,1,1,456,-52,1654780727111979,1654780727111979,
300833b2ddd9014000030009,1,1,2452,-45,1654780727115881,1654780727115881,
300833b2ddd9014000030001,1,1,1120,-46,1654780727117836,1654780727117836,
300833b2ddd9014000030008,1,1,3108,-47,1654780727119384,1654780727119384,
300833b2ddd9014000030002,1,1,416,-52,1654780727120827,1654780727120827,
300833b2ddd9014000030009,1,1,2440,-45,1654780727152227,1654780727152227,
300833b2ddd9014000030001,1,1,1120,-46,1654780727153839,1654780727153839,
300833b2ddd9014000030008,1,1,3104,-47,1654780727156138,1654780727156138,
300833b2ddd9014000030002,1,1,408,-52,1654780727157364,1654780727157364,
300833b2ddd9014000030001,1,1,1136,-46,1654780727160290,1654780727160290,
300833b2ddd9014000030009,1,1,2444,-45,1654780727162324,1654780727162324,
300833b2ddd9014000030008,1,1,3096,-47,1654780727164524,1654780727164524,
300833b2ddd9014000030002,1,1,420,-52,1654780727166247,1654780727166247,
300833b2ddd9014000030002,1,1,420,-52,1654780727197484,1654780727197484,
300833b2ddd9014000030001,1,1,1092,-46,1654780727200397,1654780727200397,
300833b2ddd9014000030009,1,1,2456,-45,1654780727201780,1654780727201780,
300833b2ddd9014000030008,1,1,3104,-47,1654780727202863,1654780727202863,
300833b2ddd9014000030009,1,1,2456,-45,1654780727206790,1654780727206790,
300833b2ddd9014000030002,1,1,412,-52,1654780727207889,1654780727207889,
300833b2ddd9014000030008,1,1,3092,-46,1654780727209001,1654780727209001,
300833b2ddd9014000030001,1,1,1132,-46,1654780727210271,1654780727210271,
300833b2ddd9014000030009,1,1,2428,-45,1654780727242963,1654780727242963,
300833b2ddd9014000030002,1,1,424,-52,1654780727245987,1654780727245987,
300833b2ddd9014000030008,1,1,3112,-47,1654780727248194,1654780727248194,
300833b2ddd9014000030001,1,1,1108,-46,1654780727249240,1654780727249240,
300833b2ddd9014000030001,1,1,1140,-46,1654780727252600,1654780727252600,
300833b2ddd9014000030008,1,1,3088,-47,1654780727253925,1654780727253925,
300833b2ddd9014000030009,1,1,2488,-45,1654780727255746,1654780727255746,
300833b2ddd9014000030002,1,1,436,-51,1654780727256788,1654780727256788,
300833b2ddd9014000030008,1,1,3088,-47,1654780727287956,1654780727287956,
300833b2ddd9014000030009,1,1,2464,-45,1654780727290878,1654780727290878,
300833b2ddd9014000030002,1,1,376,-52,1654780727291963,1654780727291963,
300833b2ddd9014000030001,1,1,1100,-46,1654780727293164,1654780727293164,
300833b2ddd9014000030009,1,1,2452,-45,1654780727296169,1654780727296169,
300833b2ddd9014000030008,1,1,3084,-47,1654780727297908,1654780727297908,
300833b2ddd9014000030001,1,1,1144,-46,1654780727299463,1654780727299463,
300833b2ddd9014000030002,1,1,408,-52,1654780727300620,1654780727300620,
300833b2ddd9014000030009,1,1,2452,-45,1654780727330538,1654780727330538,
300833b2ddd9014000030002,1,1,368,-52,1654780727332532,1654780727332532,
300833b2ddd9014000030001,1,1,1128,-46,1654780727333619,1654780727333619,
300833b2ddd9014000030008,1,1,3080,-47,1654780727334958,1654780727334958,
300833b2ddd9014000030002,1,1,396,-52,1654780727338262,1654780727338262,
300833b2ddd9014000030009,1,1,2440,-45,1654780727339785,1654780727339785,
300833b2ddd9014000030001,1,1,1140,-46,1654780727341367,1654780727341367,
300833b2ddd9014000030008,1,1,3092,-47,1654780727342480,1654780727342480,
300833b2ddd9014000030009,1,1,2436,-45,1654780727373672,1654780727373672,
300833b2ddd9014000030002,1,1,376,-52,1654780727375011,1654780727375011,
300833b2ddd9014000030001,1,1,1160,-46,1654780727376055,1654780727376055,
300833b2ddd9014000030008,1,1,3080,-47,1654780727377873,1654780727377873,
300833b2ddd9014000030009,1,1,2464,-45,1654780727382694,1654780727382694,
300833b2ddd9014000030001,1,1,1152,-46,1654780727388391,1654780727388391,
300833b2ddd9014000030008,1,1,3072,-47,1654780727389475,1654780727389475,
300833b2ddd9014000030002,1,1,392,-52,1654780727390745,1654780727390745,
300833b2ddd9014000030009,1,1,2424,-45,1654780727420545,1654780727420545,
300833b2ddd9014000030001,1,1,1164,-45,1654780727422099,1654780727422099,
300833b2ddd9014000030008,1,1,3076,-47,1654780727423864,1654780727423864,
300833b2ddd9014000030002,1,1,328,-52,1654780727425303,1654780727425303,
300833b2ddd9014000030002,1,1,364,-52,1654780727429809,1654780727429809,
300833b2ddd9014000030009,1,1,2428,-45,1654780727430880,1654780727430880,
300833b2ddd9014000030008,1,1,3052,-47,1654780727433710,1654780727433710,
300833b2ddd9014000030001,1,1,1164,-45,1654780727435251,1654780727435251,
300833b2ddd9014000030008,1,1,3060,-47,1654780727466373,1654780727466373,
300833b2ddd9014000030002,1,1,364,-53,1654780727467541,1654780727467541,
300833b2ddd9014000030001,1,1,1160,-45,1654780727468883,1654780727468883,
300833b2ddd9014000030009,1,1,2396,-45,1654780727469984,1654780727469984,
300833b2ddd9014000030008,1,1,3032,-47,1654780727473774,1654780727473774,
300833b2ddd9014000030009,1,1,2396,-45,1654780727475202,1654780727475202,
300833b2ddd9014000030002,1,1,332,-53,1654780727476272,1654780727476272,
300833b2ddd9014000030001,1,1,1168,-45,1654780727477359,1654780727477359,
300833b2ddd9014000030008,1,1,3028,-47,1654780727507947,1654780727507947,
300833b2ddd9014000030009,1,1,2380,-45,1654780727509076,1654780727509076,
300833b2ddd9014000030001,1,1,1192,-45,1654780727511380,1654780727511380,
300833b2ddd9014000030002,1,1,336,-53,1654780727512863,1654780727512863,
300833b2ddd9014000030009,1,1,2372,-46,1654780727516757,1654780727516757,
300833b2ddd9014000030002,1,1,344,-53,1654780727519807,1654780727519807,
300833b2ddd9014000030008,1,1,3052,-47,1654780727521515,1654780727521515,
300833b2ddd9014000030001,1,1,1196,-45,1654780727522661,1654780727522661,
300833b2ddd9014000030008,1,1,3068,-47,1654780727558858,1654780727558858,
300833b2ddd9014000030002,1,1,344,-53,1654780727559928,1654780727559928,
300833b2ddd9014000030009,1,1,2356,-46,1654780727562836,1654780727562836,
300833b2ddd9014000030001,1,1,1220,-45,1654780727563922,1654780727563922,
300833b2ddd9014000030001,1,1,1224,-45,1654780727567810,1654780727567810,
300833b2ddd9014000030008,1,1,3056,-47,1654780727568881,1654780727568881,
300833b2ddd9014000030009,1,1,2368,-46,1654780727569966,1654780727569966,
300833b2ddd9014000030002,1,1,340,-53,1654780727571801,1654780727571801,
300833b2ddd9014000030008,1,1,3092,-47,1654780727603704,1654780727603704,
300833b2ddd9014000030001,1,1,1220,-46,1654780727605431,1654780727605431,
300833b2ddd9014000030009,1,1,2396,-46,1654780727606473,1654780727606473,
300833b2ddd9014000030002,1,1,364,-53,1654780727607684,1654780727607684,
300833b2ddd9014000030002,1,1,376,-53,1654780727611741,1654780727611741,
300833b2ddd9014000030001,1,1,1216,-46,1654780727612813,1654780727612813,
300833b2ddd9014000030008,1,1,3084,-47,1654780727613912,1654780727613912,
300833b2ddd9014000030009,1,1,2380,-46,1654780727614971,1654780727614971,
300833b2ddd9014000030002,1,1,364,-52,1654780727651566,1654780727651566,
300833b2ddd9014000030008,1,1,3140,-46,1654780727652623,1654780727652623,
300833b2ddd9014000030001,1,1,1168,-47,1654780727653682,1654780727653682,
300833b2ddd9014000030009,1,1,2404,-46,1654780727654768,1654780727654768,
300833b2ddd9014000030008,1,1,3156,-46,1654780727659739,1654780727659739,
300833b2ddd9014000030009,1,1,2408,-46,1654780727661308,1654780727661308,
300833b2ddd9014000030001,1,1,1168,-47,1654780727662464,1654780727662464,
300833b2ddd9014000030002,1,1,376,-52,1654780727664417,1654780727664417,
300833b2ddd9014000030002,1,1,364,-52,1654780727696112,1654780727696112,
300833b2ddd9014000030001,1,1,1112,-47,1654780727697554,1654780727697554,
300833b2ddd9014000030008,1,1,3148,-46,1654780727699150,1654780727699150,
300833b2ddd9014000030009,1,1,2448,-46,1654780727703226,1654780727703226,
300833b2ddd9014000030008,1,1,3156,-46,1654780727705372,1654780727705372,
300833b2ddd9014000030001,1,1,1104,-47,1654780727706459,1654780727706459,
300833b2ddd9014000030002,1,1,360,-52,1654780727707715,1654780727707715,
300833b2ddd9014000030001,1,1,1060,-46,1654780727744819,1654780727744819,
300833b2ddd9014000030008,1,1,3108,-46,1654780727746558,1654780727746558,
300833b2ddd9014000030009,1,1,2364,-46,1654780727747686,1654780727747686,
300833b2ddd9014000030002,1,1,364,-52,1654780727748765,1654780727748765,
300833b2ddd9014000030009,1,1,2392,-46,1654780727752102,1654780727752102,
300833b2ddd9014000030002,1,1,348,-53,1654780727754012,1654780727754012,
300833b2ddd9014000030008,1,1,3144,-46,1654780727755971,1654780727755971,
300833b2ddd9014000030001,1,1,1068,-46,1654780727757074,1654780727757074,
300833b2ddd9014000030008,1,1,3100,-47,1654780727787092,1654780727787092,
300833b2ddd9014000030001,1,1,1032,-46,1654780727788392,1654780727788392,
300833b2ddd9014000030009,1,1,2344,-47,1654780727789704,1654780727789704,
300833b2ddd9014000030008,1,1,3076,-47,1654780727794596,1654780727794596,
300833b2ddd9014000030002,1,1,236,-53,1654780727795708,1654780727795708,
300833b2ddd9014000030009,1,1,2368,-47,1654780727797063,1654780727797063,
300833b2ddd9014000030001,1,1,1092,-46,1654780727798106,1654780727798106,
300833b2ddd9014000030008,1,1,3048,-47,1654780727842756,1654780727842756,
300833b2ddd9014000030001,1,1,1160,-46,1654780727844041,1654780727844041,
300833b2ddd9014000030002,1,1,200,-53,1654780727845765,1654780727845765,
300833b2ddd9014000030002,1,1,212,-52,1654780727849271,1654780727849271,
300833b2ddd9014000030009,1,1,2320,-48,1654780727850469,1654780727850469,
300833b2ddd9014000030001,1,1,1164,-46,1654780727851570,1654780727851570,
300833b2ddd9014000030008,1,1,3044,-47,1654780727852625,1654780727852625,
300833b2ddd9014000030009,1,1,2296,-47,1654780727883253,1654780727883253,
300833b2ddd9014000030001,1,1,1200,-46,1654780727884311,1654780727884311,
300833b2ddd9014000030008,1,1,3060,-47,1654780727886147,1654780727886147,
300833b2ddd9014000030002,1,1,148,-53,1654780727888952,1654780727888952,
300833b2ddd9014000030002,1,1,168,-52,1654780727892235,1654780727892235,
300833b2ddd9014000030009,1,1,2268,-47,1654780727893335,1654780727893335,
300833b2ddd9014000030008,1,1,3068,-47,1654780727897545,1654780727897545,
300833b2ddd9014000030001,1,1,1228,-46,1654780727898561,1654780727898561,
300833b2ddd9014000030001,1,1,1084,-47,1654780728154363,1654780728154363,
300833b2ddd9014000030002,1,1,136,-51,1654780728156060,1654780728156060,
300833b2ddd9014000030009,1,1,2308,-45,1654780728157172,1654780728157172,
300833b2ddd9014000030008,1,1,3144,-47,1654780728158256,1654780728158256,
300833b2ddd9014000030001,1,1,1092,-47,1654780728162285,1654780728162285,
300833b2ddd9014000030002,1,1,220,-51,1654780728164032,1654780728164032,
300833b2ddd9014000030008,1,1,3156,-47,1654780728165131,1654780728165131,
300833b2ddd9014000030009,1,1,2308,-45,1654780728166188,1654780728166188,
300833b2ddd9014000030008,1,1,3144,-47,1654780728196763,1654780728196763,
300833b2ddd9014000030001,1,1,1044,-47,1654780728198424,1654780728198424,
300833b2ddd9014000030009,1,1,2324,-45,1654780728199960,1654780728199960,
300833b2ddd9014000030002,1,1,248,-51,1654780728201158,1654780728201158,
300833b2ddd9014000030009,1,1,2324,-45,1654780728204619,1654780728204619,
300833b2ddd9014000030002,1,1,248,-51,1654780728205673,1654780728205673,
300833b2ddd9014000030008,1,1,3140,-47,1654780728208117,1654780728208117,
300833b2ddd9014000030001,1,1,1064,-47,1654780728209446,1654780728209446,
300833b2ddd9014000030001,1,1,1104,-47,1654780728240031,1654780728240031,
300833b2ddd9014000030009,1,1,2336,-45,1654780728241356,1654780728241356,
300833b2ddd9014000030008,1,1,3128,-47,1654780728242496,1654780728242496,
300833b2ddd9014000030002,1,1,252,-51,1654780728243820,1654780728243820,
300833b2ddd9014000030009,1,1,2340,-45,1654780728248265,1654780728248265,
300833b2ddd9014000030002,1,1,236,-51,1654780728249334,1654780728249334,
300833b2ddd9014000030008,1,1,3124,-47,1654780728250457,1654780728250457,
300833b2ddd9014000030001,1,1,1084,-47,1654780728252270,1654780728252270,
300833b2ddd9014000030009,1,1,2316,-45,1654780728286487,1654780728286487,
300833b2ddd9014000030001,1,1,1100,-47,1654780728288891,1654780728288891,
300833b2ddd9014000030008,1,1,3128,-46,1654780728289971,1654780728289971,
300833b2ddd9014000030002,1,1,212,-51,1654780728291410,1654780728291410,
300833b2ddd9014000030009,1,1,2332,-45,1654780728294746,1654780728294746,
300833b2ddd9014000030001,1,1,1096,-48,1654780728296219,1654780728296219,
300833b2ddd9014000030002,1,1,240,-51,1654780728297302,1654780728297302,
300833b2ddd9014000030008,1,1,3132,-47,1654780728298669,1654780728298669,
300833b2ddd9014000030008,1,1,3120,-45,1654780728330388,1654780728330388,
300833b2ddd9014000030009,1,1,2360,-45,1654780728332392,1654780728332392,
300833b2ddd9014000030009,1,1,2324,-45,1654780728337395,1654780728337395,
300833b2ddd9014000030001,1,1,1096,-48,1654780728339144,1654780728339144,
300833b2ddd9014000030008,1,1,3124,-46,1654780728340257,1654780728340257,
300833b2ddd9014000030001,1,1,1108,-47,1654780728370484,1654780728370484,
300833b2ddd9014000030008,1,1,3144,-46,1654780728371949,1654780728371949,
300833b2ddd9014000030002,1,1,248,-51,1654780728373079,1654780728373079,
300833b2ddd9014000030008,1,1,3144,-46,1654780728377926,1654780728377926,
300833b2ddd9014000030001,1,1,1088,-48,1654780728379895,1654780728379895,
300833b2ddd9014000030009,1,1,2320,-45,1654780728380994,1654780728380994,
300833b2ddd9014000030002,1,1,256,-51,1654780728382105,1654780728382105,
300833b2ddd9014000030009,1,1,2324,-45,1654780728412891,1654780728412891,
300833b2ddd9014000030002,1,1,272,-51,1654780728415472,1654780728415472,
300833b2ddd9014000030001,1,1,1120,-47,1654780728416560,1654780728416560,
300833b2ddd9014000030008,1,1,3136,-46,1654780728417628,1654780728417628,
300833b2ddd9014000030008,1,1,3152,-46,1654780728422393,1654780728422393,
300833b2ddd9014000030009,1,1,2336,-45,1654780728424075,1654780728424075,
300833b2ddd9014000030001,1,1,1100,-47,1654780728426281,1654780728426281,
300833b2ddd9014000030002,1,1,256,-51,1654780728427550,1654780728427550,
300833b2ddd9014000030008,1,1,3132,-46,1654780728458082,1654780728458082,
300833b2ddd9014000030002,1,1,264,-51,1654780728459508,1654780728459508,
300833b2ddd9014000030009,1,1,2332,-45,1654780728460565,1654780728460565,
300833b2ddd9014000030001,1,1,1108,-47,1654780728462035,1654780728462035,
300833b2ddd9014000030008,1,1,3152,-46,1654780728465039,1654780728465039,
300833b2ddd9014000030009,1,1,2332,-45,1654780728466379,1654780728466379,
300833b2ddd9014000030002,1,1,260,-51,1654780728467687,1654780728467687,
300833b2ddd9014000030001,1,1,1108,-48,1654780728469028,1654780728469028,
300833b2ddd9014000030009,1,1,2352,-45,1654780728500750,1654780728500750,
300833b2ddd9014000030008,1,1,3148,-46,1654780728501844,1654780728501844,
300833b2ddd9014000030002,1,1,256,-51,1654780728502888,1654780728502888,
300833b2ddd9014000030001,1,1,1120,-47,1654780728503933,1654780728503933,
300833b2ddd9014000030009,1,1,2344,-45,1654780728508926,1654780728508926,
300833b2ddd9014000030001,1,1,1116,-48,1654780728510056,1654780728510056,
300833b2ddd9014000030008,1,1,3140,-46,1654780728511594,1654780728511594,
300833b2ddd9014000030002,1,1,268,-51,1654780728513532,1654780728513532,
300833b2ddd9014000030009,1,1,2344,-45,1654780728544772,1654780728544772,
300833b2ddd9014000030001,1,1,1100,-47,1654780728547401,1654780728547401,
300833b2ddd9014000030008,1,1,3132,-46,1654780728548470,1654780728548470,
300833b2ddd9014000030002,1,1,288,-51,1654780728549653,1654780728549653,
300833b2ddd9014000030009,1,1,2340,-45,1654780728552397,1654780728552397,
300833b2ddd9014000030008,1,1,3152,-46,1654780728556223,1654780728556223,
300833b2ddd9014000030001,1,1,1100,-47,1654780728557296,1654780728557296,
300833b2ddd9014000030002,1,1,272,-51,1654780728559117,1654780728559117,
300833b2ddd9014000030002,1,1,264,-51,1654780728590563,1654780728590563,
300833b2ddd9014000030009,1,1,2348,-45,1654780728591916,1654780728591916,
300833b2ddd9014000030001,1,1,1108,-47,1654780728593031,1654780728593031,
300833b2ddd9014000030008,1,1,3144,-46,1654780728594100,1654780728594100,
300833b2ddd9014000030009,1,1,2348,-45,1654780728598929,1654780728598929,
300833b2ddd9014000030001,1,1,1088,-47,1654780728600286,1654780728600286,
300833b2ddd9014000030008,1,1,3144,-46,1654780728602091,1654780728602091,
300833b2ddd9014000030002,1,1,256,-51,1654780728603817,1654780728603817,
300833b2ddd9014000030009,1,1,2340,-45,1654780728634657,1654780728634657,
300833b2ddd9014000030008,1,1,3144,-46,1654780728636175,1654780728636175,
300833b2ddd9014000030001,1,1,1124,-47,1654780728637717,1654780728637717,
300833b2ddd9014000030002,1,1,288,-51,1654780728638844,1654780728638844,
300833b2ddd9014000030008,1,1,3148,-46,1654780728643798,1654780728643798,
300833b2ddd9014000030009,1,1,2332,-45,1654780728645228,1654780728645228,
300833b2ddd9014000030001,1,1,1108,-47,1654780728646311,1654780728646311,
300833b2ddd9014000030002,1,1,292,-51,1654780728647412,1654780728647412,
300833b2ddd9014000030008,1,1,3140,-46,1654780728677970,1654780728677970,
300833b2ddd9014000030009,1,1,2344,-45,1654780728679666,1654780728679666,
300833b2ddd9014000030001,1,1,1084,-47,1654780728680995,1654780728680995,
300833b2ddd9014000030002,1,1,276,-51,1654780728682690,1654780728682690,
300833b2ddd9014000030009,1,1,2364,-45,1654780728686574,1654780728686574,
300833b2ddd9014000030008,1,1,3136,-46,1654780728687871,1654780728687871,
300833b2ddd9014000030001,1,1,1100,-47,1654780728689030,1654780728689030,
300833b2ddd9014000030002,1,1,252,-51,1654780728690498,1654780728690498,
300833b2ddd9014000030009,1,1,2348,-45,1654780728720944,1654780728720944,
300833b2ddd9014000030008,1,1,3136,-46,1654780728722414,1654780728722414,
300833b2ddd9014000030001,1,1,1104,-47,1654780728723500,1654780728723500,
300833b2ddd9014000030002,1,1,280,-51,1654780728724955,1654780728724955,
300833b2ddd9014000030001,1,1,1100,-48,1654780728727927,1654780728727927,
300833b2ddd9014000030002,1,1,280,-51,1654780728729013,1654780728729013,
300833b2ddd9014000030008,1,1,3136,-46,1654780728730110,1654780728730110,
300833b2ddd9014000030009,1,1,2336,-45,1654780728731168,1654780728731168,
300833b2ddd9014000030008,1,1,3132,-46,1654780728763291,1654780728763291,
300833b2ddd9014000030001,1,1,1104,-47,1654780728764634,1654780728764634,
300833b2ddd9014000030002,1,1,288,-51,1654780728766501,1654780728766501,
300833b2ddd9014000030009,1,1,2332,-45,1654780728767573,1654780728767573,
300833b2ddd9014000030009,1,1,2340,-45,1654780728771808,1654780728771808,
300833b2ddd9014000030008,1,1,3148,-46,1654780728773344,1654780728773344,
300833b2ddd9014000030002,1,1,268,-51,1654780728774444,1654780728774444,
300833b2ddd9014000030001,1,1,1104,-48,1654780728775543,1654780728775543,
300833b2ddd9014000030009,1,1,2336,-45,1654780728807235,1654780728807235,
300833b2ddd9014000030008,1,1,3140,-46,1654780728808768,1654780728808768,
300833b2ddd9014000030001,1,1,1116,-47,1654780728809859,1654780728809859,
300833b2ddd9014000030002,1,1,272,-51,1654780728812022,1654780728812022,
300833b2ddd9014000030008,1,1,3144,-47,1654780728816131,1654780728816131,
300833b2ddd9014000030009,1,1,2340,-45,1654780728817818,1654780728817818,
300833b2ddd9014000030001,1,1,1120,-47,1654780728820064,1654780728820064,
300833b2ddd9014000030002,1,1,256,-51,1654780728821263,1654780728821263,
300833b2ddd9014000030001,1,1,1112,-47,1654780728851008,1654780728851008,
300833b2ddd9014000030009,1,1,2328,-45,1654780728852309,1654780728852309,
300833b2ddd9014000030008,1,1,3132,-47,1654780728853435,1654780728853435,
300833b2ddd9014000030002,1,1,272,-51,1654780728855043,1654780728855043,
300833b2ddd9014000030002,1,1,264,-51,1654780728860269,1654780728860269,
300833b2ddd9014000030008,1,1,3116,-47,1654780728861453,1654780728861453,
300833b2ddd9014000030001,1,1,1124,-47,1654780728862541,1654780728862541,
300833b2ddd9014000030009,1,1,2336,-45,1654780728863584,1654780728863584,
300833b2ddd9014000030001,1,1,1104,-47,1654780728894179,1654780728894179,
300833b2ddd9014000030008,1,1,3136,-47,1654780728895291,1654780728895291,
300833b2ddd9014000030002,1,1,264,-52,1654780728897150,1654780728897150,
300833b2ddd9014000030009,1,1,2344,-45,1654780728898475,1654780728898475,
300833b2ddd9014000030002,1,1,264,-51,1654780728904728,1654780728904728,
300833b2ddd9014000030008,1,1,3120,-47,1654780728906154,1654780728906154,
300833b2ddd9014000030001,1,1,1132,-47,1654780728907228,1654780728907228,
300833b2ddd9014000030009,1,1,2336,-45,1654780728908567,1654780728908567,
300833b2ddd9014000030001,1,1,1116,-47,1654780728938893,1654780728938893,
300833b2ddd9014000030009,1,1,2348,-45,1654780728940007,1654780728940007,
300833b2ddd9014000030002,1,1,260,-51,1654780728941573,1654780728941573,
300833b2ddd9014000030008,1,1,3120,-47,1654780728942699,1654780728942699,
300833b2ddd9014000030009,1,1,2336,-45,1654780728947687,1654780728947687,
300833b2ddd9014000030002,1,1,276,-51,1654780728949981,1654780728949981,
300833b2ddd9014000030008,1,1,3140,-47,1654780728951421,1654780728951421,
300833b2ddd9014000030001,1,1,1124,-47,1654780728952507,1654780728952507,
300833b2ddd9014000030008,1,1,3120,-47,1654780728982183,1654780728982183,
300833b2ddd9014000030001,1,1,1120,-47,1654780728983271,1654780728983271,
300833b2ddd9014000030009,1,1,2340,-45,1654780728984597,1654780728984597,
300833b2ddd9014000030002,1,1,268,-51,1654780728985695,1654780728985695,
300833b2ddd9014000030009,1,1,2332,-45,1654780728991193,1654780728991193,
300833b2ddd9014000030008,1,1,3160,-47,1654780728992276,1654780728992276,
300833b2ddd9014000030001,1,1,1120,-47,1654780728993348,1654780728993348,
300833b2ddd9014000030002,1,1,244,-51,1654780728994900,1654780728994900,
300833b2ddd9014000030009,1,1,2348,-45,1654780729026239,1654780729026239,
300833b2ddd9014000030008,1,1,3128,-47,1654780729027549,1654780729027549,
300833b2ddd9014000030001,1,1,1128,-47,1654780729029118,1654780729029118,
300833b2ddd9014000030002,1,1,256,-52,1654780729030858,1654780729030858,
300833b2ddd9014000030008,1,1,3136,-47,1654780729036300,1654780729036300,
300833b2ddd9014000030001,1,1,1120,-47,1654780729038480,1654780729038480,
300833b2ddd9014000030002,1,1,256,-51,1654780729040002,1654780729040002,
300833b2ddd9014000030009,1,1,2332,-45,1654780729041087,1654780729041087,
300833b2ddd9014000030009,1,1,2336,-45,1654780729070753,1654780729070753,
300833b2ddd9014000030002,1,1,252,-52,1654780729071881,1654780729071881,
300833b2ddd9014000030001,1,1,1132,-47,1654780729073233,1654780729073233,
300833b2ddd9014000030008,1,1,3132,-47,1654780729074983,1654780729074983,
300833b2ddd9014000030009,1,1,2360,-45,1654780729079295,1654780729079295,
300833b2ddd9014000030002,1,1,256,-51,1654780729080638,1654780729080638,
300833b2ddd9014000030001,1,1,1116,-47,1654780729081725,1654780729081725,
300833b2ddd9014000030008,1,1,3116,-47,1654780729083289,1654780729083289,
300833b2ddd9014000030001,1,1,1116,-47,1654780729115119,1654780729115119,
300833b2ddd9014000030008,1,1,3128,-47,1654780729116205,1654780729116205,
300833b2ddd9014000030002,1,1,268,-51,1654780729117573,1654780729117573,
300833b2ddd9014000030009,1,1,2332,-45,1654780729118644,1654780729118644,
300833b2ddd9014000030002,1,1,256,-52,1654780729123307,1654780729123307,
300833b2ddd9014000030001,1,1,1144,-47,1654780729124366,1654780729124366,
300833b2ddd9014000030008,1,1,3148,-47,1654780729125676,1654780729125676,
300833b2ddd9014000030009,1,1,2344,-45,1654780729127244,1654780729127244,
300833b2ddd9014000030002,1,1,260,-51,1654780729159258,1654780729159258,
300833b2ddd9014000030009,1,1,2328,-45,1654780729160966,1654780729160966,
300833b2ddd9014000030008,1,1,3136,-47,1654780729163577,1654780729163577,
300833b2ddd9014000030001,1,1,1124,-47,1654780729165035,1654780729165035,
300833b2ddd9014000030009,1,1,2332,-45,1654780729167817,1654780729167817,
300833b2ddd9014000030002,1,1,296,-51,1654780729169782,1654780729169782,
300833b2ddd9014000030008,1,1,3128,-47,1654780729170865,1654780729170865,
300833b2ddd9014000030001,1,1,1088,-47,1654780729172206,1654780729172206,
300833b2ddd9014000030001,1,1,1120,-47,1654780729203897,1654780729203897,
300833b2ddd9014000030009,1,1,2316,-45,1654780729204986,1654780729204986,
300833b2ddd9014000030008,1,1,3132,-47,1654780729206011,1654780729206011,
300833b2ddd9014000030002,1,1,252,-51,1654780729207408,1654780729207408,
300833b2ddd9014000030009,1,1,2324,-45,1654780729210725,1654780729210725,
300833b2ddd9014000030002,1,1,264,-52,1654780729212180,1654780729212180,
300833b2ddd9014000030001,1,1,1104,-47,1654780729214153,1654780729214153,
300833b2ddd9014000030008,1,1,3132,-47,1654780729215211,1654780729215211,
300833b2ddd9014000030009,1,1,2352,-45,1654780729244912,1654780729244912,
300833b2ddd9014000030001,1,1,1100,-47,1654780729247720,1654780729247720,
300833b2ddd9014000030008,1,1,3104,-47,1654780729248847,1654780729248847,
300833b2ddd9014000030002,1,1,276,-51,1654780729250044,1654780729250044,
300833b2ddd9014000030002,1,1,276,-52,1654780729253038,1654780729253038,
300833b2ddd9014000030009,1,1,2324,-45,1654780729254377,1654780729254377,
300833b2ddd9014000030001,1,1,1112,-47,1654780729257408,1654780729257408,
300833b2ddd9014000030008,1,1,3112,-47,1654780729258463,1654780729258463,
300833b2ddd9014000030002,1,1,284,-52,1654780729288448,1654780729288448,
300833b2ddd9014000030008,1,1,3124,-47,1654780729289816,1654780729289816,
300833b2ddd9014000030009,1,1,2312,-45,1654780729290902,1654780729290902,
300833b2ddd9014000030001,1,1,1092,-47,1654780729292500,1654780729292500,
300833b2ddd9014000030008,1,1,3104,-47,1654780729296966,1654780729296966,
300833b2ddd9014000030009,1,1,2320,-45,1654780729298065,1654780729298065,
300833b2ddd9014000030001,1,1,1104,-47,1654780729300116,1654780729300116,
300833b2ddd9014000030002,1,1,296,-51,1654780729301583,1654780729301583,
300833b2ddd9014000030002,1,1,328,-51,1654780729333036,1654780729333036,
300833b2ddd9014000030008,1,1,3140,-47,1654780729334148,1654780729334148,
300833b2ddd9014000030009,1,1,2328,-45,1654780729335233,1654780729335233,
300833b2ddd9014000030001,1,1,1108,-47,1654780729336886,1654780729336886,
300833b2ddd9014000030009,1,1,2336,-45,1654780729341114,1654780729341114,
300833b2ddd9014000030008,1,1,3128,-47,1654780729342241,1654780729342241,
300833b2ddd9014000030002,1,1,288,-52,1654780729343806,1654780729343806,
300833b2ddd9014000030001,1,1,1100,-47,1654780729346612,1654780729346612,
300833b2ddd9014000030001,1,1,1116,-47,1654780729376552,1654780729376552,
300833b2ddd9014000030002,1,1,304,-52,1654780729378119,1654780729378119,
300833b2ddd9014000030009,1,1,2324,-45,1654780729379403,1654780729379403,
300833b2ddd9014000030008,1,1,3148,-47,1654780729380498,1654780729380498,
300833b2ddd9014000030009,1,1,2328,-45,1654780729385249,1654780729385249,
300833b2ddd9014000030001,1,1,1088,-47,1654780729387244,1654780729387244,
300833b2ddd9014000030008,1,1,3136,-47,1654780729388371,1654780729388371,
300833b2ddd9014000030002,1,1,276,-52,1654780729389810,1654780729389810,
300833b2ddd9014000030002,1,1,340,-52,1654780729420190,1654780729420190,
300833b2ddd9014000030001,1,1,1112,-47,1654780729421602,1654780729421602,
300833b2ddd9014000030009,1,1,2356,-45,1654780729422704,1654780729422704,
300833b2ddd9014000030008,1,1,3132,-47,1654780729423817,1654780729423817,
300833b2ddd9014000030009,1,1,2340,-45,1654780729428156,1654780729428156,
300833b2ddd9014000030008,1,1,3136,-47,1654780729429596,1654780729429596,
300833b2ddd9014000030001,1,1,1104,-47,1654780729430684,1654780729430684,
300833b2ddd9014000030002,1,1,292,-52,1654780729432124,1654780729432124,
300833b2ddd9014000030002,1,1,296,-51,1654780729462607,1654780729462607,
300833b2ddd9014000030001,1,1,1108,-47,1654780729464092,1654780729464092,
300833b2ddd9014000030009,1,1,2340,-45,1654780729465420,1654780729465420,
300833b2ddd9014000030008,1,1,3120,-47,1654780729466476,1654780729466476,
300833b2ddd9014000030008,1,1,3124,-47,1654780729470088,1654780729470088,
300833b2ddd9014000030002,1,1,288,-52,1654780729471197,1654780729471197,
300833b2ddd9014000030001,1,1,1100,-47,1654780729472484,1654780729472484,
300833b2ddd9014000030009,1,1,2328,-45,1654780729473782,1654780729473782,
300833b2ddd9014000030008,1,1,3140,-47,1654780729505553,1654780729505553,
300833b2ddd9014000030009,1,1,2312,-45,1654780729507285,1654780729507285,
300833b2ddd9014000030001,1,1,1092,-47,1654780729508372,1654780729508372,
300833b2ddd9014000030002,1,1,268,-52,1654780729510054,1654780729510054,
300833b2ddd9014000030001,1,1,1092,-47,1654780729513076,1654780729513076,
300833b2ddd9014000030002,1,1,340,-52,1654780729514443,1654780729514443,
300833b2ddd9014000030009,1,1,2352,-45,1654780729516023,1654780729516023,
300833b2ddd9014000030008,1,1,3132,-47,1654780729517319,1654780729517319,
300833b2ddd9014000030008,1,1,3152,-47,1654780729548998,1654780729548998,
300833b2ddd9014000030002,1,1,292,-52,1654780729550338,1654780729550338,
300833b2ddd9014000030001,1,1,1096,-47,1654780729551454,1654780729551454,
300833b2ddd9014000030009,1,1,2320,-45,1654780729552994,1654780729552994,
300833b2ddd9014000030009,1,1,2328,-45,1654780729557250,1654780729557250,
300833b2ddd9014000030002,1,1,264,-52,1654780729559443,1654780729559443,
300833b2ddd9014000030001,1,1,1120,-47,1654780729560554,1654780729560554,
300833b2ddd9014000030008,1,1,3144,-47,1654780729561670,1654780729561670,
300833b2ddd9014000030001,1,1,1104,-47,1654780729592283,1654780729592283,
300833b2ddd9014000030009,1,1,2344,-45,1654780729594192,1654780729594192,
300833b2ddd9014000030008,1,1,3152,-47,1654780729595276,1654780729595276,
300833b2ddd9014000030002,1,1,296,-52,1654780729596417,1654780729596417,
300833b2ddd9014000030008,1,1,3136,-47,1654780729599798,1654780729599798,
300833b2ddd9014000030009,1,1,2324,-45,1654780729601094,1654780729601094,
300833b2ddd9014000030001,1,1,1080,-47,1654780729602409,1654780729602409,
300833b2ddd9014000030002,1,1,308,-52,1654780729603504,1654780729603504,
300833b2ddd9014000030002,1,1,308,-52,1654780729635049,1654780729635049,
300833b2ddd9014000030001,1,1,1096,-47,1654780729636148,1654780729636148,
300833b2ddd9014000030009,1,1,2340,-45,1654780729637540,1654780729637540,
300833b2ddd9014000030008,1,1,3160,-47,1654780729638611,1654780729638611,
300833b2ddd9014000030002,1,1,304,-51,1654780729643599,1654780729643599,
300833b2ddd9014000030001,1,1,1068,-47,1654780729644645,1654780729644645,
300833b2ddd9014000030009,1,1,2332,-45,1654780729646438,1654780729646438,
300833b2ddd9014000030008,1,1,3136,-47,1654780729647762,1654780729647762,
300833b2ddd9014000030002,1,1,300,-52,1654780729679517,1654780729679517,
300833b2ddd9014000030008,1,1,3128,-47,1654780729680614,1654780729680614,
300833b2ddd9014000030009,1,1,2344,-45,1654780729681712,1654780729681712,
300833b2ddd9014000030001,1,1,1084,-47,1654780729682758,1654780729682758,
300833b2ddd9014000030002,1,1,304,-52,1654780729689020,1654780729689020,
300833b2ddd9014000030008,1,1,3156,-47,1654780729690447,1654780729690447,
300833b2ddd9014000030009,1,1,2328,-45,1654780729691505,1654780729691505,
300833b2ddd9014000030001,1,1,1092,-47,1654780729692733,1654780729692733,
300833b2ddd9014000030001,1,1,1100,-47,1654780729722448,1654780729722448,
300833b2ddd9014000030009,1,1,2336,-45,1654780729724356,1654780729724356,
300833b2ddd9014000030008,1,1,3156,-47,1654780729725437,1654780729725437,
300833b2ddd9014000030002,1,1,304,-52,1654780729727164,1654780729727164,
300833b2ddd9014000030009,1,1,2320,-45,1654780729737741,1654780729737741,
300833b2ddd9014000030008,1,1,3132,-47,1654780729739194,1654780729739194,
300833b2ddd9014000030001,1,1,1112,-47,1654780729740505,1654780729740505,
300833b2ddd9014000030002,1,1,328,-52,1654780729741691,1654780729741691,