epc,atenda,atendanum,phase,RSS,timestamp,timestamp2,
300833b2ddd9014000030009,1,1,2356,-44,1654780878716233,1654780878716233,
300833b2ddd9014000030001,1,1,1136,-47,1654780878717276,1654780878717276,
300833b2ddd9014000030009,1,1,2356,-45,1654780878722242,1654780878722242,
300833b2ddd9014000030008,1,1,2956,-46,1654780878723522,1654780878723522,
300833b2ddd9014000030002,1,1,92,-50,1654780878724591,1654780878724591,
300833b2ddd9014000030001,1,1,1128,-47,1654780878725692,1654780878725692,
300833b2ddd9014000030008,1,1,2960,-46,1654780878786073,1654780878786073,
300833b2ddd9014000030009,1,1,2360,-44,1654780878787416,1654780878787416,
300833b2ddd9014000030008,1,1,2952,-46,1654780878791217,1654780878791217,
300833b2ddd9014000030001,1,1,1116,-47,1654780878792958,1654780878792958,
300833b2ddd9014000030009,1,1,2364,-44,1654780878794000,1654780878794000,
300833b2ddd9014000030002,1,1,56,-50,1654780878795468,1654780878795468,
300833b2ddd9014000030009,1,1,2364,-44,1654780878826983,1654780878826983,
300833b2ddd9014000030001,1,1,1128,-47,1654780878828297,1654780878828297,
300833b2ddd9014000030008,1,1,2960,-46,1654780878829495,1654780878829495,
300833b2ddd9014000030002,1,1,56,-50,1654780878830907,1654780878830907,
300833b2ddd9014000030008,1,1,2944,-46,1654780878833902,1654780878833902,
300833b2ddd9014000030009,1,1,2372,-44,1654780878835270,1654780878835270,
300833b2ddd9014000030001,1,1,1132,-47,1654780878836612,1654780878836612,
300833b2ddd9014000030002,1,1,60,-50,1654780878837922,1654780878837922,
300833b2ddd9014000030001,1,1,1172,-47,1654780878869333,1654780878869333,
300833b2ddd9014000030009,1,1,2396,-44,1654780878871255,1654780878871255,
300833b2ddd9014000030001,1,1,1124,-47,1654780878875546,1654780878875546,
300833b2ddd9014000030008,1,1,2964,-46,1654780878876636,1654780878876636,
300833b2ddd9014000030009,1,1,2360,-44,1654780878877986,1654780878877986,
300833b2ddd9014000030002,1,1,60,-49,1654780878879912,1654780878879912,
300833b2ddd9014000030001,1,1,1164,-47,1654780878910808,1654780878910808,
300833b2ddd9014000030002,1,1,76,-50,1654780878912361,1654780878912361,
300833b2ddd9014000030008,1,1,2952,-46,1654780878914575,1654780878914575,
300833b2ddd9014000030009,1,1,2388,-44,1654780878915931,1654780878915931,
300833b2ddd9014000030001,1,1,1116,-47,1654780878920716,1654780878920716,
300833b2ddd9014000030009,1,1,2384,-44,1654780878921832,1654780878921832,
300833b2ddd9014000030008,1,1,2940,-46,1654780878922914,1654780878922914,
300833b2ddd9014000030002,1,1,72,-50,1654780878924041,1654780878924041,
300833b2ddd9014000030008,1,1,2944,-46,1654780878955866,1654780878955866,
300833b2ddd9014000030009,1,1,2368,-44,1654780878958058,1654780878958058,
300833b2ddd9014000030001,1,1,1124,-47,1654780878959894,1654780878959894,
300833b2ddd9014000030002,1,1,64,-50,1654780878960906,1654780878960906,
300833b2ddd9014000030008,1,1,2952,-46,1654780878963897,1654780878963897,
300833b2ddd9014000030001,1,1,1128,-47,1654780878966143,1654780878966143,
300833b2ddd9014000030002,1,1,68,-49,1654780878967919,1654780878967919,
300833b2ddd9014000030009,1,1,2396,-44,1654780878969616,1654780878969616,
300833b2ddd9014000030002,1,1,76,-50,1654780879000845,1654780879000845,
300833b2ddd9014000030001,1,1,1120,-47,1654780879003026,1654780879003026,
300833b2ddd9014000030008,1,1,2972,-46,1654780879006968,1654780879006968,
300833b2ddd9014000030009,1,1,2380,-44,1654780879008039,1654780879008039,
300833b2ddd9014000030002,1,1,68,-49,1654780879011064,1654780879011064,
300833b2ddd9014000030009,1,1,2376,-44,1654780879012121,1654780879012121,
300833b2ddd9014000030001,1,1,1116,-47,1654780879013194,1654780879013194,
300833b2ddd9014000030008,1,1,2992,-46,1654780879014250,1654780879014250,
300833b2ddd9014000030008,1,1,3000,-46,1654780879046268,1654780879046268,
300833b2ddd9014000030002,1,1,44,-49,1654780879047551,1654780879047551,
300833b2ddd9014000030009,1,1,2388,-44,1654780879049119,1654780879049119,
300833b2ddd9014000030001,1,1,1128,-47,1654780879050177,1654780879050177,
300833b2ddd9014000030002,1,1,56,-49,1654780879055423,1654780879055423,
300833b2ddd9014000030008,1,1,2980,-46,1654780879056620,1654780879056620,
300833b2ddd9014000030009,1,1,2392,-44,1654780879057705,1654780879057705,
300833b2ddd9014000030001,1,1,1148,-47,1654780879059616,1654780879059616,
300833b2ddd9014000030002,1,1,76,-49,1654780879090207,1654780879090207,
300833b2ddd9014000030001,1,1,1128,-47,1654780879091392,1654780879091392,
300833b2ddd9014000030008,1,1,2980,-46,1654780879092732,1654780879092732,
300833b2ddd9014000030009,1,1,2388,-44,1654780879093819,1654780879093819,
300833b2ddd9014000030009,1,1,2376,-44,1654780879097154,1654780879097154,
300833b2ddd9014000030001,1,1,1132,-47,1654780879098495,1654780879098495,
300833b2ddd9014000030002,1,1,48,-49,1654780879099777,1654780879099777,
300833b2ddd9014000030008,1,1,2996,-46,1654780879101131,1654780879101131,
300833b2ddd9014000030008,1,1,2980,-46,1654780879132862,1654780879132862,
300833b2ddd9014000030009,1,1,2368,-44,1654780879134162,1654780879134162,
300833b2ddd9014000030001,1,1,1124,-47,1654780879135461,1654780879135461,
300833b2ddd9014000030002,1,1,64,-49,1654780879137596,1654780879137596,
300833b2ddd9014000030008,1,1,2996,-46,1654780879141456,1654780879141456,
300833b2ddd9014000030001,1,1,1112,-47,1654780879142501,1654780879142501,
300833b2ddd9014000030009,1,1,2368,-44,1654780879145139,1654780879145139,
300833b2ddd9014000030002,1,1,68,-49,1654780879146549,1654780879146549,
300833b2ddd9014000030001,1,1,1128,-47,1654780879179021,1654780879179021,
300833b2ddd9014000030002,1,1,36,-49,1654780879180134,1654780879180134,
300833b2ddd9014000030009,1,1,2368,-44,1654780879183471,1654780879183471,
300833b2ddd9014000030008,1,1,2984,-46,1654780879184794,1654780879184794,
300833b2ddd9014000030002,1,1,64,-49,1654780879190315,1654780879190315,
300833b2ddd9014000030009,1,1,2376,-44,1654780879191413,1654780879191413,
300833b2ddd9014000030008,1,1,2980,-46,1654780879192496,1654780879192496,
300833b2ddd9014000030001,1,1,1112,-47,1654780879193583,1654780879193583,
300833b2ddd9014000030009,1,1,2380,-44,1654780879229467,1654780879229467,
300833b2ddd9014000030008,1,1,3008,-46,1654780879231612,1654780879231612,
300833b2ddd9014000030001,1,1,1112,-47,1654780879232685,1654780879232685,
300833b2ddd9014000030002,1,1,80,-49,1654780879233885,1654780879233885,
300833b2ddd9014000030002,1,1,84,-49,1654780879237112,1654780879237112,
300833b2ddd9014000030001,1,1,1132,-47,1654780879238185,1654780879238185,
300833b2ddd9014000030009,1,1,2392,-44,1654780879239496,1654780879239496,
300833b2ddd9014000030008,1,1,2984,-46,1654780879241204,1654780879241204,
300833b2ddd9014000030008,1,1,2996,-46,1654780879273544,1654780879273544,
300833b2ddd9014000030001,1,1,1128,-47,1654780879276245,1654780879276245,
300833b2ddd9014000030009,1,1,2364,-44,1654780879277329,1654780879277329,
300833b2ddd9014000030002,1,1,64,-49,1654780879278485,1654780879278485,
300833b2ddd9014000030001,1,1,1116,-47,1654780879281508,1654780879281508,
300833b2ddd9014000030008,1,1,2972,-46,1654780879283189,1654780879283189,
300833b2ddd9014000030009,1,1,2368,-44,1654780879284273,1654780879284273,
300833b2ddd9014000030002,1,1,44,-49,1654780879285386,1654780879285386,
300833b2ddd9014000030002,1,1,84,-49,1654780879316213,1654780879316213,
300833b2ddd9014000030009,1,1,2376,-44,1654780879317299,1654780879317299,
300833b2ddd9014000030001,1,1,1120,-47,1654780879318882,1654780879318882,
300833b2ddd9014000030008,1,1,2984,-46,1654780879320222,1654780879320222,
300833b2ddd9014000030009,1,1,2364,-44,1654780879327978,1654780879327978,
300833b2ddd9014000030008,1,1,2968,-46,1654780879329062,1654780879329062,
300833b2ddd9014000030001,1,1,1128,-47,1654780879330629,1654780879330629,
300833b2ddd9014000030002,1,1,56,-49,1654780879331969,1654780879331969,
300833b2ddd9014000030002,1,1,68,-48,1654780879363385,1654780879363385,
300833b2ddd9014000030008,1,1,2904,-45,1654780879365281,1654780879365281,
300833b2ddd9014000030009,1,1,2400,-44,1654780879366362,1654780879366362,
300833b2ddd9014000030001,1,1,1172,-47,1654780879367421,1654780879367421,
300833b2ddd9014000030001,1,1,1124,-47,1654780879371021,1654780879371021,
300833b2ddd9014000030002,1,1,56,-49,1654780879372944,1654780879372944,
300833b2ddd9014000030009,1,1,2372,-44,1654780879374242,1654780879374242,
300833b2ddd9014000030008,1,1,2972,-46,1654780879375310,1654780879375310,
300833b2ddd9014000030008,1,1,3020,-46,1654780879406840,1654780879406840,
300833b2ddd9014000030009,1,1,2360,-44,1654780879407939,1654780879407939,
300833b2ddd9014000030001,1,1,1120,-47,1654780879409040,1654780879409040,
300833b2ddd9014000030002,1,1,48,-49,1654780879410764,1654780879410764,
300833b2ddd9014000030008,1,1,3000,-46,1654780879413979,1654780879413979,
300833b2ddd9014000030002,1,1,48,-49,1654780879415077,1654780879415077,
300833b2ddd9014000030009,1,1,2356,-44,1654780879416388,1654780879416388,
300833b2ddd9014000030001,1,1,1068,-47,1654780879417789,1654780879417789,
300833b2ddd9014000030001,1,1,1168,-47,1654780879450630,1654780879450630,
300833b2ddd9014000030002,1,1,52,-49,1654780879452318,1654780879452318,
300833b2ddd9014000030009,1,1,2368,-44,1654780879453899,1654780879453899,
300833b2ddd9014000030008,1,1,3012,-46,1654780879455013,1654780879455013,
300833b2ddd9014000030002,1,1,72,-49,1654780879459578,1654780879459578,
300833b2ddd9014000030008,1,1,2976,-46,1654780879461244,1654780879461244,
300833b2ddd9014000030009,1,1,2368,-44,1654780879462329,1654780879462329,
300833b2ddd9014000030001,1,1,1132,-47,1654780879463801,1654780879463801,
300833b2ddd9014000030002,1,1,48,-49,1654780879493518,1654780879493518,
300833b2ddd9014000030009,1,1,2388,-44,1654780879494642,1654780879494642,
300833b2ddd9014000030008,1,1,2944,-46,1654780879496467,1654780879496467,
300833b2ddd9014000030001,1,1,1124,-47,1654780879497582,1654780879497582,
300833b2ddd9014000030002,1,1,64,-49,1654780879502502,1654780879502502,
300833b2ddd9014000030001,1,1,1136,-47,1654780879503960,1654780879503960,
300833b2ddd9014000030008,1,1,2948,-46,1654780879505072,1654780879505072,
300833b2ddd9014000030009,1,1,2360,-44,1654780879506099,1654780879506099,
300833b2ddd9014000030008,1,1,2992,-46,1654780879536840,1654780879536840,
300833b2ddd9014000030001,1,1,1128,-47,1654780879537926,1654780879537926,
300833b2ddd9014000030002,1,1,60,-49,1654780879540384,1654780879540384,
300833b2ddd9014000030009,1,1,2392,-44,1654780879541691,1654780879541691,
300833b2ddd9014000030001,1,1,1140,-47,1654780879549225,1654780879549225,
300833b2ddd9014000030009,1,1,2356,-44,1654780879550439,1654780879550439,
300833b2ddd9014000030008,1,1,2976,-46,1654780879551961,1654780879551961,
300833b2ddd9014000030002,1,1,52,-49,1654780879553145,1654780879553145,
300833b2ddd9014000030001,1,1,1128,-47,1654780879583319,1654780879583319,
300833b2ddd9014000030002,1,1,60,-49,1654780879584589,1654780879584589,
300833b2ddd9014000030008,1,1,2988,-46,1654780879586854,1654780879586854,
300833b2ddd9014000030009,1,1,2356,-44,1654780879587925,1654780879587925,
300833b2ddd9014000030002,1,1,80,-49,1654780879592417,1654780879592417,
300833b2ddd9014000030008,1,1,2932,-46,1654780879593857,1654780879593857,
300833b2ddd9014000030001,1,1,1128,-47,1654780879594929,1654780879594929,
300833b2ddd9014000030009,1,1,2360,-44,1654780879596015,1654780879596015,
300833b2ddd9014000030008,1,1,2988,-46,1654780879626850,1654780879626850,
300833b2ddd9014000030001,1,1,1112,-47,1654780879628137,1654780879628137,
300833b2ddd9014000030009,1,1,2372,-44,1654780879629235,1654780879629235,
300833b2ddd9014000030002,1,1,64,-49,1654780879630866,1654780879630866,
300833b2ddd9014000030008,1,1,2944,-46,1654780879635298,1654780879635298,
300833b2ddd9014000030009,1,1,2360,-44,1654780879636979,1654780879636979,
300833b2ddd9014000030001,1,1,1124,-47,1654780879639435,1654780879639435,
300833b2ddd9014000030002,1,1,48,-49,1654780879640520,1654780879640520,
300833b2ddd9014000030002,1,1,84,-49,1654780879670311,1654780879670311,
300833b2ddd9014000030008,1,1,2980,-46,1654780879671394,1654780879671394,
300833b2ddd9014000030001,1,1,1124,-47,1654780879672919,1654780879672919,
300833b2ddd9014000030009,1,1,2360,-44,1654780879674475,1654780879674475,
300833b2ddd9014000030009,1,1,2364,-44,1654780879688177,1654780879688177,
300833b2ddd9014000030002,1,1,52,-49,1654780879689632,1654780879689632,
300833b2ddd9014000030008,1,1,2968,-46,1654780879690745,1654780879690745,
300833b2ddd9014000030001,1,1,1132,-47,1654780879691832,1654780879691832,
300833b2ddd9014000030008,1,1,2972,-46,1654780879722446,1654780879722446,
300833b2ddd9014000030009,1,1,2352,-44,1654780879724390,1654780879724390,
300833b2ddd9014000030001,1,1,1128,-47,1654780879725465,1654780879725465,
300833b2ddd9014000030002,1,1,68,-49,1654780879726920,1654780879726920,
300833b2ddd9014000030008,1,1,2968,-46,1654780879730391,1654780879730391,
300833b2ddd9014000030002,1,1,48,-49,1654780879731476,1654780879731476,
300833b2ddd9014000030009,1,1,2368,-44,1654780879732857,1654780879732857,
300833b2ddd9014000030001,1,1,1136,-47,1654780879734178,1654780879734178,
300833b2ddd9014000030009,1,1,2352,-44,1654780879766868,1654780879766868,
300833b2ddd9014000030002,1,1,84,-49,1654780879768445,1654780879768445,
300833b2ddd9014000030008,1,1,2980,-46,1654780879769726,1654780879769726,
300833b2ddd9014000030001,1,1,1136,-47,1654780879772564,1654780879772564,
300833b2ddd9014000030008,1,1,2968,-46,1654780879776941,1654780879776941,
300833b2ddd9014000030002,1,1,60,-49,1654780879778521,1654780879778521,
300833b2ddd9014000030009,1,1,2380,-44,1654780879780059,1654780879780059,
300833b2ddd9014000030001,1,1,1144,-47,1654780879782012,1654780879782012,
300833b2ddd9014000030009,1,1,2364,-44,1654780879813874,1654780879813874,
300833b2ddd9014000030001,1,1,1136,-47,1654780879815147,1654780879815147,
300833b2ddd9014000030008,1,1,2996,-46,1654780879816216,1654780879816216,
300833b2ddd9014000030002,1,1,64,-49,1654780879817314,1654780879817314,
300833b2ddd9014000030002,1,1,60,-49,1654780879821798,1654780879821798,
300833b2ddd9014000030001,1,1,1140,-47,1654780879822872,1654780879822872,
300833b2ddd9014000030009,1,1,2372,-44,1654780879824169,1654780879824169,
300833b2ddd9014000030008,1,1,2984,-46,1654780879825732,1654780879825732,
300833b2ddd9014000030008,1,1,2984,-46,1654780879857192,1654780879857192,
300833b2ddd9014000030009,1,1,2352,-44,1654780879858208,1654780879858208,
300833b2ddd9014000030002,1,1,64,-49,1654780879859291,1654780879859291,
300833b2ddd9014000030001,1,1,1116,-47,1654780879861183,1654780879861183,
300833b2ddd9014000030001,1,1,1128,-47,1654780879865783,1654780879865783,
300833b2ddd9014000030009,1,1,2344,-44,1654780879868723,1654780879868723,
300833b2ddd9014000030008,1,1,2980,-46,1654780879869833,1654780879869833,
300833b2ddd9014000030002,1,1,76,-49,1654780879871530,1654780879871530,
300833b2ddd9014000030009,1,1,2364,-44,1654780879903220,1654780879903220,
300833b2ddd9014000030001,1,1,1136,-47,1654780879905184,1654780879905184,
300833b2ddd9014000030002,1,1,72,-49,1654780879906225,1654780879906225,
300833b2ddd9014000030008,1,1,2992,-46,1654780879907337,1654780879907337,
300833b2ddd9014000030002,1,1,72,-49,1654780879911390,1654780879911390,
300833b2ddd9014000030009,1,1,2360,-44,1654780879913752,1654780879913752,
300833b2ddd9014000030008,1,1,2964,-46,1654780879915223,1654780879915223,
300833b2ddd9014000030001,1,1,1132,-47,1654780879916453,1654780879916453,
300833b2ddd9014000030008,1,1,2988,-46,1654780879946601,1654780879946601,
300833b2ddd9014000030002,1,1,72,-49,1654780879948041,1654780879948041,
300833b2ddd9014000030009,1,1,2372,-44,1654780879949154,1654780879949154,
300833b2ddd9014000030001,1,1,1136,-47,1654780879950813,1654780879950813,
300833b2ddd9014000030008,1,1,2984,-46,1654780879956671,1654780879956671,
300833b2ddd9014000030009,1,1,2356,-44,1654780879957727,1654780879957727,
300833b2ddd9014000030002,1,1,56,-49,1654780879959957,1654780879959957,
300833b2ddd9014000030001,1,1,1136,-47,1654780879961072,1654780879961072,
300833b2ddd9014000030009,1,1,2360,-44,1654780879991916,1654780879991916,
300833b2ddd9014000030008,1,1,2992,-46,1654780879993452,1654780879993452,
300833b2ddd9014000030002,1,1,44,-49,1654780879994508,1654780879994508,
300833b2ddd9014000030001,1,1,1112,-47,1654780879996078,1654780879996078,
300833b2ddd9014000030009,1,1,2352,-44,1654780880000274,1654780880000274,
300833b2ddd9014000030008,1,1,2976,-46,1654780880001358,1654780880001358,
300833b2ddd9014000030002,1,1,76,-49,1654780880002442,1654780880002442,
300833b2ddd9014000030001,1,1,1140,-47,1654780880003800,1654780880003800,
300833b2ddd9014000030008,1,1,2956,-46,1654780880037094,1654780880037094,
300833b2ddd9014000030001,1,1,1112,-47,1654780880038210,1654780880038210,
300833b2ddd9014000030002,1,1,68,-49,1654780880039562,1654780880039562,
300833b2ddd9014000030009,1,1,2352,-44,1654780880041142,1654780880041142,
300833b2ddd9014000030008,1,1,2980,-46,1654780880046459,1654780880046459,
300833b2ddd9014000030009,1,1,2348,-44,1654780880048477,1654780880048477,
300833b2ddd9014000030001,1,1,1104,-47,1654780880049637,1654780880049637,
300833b2ddd9014000030002,1,1,56,-49,1654780880050821,1654780880050821,
300833b2ddd9014000030008,1,1,2972,-46,1654780880082136,1654780880082136,
300833b2ddd9014000030009,1,1,2356,-44,1654780880083236,1654780880083236,
300833b2ddd9014000030001,1,1,1100,-47,1654780880084935,1654780880084935,
300833b2ddd9014000030009,1,1,2352,-44,1654780880088152,1654780880088152,
300833b2ddd9014000030008,1,1,2956,-46,1654780880089222,1654780880089222,
300833b2ddd9014000030001,1,1,1136,-47,1654780880090549,1654780880090549,
300833b2ddd9014000030002,1,1,88,-49,1654780880093979,1654780880093979,
300833b2ddd9014000030001,1,1,1132,-47,1654780880322820,1654780880322820,
300833b2ddd9014000030002,1,1,76,-49,1654780880323932,1654780880323932,
300833b2ddd9014000030008,1,1,2984,-46,1654780880354554,1654780880354554,
300833b2ddd9014000030001,1,1,1112,-47,1654780880355651,1654780880355651,
300833b2ddd9014000030009,1,1,2356,-44,1654780880356768,1654780880356768,
300833b2ddd9014000030002,1,1,64,-49,1654780880360030,1654780880360030,
300833b2ddd9014000030009,1,1,2348,-44,1654780880363022,1654780880363022,
300833b2ddd9014000030001,1,1,1120,-47,1654780880364762,1654780880364762,
300833b2ddd9014000030008,1,1,2976,-46,1654780880366299,1654780880366299,
300833b2ddd9014000030002,1,1,52,-49,1654780880367512,1654780880367512,
300833b2ddd9014000030002,1,1,68,-49,1654780880397574,1654780880397574,
300833b2ddd9014000030001,1,1,1084,-47,1654780880398605,1654780880398605,
300833b2ddd9014000030008,1,1,2988,-46,1654780880401272,1654780880401272,
300833b2ddd9014000030009,1,1,2352,-44,1654780880402302,1654780880402302,
300833b2ddd9014000030002,1,1,52,-49,1654780880406695,1654780880406695,
300833b2ddd9014000030009,1,1,2368,-44,1654780880409292,1654780880409292,
300833b2ddd9014000030008,1,1,3004,-46,1654780880410800,1654780880410800,
300833b2ddd9014000030001,1,1,1116,-47,1654780880411930,1654780880411930,
300833b2ddd9014000030002,1,1,68,-50,1654780880444329,1654780880444329,
300833b2ddd9014000030001,1,1,1024,-47,1654780880445731,1654780880445731,
300833b2ddd9014000030009,1,1,2356,-44,1654780880452766,1654780880452766,
300833b2ddd9014000030008,1,1,3008,-46,1654780880453992,1654780880453992,
300833b2ddd9014000030002,1,1,80,-49,1654780880456812,1654780880456812,
300833b2ddd9014000030008,1,1,3004,-46,1654780880459018,1654780880459018,
300833b2ddd9014000030009,1,1,2360,-44,1654780880460105,1654780880460105,
300833b2ddd9014000030001,1,1,1108,-47,1654780880461162,1654780880461162,
300833b2ddd9014000030008,1,1,2980,-46,1654780880492484,1654780880492484,
300833b2ddd9014000030009,1,1,2372,-44,1654780880493993,1654780880493993,
300833b2ddd9014000030002,1,1,84,-49,1654780880495047,1654780880495047,
300833b2ddd9014000030001,1,1,1100,-48,1654780880497864,1654780880497864,
300833b2ddd9014000030001,1,1,1116,-48,1654780880502084,1654780880502084,
300833b2ddd9014000030009,1,1,2372,-44,1654780880503184,1654780880503184,
300833b2ddd9014000030008,1,1,3028,-46,1654780880504195,1654780880504195,
300833b2ddd9014000030002,1,1,96,-49,1654780880505917,1654780880505917,
300833b2ddd9014000030008,1,1,3004,-46,1654780880535716,1654780880535716,
300833b2ddd9014000030002,1,1,88,-49,1654780880537624,1654780880537624,
300833b2ddd9014000030009,1,1,2400,-44,1654780880538710,1654780880538710,
300833b2ddd9014000030001,1,1,1104,-48,1654780880539822,1654780880539822,
300833b2ddd9014000030002,1,1,92,-49,1654780880544350,1654780880544350,
300833b2ddd9014000030001,1,1,1096,-48,1654780880546370,1654780880546370,
300833b2ddd9014000030008,1,1,3048,-46,1654780880547454,1654780880547454,
300833b2ddd9014000030009,1,1,2396,-45,1654780880548823,1654780880548823,
300833b2ddd9014000030002,1,1,144,-49,1654780880583309,1654780880583309,
300833b2ddd9014000030008,1,1,3052,-45,1654780880584737,1654780880584737,
300833b2ddd9014000030009,1,1,2424,-45,1654780880585865,1654780880585865,
300833b2ddd9014000030001,1,1,1124,-48,1654780880586977,1654780880586977,
300833b2ddd9014000030002,1,1,136,-50,1654780880592104,1654780880592104,
300833b2ddd9014000030009,1,1,2404,-45,1654780880593159,1654780880593159,
300833b2ddd9014000030001,1,1,1120,-48,1654780880595464,1654780880595464,
300833b2ddd9014000030008,1,1,3028,-46,1654780880596592,1654780880596592,
300833b2ddd9014000030001,1,1,1136,-48,1654780880629035,1654780880629035,
300833b2ddd9014000030009,1,1,2396,-45,1654780880633513,1654780880633513,
300833b2ddd9014000030002,1,1,156,-50,1654780880634596,1654780880634596,
300833b2ddd9014000030008,1,1,3012,-45,1654780880635949,1654780880635949,
300833b2ddd9014000030001,1,1,1176,-48,1654780880637648,1654780880637648,
300833b2ddd9014000030001,1,1,1200,-48,1654780880671462,1654780880671462,
300833b2ddd9014000030008,1,1,3012,-46,1654780880673143,1654780880673143,
300833b2ddd9014000030009,1,1,2396,-45,1654780880674441,1654780880674441,
300833b2ddd9014000030002,1,1,124,-50,1654780880676468,1654780880676468,
300833b2ddd9014000030002,1,1,120,-50,1654780880682893,1654780880682893,
300833b2ddd9014000030001,1,1,1220,-48,1654780880684356,1654780880684356,
300833b2ddd9014000030008,1,1,3004,-45,1654780880689297,1654780880689297,
300833b2ddd9014000030009,1,1,2392,-45,1654780880690411,1654780880690411,
300833b2ddd9014000030002,1,1,136,-51,1654780880720918,1654780880720918,
300833b2ddd9014000030001,1,1,1244,-47,1654780880722134,1654780880722134,
300833b2ddd9014000030009,1,1,2376,-45,1654780880723484,1654780880723484,
300833b2ddd9014000030002,1,1,124,-51,1654780880730197,1654780880730197,
300833b2ddd9014000030008,1,1,2984,-46,1654780880731266,1654780880731266,
300833b2ddd9014000030001,1,1,1244,-48,1654780880732371,1654780880732371,
300833b2ddd9014000030009,1,1,2388,-45,1654780880733426,1654780880733426,
300833b2ddd9014000030008,1,1,3000,-46,1654780880765635,1654780880765635,
300833b2ddd9014000030001,1,1,1264,-48,1654780880767164,1654780880767164,
300833b2ddd9014000030009,1,1,2368,-45,1654780880769013,1654780880769013,
300833b2ddd9014000030008,1,1,2988,-46,1654780880773198,1654780880773198,
300833b2ddd9014000030009,1,1,2360,-45,1654780880775148,1654780880775148,
300833b2ddd9014000030002,1,1,124,-51,1654780880776472,1654780880776472,
300833b2ddd9014000030001,1,1,1256,-48,1654780880778185,1654780880778185,
300833b2ddd9014000030009,1,1,2392,-45,1654780880815287,1654780880815287,
300833b2ddd9014000030008,1,1,3032,-46,1654780880816428,1654780880816428,
300833b2ddd9014000030001,1,1,1288,-49,1654780880817870,1654780880817870,
300833b2ddd9014000030002,1,1,156,-51,1654780880819340,1654780880819340,
300833b2ddd9014000030001,1,1,1284,-49,1654780880823190,1654780880823190,
300833b2ddd9014000030009,1,1,2408,-45,1654780880824545,1654780880824545,
300833b2ddd9014000030008,1,1,3064,-46,1654780880825855,1654780880825855,
300833b2ddd9014000030002,1,1,160,-51,1654780880826967,1654780880826967,
300833b2ddd9014000030001,1,1,1244,-49,1654780880860093,1654780880860093,
300833b2ddd9014000030002,1,1,180,-51,1654780880861205,1654780880861205,
300833b2ddd9014000030009,1,1,2412,-45,1654780880862573,1654780880862573,
300833b2ddd9014000030008,1,1,3076,-45,1654780880863910,1654780880863910,
300833b2ddd9014000030001,1,1,1236,-49,1654780880871433,1654780880871433,
300833b2ddd9014000030008,1,1,3084,-45,1654780880872788,1654780880872788,
300833b2ddd9014000030009,1,1,2400,-45,1654780880873874,1654780880873874,
300833b2ddd9014000030002,1,1,184,-50,1654780880874958,1654780880874958,
300833b2ddd9014000030008,1,1,3100,-45,1654780880914823,1654780880914823,
300833b2ddd9014000030009,1,1,2388,-45,1654780880916464,1654780880916464,
300833b2ddd9014000030001,1,1,1144,-49,1654780880918003,1654780880918003,
300833b2ddd9014000030002,1,1,156,-50,1654780880920521,1654780880920521,
300833b2ddd9014000030002,1,1,128,-50,1654780880924330,1654780880924330,
300833b2ddd9014000030001,1,1,1160,-49,1654780880925346,1654780880925346,
300833b2ddd9014000030008,1,1,3092,-45,1654780880926443,1654780880926443,
300833b2ddd9014000030009,1,1,2376,-46,1654780880927472,1654780880927472,
300833b2ddd9014000030001,1,1,1136,-48,1654780880957800,1654780880957800,
300833b2ddd9014000030002,1,1,112,-51,1654780880958926,1654780880958926,
300833b2ddd9014000030008,1,1,3052,-46,1654780880960252,1654780880960252,
300833b2ddd9014000030009,1,1,2348,-46,1654780880961580,1654780880961580,
300833b2ddd9014000030009,1,1,2328,-46,1654780880967473,1654780880967473,
300833b2ddd9014000030008,1,1,3044,-46,1654780880968796,1654780880968796,
300833b2ddd9014000030001,1,1,1152,-47,1654780880969899,1654780880969899,
300833b2ddd9014000030002,1,1,96,-51,1654780880971309,1654780880971309,
300833b2ddd9014000030001,1,1,1212,-47,1654780881007298,1654780881007298,
300833b2ddd9014000030008,1,1,3024,-46,1654780881008378,1654780881008378,
300833b2ddd9014000030009,1,1,2300,-46,1654780881009465,1654780881009465,
300833b2ddd9014000030002,1,1,48,-51,1654780881011387,1654780881011387,
300833b2ddd9014000030008,1,1,3036,-46,1654780881016970,1654780881016970,
300833b2ddd9014000030001,1,1,1248,-47,1654780881018684,1654780881018684,
300833b2ddd9014000030009,1,1,2276,-46,1654780881020418,1654780881020418,
300833b2ddd9014000030002,1,1,28,-51,1654780881022127,1654780881022127,
300833b2ddd9014000030008,1,1,3048,-46,1654780881052965,1654780881052965,
300833b2ddd9014000030002,1,1,52,-51,1654780881054149,1654780881054149,
300833b2ddd9014000030001,1,1,1272,-48,1654780881055236,1654780881055236,
300833b2ddd9014000030009,1,1,2276,-46,1654780881056336,1654780881056336,
300833b2ddd9014000030008,1,1,3044,-46,1654780881059996,1654780881059996,
300833b2ddd9014000030002,1,1,68,-51,1654780881061108,1654780881061108,
300833b2ddd9014000030009,1,1,2268,-46,1654780881063129,1654780881063129,
300833b2ddd9014000030001,1,1,1296,-48,1654780881064557,1654780881064557,
300833b2ddd9014000030001,1,1,1228,-49,1654780881101645,1654780881101645,
300833b2ddd9014000030009,1,1,2264,-46,1654780881103012,1654780881103012,
300833b2ddd9014000030008,1,1,3112,-46,1654780881104124,1654780881104124,
300833b2ddd9014000030002,1,1,112,-50,1654780881105747,1654780881105747,
300833b2ddd9014000030009,1,1,2276,-45,1654780881110263,1654780881110263,
300833b2ddd9014000030001,1,1,1240,-49,1654780881112175,1654780881112175,
300833b2ddd9014000030008,1,1,3156,-46,1654780881113755,1654780881113755,
300833b2ddd9014000030002,1,1,108,-50,1654780881114953,1654780881114953,
300833b2ddd9014000030008,1,1,3164,-46,1654780881144934,1654780881144934,
300833b2ddd9014000030009,1,1,2296,-45,1654780881146005,1654780881146005,
300833b2ddd9014000030002,1,1,124,-50,1654780881147104,1654780881147104,
300833b2ddd9014000030001,1,1,1132,-48,1654780881150559,1654780881150559,
300833b2ddd9014000030009,1,1,2272,-45,1654780881154461,1654780881154461,
300833b2ddd9014000030008,1,1,3156,-46,1654780881155813,1654780881155813,
300833b2ddd9014000030002,1,1,188,-50,1654780881156912,1654780881156912,
300833b2ddd9014000030001,1,1,1120,-48,1654780881158170,1654780881158170,
300833b2ddd9014000030002,1,1,196,-50,1654780881192509,1654780881192509,
300833b2ddd9014000030009,1,1,2304,-45,1654780881193819,1654780881193819,
300833b2ddd9014000030001,1,1,1048,-49,1654780881194951,1654780881194951,
300833b2ddd9014000030008,1,1,3128,-47,1654780881196315,1654780881196315,
300833b2ddd9014000030001,1,1,1092,-49,1654780881228155,1654780881228155,
300833b2ddd9014000030008,1,1,3116,-46,1654780881229228,1654780881229228,
300833b2ddd9014000030002,1,1,188,-51,1654780881230321,1654780881230321,
300833b2ddd9014000030009,1,1,2320,-45,1654780881231678,1654780881231678,
300833b2ddd9014000030008,1,1,3140,-46,1654780881236157,1654780881236157,
300833b2ddd9014000030002,1,1,192,-50,1654780881238035,1654780881238035,
300833b2ddd9014000030001,1,1,1080,-49,1654780881239079,1654780881239079,
300833b2ddd9014000030009,1,1,2320,-45,1654780881240134,1654780881240134,
300833b2ddd9014000030008,1,1,3132,-45,1654780881270913,1654780881270913,
300833b2ddd9014000030001,1,1,1108,-49,1654780881272610,1654780881272610,
300833b2ddd9014000030002,1,1,204,-50,1654780881274713,1654780881274713,
300833b2ddd9014000030008,1,1,3128,-46,1654780881279994,1654780881279994,
300833b2ddd9014000030002,1,1,196,-50,1654780881281022,1654780881281022,
300833b2ddd9014000030001,1,1,1088,-49,1654780881282040,1654780881282040,
300833b2ddd9014000030009,1,1,2332,-45,1654780881283620,1654780881283620,
300833b2ddd9014000030001,1,1,1136,-49,1654780881315877,1654780881315877,
300833b2ddd9014000030009,1,1,2328,-45,1654780881317319,1654780881317319,
300833b2ddd9014000030008,1,1,3148,-44,1654780881318706,1654780881318706,
300833b2ddd9014000030002,1,1,240,-49,1654780881319760,1654780881319760,
300833b2ddd9014000030009,1,1,2356,-44,1654780881323363,1654780881323363,
300833b2ddd9014000030008,1,1,3152,-45,1654780881324459,1654780881324459,
300833b2ddd9014000030001,1,1,1136,-49,1654780881327386,1654780881327386,
300833b2ddd9014000030002,1,1,232,-49,1654780881328512,1654780881328512,
300833b2ddd9014000030009,1,1,2336,-44,1654780881359150,1654780881359150,
300833b2ddd9014000030002,1,1,252,-49,1654780881360859,1654780881360859,
300833b2ddd9014000030008,1,1,3172,-45,1654780881363379,1654780881363379,
300833b2ddd9014000030001,1,1,1120,-49,1654780881365119,1654780881365119,
300833b2ddd9014000030009,1,1,2348,-45,1654780881369115,1654780881369115,
300833b2ddd9014000030002,1,1,276,-50,1654780881370654,1654780881370654,
300833b2ddd9014000030008,1,1,3180,-45,1654780881371748,1654780881371748,
300833b2ddd9014000030001,1,1,1148,-49,1654780881374198,1654780881374198,
300833b2ddd9014000030009,1,1,2368,-44,1654780881406264,1654780881406264,
300833b2ddd9014000030002,1,1,272,-49,1654780881407484,1654780881407484,
300833b2ddd9014000030008,1,1,3212,-44,1654780881408570,1654780881408570,
300833b2ddd9014000030001,1,1,1172,-48,1654780881409632,1654780881409632,
300833b2ddd9014000030002,1,1,284,-49,1654780881413639,1654780881413639,
300833b2ddd9014000030008,1,1,3192,-44,1654780881415333,1654780881415333,
300833b2ddd9014000030009,1,1,2384,-44,1654780881416914,1654780881416914,
300833b2ddd9014000030001,1,1,1172,-48,1654780881418099,1654780881418099,
300833b2ddd9014000030008,1,1,3232,-44,1654780881454372,1654780881454372,
300833b2ddd9014000030009,1,1,2372,-44,1654780881456338,1654780881456338,
300833b2ddd9014000030002,1,1,316,-49,1654780881457392,1654780881457392,
300833b2ddd9014000030001,1,1,1184,-48,1654780881459104,1654780881459104,
300833b2ddd9014000030001,1,1,1192,-48,1654780881463596,1654780881463596,
300833b2ddd9014000030002,1,1,292,-49,1654780881464668,1654780881464668,
300833b2ddd9014000030008,1,1,3244,-44,1654780881467259,1654780881467259,
300833b2ddd9014000030009,1,1,2396,-44,1654780881468372,1654780881468372,
300833b2ddd9014000030008,1,1,3232,-44,1654780881499137,1654780881499137,
300833b2ddd9014000030009,1,1,2368,-44,1654780881500834,1654780881500834,
300833b2ddd9014000030001,1,1,1180,-48,1654780881501965,1654780881501965,
300833b2ddd9014000030002,1,1,336,-50,1654780881503419,1654780881503419,
300833b2ddd9014000030008,1,1,3228,-44,1654780881507229,1654780881507229,
300833b2ddd9014000030002,1,1,332,-50,1654780881511342,1654780881511342,
300833b2ddd9014000030001,1,1,1192,-48,1654780881512386,1654780881512386,
300833b2ddd9014000030009,1,1,2396,-44,1654780881513969,1654780881513969,
300833b2ddd9014000030002,1,1,348,-50,1654780881549199,1654780881549199,
300833b2ddd9014000030009,1,1,2384,-44,1654780881550468,1654780881550468,
300833b2ddd9014000030008,1,1,3232,-44,1654780881552764,1654780881552764,
300833b2ddd9014000030001,1,1,1212,-48,1654780881553969,1654780881553969,
300833b2ddd9014000030008,1,1,3232,-44,1654780881557093,1654780881557093,
300833b2ddd9014000030009,1,1,2380,-44,1654780881558389,1654780881558389,
300833b2ddd9014000030002,1,1,340,-50,1654780881559474,1654780881559474,
300833b2ddd9014000030001,1,1,1204,-48,1654780881561056,1654780881561056,
300833b2ddd9014000030009,1,1,2396,-44,1654780881592772,1654780881592772,
300833b2ddd9014000030002,1,1,344,-50,1654780881593813,1654780881593813,
300833b2ddd9014000030008,1,1,3236,-44,1654780881594909,1654780881594909,
300833b2ddd9014000030001,1,1,1200,-48,1654780881596494,1654780881596494,
300833b2ddd9014000030009,1,1,2388,-44,1654780881600683,1654780881600683,
300833b2ddd9014000030008,1,1,3232,-44,1654780881601796,1654780881601796,
300833b2ddd9014000030002,1,1,344,-50,1654780881604727,1654780881604727,
300833b2ddd9014000030001,1,1,1200,-48,1654780881606054,1654780881606054,
300833b2ddd9014000030001,1,1,1188,-48,1654780881636355,1654780881636355,
300833b2ddd9014000030008,1,1,3224,-44,1654780881637425,1654780881637425,
300833b2ddd9014000030002,1,1,340,-50,1654780881638723,1654780881638723,
300833b2ddd9014000030009,1,1,2380,-44,1654780881640289,1654780881640289,
300833b2ddd9014000030008,1,1,3244,-44,1654780881648614,1654780881648614,
300833b2ddd9014000030001,1,1,1164,-48,1654780881650015,1654780881650015,
300833b2ddd9014000030009,1,1,2396,-44,1654780881652710,1654780881652710,
300833b2ddd9014000030002,1,1,348,-50,1654780881653811,1654780881653811,
300833b2ddd9014000030001,1,1,1180,-48,1654780881684400,1654780881684400,
300833b2ddd9014000030008,1,1,3232,-44,1654780881686590,1654780881686590,
300833b2ddd9014000030002,1,1,360,-50,1654780881688570,1654780881688570,
300833b2ddd9014000030009,1,1,2364,-44,1654780881691581,1654780881691581,
300833b2ddd9014000030001,1,1,1204,-48,1654780881692653,1654780881692653,
300833b2ddd9014000030002,1,1,348,-50,1654780881694474,1654780881694474,
300833b2ddd9014000030008,1,1,3232,-44,1654780881695603,1654780881695603,
300833b2ddd9014000030002,1,1,324,-50,1654780881727189,1654780881727189,
300833b2ddd9014000030001,1,1,1196,-48,1654780881728901,1654780881728901,
300833b2ddd9014000030008,1,1,3232,-44,1654780881729984,1654780881729984,
300833b2ddd9014000030009,1,1,2368,-44,1654780881731082,1654780881731082,
300833b2ddd9014000030009,1,1,2408,-44,1654780881734993,1654780881734993,
300833b2ddd9014000030002,1,1,348,-50,1654780881736489,1654780881736489,
300833b2ddd9014000030001,1,1,1192,-48,1654780881737847,1654780881737847,
300833b2ddd9014000030008,1,1,3248,-44,1654780881738916,1654780881738916,
300833b2ddd9014000030001,1,1,1172,-48,1654780881771637,1654780881771637,
300833b2ddd9014000030008,1,1,3224,-44,1654780881772710,1654780881772710,
300833b2ddd9014000030009,1,1,2384,-44,1654780881774263,1654780881774263,
300833b2ddd9014000030009,1,1,2372,-44,1654780881778930,1654780881778930,
300833b2ddd9014000030008,1,1,3220,-44,1654780881780241,1654780881780241,
300833b2ddd9014000030001,1,1,1188,-48,1654780881781328,1654780881781328,
300833b2ddd9014000030002,1,1,408,-49,1654780881783687,1654780881783687,
300833b2ddd9014000030009,1,1,2368,-44,1654780881814473,1654780881814473,
300833b2ddd9014000030001,1,1,1172,-48,1654780881815786,1654780881815786,
300833b2ddd9014000030008,1,1,3240,-44,1654780881817333,1654780881817333,
300833b2ddd9014000030009,1,1,2388,-44,1654780881822289,1654780881822289,
300833b2ddd9014000030001,1,1,1212,-48,1654780881823406,1654780881823406,
300833b2ddd9014000030002,1,1,336,-50,1654780881824986,1654780881824986,
300833b2ddd9014000030008,1,1,3232,-44,1654780881826027,1654780881826027,
300833b2ddd9014000030001,1,1,1192,-48,1654780881857455,1654780881857455,
300833b2ddd9014000030009,1,1,2372,-44,1654780881859244,1654780881859244,
300833b2ddd9014000030008,1,1,3232,-44,1654780881861653,1654780881861653,
300833b2ddd9014000030002,1,1,352,-49,1654780881862893,1654780881862893,
300833b2ddd9014000030009,1,1,2384,-44,1654780881867032,1654780881867032,
300833b2ddd9014000030008,1,1,3224,-44,1654780881868328,1654780881868328,
300833b2ddd9014000030002,1,1,332,-49,1654780881869398,1654780881869398,
300833b2ddd9014000030001,1,1,1172,-48,1654780881870454,1654780881870454,
300833b2ddd9014000030008,1,1,3228,-44,1654780881903487,1654780881903487,
300833b2ddd9014000030002,1,1,312,-50,1654780881904573,1654780881904573,
300833b2ddd9014000030009,1,1,2384,-44,1654780881905897,1654780881905897,
300833b2ddd9014000030001,1,1,1172,-48,1654780881908636,1654780881908636,
300833b2ddd9014000030002,1,1,332,-49,1654780881913350,1654780881913350,
300833b2ddd9014000030001,1,1,1168,-48,1654780881914734,1654780881914734,
300833b2ddd9014000030009,1,1,2388,-44,1654780881916528,1654780881916528,
300833b2ddd9014000030008,1,1,3216,-44,1654780881917653,1654780881917653,
300833b2ddd9014000030008,1,1,3232,-44,1654780881950288,1654780881950288,
300833b2ddd9014000030001,1,1,1160,-48,1654780881951803,1654780881951803,
300833b2ddd9014000030009,1,1,2372,-44,1654780881952844,1654780881952844,
300833b2ddd9014000030002,1,1,340,-50,1654780881955029,1654780881955029,
300833b2ddd9014000030009,1,1,2360,-44,1654780881958776,1654780881958776,
300833b2ddd9014000030001,1,1,1176,-48,1654780881959806,1654780881959806,
300833b2ddd9014000030008,1,1,3228,-44,1654780881961401,1654780881961401,
300833b2ddd9014000030002,1,1,324,-50,1654780881962769,1654780881962769,
300833b2ddd9014000030008,1,1,3232,-44,1654780881994164,1654780881994164,
300833b2ddd9014000030009,1,1,2380,-44,1654780881995277,1654780881995277,
300833b2ddd9014000030002,1,1,324,-49,1654780881996333,1654780881996333,
300833b2ddd9014000030001,1,1,1164,-48,1654780881997421,1654780881997421,
300833b2ddd9014000030001,1,1,1188,-48,1654780882002922,1654780882002922,
300833b2ddd9014000030009,1,1,2372,-44,1654780882004822,1654780882004822,
300833b2ddd9014000030008,1,1,3240,-44,1654780882005861,1654780882005861,
300833b2ddd9014000030002,1,1,320,-49,1654780882006931,1654780882006931,
300833b2ddd9014000030001,1,1,1196,-48,1654780882038147,1654780882038147,
300833b2ddd9014000030008,1,1,3252,-44,1654780882040236,1654780882040236,
300833b2ddd9014000030009,1,1,2376,-44,1654780882041339,1654780882041339,
300833b2ddd9014000030002,1,1,320,-49,1654780882042567,1654780882042567,
300833b2ddd9014000030009,1,1,2380,-44,1654780882047515,1654780882047515,
300833b2ddd9014000030008,1,1,3236,-44,1654780882049045,1654780882049045,
300833b2ddd9014000030001,1,1,1160,-48,1654780882050247,1654780882050247,
300833b2ddd9014000030002,1,1,340,-50,1654780882051359,1654780882051359,
300833b2ddd9014000030009,1,1,2364,-44,1654780882081285,1654780882081285,
300833b2ddd9014000030002,1,1,332,-49,1654780882082310,1654780882082310,
300833b2ddd9014000030008,1,1,3240,-44,1654780882083662,1654780882083662,
300833b2ddd9014000030001,1,1,1184,-48,1654780882085033,1654780882085033,
300833b2ddd9014000030002,1,1,312,-50,1654780882091358,1654780882091358,
300833b2ddd9014000030008,1,1,3232,-44,1654780882092426,1654780882092426,
300833b2ddd9014000030009,1,1,2380,-44,1654780882094234,1654780882094234,
300833b2ddd9014000030001,1,1,1180,-48,1654780882095435,1654780882095435,
300833b2ddd9014000030001,1,1,1184,-48,1654780882127006,1654780882127006,
300833b2ddd9014000030009,1,1,2396,-44,1654780882128497,1654780882128497,
300833b2ddd9014000030008,1,1,3244,-44,1654780882129834,1654780882129834,
300833b2ddd9014000030002,1,1,328,-50,1654780882130892,1654780882130892,
300833b2ddd9014000030009,1,1,2364,-44,1654780882136247,1654780882136247,
300833b2ddd9014000030008,1,1,3252,-44,1654780882137543,1654780882137543,
300833b2ddd9014000030001,1,1,1172,-48,1654780882139339,1654780882139339,
300833b2ddd9014000030002,1,1,316,-49,1654780882140779,1654780882140779,
300833b2ddd9014000030002,1,1,316,-49,1654780882172339,1654780882172339,
300833b2ddd9014000030001,1,1,1192,-48,1654780882173398,1654780882173398,
300833b2ddd9014000030009,1,1,2376,-44,1654780882174710,1654780882174710,
300833b2ddd9014000030008,1,1,3240,-44,1654780882176018,1654780882176018,
300833b2ddd9014000030009,1,1,2368,-44,1654780882181374,1654780882181374,
300833b2ddd9014000030008,1,1,3240,-44,1654780882182428,1654780882182428,
300833b2ddd9014000030002,1,1,332,-49,1654780882183752,1654780882183752,
300833b2ddd9014000030001,1,1,1184,-48,1654780882185180,1654780882185180,
300833b2ddd9014000030002,1,1,304,-49,1654780882215136,1654780882215136,
300833b2ddd9014000030008,1,1,3232,-44,1654780882216802,1654780882216802,
300833b2ddd9014000030009,1,1,2388,-44,1654780882217900,1654780882217900,
300833b2ddd9014000030001,1,1,1232,-48,1654780882219890,1654780882219890,
300833b2ddd9014000030008,1,1,3236,-44,1654780882223411,1654780882223411,
300833b2ddd9014000030009,1,1,2384,-44,1654780882224611,1654780882224611,
300833b2ddd9014000030002,1,1,316,-49,1654780882225665,1654780882225665,
300833b2ddd9014000030001,1,1,1168,-48,1654780882227563,1654780882227563,
300833b2ddd9014000030008,1,1,3236,-44,1654780882257706,1654780882257706,
300833b2ddd9014000030001,1,1,1176,-48,1654780882258791,1654780882258791,
300833b2ddd9014000030002,1,1,320,-49,1654780882260156,1654780882260156,
300833b2ddd9014000030009,1,1,2372,-44,1654780882261256,1654780882261256,
300833b2ddd9014000030008,1,1,3268,-44,1654780882268374,1654780882268374,
300833b2ddd9014000030009,1,1,2384,-44,1654780882269630,1654780882269630,
300833b2ddd9014000030002,1,1,312,-49,1654780882270742,1654780882270742,
300833b2ddd9014000030001,1,1,1168,-48,1654780882272713,1654780882272713,
300833b2ddd9014000030009,1,1,2372,-44,1654780882303558,1654780882303558,
300833b2ddd9014000030001,1,1,1188,-48,1654780882304661,1654780882304661,
300833b2ddd9014000030008,1,1,3256,-44,1654780882305745,1654780882305745,
300833b2ddd9014000030002,1,1,324,-49,1654780882307468,1654780882307468,
300833b2ddd9014000030001,1,1,1192,-48,1654780882310947,1654780882310947,
300833b2ddd9014000030009,1,1,2368,-44,1654780882312218,1654780882312218,
300833b2ddd9014000030002,1,1,328,-49,1654780882314156,1654780882314156,
300833b2ddd9014000030008,1,1,3248,-44,1654780882315270,1654780882315270,
300833b2ddd9014000030009,1,1,2368,-44,1654780882351508,1654780882351508,
300833b2ddd9014000030008,1,1,3248,-44,1654780882352633,1654780882352633,
300833b2ddd9014000030001,1,1,1188,-48,1654780882354683,1654780882354683,
300833b2ddd9014000030002,1,1,324,-49,1654780882355882,1654780882355882,
300833b2ddd9014000030008,1,1,3240,-44,1654780882360287,1654780882360287,
300833b2ddd9014000030009,1,1,2364,-44,1654780882361998,1654780882361998,
300833b2ddd9014000030001,1,1,1200,-48,1654780882363609,1654780882363609,
300833b2ddd9014000030002,1,1,328,-49,1654780882364850,1654780882364850,
300833b2ddd9014000030008,1,1,3236,-44,1654780882396026,1654780882396026,
300833b2ddd9014000030009,1,1,2376,-44,1654780882397099,1654780882397099,
300833b2ddd9014000030002,1,1,336,-50,1654780882398195,1654780882398195,
300833b2ddd9014000030001,1,1,1200,-48,1654780882400034,1654780882400034,
300833b2ddd9014000030009,1,1,2388,-44,1654780882411168,1654780882411168,
300833b2ddd9014000030001,1,1,1180,-48,1654780882413124,1654780882413124,
300833b2ddd9014000030008,1,1,3248,-44,1654780882414462,1654780882414462,
300833b2ddd9014000030002,1,1,340,-50,1654780882416173,1654780882416173,
300833b2ddd9014000030009,1,1,2396,-44,1654780882448598,1654780882448598,
300833b2ddd9014000030008,1,1,3236,-44,1654780882450006,1654780882450006,
300833b2ddd9014000030002,1,1,336,-49,1654780882451034,1654780882451034,
300833b2ddd9014000030001,1,1,1192,-48,1654780882452149,1654780882452149,
300833b2ddd9014000030002,1,1,340,-50,1654780882456884,1654780882456884,
300833b2ddd9014000030001,1,1,1196,-48,1654780882458141,1654780882458141,
300833b2ddd9014000030009,1,1,2392,-44,1654780882459665,1654780882459665,
300833b2ddd9014000030008,1,1,3240,-44,1654780882460677,1654780882460677,
300833b2ddd9014000030008,1,1,3232,-44,1654780882492099,1654780882492099,
300833b2ddd9014000030001,1,1,1196,-48,1654780882493455,1654780882493455,
300833b2ddd9014000030009,1,1,2396,-44,1654780882495328,1654780882495328,
300833b2ddd9014000030002,1,1,332,-49,1654780882497635,1654780882497635,
300833b2ddd9014000030002,1,1,348,-50,1654780882500635,1654780882500635,
300833b2ddd9014000030008,1,1,3224,-44,1654780882501946,1654780882501946,
300833b2ddd9014000030001,1,1,1188,-48,1654780882503766,1654780882503766,
300833b2ddd9014000030009,1,1,2384,-44,1654780882504894,1654780882504894,
300833b2ddd9014000030008,1,1,3232,-44,1654780882536215,1654780882536215,
300833b2ddd9014000030009,1,1,2384,-44,1654780882537584,1654780882537584,
300833b2ddd9014000030002,1,1,320,-50,1654780882539733,1654780882539733,
300833b2ddd9014000030001,1,1,1204,-48,1654780882540819,1654780882540819,
300833b2ddd9014000030009,1,1,2384,-44,1654780882545785,1654780882545785,
300833b2ddd9014000030001,1,1,1176,-48,1654780882546902,1654780882546902,
300833b2ddd9014000030008,1,1,3240,-44,1654780882547942,1654780882547942,
300833b2ddd9014000030002,1,1,328,-49,1654780882551066,1654780882551066,
300833b2ddd9014000030008,1,1,3236,-44,1654780882582175,1654780882582175,
300833b2ddd9014000030002,1,1,312,-49,1654780882583630,1654780882583630,
300833b2ddd9014000030001,1,1,1192,-48,1654780882584761,1654780882584761,
300833b2ddd9014000030009,1,1,2376,-44,1654780882585817,1654780882585817,
300833b2ddd9014000030009,1,1,2392,-44,1654780882589581,1654780882589581,
300833b2ddd9014000030008,1,1,3236,-44,1654780882590933,1654780882590933,
300833b2ddd9014000030002,1,1,324,-49,1654780882592471,1654780882592471,
300833b2ddd9014000030001,1,1,1180,-48,1654780882595008,1654780882595008,
300833b2ddd9014000030008,1,1,3256,-44,1654780882627975,1654780882627975,
300833b2ddd9014000030009,1,1,2408,-44,1654780882629042,1654780882629042,
300833b2ddd9014000030002,1,1,340,-50,1654780882630355,1654780882630355,
300833b2ddd9014000030001,1,1,1204,-48,1654780882631697,1654780882631697,
300833b2ddd9014000030002,1,1,336,-49,1654780882637827,1654780882637827,
300833b2ddd9014000030008,1,1,3236,-44,1654780882639760,1654780882639760,
300833b2ddd9014000030009,1,1,2376,-44,1654780882641102,1654780882641102,
300833b2ddd9014000030001,1,1,1192,-48,1654780882642615,1654780882642615,
300833b2ddd9014000030009,1,1,2376,-44,1654780882672413,1654780882672413,
300833b2ddd9014000030008,1,1,3240,-44,1654780882673510,1654780882673510,
300833b2ddd9014000030001,1,1,1176,-48,1654780882674642,1654780882674642,
300833b2ddd9014000030002,1,1,336,-49,1654780882677632,1654780882677632,
300833b2ddd9014000030002,1,1,340,-50,1654780882686977,1654780882686977,
300833b2ddd9014000030009,1,1,2384,-44,1654780882688075,1654780882688075,
300833b2ddd9014000030001,1,1,1188,-47,1654780882689389,1654780882689389,
300833b2ddd9014000030008,1,1,3236,-44,1654780882690685,1654780882690685,
300833b2ddd9014000030001,1,1,1176,-48,1654780882721955,1654780882721955,
300833b2ddd9014000030002,1,1,344,-50,1654780882723053,1654780882723053,
300833b2ddd9014000030008,1,1,3232,-44,1654780882724398,1654780882724398,
300833b2ddd9014000030009,1,1,2388,-44,1654780882725468,1654780882725468,
300833b2ddd9014000030008,1,1,3240,-44,1654780882730642,1654780882730642,
300833b2ddd9014000030009,1,1,2380,-44,1654780882732409,1654780882732409,
300833b2ddd9014000030002,1,1,356,-50,1654780882733961,1654780882733961,
300833b2ddd9014000030001,1,1,1172,-48,1654780882735418,1654780882735418,
300833b2ddd9014000030009,1,1,2372,-44,1654780882766600,1654780882766600,
300833b2ddd9014000030001,1,1,1192,-48,1654780882767943,1654780882767943,
300833b2ddd9014000030008,1,1,3244,-44,1654780882769294,1654780882769294,
300833b2ddd9014000030002,1,1,360,-50,1654780882771246,1654780882771246,
300833b2ddd9014000030009,1,1,2360,-44,1654780882775368,1654780882775368,
300833b2ddd9014000030001,1,1,1196,-48,1654780882776724,1654780882776724,
300833b2ddd9014000030008,1,1,3216,-44,1654780882777778,1654780882777778,
300833b2ddd9014000030002,1,1,368,-50,1654780882780151,1654780882780151,
300833b2ddd9014000030009,1,1,2376,-44,1654780882812977,1654780882812977,
300833b2ddd9014000030001,1,1,1164,-48,1654780882815322,1654780882815322,
300833b2ddd9014000030009,1,1,2376,-44,1654780882817970,1654780882817970,
300833b2ddd9014000030001,1,1,1164,-47,1654780882820094,1654780882820094,
300833b2ddd9014000030008,1,1,3228,-44,1654780882821176,1654780882821176,
300833b2ddd9014000030002,1,1,356,-50,1654780882822231,1654780882822231,
300833b2ddd9014000030008,1,1,3228,-45,1654780882852743,1654780882852743,
300833b2ddd9014000030009,1,1,2356,-44,1654780882854098,1654780882854098,
300833b2ddd9014000030001,1,1,1164,-47,1654780882855639,1654780882855639,
300833b2ddd9014000030002,1,1,372,-50,1654780882856679,1654780882856679,
300833b2ddd9014000030001,1,1,1168,-48,1654780882861470,1654780882861470,
300833b2ddd9014000030002,1,1,356,-50,1654780882863179,1654780882863179,
300833b2ddd9014000030009,1,1,2368,-44,1654780882864235,1654780882864235,
300833b2ddd9014000030008,1,1,3224,-44,1654780882865353,1654780882865353,
300833b2ddd9014000030008,1,1,3220,-45,1654780882895967,1654780882895967,
300833b2ddd9014000030009,1,1,2360,-44,1654780882897309,1654780882897309,
300833b2ddd9014000030002,1,1,360,-50,1654780882898391,1654780882898391,
300833b2ddd9014000030009,1,1,2364,-44,1654780882904488,1654780882904488,
300833b2ddd9014000030008,1,1,3212,-44,1654780882905614,1654780882905614,
300833b2ddd9014000030001,1,1,1168,-48,1654780882906686,1654780882906686,
300833b2ddd9014000030002,1,1,380,-50,1654780882908339,1654780882908339,
300833b2ddd9014000030009,1,1,2348,-44,1654780882938617,1654780882938617,
300833b2ddd9014000030002,1,1,360,-50,1654780882939715,1654780882939715,
300833b2ddd9014000030008,1,1,3216,-44,1654780882940829,1654780882940829,
300833b2ddd9014000030001,1,1,1180,-48,1654780882943632,1654780882943632,
300833b2ddd9014000030001,1,1,1176,-47,1654780882948097,1654780882948097,
300833b2ddd9014000030009,1,1,2360,-44,1654780882949423,1654780882949423,
300833b2ddd9014000030002,1,1,380,-50,1654780882950745,1654780882950745,
300833b2ddd9014000030008,1,1,3216,-44,1654780882952069,1654780882952069,
300833b2ddd9014000030009,1,1,2356,-44,1654780882984254,1654780882984254,
300833b2ddd9014000030002,1,1,352,-50,1654780882985955,1654780882985955,
300833b2ddd9014000030008,1,1,3220,-44,1654780882987392,1654780882987392,
300833b2ddd9014000030001,1,1,1160,-47,1654780882988438,1654780882988438,
300833b2ddd9014000030008,1,1,3204,-44,1654780882993114,1654780882993114,
300833b2ddd9014000030009,1,1,2364,-44,1654780882994240,1654780882994240,
300833b2ddd9014000030002,1,1,368,-50,1654780882995295,1654780882995295,
300833b2ddd9014000030001,1,1,1180,-48,1654780882996619,1654780882996619,
300833b2ddd9014000030008,1,1,3212,-44,1654780883028065,1654780883028065,