epc,atenda,atendanum,phase,RSS,timestamp,timestamp2,
300833b2ddd9014000030001,1,1,1068,-47,1654780833845239,1654780833845239,
300833b2ddd9014000030008,1,1,2980,-46,1654780833849152,1654780833849152,
300833b2ddd9014000030009,1,1,2364,-45,1654780833851134,1654780833851134,
300833b2ddd9014000030002,1,1,92,-50,1654780833852229,1654780833852229,
300833b2ddd9014000030001,1,1,1072,-47,1654780833853955,1654780833853955,
300833b2ddd9014000030001,1,1,1076,-47,1654780833884209,1654780833884209,
300833b2ddd9014000030009,1,1,2384,-45,1654780833886196,1654780833886196,
300833b2ddd9014000030008,1,1,3012,-46,1654780833887267,1654780833887267,
300833b2ddd9014000030002,1,1,84,-50,1654780833888707,1654780833888707,
300833b2ddd9014000030009,1,1,2396,-45,1654780833891892,1654780833891892,
300833b2ddd9014000030002,1,1,92,-50,1654780833893183,1654780833893183,
300833b2ddd9014000030001,1,1,1088,-48,1654780833894721,1654780833894721,
300833b2ddd9014000030008,1,1,2996,-46,1654780833895779,1654780833895779,
300833b2ddd9014000030008,1,1,3004,-46,1654780833927539,1654780833927539,
300833b2ddd9014000030009,1,1,2380,-44,1654780833928623,1654780833928623,
300833b2ddd9014000030001,1,1,1084,-47,1654780833929695,1654780833929695,
300833b2ddd9014000030002,1,1,92,-50,1654780833930749,1654780833930749,
300833b2ddd9014000030009,1,1,2372,-44,1654780833935483,1654780833935483,
300833b2ddd9014000030008,1,1,3012,-46,1654780833936580,1654780833936580,
300833b2ddd9014000030002,1,1,100,-50,1654780833937904,1654780833937904,
300833b2ddd9014000030001,1,1,1088,-47,1654780833941192,1654780833941192,
300833b2ddd9014000030008,1,1,3000,-46,1654780833970900,1654780833970900,
300833b2ddd9014000030009,1,1,2384,-45,1654780833972852,1654780833972852,
300833b2ddd9014000030002,1,1,96,-50,1654780833973876,1654780833973876,
300833b2ddd9014000030001,1,1,1088,-47,1654780833975605,1654780833975605,
300833b2ddd9014000030001,1,1,1080,-47,1654780833978863,1654780833978863,
300833b2ddd9014000030009,1,1,2380,-44,1654780833980517,1654780833980517,
300833b2ddd9014000030002,1,1,92,-50,1654780833981572,1654780833981572,
300833b2ddd9014000030008,1,1,3028,-46,1654780833982883,1654780833982883,
300833b2ddd9014000030001,1,1,1076,-47,1654780834013620,1654780834013620,
300833b2ddd9014000030009,1,1,2380,-44,1654780834015332,1654780834015332,
300833b2ddd9014000030008,1,1,3008,-46,1654780834016414,1654780834016414,
300833b2ddd9014000030002,1,1,56,-50,1654780834018110,1654780834018110,
300833b2ddd9014000030009,1,1,2376,-44,1654780834022097,1654780834022097,
300833b2ddd9014000030008,1,1,3028,-46,1654780834023209,1654780834023209,
300833b2ddd9014000030001,1,1,1072,-47,1654780834024282,1654780834024282,
300833b2ddd9014000030002,1,1,88,-50,1654780834025337,1654780834025337,
300833b2ddd9014000030009,1,1,2392,-45,1654780834056344,1654780834056344,
300833b2ddd9014000030008,1,1,2996,-46,1654780834057854,1654780834057854,
300833b2ddd9014000030001,1,1,1092,-47,1654780834059478,1654780834059478,
300833b2ddd9014000030002,1,1,68,-50,1654780834060920,1654780834060920,
300833b2ddd9014000030002,1,1,88,-50,1654780834064134,1654780834064134,
300833b2ddd9014000030008,1,1,3016,-46,1654780834066174,1654780834066174,
300833b2ddd9014000030009,1,1,2388,-45,1654780834067232,1654780834067232,
300833b2ddd9014000030001,1,1,1072,-47,1654780834068702,1654780834068702,
300833b2ddd9014000030008,1,1,3012,-46,1654780834098451,1654780834098451,
300833b2ddd9014000030009,1,1,2376,-45,1654780834100360,1654780834100360,
300833b2ddd9014000030001,1,1,1072,-48,1654780834101476,1654780834101476,
300833b2ddd9014000030002,1,1,68,-50,1654780834103200,1654780834103200,
300833b2ddd9014000030009,1,1,2376,-45,1654780834106987,1654780834106987,
300833b2ddd9014000030001,1,1,1072,-47,1654780834108657,1654780834108657,
300833b2ddd9014000030008,1,1,3032,-46,1654780834109726,1654780834109726,
300833b2ddd9014000030002,1,1,92,-49,1654780834111192,1654780834111192,
300833b2ddd9014000030008,1,1,3016,-46,1654780834141184,1654780834141184,
300833b2ddd9014000030001,1,1,1084,-47,1654780834143350,1654780834143350,
300833b2ddd9014000030009,1,1,2384,-45,1654780834144858,1654780834144858,
300833b2ddd9014000030002,1,1,84,-49,1654780834146354,1654780834146354,
300833b2ddd9014000030001,1,1,1072,-47,1654780834149112,1654780834149112,
300833b2ddd9014000030009,1,1,2400,-44,1654780834150709,1654780834150709,
300833b2ddd9014000030002,1,1,84,-49,1654780834152047,1654780834152047,
300833b2ddd9014000030008,1,1,3028,-46,1654780834153174,1654780834153174,
300833b2ddd9014000030002,1,1,76,-49,1654780834185155,1654780834185155,
300833b2ddd9014000030009,1,1,2376,-45,1654780834186641,1654780834186641,
300833b2ddd9014000030008,1,1,3016,-46,1654780834188571,1654780834188571,
300833b2ddd9014000030001,1,1,1088,-47,1654780834189700,1654780834189700,
300833b2ddd9014000030009,1,1,2372,-45,1654780834196238,1654780834196238,
300833b2ddd9014000030008,1,1,3016,-46,1654780834197278,1654780834197278,
300833b2ddd9014000030001,1,1,1080,-47,1654780834198353,1654780834198353,
300833b2ddd9014000030002,1,1,84,-50,1654780834200288,1654780834200288,
300833b2ddd9014000030002,1,1,88,-50,1654780834231355,1654780834231355,
300833b2ddd9014000030008,1,1,3020,-46,1654780834232934,1654780834232934,
300833b2ddd9014000030001,1,1,1088,-47,1654780834233994,1654780834233994,
300833b2ddd9014000030009,1,1,2376,-45,1654780834235319,1654780834235319,
300833b2ddd9014000030008,1,1,3004,-46,1654780834241173,1654780834241173,
300833b2ddd9014000030009,1,1,2384,-45,1654780834242273,1654780834242273,
300833b2ddd9014000030001,1,1,1064,-47,1654780834243360,1654780834243360,
300833b2ddd9014000030002,1,1,56,-49,1654780834244799,1654780834244799,
300833b2ddd9014000030008,1,1,3024,-46,1654780834274787,1654780834274787,
300833b2ddd9014000030002,1,1,68,-49,1654780834275873,1654780834275873,
300833b2ddd9014000030001,1,1,1068,-47,1654780834277740,1654780834277740,
300833b2ddd9014000030009,1,1,2372,-45,1654780834278825,1654780834278825,
300833b2ddd9014000030008,1,1,3024,-46,1654780834283290,1654780834283290,
300833b2ddd9014000030002,1,1,64,-49,1654780834284431,1654780834284431,
300833b2ddd9014000030009,1,1,2404,-44,1654780834285800,1654780834285800,
300833b2ddd9014000030001,1,1,1068,-47,1654780834287284,1654780834287284,
300833b2ddd9014000030001,1,1,1080,-48,1654780834318483,1654780834318483,
300833b2ddd9014000030008,1,1,3016,-46,1654780834319570,1654780834319570,
300833b2ddd9014000030009,1,1,2368,-45,1654780834321393,1654780834321393,
300833b2ddd9014000030002,1,1,64,-50,1654780834324195,1654780834324195,
300833b2ddd9014000030008,1,1,3024,-46,1654780834326947,1654780834326947,
300833b2ddd9014000030002,1,1,56,-49,1654780834328003,1654780834328003,
300833b2ddd9014000030001,1,1,1064,-47,1654780834329088,1654780834329088,
300833b2ddd9014000030009,1,1,2388,-45,1654780834330429,1654780834330429,
300833b2ddd9014000030009,1,1,2384,-45,1654780834362861,1654780834362861,
300833b2ddd9014000030001,1,1,1076,-48,1654780834364405,1654780834364405,
300833b2ddd9014000030008,1,1,3016,-46,1654780834365716,1654780834365716,
300833b2ddd9014000030002,1,1,68,-49,1654780834367126,1654780834367126,
300833b2ddd9014000030002,1,1,72,-49,1654780834370920,1654780834370920,
300833b2ddd9014000030008,1,1,3008,-46,1654780834373064,1654780834373064,
300833b2ddd9014000030009,1,1,2400,-45,1654780834374135,1654780834374135,
300833b2ddd9014000030001,1,1,1072,-47,1654780834375351,1654780834375351,
300833b2ddd9014000030001,1,1,1072,-48,1654780834405445,1654780834405445,
300833b2ddd9014000030008,1,1,3016,-46,1654780834406587,1654780834406587,
300833b2ddd9014000030009,1,1,2400,-45,1654780834408379,1654780834408379,
300833b2ddd9014000030002,1,1,68,-50,1654780834410329,1654780834410329,
300833b2ddd9014000030002,1,1,72,-49,1654780834413942,1654780834413942,
300833b2ddd9014000030009,1,1,2372,-45,1654780834415539,1654780834415539,
300833b2ddd9014000030001,1,1,1064,-47,1654780834417077,1654780834417077,
300833b2ddd9014000030008,1,1,3000,-46,1654780834419681,1654780834419681,
300833b2ddd9014000030008,1,1,3016,-46,1654780834450774,1654780834450774,
300833b2ddd9014000030009,1,1,2364,-45,1654780834452522,1654780834452522,
300833b2ddd9014000030001,1,1,1068,-47,1654780834453609,1654780834453609,
300833b2ddd9014000030002,1,1,64,-49,1654780834454807,1654780834454807,
300833b2ddd9014000030009,1,1,2372,-45,1654780834457619,1654780834457619,
300833b2ddd9014000030001,1,1,1068,-47,1654780834458691,1654780834458691,
300833b2ddd9014000030008,1,1,3016,-46,1654780834460707,1654780834460707,
300833b2ddd9014000030002,1,1,84,-49,1654780834461751,1654780834461751,
300833b2ddd9014000030008,1,1,3012,-46,1654780834492994,1654780834492994,
300833b2ddd9014000030009,1,1,2380,-45,1654780834494320,1654780834494320,
300833b2ddd9014000030001,1,1,1076,-47,1654780834496371,1654780834496371,
300833b2ddd9014000030002,1,1,72,-49,1654780834498076,1654780834498076,
300833b2ddd9014000030001,1,1,1072,-47,1654780834501709,1654780834501709,
300833b2ddd9014000030002,1,1,68,-50,1654780834502810,1654780834502810,
300833b2ddd9014000030009,1,1,2384,-45,1654780834504604,1654780834504604,
300833b2ddd9014000030008,1,1,3012,-46,1654780834505925,1654780834505925,
300833b2ddd9014000030002,1,1,72,-49,1654780834537133,1654780834537133,
300833b2ddd9014000030001,1,1,1076,-47,1654780834539326,1654780834539326,
300833b2ddd9014000030009,1,1,2368,-45,1654780834540454,1654780834540454,
300833b2ddd9014000030008,1,1,3012,-46,1654780834542259,1654780834542259,
300833b2ddd9014000030001,1,1,1068,-47,1654780834546532,1654780834546532,
300833b2ddd9014000030002,1,1,76,-50,1654780834547615,1654780834547615,
300833b2ddd9014000030008,1,1,3016,-46,1654780834549772,1654780834549772,
300833b2ddd9014000030009,1,1,2376,-44,1654780834551540,1654780834551540,
300833b2ddd9014000030002,1,1,72,-49,1654780834583260,1654780834583260,
300833b2ddd9014000030001,1,1,1056,-48,1654780834584362,1654780834584362,
300833b2ddd9014000030008,1,1,3032,-46,1654780834585432,1654780834585432,
300833b2ddd9014000030009,1,1,2392,-45,1654780834587009,1654780834587009,
300833b2ddd9014000030009,1,1,2368,-45,1654780834591703,1654780834591703,
300833b2ddd9014000030002,1,1,80,-49,1654780834592800,1654780834592800,
300833b2ddd9014000030008,1,1,3032,-46,1654780834594096,1654780834594096,
300833b2ddd9014000030001,1,1,1076,-47,1654780834595155,1654780834595155,
300833b2ddd9014000030008,1,1,3032,-46,1654780834626896,1654780834626896,
300833b2ddd9014000030002,1,1,76,-49,1654780834628619,1654780834628619,
300833b2ddd9014000030001,1,1,1060,-47,1654780834629720,1654780834629720,
300833b2ddd9014000030009,1,1,2384,-45,1654780834630777,1654780834630777,
300833b2ddd9014000030001,1,1,1052,-48,1654780834635295,1654780834635295,
300833b2ddd9014000030008,1,1,3020,-46,1654780834637726,1654780834637726,
300833b2ddd9014000030009,1,1,2392,-44,1654780834639490,1654780834639490,
300833b2ddd9014000030002,1,1,72,-49,1654780834640659,1654780834640659,
300833b2ddd9014000030002,1,1,88,-49,1654780834670856,1654780834670856,
300833b2ddd9014000030001,1,1,1064,-47,1654780834671914,1654780834671914,
300833b2ddd9014000030008,1,1,3052,-46,1654780834673254,1654780834673254,
300833b2ddd9014000030009,1,1,2364,-45,1654780834674594,1654780834674594,
300833b2ddd9014000030009,1,1,2384,-45,1654780834678852,1654780834678852,
300833b2ddd9014000030001,1,1,1056,-47,1654780834680733,1654780834680733,
300833b2ddd9014000030008,1,1,3020,-46,1654780834682315,1654780834682315,
300833b2ddd9014000030002,1,1,84,-49,1654780834683529,1654780834683529,
300833b2ddd9014000030002,1,1,72,-49,1654780834715717,1654780834715717,
300833b2ddd9014000030001,1,1,1072,-47,1654780834716859,1654780834716859,
300833b2ddd9014000030008,1,1,3016,-46,1654780834718000,1654780834718000,
300833b2ddd9014000030009,1,1,2384,-45,1654780834719100,1654780834719100,
300833b2ddd9014000030009,1,1,2368,-44,1654780834724600,1654780834724600,
300833b2ddd9014000030001,1,1,1060,-47,1654780834725671,1654780834725671,
300833b2ddd9014000030008,1,1,3028,-46,1654780834727221,1654780834727221,
300833b2ddd9014000030002,1,1,84,-50,1654780834729855,1654780834729855,
300833b2ddd9014000030009,1,1,2388,-45,1654780834760817,1654780834760817,
300833b2ddd9014000030002,1,1,96,-49,1654780834762314,1654780834762314,
300833b2ddd9014000030008,1,1,3028,-46,1654780834763412,1654780834763412,
300833b2ddd9014000030001,1,1,1056,-48,1654780834764542,1654780834764542,
300833b2ddd9014000030002,1,1,88,-49,1654780834768301,1654780834768301,
300833b2ddd9014000030009,1,1,2396,-44,1654780834769670,1654780834769670,
300833b2ddd9014000030008,1,1,3020,-46,1654780834772045,1654780834772045,
300833b2ddd9014000030001,1,1,1052,-48,1654780834773629,1654780834773629,
300833b2ddd9014000030002,1,1,64,-49,1654780834804752,1654780834804752,
300833b2ddd9014000030009,1,1,2404,-44,1654780834805835,1654780834805835,
300833b2ddd9014000030008,1,1,3020,-46,1654780834807171,1654780834807171,
300833b2ddd9014000030001,1,1,1052,-47,1654780834808261,1654780834808261,
300833b2ddd9014000030009,1,1,2388,-44,1654780834813305,1654780834813305,
300833b2ddd9014000030008,1,1,3020,-46,1654780834815903,1654780834815903,
300833b2ddd9014000030001,1,1,1040,-48,1654780834816963,1654780834816963,
300833b2ddd9014000030002,1,1,84,-50,1654780834818204,1654780834818204,
300833b2ddd9014000030002,1,1,72,-50,1654780834848544,1654780834848544,
300833b2ddd9014000030009,1,1,2388,-45,1654780834849601,1654780834849601,
300833b2ddd9014000030001,1,1,1060,-47,1654780834851397,1654780834851397,
300833b2ddd9014000030008,1,1,3040,-46,1654780834852734,1654780834852734,
300833b2ddd9014000030001,1,1,1056,-48,1654780834857101,1654780834857101,
300833b2ddd9014000030008,1,1,3036,-46,1654780834858498,1654780834858498,
300833b2ddd9014000030002,1,1,88,-49,1654780834859610,1654780834859610,
300833b2ddd9014000030009,1,1,2372,-44,1654780834861449,1654780834861449,
300833b2ddd9014000030002,1,1,64,-49,1654780834893427,1654780834893427,
300833b2ddd9014000030001,1,1,1060,-47,1654780834894542,1654780834894542,
300833b2ddd9014000030009,1,1,2372,-44,1654780834895656,1654780834895656,
300833b2ddd9014000030008,1,1,3032,-46,1654780834897250,1654780834897250,
300833b2ddd9014000030001,1,1,1052,-48,1654780834901825,1654780834901825,
300833b2ddd9014000030009,1,1,2376,-45,1654780834903195,1654780834903195,
300833b2ddd9014000030008,1,1,3060,-46,1654780834904520,1654780834904520,
300833b2ddd9014000030002,1,1,68,-49,1654780834905816,1654780834905816,
300833b2ddd9014000030008,1,1,3040,-46,1654780834938032,1654780834938032,
300833b2ddd9014000030002,1,1,80,-49,1654780834939970,1654780834939970,
300833b2ddd9014000030009,1,1,2392,-45,1654780834941041,1654780834941041,
300833b2ddd9014000030001,1,1,1044,-47,1654780834942099,1654780834942099,
300833b2ddd9014000030009,1,1,2368,-44,1654780834945902,1654780834945902,
300833b2ddd9014000030008,1,1,3036,-46,1654780834946955,1654780834946955,
300833b2ddd9014000030001,1,1,1036,-48,1654780834948070,1654780834948070,
300833b2ddd9014000030002,1,1,64,-49,1654780834949381,1654780834949381,
300833b2ddd9014000030002,1,1,72,-49,1654780834981030,1654780834981030,
300833b2ddd9014000030008,1,1,3032,-46,1654780834982084,1654780834982084,
300833b2ddd9014000030001,1,1,1016,-48,1654780834983613,1654780834983613,
300833b2ddd9014000030009,1,1,2360,-44,1654780834985179,1654780834985179,
300833b2ddd9014000030008,1,1,3036,-46,1654780834989639,1654780834989639,
300833b2ddd9014000030002,1,1,72,-49,1654780834990726,1654780834990726,
300833b2ddd9014000030009,1,1,2352,-45,1654780834992025,1654780834992025,
300833b2ddd9014000030001,1,1,1060,-48,1654780834993112,1654780834993112,
300833b2ddd9014000030001,1,1,1032,-48,1654780835024876,1654780835024876,
300833b2ddd9014000030008,1,1,3020,-46,1654780835027095,1654780835027095,
300833b2ddd9014000030009,1,1,2376,-45,1654780835028193,1654780835028193,
300833b2ddd9014000030002,1,1,72,-49,1654780835029888,1654780835029888,
300833b2ddd9014000030009,1,1,2388,-45,1654780835032886,1654780835032886,
300833b2ddd9014000030008,1,1,3032,-46,1654780835034875,1654780835034875,
300833b2ddd9014000030001,1,1,1044,-48,1654780835035976,1654780835035976,
300833b2ddd9014000030002,1,1,64,-49,1654780835037402,1654780835037402,
300833b2ddd9014000030009,1,1,2360,-45,1654780835069626,1654780835069626,
300833b2ddd9014000030008,1,1,3036,-46,1654780835070752,1654780835070752,
300833b2ddd9014000030001,1,1,1044,-47,1654780835071823,1654780835071823,
300833b2ddd9014000030002,1,1,56,-49,1654780835073264,1654780835073264,
300833b2ddd9014000030009,1,1,2368,-45,1654780835076290,1654780835076290,
300833b2ddd9014000030001,1,1,1060,-48,1654780835077336,1654780835077336,
300833b2ddd9014000030008,1,1,3028,-46,1654780835078376,1654780835078376,
300833b2ddd9014000030002,1,1,56,-49,1654780835079702,1654780835079702,
300833b2ddd9014000030002,1,1,68,-49,1654780835111964,1654780835111964,
300833b2ddd9014000030008,1,1,3000,-46,1654780835113405,1654780835113405,
300833b2ddd9014000030001,1,1,1048,-48,1654780835114746,1654780835114746,
300833b2ddd9014000030009,1,1,2376,-45,1654780835115816,1654780835115816,
300833b2ddd9014000030001,1,1,1036,-48,1654780835119886,1654780835119886,
300833b2ddd9014000030008,1,1,3032,-46,1654780835121099,1654780835121099,
300833b2ddd9014000030009,1,1,2352,-45,1654780835122609,1654780835122609,
300833b2ddd9014000030002,1,1,52,-49,1654780835124033,1654780835124033,
300833b2ddd9014000030001,1,1,1028,-48,1654780835153741,1654780835153741,
300833b2ddd9014000030008,1,1,3032,-46,1654780835154853,1654780835154853,
300833b2ddd9014000030002,1,1,60,-49,1654780835156674,1654780835156674,
300833b2ddd9014000030009,1,1,2380,-45,1654780835157812,1654780835157812,
300833b2ddd9014000030002,1,1,52,-49,1654780835162974,1654780835162974,
300833b2ddd9014000030001,1,1,1052,-48,1654780835164286,1654780835164286,
300833b2ddd9014000030009,1,1,2368,-45,1654780835165824,1654780835165824,
300833b2ddd9014000030008,1,1,3016,-46,1654780835166878,1654780835166878,
300833b2ddd9014000030002,1,1,68,-49,1654780835199083,1654780835199083,
300833b2ddd9014000030001,1,1,1028,-48,1654780835201258,1654780835201258,
300833b2ddd9014000030008,1,1,3008,-46,1654780835202298,1654780835202298,
300833b2ddd9014000030009,1,1,2376,-45,1654780835203367,1654780835203367,
300833b2ddd9014000030001,1,1,1016,-48,1654780835208760,1654780835208760,
300833b2ddd9014000030008,1,1,2996,-46,1654780835210156,1654780835210156,
300833b2ddd9014000030009,1,1,2348,-45,1654780835212192,1654780835212192,
300833b2ddd9014000030002,1,1,68,-49,1654780835214311,1654780835214311,
300833b2ddd9014000030008,1,1,3020,-46,1654780835245656,1654780835245656,
300833b2ddd9014000030002,1,1,40,-49,1654780835246882,1654780835246882,
300833b2ddd9014000030009,1,1,2380,-45,1654780835248462,1654780835248462,
300833b2ddd9014000030001,1,1,1040,-48,1654780835249678,1654780835249678,
300833b2ddd9014000030001,1,1,1040,-48,1654780835252922,1654780835252922,
300833b2ddd9014000030008,1,1,3024,-46,1654780835253963,1654780835253963,
300833b2ddd9014000030009,1,1,2364,-45,1654780835255829,1654780835255829,
300833b2ddd9014000030002,1,1,68,-49,1654780835258135,1654780835258135,
300833b2ddd9014000030002,1,1,48,-49,1654780835288274,1654780835288274,
300833b2ddd9014000030008,1,1,3044,-46,1654780835289401,1654780835289401,
300833b2ddd9014000030001,1,1,1068,-48,1654780835292177,1654780835292177,
300833b2ddd9014000030008,1,1,3016,-46,1654780835297719,1654780835297719,
300833b2ddd9014000030009,1,1,2360,-45,1654780835301640,1654780835301640,
300833b2ddd9014000030001,1,1,1052,-47,1654780835303098,1654780835303098,
300833b2ddd9014000030002,1,1,40,-49,1654780835304338,1654780835304338,
300833b2ddd9014000030001,1,1,1044,-48,1654780835334237,1654780835334237,
300833b2ddd9014000030009,1,1,2364,-45,1654780835335578,1654780835335578,
300833b2ddd9014000030008,1,1,3020,-46,1654780835338151,1654780835338151,
300833b2ddd9014000030002,1,1,44,-49,1654780835339192,1654780835339192,
300833b2ddd9014000030002,1,1,64,-49,1654780835344523,1654780835344523,
300833b2ddd9014000030001,1,1,1056,-48,1654780835346102,1654780835346102,
300833b2ddd9014000030009,1,1,2360,-45,1654780835348008,1654780835348008,
300833b2ddd9014000030008,1,1,3024,-46,1654780835349218,1654780835349218,
300833b2ddd9014000030002,1,1,56,-49,1654780835379203,1654780835379203,
300833b2ddd9014000030009,1,1,2364,-45,1654780835380359,1654780835380359,
300833b2ddd9014000030008,1,1,3012,-46,1654780835382193,1654780835382193,
300833b2ddd9014000030001,1,1,1028,-48,1654780835383846,1654780835383846,
300833b2ddd9014000030008,1,1,3040,-46,1654780835388740,1654780835388740,
300833b2ddd9014000030009,1,1,2396,-45,1654780835389782,1654780835389782,
300833b2ddd9014000030002,1,1,52,-49,1654780835391817,1654780835391817,
300833b2ddd9014000030001,1,1,1012,-48,1654780835393231,1654780835393231,
300833b2ddd9014000030009,1,1,2364,-45,1654780835426066,1654780835426066,
300833b2ddd9014000030002,1,1,60,-49,1654780835427557,1654780835427557,
300833b2ddd9014000030001,1,1,1036,-48,1654780835428870,1654780835428870,
300833b2ddd9014000030008,1,1,3044,-46,1654780835429954,1654780835429954,
300833b2ddd9014000030002,1,1,80,-49,1654780835433580,1654780835433580,
300833b2ddd9014000030009,1,1,2392,-45,1654780835435299,1654780835435299,
300833b2ddd9014000030008,1,1,3032,-46,1654780835436410,1654780835436410,
300833b2ddd9014000030001,1,1,1032,-48,1654780835437711,1654780835437711,
300833b2ddd9014000030009,1,1,2416,-45,1654780835468451,1654780835468451,
300833b2ddd9014000030002,1,1,64,-49,1654780835469521,1654780835469521,
300833b2ddd9014000030008,1,1,3044,-46,1654780835471667,1654780835471667,
300833b2ddd9014000030001,1,1,1028,-48,1654780835473008,1654780835473008,
300833b2ddd9014000030002,1,1,76,-49,1654780835476908,1654780835476908,
300833b2ddd9014000030008,1,1,3048,-46,1654780835478588,1654780835478588,
300833b2ddd9014000030009,1,1,2380,-45,1654780835479732,1654780835479732,
300833b2ddd9014000030001,1,1,1032,-48,1654780835481017,1654780835481017,
300833b2ddd9014000030002,1,1,80,-49,1654780835511448,1654780835511448,
300833b2ddd9014000030009,1,1,2384,-45,1654780835513429,1654780835513429,
300833b2ddd9014000030001,1,1,1048,-48,1654780835515409,1654780835515409,
300833b2ddd9014000030008,1,1,3068,-46,1654780835516506,1654780835516506,
300833b2ddd9014000030009,1,1,2396,-45,1654780835519496,1654780835519496,
300833b2ddd9014000030002,1,1,84,-49,1654780835520577,1654780835520577,
300833b2ddd9014000030008,1,1,3056,-46,1654780835522142,1654780835522142,
300833b2ddd9014000030001,1,1,1020,-48,1654780835523473,1654780835523473,
300833b2ddd9014000030001,1,1,1064,-48,1654780835554742,1654780835554742,
300833b2ddd9014000030009,1,1,2412,-45,1654780835556086,1654780835556086,
300833b2ddd9014000030002,1,1,84,-50,1654780835557411,1654780835557411,
300833b2ddd9014000030008,1,1,3072,-46,1654780835558960,1654780835558960,
300833b2ddd9014000030008,1,1,3064,-46,1654780835564898,1654780835564898,
300833b2ddd9014000030001,1,1,1080,-48,1654780835565972,1654780835565972,
300833b2ddd9014000030009,1,1,2420,-45,1654780835567284,1654780835567284,
300833b2ddd9014000030002,1,1,92,-49,1654780835569264,1654780835569264,
300833b2ddd9014000030008,1,1,3056,-46,1654780835600346,1654780835600346,
300833b2ddd9014000030001,1,1,1096,-48,1654780835601887,1654780835601887,
300833b2ddd9014000030002,1,1,88,-49,1654780835602957,1654780835602957,
300833b2ddd9014000030009,1,1,2428,-45,1654780835604283,1654780835604283,
300833b2ddd9014000030001,1,1,1080,-49,1654780835608833,1654780835608833,
300833b2ddd9014000030009,1,1,2416,-45,1654780835609919,1654780835609919,
300833b2ddd9014000030008,1,1,3064,-46,1654780835611484,1654780835611484,
300833b2ddd9014000030002,1,1,100,-49,1654780835613049,1654780835613049,
300833b2ddd9014000030009,1,1,2440,-45,1654780835644169,1654780835644169,
300833b2ddd9014000030008,1,1,3060,-46,1654780835645264,1654780835645264,
300833b2ddd9014000030001,1,1,1128,-49,1654780835646310,1654780835646310,
300833b2ddd9014000030002,1,1,92,-50,1654780835648729,1654780835648729,
300833b2ddd9014000030001,1,1,1184,-48,1654780835653009,1654780835653009,
300833b2ddd9014000030008,1,1,3080,-46,1654780835654348,1654780835654348,
300833b2ddd9014000030009,1,1,2496,-45,1654780835656127,1654780835656127,
300833b2ddd9014000030002,1,1,136,-50,1654780835657340,1654780835657340,
300833b2ddd9014000030009,1,1,2464,-45,1654780835688759,1654780835688759,
300833b2ddd9014000030008,1,1,3044,-46,1654780835690680,1654780835690680,
300833b2ddd9014000030001,1,1,1176,-48,1654780835692390,1654780835692390,
300833b2ddd9014000030002,1,1,104,-50,1654780835693488,1654780835693488,
300833b2ddd9014000030008,1,1,3064,-45,1654780835696439,1654780835696439,
300833b2ddd9014000030009,1,1,2452,-44,1654780835698173,1654780835698173,
300833b2ddd9014000030001,1,1,1204,-48,1654780835699318,1654780835699318,
300833b2ddd9014000030002,1,1,108,-50,1654780835700387,1654780835700387,
300833b2ddd9014000030001,1,1,1212,-48,1654780835731564,1654780835731564,
300833b2ddd9014000030008,1,1,3032,-46,1654780835732634,1654780835732634,
300833b2ddd9014000030009,1,1,2420,-45,1654780835733748,1654780835733748,
300833b2ddd9014000030002,1,1,80,-50,1654780835735043,1654780835735043,
300833b2ddd9014000030008,1,1,3016,-46,1654780835747550,1654780835747550,
300833b2ddd9014000030009,1,1,2416,-45,1654780835748609,1654780835748609,
300833b2ddd9014000030001,1,1,1236,-48,1654780835749966,1654780835749966,
300833b2ddd9014000030002,1,1,100,-50,1654780835751192,1654780835751192,
300833b2ddd9014000030001,1,1,1256,-48,1654780835781220,1654780835781220,
300833b2ddd9014000030002,1,1,120,-51,1654780835782543,1654780835782543,
300833b2ddd9014000030009,1,1,2428,-45,1654780835783671,1654780835783671,
300833b2ddd9014000030008,1,1,3024,-46,1654780835785506,1654780835785506,
300833b2ddd9014000030001,1,1,1264,-48,1654780835790462,1654780835790462,
300833b2ddd9014000030009,1,1,2400,-45,1654780835792655,1654780835792655,
300833b2ddd9014000030008,1,1,3028,-46,1654780835794902,1654780835794902,
300833b2ddd9014000030002,1,1,84,-51,1654780835796185,1654780835796185,
300833b2ddd9014000030001,1,1,1272,-48,1654780835827507,1654780835827507,
300833b2ddd9014000030008,1,1,3044,-46,1654780835828959,1654780835828959,
300833b2ddd9014000030009,1,1,2396,-45,1654780835830653,1654780835830653,
300833b2ddd9014000030002,1,1,108,-51,1654780835832078,1654780835832078,
300833b2ddd9014000030001,1,1,1272,-49,1654780835835604,1654780835835604,
300833b2ddd9014000030002,1,1,124,-51,1654780835836787,1654780835836787,
300833b2ddd9014000030009,1,1,2404,-45,1654780835838734,1654780835838734,
300833b2ddd9014000030008,1,1,3052,-46,1654780835839829,1654780835839829,
300833b2ddd9014000030001,1,1,1304,-49,1654780835869505,1654780835869505,
300833b2ddd9014000030002,1,1,120,-51,1654780835870603,1654780835870603,
300833b2ddd9014000030008,1,1,3088,-46,1654780835872651,1654780835872651,
300833b2ddd9014000030009,1,1,2412,-45,1654780835873737,1654780835873737,
300833b2ddd9014000030001,1,1,1272,-49,1654780835877982,1654780835877982,
300833b2ddd9014000030009,1,1,2408,-45,1654780835880145,1654780835880145,
300833b2ddd9014000030002,1,1,144,-51,1654780835881228,1654780835881228,
300833b2ddd9014000030008,1,1,3088,-46,1654780835882255,1654780835882255,
300833b2ddd9014000030009,1,1,2412,-45,1654780835913092,1654780835913092,
300833b2ddd9014000030008,1,1,3112,-45,1654780835914174,1654780835914174,
300833b2ddd9014000030001,1,1,1256,-50,1654780835915516,1654780835915516,
300833b2ddd9014000030002,1,1,168,-50,1654780835916585,1654780835916585,
300833b2ddd9014000030001,1,1,1260,-50,1654780835922424,1654780835922424,
300833b2ddd9014000030002,1,1,176,-50,1654780835923506,1654780835923506,
300833b2ddd9014000030008,1,1,3112,-45,1654780835924589,1654780835924589,
300833b2ddd9014000030009,1,1,2428,-45,1654780835925775,1654780835925775,
300833b2ddd9014000030001,1,1,1188,-50,1654780835956254,1654780835956254,
300833b2ddd9014000030009,1,1,2412,-46,1654780835957983,1654780835957983,
300833b2ddd9014000030008,1,1,3124,-45,1654780835959308,1654780835959308,
300833b2ddd9014000030002,1,1,188,-50,1654780835961044,1654780835961044,
300833b2ddd9014000030009,1,1,2404,-46,1654780835964488,1654780835964488,
300833b2ddd9014000030002,1,1,164,-50,1654780835966883,1654780835966883,
300833b2ddd9014000030008,1,1,3116,-45,1654780835968379,1654780835968379,
300833b2ddd9014000030001,1,1,1168,-49,1654780835969495,1654780835969495,
300833b2ddd9014000030002,1,1,124,-50,1654780836000873,1654780836000873,
300833b2ddd9014000030009,1,1,2380,-46,1654780836002967,1654780836002967,
300833b2ddd9014000030008,1,1,3104,-45,1654780836004050,1654780836004050,
300833b2ddd9014000030001,1,1,1112,-49,1654780836005253,1654780836005253,
300833b2ddd9014000030002,1,1,100,-50,1654780836008037,1654780836008037,
300833b2ddd9014000030001,1,1,1108,-49,1654780836010251,1654780836010251,
300833b2ddd9014000030008,1,1,3116,-45,1654780836011975,1654780836011975,
300833b2ddd9014000030009,1,1,2376,-46,1654780836013032,1654780836013032,
300833b2ddd9014000030002,1,1,28,-51,1654780836043189,1654780836043189,
300833b2ddd9014000030008,1,1,3056,-45,1654780836044884,1654780836044884,
300833b2ddd9014000030009,1,1,2380,-46,1654780836046239,1654780836046239,
300833b2ddd9014000030001,1,1,1148,-48,1654780836049583,1654780836049583,
300833b2ddd9014000030009,1,1,2360,-47,1654780836050894,1654780836050894,
300833b2ddd9014000030008,1,1,3056,-45,1654780836052230,1654780836052230,
300833b2ddd9014000030002,1,1,36,-51,1654780836053317,1654780836053317,
300833b2ddd9014000030002,1,1,16,-51,1654780836084944,1654780836084944,
300833b2ddd9014000030001,1,1,1160,-48,1654780836086032,1654780836086032,
300833b2ddd9014000030008,1,1,3060,-45,1654780836087841,1654780836087841,
300833b2ddd9014000030009,1,1,2328,-47,1654780836088926,1654780836088926,
300833b2ddd9014000030001,1,1,1176,-48,1654780836093421,1654780836093421,
300833b2ddd9014000030009,1,1,2316,-47,1654780836094749,1654780836094749,
300833b2ddd9014000030002,1,1,40,-51,1654780836096100,1654780836096100,
300833b2ddd9014000030008,1,1,3036,-45,1654780836097112,1654780836097112,
300833b2ddd9014000030002,1,1,24,-50,1654780836134698,1654780836134698,
300833b2ddd9014000030008,1,1,3060,-45,1654780836136288,1654780836136288,
300833b2ddd9014000030001,1,1,1248,-48,1654780836137616,1654780836137616,
300833b2ddd9014000030009,1,1,2296,-47,1654780836138673,1654780836138673,
300833b2ddd9014000030008,1,1,3064,-45,1654780836145203,1654780836145203,
300833b2ddd9014000030009,1,1,2304,-46,1654780836146899,1654780836146899,
300833b2ddd9014000030002,1,1,16,-50,1654780836148211,1654780836148211,
300833b2ddd9014000030001,1,1,1256,-48,1654780836149638,1654780836149638,
300833b2ddd9014000030001,1,1,1300,-49,1654780836179613,1654780836179613,
300833b2ddd9014000030009,1,1,2284,-46,1654780836180684,1654780836180684,
300833b2ddd9014000030002,1,1,84,-50,1654780836182251,1654780836182251,
300833b2ddd9014000030008,1,1,3096,-45,1654780836183619,1654780836183619,
300833b2ddd9014000030009,1,1,2308,-46,1654780836187840,1654780836187840,
300833b2ddd9014000030001,1,1,1224,-49,1654780836190112,1654780836190112,
300833b2ddd9014000030008,1,1,3104,-45,1654780836191209,1654780836191209,
300833b2ddd9014000030002,1,1,84,-49,1654780836192895,1654780836192895,
300833b2ddd9014000030009,1,1,2276,-45,1654780836229249,1654780836229249,
300833b2ddd9014000030002,1,1,96,-50,1654780836230444,1654780836230444,
300833b2ddd9014000030008,1,1,3160,-46,1654780836231502,1654780836231502,
300833b2ddd9014000030001,1,1,1192,-49,1654780836232874,1654780836232874,
300833b2ddd9014000030001,1,1,1180,-49,1654780836236950,1654780836236950,
300833b2ddd9014000030008,1,1,3168,-45,1654780836238642,1654780836238642,
300833b2ddd9014000030009,1,1,2304,-45,1654780836241167,1654780836241167,
300833b2ddd9014000030002,1,1,136,-50,1654780836242280,1654780836242280,
300833b2ddd9014000030001,1,1,1124,-49,1654780836272576,1654780836272576,
300833b2ddd9014000030008,1,1,3184,-46,1654780836274031,1654780836274031,
300833b2ddd9014000030002,1,1,116,-50,1654780836275115,1654780836275115,
300833b2ddd9014000030009,1,1,2312,-46,1654780836276198,1654780836276198,
300833b2ddd9014000030009,1,1,2316,-45,1654780836280302,1654780836280302,
300833b2ddd9014000030001,1,1,1084,-49,1654780836281735,1654780836281735,
300833b2ddd9014000030008,1,1,3172,-46,1654780836283356,1654780836283356,
300833b2ddd9014000030009,1,1,2340,-45,1654780836506458,1654780836506458,
300833b2ddd9014000030008,1,1,3184,-45,1654780836507938,1654780836507938,
300833b2ddd9014000030001,1,1,1120,-49,1654780836509235,1654780836509235,
300833b2ddd9014000030009,1,1,2356,-45,1654780836513639,1654780836513639,
300833b2ddd9014000030008,1,1,3180,-45,1654780836514821,1654780836514821,
300833b2ddd9014000030001,1,1,1120,-49,1654780836515955,1654780836515955,
300833b2ddd9014000030002,1,1,196,-49,1654780836517890,1654780836517890,
300833b2ddd9014000030009,1,1,2372,-45,1654780836549821,1654780836549821,
300833b2ddd9014000030001,1,1,1112,-49,1654780836551063,1654780836551063,
300833b2ddd9014000030008,1,1,3176,-44,1654780836552150,1654780836552150,
300833b2ddd9014000030002,1,1,232,-49,1654780836553233,1654780836553233,
300833b2ddd9014000030001,1,1,1124,-49,1654780836557349,1654780836557349,
300833b2ddd9014000030009,1,1,2352,-44,1654780836560256,1654780836560256,
300833b2ddd9014000030008,1,1,3176,-44,1654780836561310,1654780836561310,
300833b2ddd9014000030002,1,1,208,-49,1654780836562580,1654780836562580,
300833b2ddd9014000030008,1,1,3204,-44,1654780836592675,1654780836592675,
300833b2ddd9014000030001,1,1,1132,-49,1654780836594586,1654780836594586,
300833b2ddd9014000030002,1,1,216,-49,1654780836596307,1654780836596307,
300833b2ddd9014000030009,1,1,2372,-45,1654780836597449,1654780836597449,
300833b2ddd9014000030002,1,1,236,-49,1654780836600492,1654780836600492,
300833b2ddd9014000030001,1,1,1108,-49,1654780836601792,1654780836601792,
300833b2ddd9014000030009,1,1,2348,-44,1654780836602891,1654780836602891,
300833b2ddd9014000030008,1,1,3192,-44,1654780836604513,1654780836604513,
300833b2ddd9014000030009,1,1,2348,-44,1654780836636023,1654780836636023,
300833b2ddd9014000030002,1,1,240,-49,1654780836637076,1654780836637076,
300833b2ddd9014000030008,1,1,3196,-44,1654780836638400,1654780836638400,
300833b2ddd9014000030001,1,1,1144,-48,1654780836639729,1654780836639729,
300833b2ddd9014000030002,1,1,252,-49,1654780836644629,1654780836644629,
300833b2ddd9014000030008,1,1,3192,-44,1654780836646325,1654780836646325,
300833b2ddd9014000030001,1,1,1140,-49,1654780836647427,1654780836647427,
300833b2ddd9014000030009,1,1,2368,-45,1654780836648853,1654780836648853,
300833b2ddd9014000030002,1,1,248,-49,1654780836679271,1654780836679271,
300833b2ddd9014000030008,1,1,3208,-44,1654780836680697,1654780836680697,
300833b2ddd9014000030001,1,1,1148,-48,1654780836681812,1654780836681812,
300833b2ddd9014000030009,1,1,2352,-44,1654780836683180,1654780836683180,
300833b2ddd9014000030008,1,1,3200,-44,1654780836687303,1654780836687303,
300833b2ddd9014000030002,1,1,256,-49,1654780836688542,1654780836688542,
300833b2ddd9014000030009,1,1,2376,-44,1654780836689598,1654780836689598,
300833b2ddd9014000030001,1,1,1140,-49,1654780836690713,1654780836690713,
300833b2ddd9014000030002,1,1,248,-49,1654780836721209,1654780836721209,
300833b2ddd9014000030001,1,1,1152,-48,1654780836724333,1654780836724333,
300833b2ddd9014000030008,1,1,3208,-44,1654780836725544,1654780836725544,
300833b2ddd9014000030009,1,1,2352,-44,1654780836726630,1654780836726630,
300833b2ddd9014000030008,1,1,3208,-44,1654780836730469,1654780836730469,
300833b2ddd9014000030001,1,1,1140,-48,1654780836731559,1654780836731559,
300833b2ddd9014000030009,1,1,2352,-44,1654780836732701,1654780836732701,
300833b2ddd9014000030002,1,1,260,-49,1654780836734280,1654780836734280,
300833b2ddd9014000030001,1,1,1160,-48,1654780836766153,1654780836766153,
300833b2ddd9014000030008,1,1,3200,-44,1654780836767805,1654780836767805,
300833b2ddd9014000030009,1,1,2352,-44,1654780836769145,1654780836769145,
300833b2ddd9014000030002,1,1,284,-49,1654780836770583,1654780836770583,
300833b2ddd9014000030009,1,1,2348,-44,1654780836774324,1654780836774324,
300833b2ddd9014000030008,1,1,3196,-44,1654780836775762,1654780836775762,
300833b2ddd9014000030001,1,1,1152,-48,1654780836777075,1654780836777075,
300833b2ddd9014000030002,1,1,236,-49,1654780836778260,1654780836778260,
300833b2ddd9014000030009,1,1,2380,-44,1654780836808658,1654780836808658,
300833b2ddd9014000030008,1,1,3212,-44,1654780836810356,1654780836810356,
300833b2ddd9014000030001,1,1,1156,-48,1654780836811683,1654780836811683,
300833b2ddd9014000030002,1,1,268,-49,1654780836812783,1654780836812783,
300833b2ddd9014000030002,1,1,260,-49,1654780836816576,1654780836816576,
300833b2ddd9014000030009,1,1,2360,-44,1654780836818060,1654780836818060,
300833b2ddd9014000030008,1,1,3208,-44,1654780836819143,1654780836819143,
300833b2ddd9014000030001,1,1,1144,-48,1654780836821083,1654780836821083,
300833b2ddd9014000030001,1,1,1164,-48,1654780836851943,1654780836851943,
300833b2ddd9014000030009,1,1,2360,-44,1654780836853029,1654780836853029,
300833b2ddd9014000030008,1,1,3216,-44,1654780836854267,1654780836854267,
300833b2ddd9014000030002,1,1,240,-49,1654780836855722,1654780836855722,
300833b2ddd9014000030009,1,1,2364,-44,1654780836858819,1654780836858819,
300833b2ddd9014000030008,1,1,3212,-44,1654780836860555,1654780836860555,
300833b2ddd9014000030002,1,1,276,-49,1654780836861908,1654780836861908,
300833b2ddd9014000030001,1,1,1164,-48,1654780836862982,1654780836862982,
300833b2ddd9014000030001,1,1,1152,-48,1654780836893471,1654780836893471,
300833b2ddd9014000030002,1,1,272,-49,1654780837301430,1654780837301430,
300833b2ddd9014000030009,1,1,2356,-44,1654780837303011,1654780837303011,
300833b2ddd9014000030008,1,1,3220,-44,1654780837304859,1654780837304859,
300833b2ddd9014000030001,1,1,1168,-48,1654780837310410,1654780837310410,
300833b2ddd9014000030008,1,1,3192,-45,1654780837311506,1654780837311506,
300833b2ddd9014000030009,1,1,2372,-44,1654780837312992,1654780837312992,
300833b2ddd9014000030002,1,1,268,-49,1654780837314061,1654780837314061,
300833b2ddd9014000030001,1,1,1152,-48,1654780837344264,1654780837344264,
300833b2ddd9014000030008,1,1,3192,-44,1654780837345974,1654780837345974,
300833b2ddd9014000030002,1,1,268,-49,1654780837347029,1654780837347029,
300833b2ddd9014000030009,1,1,2372,-44,1654780837348113,1654780837348113,
300833b2ddd9014000030008,1,1,3184,-44,1654780837352021,1654780837352021,
300833b2ddd9014000030009,1,1,2368,-44,1654780837353432,1654780837353432,
300833b2ddd9014000030002,1,1,260,-49,1654780837354544,1654780837354544,
300833b2ddd9014000030001,1,1,1168,-48,1654780837356301,1654780837356301,
300833b2ddd9014000030008,1,1,3196,-44,1654780837386304,1654780837386304,
300833b2ddd9014000030009,1,1,2368,-44,1654780837387345,1654780837387345,
300833b2ddd9014000030001,1,1,1168,-48,1654780837388432,1654780837388432,
300833b2ddd9014000030002,1,1,260,-49,1654780837391719,1654780837391719,
300833b2ddd9014000030008,1,1,3188,-44,1654780837394696,1654780837394696,
300833b2ddd9014000030002,1,1,244,-49,1654780837395766,1654780837395766,
300833b2ddd9014000030001,1,1,1152,-48,1654780837396896,1654780837396896,
300833b2ddd9014000030009,1,1,2356,-44,1654780837397995,1654780837397995,
300833b2ddd9014000030009,1,1,2336,-44,1654780837432502,1654780837432502,
300833b2ddd9014000030008,1,1,3192,-44,1654780837433557,1654780837433557,
300833b2ddd9014000030002,1,1,260,-49,1654780837434598,1654780837434598,
300833b2ddd9014000030001,1,1,1172,-48,1654780837435685,1654780837435685,
300833b2ddd9014000030008,1,1,3204,-44,1654780837439266,1654780837439266,
300833b2ddd9014000030002,1,1,256,-49,1654780837440990,1654780837440990,
300833b2ddd9014000030009,1,1,2364,-44,1654780837442301,1654780837442301,
300833b2ddd9014000030001,1,1,1160,-48,1654780837443986,1654780837443986,
300833b2ddd9014000030009,1,1,2348,-45,1654780837475119,1654780837475119,
300833b2ddd9014000030002,1,1,268,-49,1654780837476173,1654780837476173,
300833b2ddd9014000030001,1,1,1160,-48,1654780837477499,1654780837477499,
300833b2ddd9014000030008,1,1,3180,-44,1654780837478798,1654780837478798,
300833b2ddd9014000030002,1,1,248,-49,1654780837483803,1654780837483803,
300833b2ddd9014000030001,1,1,1172,-48,1654780837484917,1654780837484917,
300833b2ddd9014000030008,1,1,3200,-44,1654780837485987,1654780837485987,
300833b2ddd9014000030009,1,1,2368,-44,1654780837487583,1654780837487583,
300833b2ddd9014000030008,1,1,3196,-45,1654780837519057,1654780837519057,
300833b2ddd9014000030001,1,1,1156,-48,1654780837521047,1654780837521047,
300833b2ddd9014000030009,1,1,2364,-44,1654780837522174,1654780837522174,
300833b2ddd9014000030002,1,1,268,-49,1654780837523316,1654780837523316,
300833b2ddd9014000030009,1,1,2352,-44,1654780837527614,1654780837527614,
300833b2ddd9014000030001,1,1,1128,-48,1654780837529086,1654780837529086,
300833b2ddd9014000030002,1,1,276,-49,1654780837530111,1654780837530111,
300833b2ddd9014000030008,1,1,3204,-44,1654780837531197,1654780837531197,
300833b2ddd9014000030001,1,1,1152,-48,1654780837563739,1654780837563739,
300833b2ddd9014000030002,1,1,236,-49,1654780837566740,1654780837566740,
300833b2ddd9014000030009,1,1,2344,-44,1654780837567781,1654780837567781,
300833b2ddd9014000030008,1,1,3204,-44,1654780837569120,1654780837569120,
300833b2ddd9014000030002,1,1,284,-49,1654780837574620,1654780837574620,
300833b2ddd9014000030009,1,1,2356,-44,1654780837575806,1654780837575806,
300833b2ddd9014000030001,1,1,1176,-48,1654780837577092,1654780837577092,
300833b2ddd9014000030008,1,1,3192,-44,1654780837578176,1654780837578176,
300833b2ddd9014000030008,1,1,3224,-44,1654780837608943,1654780837608943,
300833b2ddd9014000030002,1,1,248,-49,1654780837610042,1654780837610042,
300833b2ddd9014000030001,1,1,1164,-48,1654780837611384,1654780837611384,
300833b2ddd9014000030009,1,1,2352,-44,1654780837612709,1654780837612709,
300833b2ddd9014000030009,1,1,2344,-44,1654780837617226,1654780837617226,
300833b2ddd9014000030008,1,1,3184,-44,1654780837620076,1654780837620076,
300833b2ddd9014000030001,1,1,1152,-48,1654780837621178,1654780837621178,
300833b2ddd9014000030002,1,1,248,-49,1654780837622392,1654780837622392,
300833b2ddd9014000030001,1,1,1164,-48,1654780837652983,1654780837652983,
300833b2ddd9014000030008,1,1,3196,-44,1654780837654691,1654780837654691,
300833b2ddd9014000030009,1,1,2348,-44,1654780837656466,1654780837656466,
300833b2ddd9014000030002,1,1,252,-49,1654780837657678,1654780837657678,
300833b2ddd9014000030001,1,1,1180,-48,1654780837660682,1654780837660682,
300833b2ddd9014000030008,1,1,3200,-44,1654780837661808,1654780837661808,
300833b2ddd9014000030002,1,1,268,-49,1654780837662864,1654780837662864,
300833b2ddd9014000030009,1,1,2344,-44,1654780837664205,1654780837664205,
300833b2ddd9014000030008,1,1,3196,-44,1654780837696051,1654780837696051,
300833b2ddd9014000030009,1,1,2344,-44,1654780837697123,1654780837697123,
300833b2ddd9014000030002,1,1,260,-49,1654780837698177,1654780837698177,
300833b2ddd9014000030001,1,1,1168,-48,1654780837699973,1654780837699973,
300833b2ddd9014000030002,1,1,240,-49,1654780837704308,1654780837704308,
300833b2ddd9014000030008,1,1,3204,-44,1654780837706226,1654780837706226,
300833b2ddd9014000030009,1,1,2360,-44,1654780837707299,1654780837707299,
300833b2ddd9014000030001,1,1,1172,-48,1654780837708598,1654780837708598,
300833b2ddd9014000030009,1,1,2344,-44,1654780837739132,1654780837739132,
300833b2ddd9014000030002,1,1,260,-49,1654780837740483,1654780837740483,
300833b2ddd9014000030008,1,1,3204,-44,1654780837742016,1654780837742016,
300833b2ddd9014000030001,1,1,1172,-48,1654780837743118,1654780837743118,
300833b2ddd9014000030009,1,1,2340,-44,1654780837747860,1654780837747860,
300833b2ddd9014000030001,1,1,1156,-48,1654780837749331,1654780837749331,
300833b2ddd9014000030008,1,1,3192,-44,1654780837750628,1654780837750628,
300833b2ddd9014000030002,1,1,256,-49,1654780837751683,1654780837751683,
300833b2ddd9014000030001,1,1,1164,-48,1654780837781936,1654780837781936,
300833b2ddd9014000030009,1,1,2360,-44,1654780837783887,1654780837783887,
300833b2ddd9014000030008,1,1,3204,-45,1654780837785437,1654780837785437,
300833b2ddd9014000030009,1,1,2340,-44,1654780837788874,1654780837788874,
300833b2ddd9014000030001,1,1,1148,-48,1654780837790841,1654780837790841,
300833b2ddd9014000030002,1,1,264,-49,1654780837791880,1654780837791880,
300833b2ddd9014000030008,1,1,3196,-44,1654780837793021,1654780837793021,
300833b2ddd9014000030008,1,1,3200,-44,1654780837823874,1654780837823874,
300833b2ddd9014000030009,1,1,2340,-44,1654780837825813,1654780837825813,
300833b2ddd9014000030001,1,1,1160,-48,1654780837826942,1654780837826942,
300833b2ddd9014000030002,1,1,248,-49,1654780837828370,1654780837828370,
300833b2ddd9014000030002,1,1,248,-49,1654780837831332,1654780837831332,
300833b2ddd9014000030009,1,1,2344,-44,1654780837833308,1654780837833308,
300833b2ddd9014000030008,1,1,3196,-44,1654780837835265,1654780837835265,
300833b2ddd9014000030001,1,1,1172,-48,1654780837836337,1654780837836337,
300833b2ddd9014000030009,1,1,2352,-44,1654780837866687,1654780837866687,
300833b2ddd9014000030002,1,1,264,-49,1654780837867771,1654780837867771,
300833b2ddd9014000030001,1,1,1152,-48,1654780837869113,1654780837869113,
300833b2ddd9014000030008,1,1,3192,-44,1654780837870268,1654780837870268,
300833b2ddd9014000030002,1,1,260,-49,1654780837874839,1654780837874839,
300833b2ddd9014000030001,1,1,1172,-48,1654780837876125,1654780837876125,
300833b2ddd9014000030008,1,1,3196,-44,1654780837877436,1654780837877436,
300833b2ddd9014000030009,1,1,2340,-44,1654780837879004,1654780837879004,
300833b2ddd9014000030001,1,1,1160,-48,1654780837910422,1654780837910422,
300833b2ddd9014000030009,1,1,2368,-44,1654780837912089,1654780837912089,
300833b2ddd9014000030008,1,1,3200,-44,1654780837913428,1654780837913428,
300833b2ddd9014000030002,1,1,252,-49,1654780837915136,1654780837915136,
300833b2ddd9014000030001,1,1,1192,-48,1654780837917898,1654780837917898,
300833b2ddd9014000030009,1,1,2364,-44,1654780837919266,1654780837919266,
300833b2ddd9014000030008,1,1,3208,-44,1654780837921028,1654780837921028,
300833b2ddd9014000030002,1,1,244,-49,1654780837923562,1654780837923562,
300833b2ddd9014000030008,1,1,3192,-44,1654780837953412,1654780837953412,
300833b2ddd9014000030009,1,1,2364,-44,1654780837954481,1654780837954481,
300833b2ddd9014000030001,1,1,1164,-48,1654780837957636,1654780837957636,
300833b2ddd9014000030002,1,1,268,-49,1654780837959359,1654780837959359,
300833b2ddd9014000030009,1,1,2352,-44,1654780837962790,1654780837962790,
300833b2ddd9014000030008,1,1,3192,-44,1654780837963973,1654780837963973,
300833b2ddd9014000030001,1,1,1172,-48,1654780837965499,1654780837965499,
300833b2ddd9014000030002,1,1,240,-49,1654780837966667,1654780837966667,
300833b2ddd9014000030001,1,1,1160,-48,1654780837997975,1654780837997975,
300833b2ddd9014000030008,1,1,3204,-44,1654780838002765,1654780838002765,
300833b2ddd9014000030001,1,1,1168,-48,1654780838004691,1654780838004691,
300833b2ddd9014000030009,1,1,2352,-44,1654780838005804,1654780838005804,
300833b2ddd9014000030002,1,1,276,-49,1654780838007725,1654780838007725,
300833b2ddd9014000030002,1,1,268,-49,1654780838040563,1654780838040563,
300833b2ddd9014000030009,1,1,2344,-44,1654780838041904,1654780838041904,
300833b2ddd9014000030008,1,1,3200,-44,1654780838043113,1654780838043113,
300833b2ddd9014000030001,1,1,1168,-48,1654780838044187,1654780838044187,
300833b2ddd9014000030001,1,1,1164,-48,1654780838047254,1654780838047254,
300833b2ddd9014000030009,1,1,2348,-44,1654780838048595,1654780838048595,
300833b2ddd9014000030008,1,1,3192,-45,1654780838049676,1654780838049676,
300833b2ddd9014000030002,1,1,264,-49,1654780838051598,1654780838051598,
300833b2ddd9014000030009,1,1,2356,-44,1654780838082798,1654780838082798,
300833b2ddd9014000030008,1,1,3196,-44,1654780838086215,1654780838086215,
300833b2ddd9014000030002,1,1,272,-50,1654780838087837,1654780838087837,
300833b2ddd9014000030001,1,1,1148,-48,1654780838088923,1654780838088923,
300833b2ddd9014000030002,1,1,268,-49,1654780838091894,1654780838091894,
300833b2ddd9014000030009,1,1,2344,-44,1654780838092980,1654780838092980,
300833b2ddd9014000030001,1,1,1136,-48,1654780838094544,1654780838094544,
300833b2ddd9014000030008,1,1,3204,-44,1654780838095587,1654780838095587,
300833b2ddd9014000030002,1,1,276,-50,1654780838127529,1654780838127529,
300833b2ddd9014000030009,1,1,2340,-44,1654780838128614,1654780838128614,
300833b2ddd9014000030001,1,1,1136,-48,1654780838130451,1654780838130451,
300833b2ddd9014000030008,1,1,3196,-45,1654780838135969,1654780838135969,
300833b2ddd9014000030009,1,1,2348,-44,1654780838138213,1654780838138213,
300833b2ddd9014000030002,1,1,280,-49,1654780838141731,1654780838141731,
300833b2ddd9014000030001,1,1,1116,-48,1654780838142860,1654780838142860,
300833b2ddd9014000030008,1,1,3200,-44,1654780838173058,1654780838173058,
300833b2ddd9014000030001,1,1,1140,-48,1654780838174160,1654780838174160,
300833b2ddd9014000030002,1,1,276,-49,1654780838175287,1654780838175287,
300833b2ddd9014000030008,1,1,3196,-44,1654780838181498,1654780838181498,
300833b2ddd9014000030009,1,1,2364,-44,1654780838182846,1654780838182846,
300833b2ddd9014000030001,1,1,1144,-48,1654780838184105,1654780838184105,
300833b2ddd9014000030002,1,1,292,-50,1654780838185158,1654780838185158,
300833b2ddd9014000030001,1,1,1188,-48,1654780838216177,1654780838216177,
300833b2ddd9014000030008,1,1,3200,-44,1654780838217287,1654780838217287,
300833b2ddd9014000030009,1,1,2340,-44,1654780838218656,1654780838218656,
300833b2ddd9014000030002,1,1,284,-49,1654780838220122,1654780838220122,
300833b2ddd9014000030001,1,1,1148,-48,1654780838223054,1654780838223054,
300833b2ddd9014000030009,1,1,2328,-44,1654780838224447,1654780838224447,
300833b2ddd9014000030008,1,1,3216,-44,1654780838226251,1654780838226251,
300833b2ddd9014000030002,1,1,288,-49,1654780838228570,1654780838228570,