epc,atenda,atendanum,phase,RSS,timestamp,timestamp2,
300833b2ddd9014000030009,1,1,2320,-45,1654780799363492,1654780799363492,
300833b2ddd9014000030008,1,1,3052,-46,1654780799365721,1654780799365721,
300833b2ddd9014000030002,1,1,204,-50,1654780799366764,1654780799366764,
300833b2ddd9014000030001,1,1,1100,-47,1654780799368256,1654780799368256,
300833b2ddd9014000030001,1,1,1104,-47,1654780799372438,1654780799372438,
300833b2ddd9014000030008,1,1,3012,-46,1654780799373975,1654780799373975,
300833b2ddd9014000030009,1,1,2316,-45,1654780799375570,1654780799375570,
300833b2ddd9014000030002,1,1,180,-50,1654780799377479,1654780799377479,
300833b2ddd9014000030008,1,1,3056,-46,1654780799408526,1654780799408526,
300833b2ddd9014000030009,1,1,2316,-45,1654780799410844,1654780799410844,
300833b2ddd9014000030001,1,1,1100,-47,1654780799411956,1654780799411956,
300833b2ddd9014000030002,1,1,172,-50,1654780799413144,1654780799413144,
300833b2ddd9014000030001,1,1,1092,-47,1654780799416007,1654780799416007,
300833b2ddd9014000030008,1,1,3044,-46,1654780799417144,1654780799417144,
300833b2ddd9014000030009,1,1,2316,-45,1654780799419224,1654780799419224,
300833b2ddd9014000030002,1,1,188,-50,1654780799421215,1654780799421215,
300833b2ddd9014000030002,1,1,168,-50,1654780799452561,1654780799452561,
300833b2ddd9014000030009,1,1,2316,-45,1654780799454280,1654780799454280,
300833b2ddd9014000030001,1,1,1096,-47,1654780799456808,1654780799456808,
300833b2ddd9014000030008,1,1,3048,-46,1654780799457905,1654780799457905,
300833b2ddd9014000030009,1,1,2320,-45,1654780799460700,1654780799460700,
300833b2ddd9014000030008,1,1,3056,-46,1654780799461826,1654780799461826,
300833b2ddd9014000030001,1,1,1092,-47,1654780799464076,1654780799464076,
300833b2ddd9014000030002,1,1,160,-50,1654780799466338,1654780799466338,
300833b2ddd9014000030008,1,1,3060,-46,1654780799496066,1654780799496066,
300833b2ddd9014000030002,1,1,164,-50,1654780799497364,1654780799497364,
300833b2ddd9014000030009,1,1,2348,-45,1654780799499184,1654780799499184,
300833b2ddd9014000030001,1,1,1084,-47,1654780799500286,1654780799500286,
300833b2ddd9014000030001,1,1,1108,-47,1654780799504538,1654780799504538,
300833b2ddd9014000030008,1,1,3024,-46,1654780799505622,1654780799505622,
300833b2ddd9014000030002,1,1,160,-50,1654780799507700,1654780799507700,
300833b2ddd9014000030009,1,1,2332,-45,1654780799508786,1654780799508786,
300833b2ddd9014000030002,1,1,196,-50,1654780799540784,1654780799540784,
300833b2ddd9014000030001,1,1,1100,-47,1654780799542001,1654780799542001,
300833b2ddd9014000030009,1,1,2332,-45,1654780799546000,1654780799546000,
300833b2ddd9014000030008,1,1,3068,-46,1654780799547098,1654780799547098,
300833b2ddd9014000030009,1,1,2340,-45,1654780799550743,1654780799550743,
300833b2ddd9014000030002,1,1,188,-50,1654780799552067,1654780799552067,
300833b2ddd9014000030001,1,1,1092,-47,1654780799554498,1654780799554498,
300833b2ddd9014000030008,1,1,3048,-46,1654780799555783,1654780799555783,
300833b2ddd9014000030009,1,1,2340,-45,1654780799586200,1654780799586200,
300833b2ddd9014000030001,1,1,1100,-47,1654780799587812,1654780799587812,
300833b2ddd9014000030008,1,1,3060,-46,1654780799589163,1654780799589163,
300833b2ddd9014000030002,1,1,192,-50,1654780799590248,1654780799590248,
300833b2ddd9014000030009,1,1,2336,-45,1654780799594757,1654780799594757,
300833b2ddd9014000030001,1,1,1092,-47,1654780799595816,1654780799595816,
300833b2ddd9014000030008,1,1,3060,-46,1654780799596898,1654780799596898,
300833b2ddd9014000030002,1,1,160,-50,1654780799598170,1654780799598170,
300833b2ddd9014000030008,1,1,3056,-46,1654780799631004,1654780799631004,
300833b2ddd9014000030009,1,1,2328,-45,1654780799632501,1654780799632501,
300833b2ddd9014000030002,1,1,188,-50,1654780799633863,1654780799633863,
300833b2ddd9014000030001,1,1,1092,-47,1654780799635039,1654780799635039,
300833b2ddd9014000030008,1,1,3068,-46,1654780799637990,1654780799637990,
300833b2ddd9014000030009,1,1,2324,-45,1654780799639346,1654780799639346,
300833b2ddd9014000030001,1,1,1088,-47,1654780799641340,1654780799641340,
300833b2ddd9014000030002,1,1,192,-50,1654780799642509,1654780799642509,
300833b2ddd9014000030002,1,1,180,-50,1654780799674146,1654780799674146,
300833b2ddd9014000030009,1,1,2324,-45,1654780799676517,1654780799676517,
300833b2ddd9014000030001,1,1,1104,-47,1654780799677590,1654780799677590,
300833b2ddd9014000030008,1,1,3052,-46,1654780799678672,1654780799678672,
300833b2ddd9014000030001,1,1,1088,-47,1654780799687849,1654780799687849,
300833b2ddd9014000030008,1,1,3052,-46,1654780799688918,1654780799688918,
300833b2ddd9014000030002,1,1,188,-50,1654780799690495,1654780799690495,
300833b2ddd9014000030009,1,1,2320,-45,1654780799691623,1654780799691623,
300833b2ddd9014000030002,1,1,184,-50,1654780799721323,1654780799721323,
300833b2ddd9014000030009,1,1,2328,-45,1654780799722662,1654780799722662,
300833b2ddd9014000030001,1,1,1108,-47,1654780799723749,1654780799723749,
300833b2ddd9014000030008,1,1,3052,-46,1654780799725286,1654780799725286,
300833b2ddd9014000030008,1,1,3064,-46,1654780799729773,1654780799729773,
300833b2ddd9014000030001,1,1,1096,-47,1654780799730875,1654780799730875,
300833b2ddd9014000030009,1,1,2328,-45,1654780799732187,1654780799732187,
300833b2ddd9014000030002,1,1,176,-50,1654780799734420,1654780799734420,
300833b2ddd9014000030002,1,1,184,-50,1654780799765925,1654780799765925,
300833b2ddd9014000030008,1,1,3072,-46,1654780799767249,1654780799767249,
300833b2ddd9014000030009,1,1,2308,-45,1654780799768620,1654780799768620,
300833b2ddd9014000030001,1,1,1080,-47,1654780799770530,1654780799770530,
300833b2ddd9014000030001,1,1,1092,-48,1654780799774622,1654780799774622,
300833b2ddd9014000030008,1,1,3072,-46,1654780799777475,1654780799777475,
300833b2ddd9014000030002,1,1,172,-50,1654780799778658,1654780799778658,
300833b2ddd9014000030009,1,1,2332,-45,1654780799779943,1654780799779943,
300833b2ddd9014000030002,1,1,168,-50,1654780799811686,1654780799811686,
300833b2ddd9014000030001,1,1,1080,-47,1654780799812745,1654780799812745,
300833b2ddd9014000030008,1,1,3044,-46,1654780799813814,1654780799813814,
300833b2ddd9014000030009,1,1,2352,-45,1654780799816200,1654780799816200,
300833b2ddd9014000030002,1,1,188,-50,1654780799820727,1654780799820727,
300833b2ddd9014000030008,1,1,3060,-46,1654780799822645,1654780799822645,
300833b2ddd9014000030001,1,1,1088,-48,1654780799823736,1654780799823736,
300833b2ddd9014000030009,1,1,2332,-45,1654780799825062,1654780799825062,
300833b2ddd9014000030009,1,1,2336,-45,1654780799855602,1654780799855602,
300833b2ddd9014000030008,1,1,3072,-46,1654780799856940,1654780799856940,
300833b2ddd9014000030001,1,1,1100,-47,1654780799858467,1654780799858467,
300833b2ddd9014000030009,1,1,2340,-45,1654780799865683,1654780799865683,
300833b2ddd9014000030008,1,1,3060,-46,1654780799866739,1654780799866739,
300833b2ddd9014000030002,1,1,196,-50,1654780799867951,1654780799867951,
300833b2ddd9014000030001,1,1,1088,-48,1654780799869036,1654780799869036,
300833b2ddd9014000030008,1,1,3056,-46,1654780799899326,1654780799899326,
300833b2ddd9014000030009,1,1,2324,-45,1654780799900412,1654780799900412,
300833b2ddd9014000030001,1,1,1080,-47,1654780799901483,1654780799901483,
300833b2ddd9014000030002,1,1,188,-50,1654780799905376,1654780799905376,
300833b2ddd9014000030002,1,1,176,-50,1654780799909316,1654780799909316,
300833b2ddd9014000030008,1,1,3060,-46,1654780799910965,1654780799910965,
300833b2ddd9014000030001,1,1,1080,-47,1654780799912195,1654780799912195,
300833b2ddd9014000030009,1,1,2328,-45,1654780799913281,1654780799913281,
300833b2ddd9014000030009,1,1,2328,-45,1654780799945788,1654780799945788,
300833b2ddd9014000030008,1,1,3060,-46,1654780799946868,1654780799946868,
300833b2ddd9014000030002,1,1,176,-50,1654780799948252,1654780799948252,
300833b2ddd9014000030001,1,1,1084,-48,1654780799950076,1654780799950076,
300833b2ddd9014000030009,1,1,2328,-45,1654780799958417,1654780799958417,
300833b2ddd9014000030001,1,1,1104,-47,1654780799959972,1654780799959972,
300833b2ddd9014000030008,1,1,3064,-46,1654780799961070,1654780799961070,
300833b2ddd9014000030002,1,1,164,-50,1654780799962680,1654780799962680,
300833b2ddd9014000030008,1,1,3040,-46,1654780799996558,1654780799996558,
300833b2ddd9014000030009,1,1,2316,-45,1654780799997882,1654780799997882,
300833b2ddd9014000030001,1,1,1084,-48,1654780799999238,1654780799999238,
300833b2ddd9014000030002,1,1,168,-50,1654780800000562,1654780800000562,
300833b2ddd9014000030001,1,1,1104,-48,1654780800005198,1654780800005198,
300833b2ddd9014000030002,1,1,176,-50,1654780800007132,1654780800007132,
300833b2ddd9014000030008,1,1,3072,-46,1654780800008204,1654780800008204,
300833b2ddd9014000030009,1,1,2320,-45,1654780800009331,1654780800009331,
300833b2ddd9014000030008,1,1,3048,-46,1654780800041105,1654780800041105,
300833b2ddd9014000030009,1,1,2332,-45,1654780800042176,1654780800042176,
300833b2ddd9014000030001,1,1,1096,-48,1654780800043684,1654780800043684,
300833b2ddd9014000030002,1,1,164,-50,1654780800045138,1654780800045138,
300833b2ddd9014000030008,1,1,3052,-46,1654780800047905,1654780800047905,
300833b2ddd9014000030009,1,1,2320,-45,1654780800049020,1654780800049020,
300833b2ddd9014000030002,1,1,152,-50,1654780800051104,1654780800051104,
300833b2ddd9014000030001,1,1,1092,-48,1654780800052177,1654780800052177,
300833b2ddd9014000030002,1,1,148,-50,1654780800087559,1654780800087559,
300833b2ddd9014000030001,1,1,1064,-47,1654780800089110,1654780800089110,
300833b2ddd9014000030008,1,1,3108,-45,1654780800090818,1654780800090818,
300833b2ddd9014000030009,1,1,2340,-45,1654780800092303,1654780800092303,
300833b2ddd9014000030001,1,1,1092,-48,1654780800095351,1654780800095351,
300833b2ddd9014000030008,1,1,3060,-46,1654780800096450,1654780800096450,
300833b2ddd9014000030002,1,1,160,-50,1654780800097800,1654780800097800,
300833b2ddd9014000030009,1,1,2332,-45,1654780800098888,1654780800098888,
300833b2ddd9014000030001,1,1,1104,-48,1654780800136367,1654780800136367,
300833b2ddd9014000030008,1,1,3072,-46,1654780800138063,1654780800138063,
300833b2ddd9014000030002,1,1,132,-50,1654780800139541,1654780800139541,
300833b2ddd9014000030009,1,1,2320,-45,1654780800140684,1654780800140684,
300833b2ddd9014000030008,1,1,3072,-46,1654780800143683,1654780800143683,
300833b2ddd9014000030001,1,1,1092,-48,1654780800145426,1654780800145426,
300833b2ddd9014000030009,1,1,2328,-45,1654780800146992,1654780800146992,
300833b2ddd9014000030002,1,1,160,-50,1654780800148472,1654780800148472,
300833b2ddd9014000030001,1,1,1088,-48,1654780800179382,1654780800179382,
300833b2ddd9014000030008,1,1,3060,-46,1654780800181384,1654780800181384,
300833b2ddd9014000030009,1,1,2348,-45,1654780800182468,1654780800182468,
300833b2ddd9014000030002,1,1,164,-50,1654780800184376,1654780800184376,
300833b2ddd9014000030001,1,1,1092,-48,1654780800189284,1654780800189284,
300833b2ddd9014000030002,1,1,168,-50,1654780800190766,1654780800190766,
300833b2ddd9014000030008,1,1,3064,-46,1654780800191867,1654780800191867,
300833b2ddd9014000030009,1,1,2328,-45,1654780800192982,1654780800192982,
300833b2ddd9014000030009,1,1,2324,-45,1654780800223860,1654780800223860,
300833b2ddd9014000030002,1,1,160,-50,1654780800224884,1654780800224884,
300833b2ddd9014000030008,1,1,3056,-46,1654780800226537,1654780800226537,
300833b2ddd9014000030001,1,1,1088,-48,1654780800227851,1654780800227851,
300833b2ddd9014000030008,1,1,3060,-46,1654780800232305,1654780800232305,
300833b2ddd9014000030009,1,1,2332,-45,1654780800234278,1654780800234278,
300833b2ddd9014000030002,1,1,172,-50,1654780800235332,1654780800235332,
300833b2ddd9014000030001,1,1,1108,-48,1654780800236776,1654780800236776,
300833b2ddd9014000030009,1,1,2344,-45,1654780800268920,1654780800268920,
300833b2ddd9014000030001,1,1,1088,-48,1654780800270575,1654780800270575,
300833b2ddd9014000030008,1,1,3052,-46,1654780800271871,1654780800271871,
300833b2ddd9014000030002,1,1,164,-50,1654780800275199,1654780800275199,
300833b2ddd9014000030001,1,1,1104,-48,1654780800276524,1654780800276524,
300833b2ddd9014000030008,1,1,3060,-46,1654780800278953,1654780800278953,
300833b2ddd9014000030009,1,1,2336,-45,1654780800280265,1654780800280265,
300833b2ddd9014000030001,1,1,1092,-48,1654780800312231,1654780800312231,
300833b2ddd9014000030008,1,1,3044,-45,1654780800313443,1654780800313443,
300833b2ddd9014000030002,1,1,180,-50,1654780800314757,1654780800314757,
300833b2ddd9014000030009,1,1,2336,-45,1654780800315813,1654780800315813,
300833b2ddd9014000030002,1,1,184,-50,1654780800320441,1654780800320441,
300833b2ddd9014000030008,1,1,3080,-46,1654780800321511,1654780800321511,
300833b2ddd9014000030009,1,1,2304,-45,1654780800323077,1654780800323077,
300833b2ddd9014000030001,1,1,1080,-48,1654780800324658,1654780800324658,
300833b2ddd9014000030008,1,1,3076,-46,1654780800357808,1654780800357808,
300833b2ddd9014000030001,1,1,1104,-48,1654780800358894,1654780800358894,
300833b2ddd9014000030009,1,1,2312,-45,1654780800360365,1654780800360365,
300833b2ddd9014000030002,1,1,176,-50,1654780800369103,1654780800369103,
300833b2ddd9014000030009,1,1,2324,-45,1654780800370784,1654780800370784,
300833b2ddd9014000030008,1,1,3048,-45,1654780800371882,1654780800371882,
300833b2ddd9014000030001,1,1,1100,-48,1654780800373552,1654780800373552,
300833b2ddd9014000030002,1,1,192,-50,1654780800403324,1654780800403324,
300833b2ddd9014000030001,1,1,1084,-48,1654780800404623,1654780800404623,
300833b2ddd9014000030009,1,1,2316,-45,1654780800405752,1654780800405752,
300833b2ddd9014000030008,1,1,3068,-46,1654780800407288,1654780800407288,
300833b2ddd9014000030002,1,1,176,-50,1654780800413057,1654780800413057,
300833b2ddd9014000030008,1,1,3048,-45,1654780800414394,1654780800414394,
300833b2ddd9014000030009,1,1,2296,-45,1654780800415720,1654780800415720,
300833b2ddd9014000030001,1,1,1084,-48,1654780800416820,1654780800416820,
300833b2ddd9014000030001,1,1,1108,-48,1654780800452325,1654780800452325,
300833b2ddd9014000030009,1,1,2312,-45,1654780800453637,1654780800453637,
300833b2ddd9014000030008,1,1,3068,-45,1654780800454705,1654780800454705,
300833b2ddd9014000030002,1,1,184,-50,1654780800455802,1654780800455802,
300833b2ddd9014000030009,1,1,2316,-45,1654780800464529,1654780800464529,
300833b2ddd9014000030008,1,1,3068,-46,1654780800465852,1654780800465852,
300833b2ddd9014000030002,1,1,180,-50,1654780800467162,1654780800467162,
300833b2ddd9014000030001,1,1,1108,-48,1654780800469116,1654780800469116,
300833b2ddd9014000030009,1,1,2324,-45,1654780800500936,1654780800500936,
300833b2ddd9014000030001,1,1,1116,-48,1654780800502407,1654780800502407,
300833b2ddd9014000030002,1,1,164,-50,1654780800503478,1654780800503478,
300833b2ddd9014000030008,1,1,3064,-45,1654780800504576,1654780800504576,
300833b2ddd9014000030009,1,1,2324,-45,1654780800509980,1654780800509980,
300833b2ddd9014000030002,1,1,164,-50,1654780800511512,1654780800511512,
300833b2ddd9014000030008,1,1,3072,-46,1654780800512592,1654780800512592,
300833b2ddd9014000030001,1,1,1100,-48,1654780800513683,1654780800513683,
300833b2ddd9014000030001,1,1,1112,-48,1654780800544731,1654780800544731,
300833b2ddd9014000030009,1,1,2344,-45,1654780800546215,1654780800546215,
300833b2ddd9014000030008,1,1,3052,-46,1654780800547314,1654780800547314,
300833b2ddd9014000030002,1,1,152,-49,1654780800549278,1654780800549278,
300833b2ddd9014000030008,1,1,3060,-46,1654780800552057,1654780800552057,
300833b2ddd9014000030001,1,1,1100,-48,1654780800553132,1654780800553132,
300833b2ddd9014000030009,1,1,2336,-45,1654780800554429,1654780800554429,
300833b2ddd9014000030002,1,1,164,-50,1654780800555769,1654780800555769,
300833b2ddd9014000030009,1,1,2344,-45,1654780800587982,1654780800587982,
300833b2ddd9014000030008,1,1,3068,-46,1654780800590271,1654780800590271,
300833b2ddd9014000030001,1,1,1096,-48,1654780800591371,1654780800591371,
300833b2ddd9014000030002,1,1,164,-50,1654780800592602,1654780800592602,
300833b2ddd9014000030009,1,1,2332,-45,1654780800595883,1654780800595883,
300833b2ddd9014000030001,1,1,1080,-48,1654780800597369,1654780800597369,
300833b2ddd9014000030008,1,1,3056,-46,1654780800599344,1654780800599344,
300833b2ddd9014000030002,1,1,172,-49,1654780800600795,1654780800600795,
300833b2ddd9014000030008,1,1,3048,-46,1654780800631573,1654780800631573,
300833b2ddd9014000030001,1,1,1092,-48,1654780800632631,1654780800632631,
300833b2ddd9014000030002,1,1,160,-50,1654780800633928,1654780800633928,
300833b2ddd9014000030009,1,1,2328,-45,1654780800635028,1654780800635028,
300833b2ddd9014000030001,1,1,1100,-48,1654780800640056,1654780800640056,
300833b2ddd9014000030009,1,1,2328,-45,1654780800641126,1654780800641126,
300833b2ddd9014000030002,1,1,156,-50,1654780800642464,1654780800642464,
300833b2ddd9014000030008,1,1,3052,-46,1654780800643620,1654780800643620,
300833b2ddd9014000030008,1,1,3016,-45,1654780800675680,1654780800675680,
300833b2ddd9014000030009,1,1,2356,-45,1654780800677202,1654780800677202,
300833b2ddd9014000030002,1,1,184,-50,1654780800678316,1654780800678316,
300833b2ddd9014000030001,1,1,1112,-48,1654780800679645,1654780800679645,
300833b2ddd9014000030001,1,1,1112,-48,1654780800684431,1654780800684431,
300833b2ddd9014000030002,1,1,176,-49,1654780800685500,1654780800685500,
300833b2ddd9014000030008,1,1,3060,-45,1654780800688236,1654780800688236,
300833b2ddd9014000030009,1,1,2324,-45,1654780800689577,1654780800689577,
300833b2ddd9014000030002,1,1,172,-50,1654780800719944,1654780800719944,
300833b2ddd9014000030001,1,1,1116,-48,1654780800721103,1654780800721103,
300833b2ddd9014000030009,1,1,2336,-45,1654780800722216,1654780800722216,
300833b2ddd9014000030008,1,1,3064,-46,1654780800724277,1654780800724277,
300833b2ddd9014000030009,1,1,2348,-45,1654780800728699,1654780800728699,
300833b2ddd9014000030008,1,1,3064,-46,1654780800731181,1654780800731181,
300833b2ddd9014000030002,1,1,164,-49,1654780800732251,1654780800732251,
300833b2ddd9014000030001,1,1,1096,-48,1654780800733723,1654780800733723,
300833b2ddd9014000030001,1,1,1112,-48,1654780800763831,1654780800763831,
300833b2ddd9014000030008,1,1,3072,-46,1654780800765269,1654780800765269,
300833b2ddd9014000030009,1,1,2356,-45,1654780800766596,1654780800766596,
300833b2ddd9014000030002,1,1,168,-50,1654780800767680,1654780800767680,
300833b2ddd9014000030009,1,1,2356,-45,1654780800773571,1654780800773571,
300833b2ddd9014000030008,1,1,3068,-46,1654780800776321,1654780800776321,
300833b2ddd9014000030002,1,1,204,-50,1654780800777576,1654780800777576,
300833b2ddd9014000030001,1,1,1096,-48,1654780800778890,1654780800778890,
300833b2ddd9014000030001,1,1,1104,-48,1654780800810296,1654780800810296,
300833b2ddd9014000030008,1,1,3100,-46,1654780800812679,1654780800812679,
300833b2ddd9014000030009,1,1,2352,-45,1654780800814135,1654780800814135,
300833b2ddd9014000030002,1,1,188,-50,1654780800815507,1654780800815507,
300833b2ddd9014000030001,1,1,1104,-48,1654780800819132,1654780800819132,
300833b2ddd9014000030008,1,1,3092,-46,1654780800820782,1654780800820782,
300833b2ddd9014000030009,1,1,2352,-45,1654780800821813,1654780800821813,
300833b2ddd9014000030002,1,1,168,-50,1654780800823734,1654780800823734,
300833b2ddd9014000030001,1,1,1116,-48,1654780800853469,1654780800853469,
300833b2ddd9014000030008,1,1,3080,-46,1654780800854497,1654780800854497,
300833b2ddd9014000030002,1,1,168,-50,1654780800856063,1654780800856063,
300833b2ddd9014000030009,1,1,2376,-45,1654780800857659,1654780800857659,
300833b2ddd9014000030009,1,1,2376,-45,1654780800861917,1654780800861917,
300833b2ddd9014000030002,1,1,184,-50,1654780800863043,1654780800863043,
300833b2ddd9014000030001,1,1,1144,-48,1654780800864854,1654780800864854,
300833b2ddd9014000030008,1,1,3080,-46,1654780800866222,1654780800866222,
300833b2ddd9014000030009,1,1,2388,-45,1654780800898008,1654780800898008,
300833b2ddd9014000030001,1,1,1132,-48,1654780800899481,1654780800899481,
300833b2ddd9014000030008,1,1,3084,-45,1654780800901046,1654780800901046,
300833b2ddd9014000030002,1,1,196,-50,1654780800902483,1654780800902483,
300833b2ddd9014000030002,1,1,176,-50,1654780800905225,1654780800905225,
300833b2ddd9014000030009,1,1,2400,-45,1654780800907481,1654780800907481,
300833b2ddd9014000030008,1,1,3072,-45,1654780800909439,1654780800909439,
300833b2ddd9014000030001,1,1,1148,-48,1654780800910626,1654780800910626,
300833b2ddd9014000030009,1,1,2408,-45,1654780800940404,1654780800940404,
300833b2ddd9014000030002,1,1,160,-50,1654780800941445,1654780800941445,
300833b2ddd9014000030008,1,1,3076,-45,1654780800942970,1654780800942970,
300833b2ddd9014000030001,1,1,1164,-48,1654780800944100,1654780800944100,
300833b2ddd9014000030001,1,1,1152,-48,1654780800950966,1654780800950966,
300833b2ddd9014000030008,1,1,3084,-45,1654780800952377,1654780800952377,
300833b2ddd9014000030009,1,1,2440,-45,1654780800953448,1654780800953448,
300833b2ddd9014000030002,1,1,172,-50,1654780800954518,1654780800954518,
300833b2ddd9014000030001,1,1,1176,-48,1654780800986251,1654780800986251,
300833b2ddd9014000030009,1,1,2420,-45,1654780800987988,1654780800987988,
300833b2ddd9014000030008,1,1,3056,-46,1654780800989086,1654780800989086,
300833b2ddd9014000030002,1,1,176,-50,1654780800990270,1654780800990270,
300833b2ddd9014000030002,1,1,180,-50,1654780800993831,1654780800993831,
300833b2ddd9014000030008,1,1,3036,-45,1654780800995058,1654780800995058,
300833b2ddd9014000030001,1,1,1184,-48,1654780800996103,1654780800996103,
300833b2ddd9014000030009,1,1,2432,-45,1654780800997173,1654780800997173,
300833b2ddd9014000030009,1,1,2404,-46,1654780801028051,1654780801028051,
300833b2ddd9014000030002,1,1,144,-51,1654780801030184,1654780801030184,
300833b2ddd9014000030001,1,1,1188,-48,1654780801031694,1654780801031694,
300833b2ddd9014000030008,1,1,3028,-46,1654780801032749,1654780801032749,
300833b2ddd9014000030009,1,1,2400,-45,1654780801035556,1654780801035556,
300833b2ddd9014000030002,1,1,144,-50,1654780801036581,1654780801036581,
300833b2ddd9014000030001,1,1,1216,-48,1654780801037709,1654780801037709,
300833b2ddd9014000030008,1,1,3032,-45,1654780801039247,1654780801039247,
300833b2ddd9014000030001,1,1,1260,-48,1654780801072294,1654780801072294,
300833b2ddd9014000030009,1,1,2368,-46,1654780801073422,1654780801073422,
300833b2ddd9014000030008,1,1,3036,-46,1654780801074520,1654780801074520,
300833b2ddd9014000030002,1,1,140,-51,1654780801075717,1654780801075717,
300833b2ddd9014000030009,1,1,2356,-46,1654780801078747,1654780801078747,
300833b2ddd9014000030001,1,1,1196,-48,1654780801079821,1654780801079821,
300833b2ddd9014000030002,1,1,144,-51,1654780801080876,1654780801080876,
300833b2ddd9014000030008,1,1,3048,-46,1654780801082739,1654780801082739,
300833b2ddd9014000030008,1,1,3048,-46,1654780801114190,1654780801114190,
300833b2ddd9014000030002,1,1,172,-51,1654780801115315,1654780801115315,
300833b2ddd9014000030009,1,1,2356,-46,1654780801116658,1654780801116658,
300833b2ddd9014000030001,1,1,1232,-48,1654780801118001,1654780801118001,
300833b2ddd9014000030002,1,1,176,-51,1654780801123482,1654780801123482,
300833b2ddd9014000030009,1,1,2328,-46,1654780801124726,1654780801124726,
300833b2ddd9014000030008,1,1,3048,-46,1654780801126757,1654780801126757,
300833b2ddd9014000030001,1,1,1264,-49,1654780801127858,1654780801127858,
300833b2ddd9014000030002,1,1,184,-51,1654780801164148,1654780801164148,
300833b2ddd9014000030009,1,1,2360,-46,1654780801165851,1654780801165851,
300833b2ddd9014000030001,1,1,1272,-49,1654780801167249,1654780801167249,
300833b2ddd9014000030008,1,1,3120,-45,1654780801168264,1654780801168264,
300833b2ddd9014000030009,1,1,2352,-46,1654780801171474,1654780801171474,
300833b2ddd9014000030001,1,1,1256,-49,1654780801172589,1654780801172589,
300833b2ddd9014000030002,1,1,220,-51,1654780801173658,1654780801173658,
300833b2ddd9014000030008,1,1,3128,-45,1654780801174727,1654780801174727,
300833b2ddd9014000030002,1,1,188,-51,1654780801206438,1654780801206438,
300833b2ddd9014000030009,1,1,2356,-45,1654780801207521,1654780801207521,
300833b2ddd9014000030001,1,1,1236,-49,1654780801209360,1654780801209360,
300833b2ddd9014000030008,1,1,3152,-45,1654780801210444,1654780801210444,
300833b2ddd9014000030001,1,1,1200,-49,1654780801215702,1654780801215702,
300833b2ddd9014000030002,1,1,228,-50,1654780801217381,1654780801217381,
300833b2ddd9014000030008,1,1,3128,-45,1654780801218479,1654780801218479,
300833b2ddd9014000030009,1,1,2360,-45,1654780801219961,1654780801219961,
300833b2ddd9014000030009,1,1,2304,-46,1654780801255781,1654780801255781,
300833b2ddd9014000030002,1,1,164,-50,1654780801263742,1654780801263742,
300833b2ddd9014000030008,1,1,3116,-45,1654780801265661,1654780801265661,
300833b2ddd9014000030001,1,1,1080,-49,1654780801266962,1654780801266962,
300833b2ddd9014000030002,1,1,160,-50,1654780801271643,1654780801271643,
300833b2ddd9014000030008,1,1,3120,-45,1654780801273224,1654780801273224,
300833b2ddd9014000030001,1,1,1052,-49,1654780801275741,1654780801275741,
300833b2ddd9014000030009,1,1,2304,-46,1654780801277065,1654780801277065,
300833b2ddd9014000030001,1,1,1076,-48,1654780801307486,1654780801307486,
300833b2ddd9014000030008,1,1,3084,-46,1654780801308771,1654780801308771,
300833b2ddd9014000030002,1,1,112,-51,1654780801310351,1654780801310351,
300833b2ddd9014000030009,1,1,2244,-47,1654780801311466,1654780801311466,
300833b2ddd9014000030001,1,1,1084,-48,1654780801315910,1654780801315910,
300833b2ddd9014000030008,1,1,3072,-45,1654780801316980,1654780801316980,
300833b2ddd9014000030002,1,1,88,-51,1654780801318046,1654780801318046,
300833b2ddd9014000030009,1,1,2244,-47,1654780801319346,1654780801319346,
300833b2ddd9014000030001,1,1,1160,-48,1654780801357611,1654780801357611,
300833b2ddd9014000030008,1,1,3056,-46,1654780801358709,1654780801358709,
300833b2ddd9014000030002,1,1,60,-50,1654780801361126,1654780801361126,
300833b2ddd9014000030009,1,1,2268,-46,1654780801362183,1654780801362183,
300833b2ddd9014000030002,1,1,56,-50,1654780801366078,1654780801366078,
300833b2ddd9014000030009,1,1,2256,-46,1654780801367800,1654780801367800,
300833b2ddd9014000030001,1,1,1168,-48,1654780801369113,1654780801369113,
300833b2ddd9014000030008,1,1,3076,-45,1654780801370256,1654780801370256,
300833b2ddd9014000030009,1,1,2256,-46,1654780801402131,1654780801402131,
300833b2ddd9014000030002,1,1,116,-50,1654780801403213,1654780801403213,
300833b2ddd9014000030008,1,1,3140,-45,1654780801404312,1654780801404312,
300833b2ddd9014000030001,1,1,1200,-48,1654780801405881,1654780801405881,
300833b2ddd9014000030009,1,1,2236,-46,1654780801410357,1654780801410357,
300833b2ddd9014000030001,1,1,1184,-48,1654780801411441,1654780801411441,
300833b2ddd9014000030002,1,1,108,-50,1654780801412543,1654780801412543,
300833b2ddd9014000030008,1,1,3136,-45,1654780801414307,1654780801414307,
300833b2ddd9014000030009,1,1,2280,-45,1654780801451664,1654780801451664,
300833b2ddd9014000030008,1,1,3204,-45,1654780801454494,1654780801454494,
300833b2ddd9014000030002,1,1,172,-50,1654780801455949,1654780801455949,
300833b2ddd9014000030001,1,1,1120,-48,1654780801457023,1654780801457023,
300833b2ddd9014000030001,1,1,1140,-48,1654780801460258,1654780801460258,
300833b2ddd9014000030009,1,1,2284,-45,1654780801461696,1654780801461696,
300833b2ddd9014000030008,1,1,3208,-46,1654780801463064,1654780801463064,
300833b2ddd9014000030002,1,1,160,-50,1654780801464551,1654780801464551,
300833b2ddd9014000030009,1,1,2296,-45,1654780801495823,1654780801495823,
300833b2ddd9014000030002,1,1,168,-50,1654780801497164,1654780801497164,
300833b2ddd9014000030008,1,1,3232,-46,1654780801498417,1654780801498417,
300833b2ddd9014000030001,1,1,1092,-48,1654780801499476,1654780801499476,
300833b2ddd9014000030001,1,1,1080,-48,1654780801503949,1654780801503949,
300833b2ddd9014000030009,1,1,2300,-45,1654780801505885,1654780801505885,
300833b2ddd9014000030008,1,1,3216,-46,1654780801506926,1654780801506926,
300833b2ddd9014000030002,1,1,188,-50,1654780801507996,1654780801507996,
300833b2ddd9014000030009,1,1,2280,-45,1654780801538644,1654780801538644,
300833b2ddd9014000030008,1,1,3220,-46,1654780801539742,1654780801539742,
300833b2ddd9014000030001,1,1,1064,-48,1654780801540842,1654780801540842,
300833b2ddd9014000030002,1,1,180,-49,1654780801542140,1654780801542140,
300833b2ddd9014000030008,1,1,3220,-46,1654780801548449,1654780801548449,
300833b2ddd9014000030002,1,1,188,-50,1654780801550211,1654780801550211,
300833b2ddd9014000030009,1,1,2292,-45,1654780801551309,1654780801551309,
300833b2ddd9014000030001,1,1,1056,-48,1654780801552508,1654780801552508,
300833b2ddd9014000030001,1,1,1064,-48,1654780801583550,1654780801583550,
300833b2ddd9014000030009,1,1,2308,-45,1654780801584633,1654780801584633,
300833b2ddd9014000030008,1,1,3184,-46,1654780801585702,1654780801585702,
300833b2ddd9014000030002,1,1,188,-50,1654780801587099,1654780801587099,
300833b2ddd9014000030008,1,1,3172,-45,1654780801590123,1654780801590123,
300833b2ddd9014000030009,1,1,2308,-45,1654780801591820,1654780801591820,
300833b2ddd9014000030002,1,1,144,-50,1654780801592890,1654780801592890,
300833b2ddd9014000030001,1,1,1072,-48,1654780801594585,1654780801594585,
300833b2ddd9014000030009,1,1,2344,-45,1654780801624970,1654780801624970,
300833b2ddd9014000030008,1,1,3164,-45,1654780801627317,1654780801627317,
300833b2ddd9014000030001,1,1,1044,-49,1654780801628786,1654780801628786,
300833b2ddd9014000030002,1,1,172,-49,1654780801629855,1654780801629855,
300833b2ddd9014000030002,1,1,204,-49,1654780801633947,1654780801633947,
300833b2ddd9014000030008,1,1,3196,-45,1654780801635275,1654780801635275,
300833b2ddd9014000030009,1,1,2324,-45,1654780801636360,1654780801636360,
300833b2ddd9014000030001,1,1,1084,-49,1654780801637858,1654780801637858,
300833b2ddd9014000030009,1,1,2332,-45,1654780801669191,1654780801669191,
300833b2ddd9014000030002,1,1,204,-49,1654780801670203,1654780801670203,
300833b2ddd9014000030001,1,1,1104,-49,1654780801672264,1654780801672264,
300833b2ddd9014000030008,1,1,3184,-45,1654780801673378,1654780801673378,
300833b2ddd9014000030009,1,1,2348,-45,1654780801679025,1654780801679025,
300833b2ddd9014000030002,1,1,180,-49,1654780801680078,1654780801680078,
300833b2ddd9014000030008,1,1,3176,-45,1654780801681474,1654780801681474,
300833b2ddd9014000030001,1,1,1096,-49,1654780801682520,1654780801682520,
300833b2ddd9014000030009,1,1,2348,-44,1654780801712976,1654780801712976,
300833b2ddd9014000030002,1,1,232,-49,1654780801714384,1654780801714384,
300833b2ddd9014000030008,1,1,3196,-45,1654780801715466,1654780801715466,
300833b2ddd9014000030001,1,1,1124,-49,1654780801716526,1654780801716526,
300833b2ddd9014000030009,1,1,2368,-44,1654780801721649,1654780801721649,
300833b2ddd9014000030001,1,1,1108,-49,1654780801723653,1654780801723653,
300833b2ddd9014000030002,1,1,244,-49,1654780801724719,1654780801724719,
300833b2ddd9014000030008,1,1,3208,-44,1654780801725763,1654780801725763,
300833b2ddd9014000030009,1,1,2344,-44,1654780801757186,1654780801757186,
300833b2ddd9014000030008,1,1,3204,-44,1654780801758751,1654780801758751,
300833b2ddd9014000030001,1,1,1112,-49,1654780801759967,1654780801759967,
300833b2ddd9014000030002,1,1,276,-49,1654780801761050,1654780801761050,
300833b2ddd9014000030001,1,1,1096,-49,1654780801764539,1654780801764539,
300833b2ddd9014000030002,1,1,272,-49,1654780801766005,1654780801766005,
300833b2ddd9014000030008,1,1,3232,-44,1654780801767060,1654780801767060,
300833b2ddd9014000030009,1,1,2364,-44,1654780801768160,1654780801768160,
300833b2ddd9014000030009,1,1,2392,-44,1654780801798729,1654780801798729,
300833b2ddd9014000030008,1,1,3220,-44,1654780801800407,1654780801800407,
300833b2ddd9014000030002,1,1,280,-49,1654780801801974,1654780801801974,
300833b2ddd9014000030001,1,1,1124,-48,1654780801803246,1654780801803246,
300833b2ddd9014000030009,1,1,2368,-44,1654780801806243,1654780801806243,
300833b2ddd9014000030008,1,1,3224,-44,1654780801807327,1654780801807327,
300833b2ddd9014000030001,1,1,1124,-49,1654780801809660,1654780801809660,
300833b2ddd9014000030002,1,1,280,-49,1654780801811953,1654780801811953,
300833b2ddd9014000030008,1,1,3220,-44,1654780801841651,1654780801841651,
300833b2ddd9014000030009,1,1,2380,-44,1654780801842765,1654780801842765,
300833b2ddd9014000030002,1,1,276,-49,1654780801844303,1654780801844303,
300833b2ddd9014000030001,1,1,1132,-48,1654780801845900,1654780801845900,
300833b2ddd9014000030002,1,1,304,-49,1654780801850354,1654780801850354,
300833b2ddd9014000030009,1,1,2372,-44,1654780801851438,1654780801851438,
300833b2ddd9014000030008,1,1,3232,-44,1654780801852493,1654780801852493,
300833b2ddd9014000030001,1,1,1144,-48,1654780801853803,1654780801853803,
300833b2ddd9014000030009,1,1,2392,-44,1654780801886369,1654780801886369,
300833b2ddd9014000030002,1,1,308,-49,1654780801887582,1654780801887582,
300833b2ddd9014000030008,1,1,3240,-44,1654780801888636,1654780801888636,
300833b2ddd9014000030001,1,1,1140,-48,1654780801889767,1654780801889767,
300833b2ddd9014000030002,1,1,300,-49,1654780801894837,1654780801894837,
300833b2ddd9014000030009,1,1,2388,-44,1654780801896148,1654780801896148,
300833b2ddd9014000030001,1,1,1156,-48,1654780801898405,1654780801898405,
300833b2ddd9014000030008,1,1,3228,-44,1654780801899478,1654780801899478,
300833b2ddd9014000030009,1,1,2372,-44,1654780801929591,1654780801929591,
300833b2ddd9014000030002,1,1,336,-49,1654780801930914,1654780801930914,
300833b2ddd9014000030008,1,1,3236,-44,1654780801931983,1654780801931983,
300833b2ddd9014000030001,1,1,1160,-48,1654780801933965,1654780801933965,
300833b2ddd9014000030008,1,1,3240,-44,1654780801938610,1654780801938610,
300833b2ddd9014000030009,1,1,2360,-44,1654780801939697,1654780801939697,
300833b2ddd9014000030001,1,1,1164,-48,1654780801940752,1654780801940752,
300833b2ddd9014000030002,1,1,332,-49,1654780801942947,1654780801942947,
300833b2ddd9014000030009,1,1,2400,-44,1654780801974817,1654780801974817,
300833b2ddd9014000030001,1,1,1172,-48,1654780801975904,1654780801975904,
300833b2ddd9014000030008,1,1,3232,-44,1654780801976989,1654780801976989,
300833b2ddd9014000030002,1,1,312,-49,1654780801978400,1654780801978400,
300833b2ddd9014000030002,1,1,336,-49,1654780801981624,1654780801981624,
300833b2ddd9014000030009,1,1,2400,-44,1654780801982906,1654780801982906,
300833b2ddd9014000030008,1,1,3228,-44,1654780801984246,1654780801984246,
300833b2ddd9014000030001,1,1,1168,-48,1654780801985347,1654780801985347,
300833b2ddd9014000030002,1,1,324,-49,1654780802018090,1654780802018090,
300833b2ddd9014000030008,1,1,3244,-44,1654780802022337,1654780802022337,
300833b2ddd9014000030009,1,1,2396,-44,1654780802023407,1654780802023407,
300833b2ddd9014000030001,1,1,1188,-48,1654780802024637,1654780802024637,
300833b2ddd9014000030009,1,1,2416,-44,1654780802027517,1654780802027517,
300833b2ddd9014000030008,1,1,3240,-44,1654780802028584,1654780802028584,
300833b2ddd9014000030001,1,1,1164,-48,1654780802030441,1654780802030441,
300833b2ddd9014000030002,1,1,320,-49,1654780802031497,1654780802031497,
300833b2ddd9014000030002,1,1,344,-49,1654780802063989,1654780802063989,
300833b2ddd9014000030001,1,1,1164,-47,1654780802065077,1654780802065077,
300833b2ddd9014000030008,1,1,3240,-44,1654780802066174,1654780802066174,
300833b2ddd9014000030009,1,1,2408,-44,1654780802067230,1654780802067230,
300833b2ddd9014000030001,1,1,1156,-48,1654780802071340,1654780802071340,
300833b2ddd9014000030009,1,1,2404,-44,1654780802072821,1654780802072821,
300833b2ddd9014000030008,1,1,3240,-44,1654780802073934,1654780802073934,
300833b2ddd9014000030002,1,1,368,-49,1654780802075003,1654780802075003,
300833b2ddd9014000030009,1,1,2384,-44,1654780802105861,1654780802105861,
300833b2ddd9014000030002,1,1,356,-49,1654780802107301,1654780802107301,
300833b2ddd9014000030001,1,1,1184,-47,1654780802108644,1654780802108644,
300833b2ddd9014000030008,1,1,3252,-44,1654780802109741,1654780802109741,
300833b2ddd9014000030002,1,1,356,-50,1654780802113601,1654780802113601,
300833b2ddd9014000030009,1,1,2384,-44,1654780802115085,1654780802115085,
300833b2ddd9014000030001,1,1,1172,-47,1654780802116187,1654780802116187,
300833b2ddd9014000030008,1,1,3236,-44,1654780802117868,1654780802117868,
300833b2ddd9014000030002,1,1,356,-50,1654780802148141,1654780802148141,
300833b2ddd9014000030009,1,1,2396,-44,1654780802149804,1654780802149804,
300833b2ddd9014000030001,1,1,1176,-47,1654780802153967,1654780802153967,
300833b2ddd9014000030008,1,1,3244,-44,1654780802155065,1654780802155065,
300833b2ddd9014000030001,1,1,1164,-47,1654780802157879,1654780802157879,
300833b2ddd9014000030002,1,1,364,-50,1654780802159430,1654780802159430,
300833b2ddd9014000030008,1,1,3236,-44,1654780802160797,1654780802160797,
300833b2ddd9014000030009,1,1,2388,-44,1654780802162122,1654780802162122,
300833b2ddd9014000030002,1,1,372,-50,1654780802193684,1654780802193684,
300833b2ddd9014000030008,1,1,3240,-44,1654780802194752,1654780802194752,
300833b2ddd9014000030009,1,1,2384,-44,1654780802195823,1654780802195823,
300833b2ddd9014000030001,1,1,1128,-47,1654780802197633,1654780802197633,
300833b2ddd9014000030002,1,1,364,-50,1654780802201866,1654780802201866,
300833b2ddd9014000030001,1,1,1172,-47,1654780802202950,1654780802202950,
300833b2ddd9014000030009,1,1,2368,-44,1654780802205045,1654780802205045,
300833b2ddd9014000030008,1,1,3248,-44,1654780802206155,1654780802206155,
300833b2ddd9014000030001,1,1,1172,-47,1654780802237325,1654780802237325,
300833b2ddd9014000030002,1,1,372,-50,1654780802238351,1654780802238351,
300833b2ddd9014000030008,1,1,3228,-44,1654780802240173,1654780802240173,
300833b2ddd9014000030009,1,1,2364,-44,1654780802241257,1654780802241257,
300833b2ddd9014000030001,1,1,1172,-47,1654780802245933,1654780802245933,
300833b2ddd9014000030002,1,1,336,-50,1654780802248173,1654780802248173,
300833b2ddd9014000030009,1,1,2360,-44,1654780802252168,1654780802252168,
300833b2ddd9014000030008,1,1,3232,-44,1654780802253365,1654780802253365,
300833b2ddd9014000030008,1,1,3232,-44,1654780802283414,1654780802283414,
300833b2ddd9014000030001,1,1,1184,-47,1654780802285142,1654780802285142,
300833b2ddd9014000030009,1,1,2400,-44,1654780802286168,1654780802286168,
300833b2ddd9014000030002,1,1,376,-50,1654780802287251,1654780802287251,
300833b2ddd9014000030001,1,1,1164,-47,1654780802291347,1654780802291347,
300833b2ddd9014000030009,1,1,2368,-44,1654780802292845,1654780802292845,
300833b2ddd9014000030008,1,1,3240,-44,1654780802294181,1654780802294181,
300833b2ddd9014000030002,1,1,364,-50,1654780802295890,1654780802295890,
300833b2ddd9014000030008,1,1,3236,-44,1654780802326396,1654780802326396,
300833b2ddd9014000030009,1,1,2396,-44,1654780802328497,1654780802328497,
300833b2ddd9014000030002,1,1,360,-50,1654780802329596,1654780802329596,
300833b2ddd9014000030001,1,1,1176,-47,1654780802330782,1654780802330782,
300833b2ddd9014000030001,1,1,1180,-47,1654780802333520,1654780802333520,
300833b2ddd9014000030002,1,1,372,-50,1654780802334619,1654780802334619,
300833b2ddd9014000030009,1,1,2364,-44,1654780802335930,1654780802335930,
300833b2ddd9014000030008,1,1,3236,-44,1654780802337722,1654780802337722,
300833b2ddd9014000030009,1,1,2392,-44,1654780802369215,1654780802369215,
300833b2ddd9014000030002,1,1,368,-50,1654780802371179,1654780802371179,
300833b2ddd9014000030001,1,1,1180,-47,1654780802372263,1654780802372263,
300833b2ddd9014000030008,1,1,3232,-44,1654780802373406,1654780802373406,
300833b2ddd9014000030002,1,1,364,-50,1654780802377228,1654780802377228,
300833b2ddd9014000030008,1,1,3236,-44,1654780802378739,1654780802378739,
300833b2ddd9014000030009,1,1,2360,-44,1654780802380080,1654780802380080,
300833b2ddd9014000030001,1,1,1156,-47,1654780802381139,1654780802381139,
300833b2ddd9014000030002,1,1,376,-50,1654780802411933,1654780802411933,
300833b2ddd9014000030008,1,1,3224,-44,1654780802413417,1654780802413417,
300833b2ddd9014000030001,1,1,1160,-47,1654780802414475,1654780802414475,
300833b2ddd9014000030009,1,1,2388,-44,1654780802415517,1654780802415517,
300833b2ddd9014000030001,1,1,1160,-47,1654780802419602,1654780802419602,
300833b2ddd9014000030008,1,1,3208,-44,1654780802420714,1654780802420714,
300833b2ddd9014000030002,1,1,348,-50,1654780802422251,1654780802422251,
300833b2ddd9014000030009,1,1,2356,-44,1654780802423364,1654780802423364,
300833b2ddd9014000030002,1,1,332,-50,1654780802454562,1654780802454562,
300833b2ddd9014000030009,1,1,2400,-44,1654780802456563,1654780802456563,
300833b2ddd9014000030008,1,1,3220,-44,1654780802457945,1654780802457945,
300833b2ddd9014000030001,1,1,1164,-48,1654780802459389,1654780802459389,
300833b2ddd9014000030008,1,1,3236,-44,1654780802463234,1654780802463234,
300833b2ddd9014000030009,1,1,2368,-44,1654780802464476,1654780802464476,
300833b2ddd9014000030001,1,1,1172,-47,1654780802465800,1654780802465800,
300833b2ddd9014000030002,1,1,348,-50,1654780802467286,1654780802467286,
300833b2ddd9014000030008,1,1,3228,-44,1654780802497798,1654780802497798,
300833b2ddd9014000030002,1,1,332,-50,1654780802498883,1654780802498883,
300833b2ddd9014000030001,1,1,1164,-47,1654780802500479,1654780802500479,
300833b2ddd9014000030009,1,1,2364,-44,1654780802501578,1654780802501578,
300833b2ddd9014000030002,1,1,336,-50,1654780802506564,1654780802506564,
300833b2ddd9014000030008,1,1,3220,-44,1654780802508141,1654780802508141,
300833b2ddd9014000030001,1,1,1184,-47,1654780802509470,1654780802509470,
300833b2ddd9014000030009,1,1,2364,-44,1654780802510584,1654780802510584,
300833b2ddd9014000030008,1,1,3232,-44,1654780802542042,1654780802542042,
300833b2ddd9014000030009,1,1,2404,-44,1654780802543369,1654780802543369,
300833b2ddd9014000030001,1,1,1184,-47,1654780802544939,1654780802544939,
300833b2ddd9014000030002,1,1,348,-50,1654780802546237,1654780802546237,
300833b2ddd9014000030008,1,1,3224,-44,1654780802551196,1654780802551196,
300833b2ddd9014000030002,1,1,352,-50,1654780802554386,1654780802554386,
300833b2ddd9014000030009,1,1,2364,-44,1654780802555456,1654780802555456,
300833b2ddd9014000030001,1,1,1168,-47,1654780802556686,1654780802556686,
300833b2ddd9014000030001,1,1,1164,-47,1654780802586613,1654780802586613,
300833b2ddd9014000030002,1,1,372,-50,1654780802588882,1654780802588882,
300833b2ddd9014000030008,1,1,3216,-44,1654780802589937,1654780802589937,
300833b2ddd9014000030009,1,1,2360,-44,1654780802591533,1654780802591533,
300833b2ddd9014000030008,1,1,3236,-44,1654780802596054,1654780802596054,
300833b2ddd9014000030001,1,1,1168,-47,1654780802597315,1654780802597315,
300833b2ddd9014000030001,1,1,1184,-47,1654780802801057,1654780802801057,
300833b2ddd9014000030008,1,1,3228,-44,1654780802802156,1654780802802156,
300833b2ddd9014000030001,1,1,1184,-47,1654780802808424,1654780802808424,
300833b2ddd9014000030009,1,1,2372,-44,1654780802809850,1654780802809850,
300833b2ddd9014000030008,1,1,3220,-44,1654780802810962,1654780802810962,
300833b2ddd9014000030002,1,1,372,-50,1654780802812074,1654780802812074,
300833b2ddd9014000030009,1,1,2356,-44,1654780802843181,1654780802843181,
300833b2ddd9014000030008,1,1,3220,-44,1654780802845679,1654780802845679,
300833b2ddd9014000030001,1,1,1164,-47,1654780802847694,1654780802847694,
300833b2ddd9014000030002,1,1,372,-50,1654780802848795,1654780802848795,
300833b2ddd9014000030009,1,1,2356,-45,1654780802861051,1654780802861051,
300833b2ddd9014000030002,1,1,388,-50,1654780802862361,1654780802862361,
300833b2ddd9014000030008,1,1,3224,-44,1654780802864546,1654780802864546,
300833b2ddd9014000030001,1,1,1156,-47,1654780802865620,1654780802865620,
300833b2ddd9014000030009,1,1,2364,-44,1654780802903962,1654780802903962,
300833b2ddd9014000030001,1,1,1152,-47,1654780802905276,1654780802905276,
300833b2ddd9014000030002,1,1,360,-50,1654780802906558,1654780802906558,
300833b2ddd9014000030008,1,1,3212,-44,1654780802907613,1654780802907613,
300833b2ddd9014000030002,1,1,376,-50,1654780802912544,1654780802912544,
300833b2ddd9014000030001,1,1,1160,-47,1654780802913642,1654780802913642,
300833b2ddd9014000030009,1,1,2368,-44,1654780802916085,1654780802916085,
300833b2ddd9014000030008,1,1,3240,-45,1654780802917452,1654780802917452,
300833b2ddd9014000030001,1,1,1164,-47,1654780802949773,1654780802949773,
300833b2ddd9014000030009,1,1,2376,-44,1654780802950901,1654780802950901,
300833b2ddd9014000030002,1,1,356,-50,1654780802951957,1654780802951957,
300833b2ddd9014000030008,1,1,3220,-44,1654780802953040,1654780802953040,
300833b2ddd9014000030008,1,1,3228,-45,1654780802957974,1654780802957974,
300833b2ddd9014000030002,1,1,388,-49,1654780802959029,1654780802959029,
300833b2ddd9014000030009,1,1,2356,-44,1654780802960398,1654780802960398,
300833b2ddd9014000030001,1,1,1156,-47,1654780802961938,1654780802961938,
300833b2ddd9014000030009,1,1,2368,-44,1654780802993514,1654780802993514,
300833b2ddd9014000030001,1,1,1160,-47,1654780802996135,1654780802996135,
300833b2ddd9014000030008,1,1,3228,-45,1654780802997193,1654780802997193,
300833b2ddd9014000030002,1,1,380,-50,1654780802998406,1654780802998406,
300833b2ddd9014000030008,1,1,3228,-45,1654780803001126,1654780803001126,
300833b2ddd9014000030001,1,1,1160,-47,1654780803002167,1654780803002167,
300833b2ddd9014000030009,1,1,2360,-44,1654780803003679,1654780803003679,
300833b2ddd9014000030002,1,1,368,-50,1654780803006126,1654780803006126,
300833b2ddd9014000030002,1,1,372,-50,1654780803037048,1654780803037048,
300833b2ddd9014000030001,1,1,1160,-47,1654780803038374,1654780803038374,
300833b2ddd9014000030008,1,1,3232,-44,1654780803039458,1654780803039458,
300833b2ddd9014000030009,1,1,2364,-44,1654780803041039,1654780803041039,
300833b2ddd9014000030008,1,1,3252,-44,1654780803045480,1654780803045480,
300833b2ddd9014000030009,1,1,2372,-44,1654780803046550,1654780803046550,
300833b2ddd9014000030002,1,1,384,-50,1654780803048370,1654780803048370,
300833b2ddd9014000030001,1,1,1168,-47,1654780803050906,1654780803050906,
300833b2ddd9014000030002,1,1,404,-50,1654780803081842,1654780803081842,
300833b2ddd9014000030008,1,1,3240,-44,1654780803082879,1654780803082879,
300833b2ddd9014000030009,1,1,2364,-44,1654780803084245,1654780803084245,
300833b2ddd9014000030001,1,1,1196,-47,1654780803086805,1654780803086805,
300833b2ddd9014000030001,1,1,1160,-47,1654780803091789,1654780803091789,
300833b2ddd9014000030009,1,1,2380,-44,1654780803093204,1654780803093204,
300833b2ddd9014000030008,1,1,3228,-45,1654780803094245,1654780803094245,
300833b2ddd9014000030002,1,1,388,-50,1654780803095557,1654780803095557,
300833b2ddd9014000030002,1,1,392,-50,1654780803125917,1654780803125917,
300833b2ddd9014000030008,1,1,3224,-44,1654780803127890,1654780803127890,
300833b2ddd9014000030009,1,1,2384,-44,1654780803128961,1654780803128961,
300833b2ddd9014000030001,1,1,1160,-47,1654780803130302,1654780803130302,
300833b2ddd9014000030009,1,1,2360,-44,1654780803134131,1654780803134131,
300833b2ddd9014000030001,1,1,1156,-47,1654780803135640,1654780803135640,
300833b2ddd9014000030008,1,1,3236,-44,1654780803136709,1654780803136709,
300833b2ddd9014000030002,1,1,364,-50,1654780803137991,1654780803137991,
300833b2ddd9014000030001,1,1,1156,-47,1654780803168430,1654780803168430,
300833b2ddd9014000030009,1,1,2360,-44,1654780803169984,1654780803169984,
300833b2ddd9014000030008,1,1,3232,-45,1654780803171110,1654780803171110,
300833b2ddd9014000030002,1,1,404,-50,1654780803172701,1654780803172701,
300833b2ddd9014000030009,1,1,2356,-44,1654780803176907,1654780803176907,
300833b2ddd9014000030008,1,1,3224,-44,1654780803178457,1654780803178457,
300833b2ddd9014000030001,1,1,1164,-47,1654780803180211,1654780803180211,
300833b2ddd9014000030002,1,1,408,-50,1654780803182516,1654780803182516,
300833b2ddd9014000030009,1,1,2356,-45,1654780803212354,1654780803212354,
300833b2ddd9014000030001,1,1,1168,-47,1654780803213668,1654780803213668,
300833b2ddd9014000030008,1,1,3232,-45,1654780803215274,1654780803215274,
300833b2ddd9014000030002,1,1,392,-50,1654780803216347,1654780803216347,
300833b2ddd9014000030008,1,1,3232,-45,1654780803220795,1654780803220795,
300833b2ddd9014000030009,1,1,2348,-44,1654780803221907,1654780803221907,
300833b2ddd9014000030002,1,1,404,-50,1654780803223752,1654780803223752,
300833b2ddd9014000030001,1,1,1156,-47,1654780803225437,1654780803225437,