epc,atenda,atendanum,phase,RSS,timestamp,timestamp2,
300833b2ddd9014000030008,1,1,3620,-45,1654779571881712,1654779571881712,
300833b2ddd9014000030001,1,1,1336,-49,1654779571883641,1654779571883641,
300833b2ddd9014000030002,1,1,840,-50,1654779571888131,1654779571888131,
300833b2ddd9014000030009,1,1,2640,-44,1654779571889330,1654779571889330,
300833b2ddd9014000030008,1,1,3604,-45,1654779571890413,1654779571890413,
300833b2ddd9014000030001,1,1,1324,-50,1654779571891501,1654779571891501,
300833b2ddd9014000030002,1,1,820,-50,1654779571922283,1654779571922283,
300833b2ddd9014000030008,1,1,3616,-45,1654779571924413,1654779571924413,
300833b2ddd9014000030001,1,1,1320,-50,1654779571925515,1654779571925515,
300833b2ddd9014000030009,1,1,2628,-44,1654779571928848,1654779571928848,
300833b2ddd9014000030002,1,1,844,-50,1654779571929873,1654779571929873,
300833b2ddd9014000030008,1,1,3628,-45,1654779571930943,1654779571930943,
300833b2ddd9014000030001,1,1,1328,-50,1654779571932228,1654779571932228,
300833b2ddd9014000030008,1,1,3616,-45,1654779571964913,1654779571964913,
300833b2ddd9014000030009,1,1,2624,-44,1654779571966369,1654779571966369,
300833b2ddd9014000030001,1,1,1340,-50,1654779571969262,1654779571969262,
300833b2ddd9014000030002,1,1,824,-49,1654779571970317,1654779571970317,
300833b2ddd9014000030009,1,1,2640,-44,1654779571973339,1654779571973339,
300833b2ddd9014000030001,1,1,1340,-49,1654779571974410,1654779571974410,
300833b2ddd9014000030002,1,1,816,-49,1654779571976433,1654779571976433,
300833b2ddd9014000030008,1,1,3608,-45,1654779571978468,1654779571978468,
300833b2ddd9014000030002,1,1,824,-50,1654779572009339,1654779572009339,
300833b2ddd9014000030001,1,1,1328,-50,1654779572011740,1654779572011740,
300833b2ddd9014000030008,1,1,3628,-45,1654779572013931,1654779572013931,
300833b2ddd9014000030009,1,1,2632,-44,1654779572016237,1654779572016237,
300833b2ddd9014000030009,1,1,2632,-44,1654779572019914,1654779572019914,
300833b2ddd9014000030008,1,1,3620,-45,1654779572021338,1654779572021338,
300833b2ddd9014000030001,1,1,1332,-50,1654779572022651,1654779572022651,
300833b2ddd9014000030002,1,1,820,-50,1654779572024105,1654779572024105,
300833b2ddd9014000030001,1,1,1348,-49,1654779572055302,1654779572055302,
300833b2ddd9014000030002,1,1,816,-49,1654779572057040,1654779572057040,
300833b2ddd9014000030009,1,1,2632,-44,1654779572058562,1654779572058562,
300833b2ddd9014000030008,1,1,3616,-45,1654779572059660,1654779572059660,
300833b2ddd9014000030008,1,1,3620,-45,1654779572063557,1654779572063557,
300833b2ddd9014000030001,1,1,1340,-49,1654779572064912,1654779572064912,
300833b2ddd9014000030009,1,1,2636,-44,1654779572066012,1654779572066012,
300833b2ddd9014000030002,1,1,828,-49,1654779572068493,1654779572068493,
300833b2ddd9014000030001,1,1,1324,-49,1654779572099384,1654779572099384,
300833b2ddd9014000030002,1,1,812,-50,1654779572100992,1654779572100992,
300833b2ddd9014000030008,1,1,3632,-45,1654779572102543,1654779572102543,
300833b2ddd9014000030009,1,1,2628,-44,1654779572103586,1654779572103586,
300833b2ddd9014000030008,1,1,3604,-45,1654779572109303,1654779572109303,
300833b2ddd9014000030002,1,1,824,-49,1654779572110360,1654779572110360,
300833b2ddd9014000030009,1,1,2632,-44,1654779572111430,1654779572111430,
300833b2ddd9014000030001,1,1,1328,-50,1654779572112857,1654779572112857,
300833b2ddd9014000030009,1,1,2640,-44,1654779572144077,1654779572144077,
300833b2ddd9014000030001,1,1,1324,-49,1654779572145644,1654779572145644,
300833b2ddd9014000030008,1,1,3628,-45,1654779572147212,1654779572147212,
300833b2ddd9014000030002,1,1,828,-50,1654779572148311,1654779572148311,
300833b2ddd9014000030001,1,1,1348,-49,1654779572152999,1654779572152999,
300833b2ddd9014000030008,1,1,3624,-45,1654779572154475,1654779572154475,
300833b2ddd9014000030009,1,1,2636,-44,1654779572156086,1654779572156086,
300833b2ddd9014000030002,1,1,816,-50,1654779572157328,1654779572157328,
300833b2ddd9014000030008,1,1,3620,-45,1654779572188077,1654779572188077,
300833b2ddd9014000030009,1,1,2632,-44,1654779572189304,1654779572189304,
300833b2ddd9014000030002,1,1,828,-49,1654779572192418,1654779572192418,
300833b2ddd9014000030001,1,1,1320,-50,1654779572193547,1654779572193547,
300833b2ddd9014000030009,1,1,2636,-44,1654779572197085,1654779572197085,
300833b2ddd9014000030001,1,1,1332,-50,1654779572198272,1654779572198272,
300833b2ddd9014000030008,1,1,3624,-45,1654779572199327,1654779572199327,
300833b2ddd9014000030002,1,1,836,-50,1654779572200640,1654779572200640,
300833b2ddd9014000030009,1,1,2632,-44,1654779572230970,1654779572230970,
300833b2ddd9014000030001,1,1,1296,-50,1654779572233426,1654779572233426,
300833b2ddd9014000030008,1,1,3624,-45,1654779572234509,1654779572234509,
300833b2ddd9014000030002,1,1,820,-49,1654779572235947,1654779572235947,
300833b2ddd9014000030002,1,1,844,-50,1654779572239234,1654779572239234,
300833b2ddd9014000030001,1,1,1316,-50,1654779572240906,1654779572240906,
300833b2ddd9014000030009,1,1,2636,-44,1654779572241975,1654779572241975,
300833b2ddd9014000030008,1,1,3632,-45,1654779572243056,1654779572243056,
300833b2ddd9014000030008,1,1,3624,-45,1654779572273585,1654779572273585,
300833b2ddd9014000030001,1,1,1308,-50,1654779572275338,1654779572275338,
300833b2ddd9014000030009,1,1,2652,-44,1654779572276678,1654779572276678,
300833b2ddd9014000030002,1,1,816,-49,1654779572277748,1654779572277748,
300833b2ddd9014000030008,1,1,3636,-45,1654779572282198,1654779572282198,
300833b2ddd9014000030009,1,1,2644,-44,1654779572283297,1654779572283297,
300833b2ddd9014000030002,1,1,824,-49,1654779572284339,1654779572284339,
300833b2ddd9014000030001,1,1,1308,-50,1654779572285427,1654779572285427,
300833b2ddd9014000030009,1,1,2640,-44,1654779572316335,1654779572316335,
300833b2ddd9014000030008,1,1,3624,-45,1654779572318058,1654779572318058,
300833b2ddd9014000030002,1,1,824,-49,1654779572319174,1654779572319174,
300833b2ddd9014000030001,1,1,1324,-50,1654779572320857,1654779572320857,
300833b2ddd9014000030008,1,1,3620,-45,1654779572324099,1654779572324099,
300833b2ddd9014000030002,1,1,828,-49,1654779572325753,1654779572325753,
300833b2ddd9014000030009,1,1,2648,-44,1654779572326794,1654779572326794,
300833b2ddd9014000030001,1,1,1344,-50,1654779572328509,1654779572328509,
300833b2ddd9014000030008,1,1,3616,-45,1654779572358225,1654779572358225,
300833b2ddd9014000030002,1,1,836,-49,1654779572359351,1654779572359351,
300833b2ddd9014000030009,1,1,2652,-44,1654779572361679,1654779572361679,
300833b2ddd9014000030001,1,1,1324,-50,1654779572363174,1654779572363174,
300833b2ddd9014000030008,1,1,3632,-45,1654779572368851,1654779572368851,
300833b2ddd9014000030009,1,1,2616,-44,1654779572370579,1654779572370579,
300833b2ddd9014000030001,1,1,1336,-50,1654779572371649,1654779572371649,
300833b2ddd9014000030002,1,1,836,-50,1654779572372793,1654779572372793,
300833b2ddd9014000030009,1,1,2648,-44,1654779572403836,1654779572403836,
300833b2ddd9014000030002,1,1,820,-49,1654779572405133,1654779572405133,
300833b2ddd9014000030001,1,1,1348,-50,1654779572406221,1654779572406221,
300833b2ddd9014000030008,1,1,3620,-45,1654779572407261,1654779572407261,
300833b2ddd9014000030008,1,1,3624,-45,1654779572411974,1654779572411974,
300833b2ddd9014000030009,1,1,2652,-44,1654779572413372,1654779572413372,
300833b2ddd9014000030001,1,1,1340,-50,1654779572415167,1654779572415167,
300833b2ddd9014000030002,1,1,836,-50,1654779572416850,1654779572416850,
300833b2ddd9014000030008,1,1,3632,-45,1654779572448727,1654779572448727,
300833b2ddd9014000030009,1,1,2632,-43,1654779572450271,1654779572450271,
300833b2ddd9014000030002,1,1,856,-49,1654779572457248,1654779572457248,
300833b2ddd9014000030001,1,1,1356,-50,1654779572458704,1654779572458704,
300833b2ddd9014000030008,1,1,3620,-45,1654779572463120,1654779572463120,
300833b2ddd9014000030001,1,1,1344,-50,1654779572464420,1654779572464420,
300833b2ddd9014000030002,1,1,820,-49,1654779572465518,1654779572465518,
300833b2ddd9014000030009,1,1,2648,-44,1654779572466859,1654779572466859,
300833b2ddd9014000030002,1,1,832,-49,1654779572498924,1654779572498924,
300833b2ddd9014000030009,1,1,2620,-44,1654779572501229,1654779572501229,
300833b2ddd9014000030001,1,1,1340,-50,1654779572503153,1654779572503153,
300833b2ddd9014000030008,1,1,3620,-45,1654779572504237,1654779572504237,
300833b2ddd9014000030002,1,1,840,-50,1654779572507257,1654779572507257,
300833b2ddd9014000030009,1,1,2640,-43,1654779572508385,1654779572508385,
300833b2ddd9014000030001,1,1,1356,-50,1654779572509444,1654779572509444,
300833b2ddd9014000030008,1,1,3624,-45,1654779572511008,1654779572511008,
300833b2ddd9014000030008,1,1,3640,-45,1654779572542926,1654779572542926,
300833b2ddd9014000030009,1,1,2652,-43,1654779572544395,1654779572544395,
300833b2ddd9014000030002,1,1,828,-49,1654779572546013,1654779572546013,
300833b2ddd9014000030001,1,1,1352,-50,1654779572547246,1654779572547246,
300833b2ddd9014000030002,1,1,828,-49,1654779572550986,1654779572550986,
300833b2ddd9014000030008,1,1,3632,-45,1654779572552228,1654779572552228,
300833b2ddd9014000030001,1,1,1328,-50,1654779572553315,1654779572553315,
300833b2ddd9014000030009,1,1,2644,-44,1654779572554387,1654779572554387,
300833b2ddd9014000030008,1,1,3624,-45,1654779572585049,1654779572585049,
300833b2ddd9014000030002,1,1,808,-49,1654779572586091,1654779572586091,
300833b2ddd9014000030001,1,1,1324,-50,1654779572587616,1654779572587616,
300833b2ddd9014000030009,1,1,2656,-44,1654779572588758,1654779572588758,
300833b2ddd9014000030002,1,1,840,-50,1654779572593544,1654779572593544,
300833b2ddd9014000030009,1,1,2660,-44,1654779572595469,1654779572595469,
300833b2ddd9014000030008,1,1,3632,-45,1654779572596795,1654779572596795,
300833b2ddd9014000030001,1,1,1324,-50,1654779572598254,1654779572598254,
300833b2ddd9014000030008,1,1,3624,-45,1654779572628508,1654779572628508,
300833b2ddd9014000030009,1,1,2632,-44,1654779572630219,1654779572630219,
300833b2ddd9014000030002,1,1,824,-49,1654779572632150,1654779572632150,
300833b2ddd9014000030001,1,1,1324,-50,1654779572633266,1654779572633266,
300833b2ddd9014000030009,1,1,2640,-44,1654779572636079,1654779572636079,
300833b2ddd9014000030001,1,1,1312,-50,1654779572637393,1654779572637393,
300833b2ddd9014000030008,1,1,3616,-45,1654779572638986,1654779572638986,
300833b2ddd9014000030002,1,1,844,-49,1654779572640069,1654779572640069,
300833b2ddd9014000030008,1,1,3628,-45,1654779572672024,1654779572672024,
300833b2ddd9014000030009,1,1,2644,-44,1654779572673521,1654779572673521,
300833b2ddd9014000030002,1,1,824,-49,1654779572675471,1654779572675471,
300833b2ddd9014000030008,1,1,3612,-45,1654779572678486,1654779572678486,
300833b2ddd9014000030009,1,1,2632,-44,1654779572679573,1654779572679573,
300833b2ddd9014000030001,1,1,1324,-50,1654779572681172,1654779572681172,
300833b2ddd9014000030002,1,1,820,-49,1654779572683616,1654779572683616,
300833b2ddd9014000030001,1,1,1324,-50,1654779572714455,1654779572714455,
300833b2ddd9014000030009,1,1,2656,-44,1654779572715528,1654779572715528,
300833b2ddd9014000030008,1,1,3616,-45,1654779572716852,1654779572716852,
300833b2ddd9014000030002,1,1,820,-49,1654779572718163,1654779572718163,
300833b2ddd9014000030009,1,1,2644,-44,1654779572723353,1654779572723353,
300833b2ddd9014000030008,1,1,3608,-45,1654779572726529,1654779572726529,
300833b2ddd9014000030001,1,1,1320,-50,1654779572728455,1654779572728455,
300833b2ddd9014000030002,1,1,824,-49,1654779572729553,1654779572729553,
300833b2ddd9014000030001,1,1,1316,-50,1654779572759802,1654779572759802,
300833b2ddd9014000030008,1,1,3628,-45,1654779572761228,1654779572761228,
300833b2ddd9014000030009,1,1,2616,-44,1654779572762796,1654779572762796,
300833b2ddd9014000030002,1,1,804,-49,1654779572764219,1654779572764219,
300833b2ddd9014000030001,1,1,1300,-50,1654779572766926,1654779572766926,
300833b2ddd9014000030002,1,1,836,-50,1654779572768220,1654779572768220,
300833b2ddd9014000030008,1,1,3612,-45,1654779572769576,1654779572769576,
300833b2ddd9014000030009,1,1,2620,-44,1654779572770691,1654779572770691,
300833b2ddd9014000030009,1,1,2624,-44,1654779572802465,1654779572802465,
300833b2ddd9014000030008,1,1,3604,-45,1654779572804627,1654779572804627,
300833b2ddd9014000030001,1,1,1312,-50,1654779572805942,1654779572805942,
300833b2ddd9014000030002,1,1,816,-49,1654779572807126,1654779572807126,
300833b2ddd9014000030002,1,1,820,-49,1654779572810301,1654779572810301,
300833b2ddd9014000030009,1,1,2628,-44,1654779572812474,1654779572812474,
300833b2ddd9014000030008,1,1,3608,-45,1654779572814155,1654779572814155,
300833b2ddd9014000030001,1,1,1324,-50,1654779572815400,1654779572815400,
300833b2ddd9014000030008,1,1,3616,-45,1654779572845633,1654779572845633,
300833b2ddd9014000030009,1,1,2624,-44,1654779572847199,1654779572847199,
300833b2ddd9014000030001,1,1,1332,-50,1654779572848301,1654779572848301,
300833b2ddd9014000030002,1,1,820,-49,1654779572849398,1654779572849398,
300833b2ddd9014000030009,1,1,2632,-44,1654779572853683,1654779572853683,
300833b2ddd9014000030002,1,1,816,-50,1654779572854925,1654779572854925,
300833b2ddd9014000030008,1,1,3608,-45,1654779572856007,1654779572856007,
300833b2ddd9014000030001,1,1,1320,-50,1654779572857350,1654779572857350,
300833b2ddd9014000030008,1,1,3600,-45,1654779572888332,1654779572888332,
300833b2ddd9014000030002,1,1,808,-49,1654779572889544,1654779572889544,
300833b2ddd9014000030009,1,1,2624,-44,1654779572890842,1654779572890842,
300833b2ddd9014000030001,1,1,1352,-50,1654779572892327,1654779572892327,
300833b2ddd9014000030009,1,1,2620,-44,1654779572896433,1654779572896433,
300833b2ddd9014000030008,1,1,3604,-45,1654779572897995,1654779572897995,
300833b2ddd9014000030002,1,1,816,-49,1654779572900551,1654779572900551,
300833b2ddd9014000030001,1,1,1300,-50,1654779572901768,1654779572901768,
300833b2ddd9014000030009,1,1,2624,-44,1654779572931233,1654779572931233,
300833b2ddd9014000030001,1,1,1340,-50,1654779572932323,1654779572932323,
300833b2ddd9014000030008,1,1,3604,-45,1654779572933364,1654779572933364,
300833b2ddd9014000030002,1,1,804,-49,1654779572934436,1654779572934436,
300833b2ddd9014000030009,1,1,2644,-44,1654779572939897,1654779572939897,
300833b2ddd9014000030008,1,1,3608,-45,1654779572941845,1654779572941845,
300833b2ddd9014000030001,1,1,1340,-50,1654779572942950,1654779572942950,
300833b2ddd9014000030002,1,1,808,-50,1654779572944644,1654779572944644,
300833b2ddd9014000030002,1,1,804,-49,1654779572974365,1654779572974365,
300833b2ddd9014000030008,1,1,3596,-45,1654779572975675,1654779572975675,
300833b2ddd9014000030001,1,1,1300,-50,1654779572977431,1654779572977431,
300833b2ddd9014000030009,1,1,2640,-44,1654779572978500,1654779572978500,
300833b2ddd9014000030002,1,1,800,-49,1654779572983251,1654779572983251,
300833b2ddd9014000030001,1,1,1336,-50,1654779572984325,1654779572984325,
300833b2ddd9014000030008,1,1,3612,-45,1654779572985912,1654779572985912,
300833b2ddd9014000030009,1,1,2632,-44,1654779572986970,1654779572986970,
300833b2ddd9014000030001,1,1,1352,-50,1654779573018974,1654779573018974,
300833b2ddd9014000030008,1,1,3604,-45,1654779573020056,1654779573020056,
300833b2ddd9014000030009,1,1,2620,-44,1654779573021142,1654779573021142,
300833b2ddd9014000030002,1,1,820,-49,1654779573022438,1654779573022438,
300833b2ddd9014000030002,1,1,812,-49,1654779573026982,1654779573026982,
300833b2ddd9014000030009,1,1,2648,-44,1654779573028310,1654779573028310,
300833b2ddd9014000030008,1,1,3608,-45,1654779573029618,1654779573029618,
300833b2ddd9014000030001,1,1,1340,-50,1654779573032058,1654779573032058,
300833b2ddd9014000030009,1,1,2616,-44,1654779573062975,1654779573062975,
300833b2ddd9014000030008,1,1,3592,-45,1654779573064414,1654779573064414,
300833b2ddd9014000030001,1,1,1352,-50,1654779573066437,1654779573066437,
300833b2ddd9014000030002,1,1,828,-49,1654779573067491,1654779573067491,
300833b2ddd9014000030001,1,1,1336,-50,1654779573070703,1654779573070703,
300833b2ddd9014000030008,1,1,3608,-45,1654779573072171,1654779573072171,
300833b2ddd9014000030009,1,1,2648,-44,1654779573073468,1654779573073468,
300833b2ddd9014000030002,1,1,848,-50,1654779573074951,1654779573074951,
300833b2ddd9014000030009,1,1,2628,-44,1654779573105221,1654779573105221,
300833b2ddd9014000030001,1,1,1336,-50,1654779573106935,1654779573106935,
300833b2ddd9014000030008,1,1,3620,-45,1654779573107990,1654779573107990,
300833b2ddd9014000030002,1,1,800,-49,1654779573109088,1654779573109088,
300833b2ddd9014000030001,1,1,1348,-50,1654779573113799,1654779573113799,
300833b2ddd9014000030002,1,1,844,-49,1654779573115708,1654779573115708,
300833b2ddd9014000030009,1,1,2620,-44,1654779573116808,1654779573116808,
300833b2ddd9014000030008,1,1,3600,-45,1654779573117919,1654779573117919,
300833b2ddd9014000030009,1,1,2620,-44,1654779573149683,1654779573149683,
300833b2ddd9014000030002,1,1,840,-49,1654779573150780,1654779573150780,
300833b2ddd9014000030001,1,1,1336,-50,1654779573151898,1654779573151898,
300833b2ddd9014000030008,1,1,3604,-45,1654779573152952,1654779573152952,
300833b2ddd9014000030009,1,1,2636,-44,1654779573157016,1654779573157016,
300833b2ddd9014000030001,1,1,1360,-50,1654779573158276,1654779573158276,
300833b2ddd9014000030008,1,1,3612,-45,1654779573159554,1654779573159554,
300833b2ddd9014000030002,1,1,816,-49,1654779573160583,1654779573160583,
300833b2ddd9014000030002,1,1,824,-49,1654779573191103,1654779573191103,
300833b2ddd9014000030008,1,1,3604,-45,1654779573192778,1654779573192778,
300833b2ddd9014000030001,1,1,1320,-50,1654779573194095,1654779573194095,
300833b2ddd9014000030009,1,1,2624,-44,1654779573195196,1654779573195196,
300833b2ddd9014000030001,1,1,1348,-50,1654779573198645,1654779573198645,
300833b2ddd9014000030008,1,1,3620,-45,1654779573200254,1654779573200254,
300833b2ddd9014000030009,1,1,2636,-44,1654779573201324,1654779573201324,
300833b2ddd9014000030002,1,1,804,-50,1654779573202920,1654779573202920,
300833b2ddd9014000030009,1,1,2632,-44,1654779573234373,1654779573234373,
300833b2ddd9014000030008,1,1,3604,-45,1654779573236336,1654779573236336,
300833b2ddd9014000030001,1,1,1348,-50,1654779573237395,1654779573237395,
300833b2ddd9014000030002,1,1,812,-49,1654779573238465,1654779573238465,
300833b2ddd9014000030009,1,1,2632,-44,1654779573242212,1654779573242212,
300833b2ddd9014000030002,1,1,812,-49,1654779573244175,1654779573244175,
300833b2ddd9014000030008,1,1,3600,-45,1654779573245230,1654779573245230,
300833b2ddd9014000030001,1,1,1336,-50,1654779573246373,1654779573246373,
300833b2ddd9014000030002,1,1,820,-50,1654779573278176,1654779573278176,
300833b2ddd9014000030001,1,1,1328,-50,1654779573279263,1654779573279263,
300833b2ddd9014000030008,1,1,3608,-45,1654779573280319,1654779573280319,
300833b2ddd9014000030009,1,1,2624,-44,1654779573281872,1654779573281872,
300833b2ddd9014000030001,1,1,1320,-49,1654779573286610,1654779573286610,
300833b2ddd9014000030009,1,1,2628,-44,1654779573287680,1654779573287680,
300833b2ddd9014000030008,1,1,3588,-45,1654779573289785,1654779573289785,
300833b2ddd9014000030002,1,1,832,-49,1654779573292368,1654779573292368,
300833b2ddd9014000030009,1,1,2628,-44,1654779573322617,1654779573322617,
300833b2ddd9014000030001,1,1,1324,-50,1654779573323663,1654779573323663,
300833b2ddd9014000030002,1,1,804,-49,1654779573324974,1654779573324974,
300833b2ddd9014000030008,1,1,3600,-45,1654779573326327,1654779573326327,
300833b2ddd9014000030001,1,1,1336,-50,1654779573331698,1654779573331698,
300833b2ddd9014000030008,1,1,3604,-45,1654779573332783,1654779573332783,
300833b2ddd9014000030002,1,1,808,-49,1654779573333853,1654779573333853,
300833b2ddd9014000030009,1,1,2636,-44,1654779573334938,1654779573334938,
300833b2ddd9014000030002,1,1,808,-49,1654779573365583,1654779573365583,
300833b2ddd9014000030008,1,1,3604,-45,1654779573366862,1654779573366862,
300833b2ddd9014000030009,1,1,2620,-44,1654779573367937,1654779573367937,
300833b2ddd9014000030001,1,1,1336,-50,1654779573369891,1654779573369891,
300833b2ddd9014000030001,1,1,1344,-50,1654779573374013,1654779573374013,
300833b2ddd9014000030008,1,1,3608,-45,1654779573375097,1654779573375097,
300833b2ddd9014000030009,1,1,2640,-44,1654779573376621,1654779573376621,
300833b2ddd9014000030002,1,1,824,-50,1654779573378201,1654779573378201,
300833b2ddd9014000030009,1,1,2616,-44,1654779573410428,1654779573410428,
300833b2ddd9014000030008,1,1,3604,-45,1654779573411439,1654779573411439,
300833b2ddd9014000030002,1,1,828,-50,1654779573413141,1654779573413141,
300833b2ddd9014000030001,1,1,1352,-50,1654779573414186,1654779573414186,
300833b2ddd9014000030002,1,1,840,-49,1654779573416917,1654779573416917,
300833b2ddd9014000030009,1,1,2652,-44,1654779573418047,1654779573418047,
300833b2ddd9014000030008,1,1,3604,-45,1654779573419841,1654779573419841,
300833b2ddd9014000030001,1,1,1348,-50,1654779573421579,1654779573421579,
300833b2ddd9014000030002,1,1,844,-49,1654779573452827,1654779573452827,
300833b2ddd9014000030009,1,1,2624,-44,1654779573454409,1654779573454409,
300833b2ddd9014000030008,1,1,3604,-45,1654779573455474,1654779573455474,
300833b2ddd9014000030001,1,1,1332,-50,1654779573458603,1654779573458603,
300833b2ddd9014000030008,1,1,3608,-45,1654779573461680,1654779573461680,
300833b2ddd9014000030001,1,1,1332,-50,1654779573464369,1654779573464369,
300833b2ddd9014000030009,1,1,2644,-44,1654779573465482,1654779573465482,
300833b2ddd9014000030002,1,1,800,-49,1654779573466741,1654779573466741,
300833b2ddd9014000030008,1,1,3616,-45,1654779573497000,1654779573497000,
300833b2ddd9014000030001,1,1,1344,-50,1654779573498156,1654779573498156,
300833b2ddd9014000030009,1,1,2632,-44,1654779573499215,1654779573499215,
300833b2ddd9014000030002,1,1,820,-49,1654779573501999,1654779573501999,
300833b2ddd9014000030002,1,1,844,-49,1654779573505226,1654779573505226,
300833b2ddd9014000030001,1,1,1340,-50,1654779573506555,1654779573506555,
300833b2ddd9014000030008,1,1,3608,-45,1654779573508739,1654779573508739,
300833b2ddd9014000030009,1,1,2628,-44,1654779573510080,1654779573510080,
300833b2ddd9014000030001,1,1,1336,-50,1654779573542477,1654779573542477,
300833b2ddd9014000030008,1,1,3616,-45,1654779573543917,1654779573543917,
300833b2ddd9014000030009,1,1,2628,-43,1654779573544959,1654779573544959,
300833b2ddd9014000030002,1,1,820,-50,1654779573546015,1654779573546015,
300833b2ddd9014000030008,1,1,3604,-45,1654779573549624,1654779573549624,
300833b2ddd9014000030001,1,1,1332,-50,1654779573550685,1654779573550685,
300833b2ddd9014000030009,1,1,2624,-44,1654779573552494,1654779573552494,
300833b2ddd9014000030002,1,1,812,-49,1654779573554415,1654779573554415,
300833b2ddd9014000030001,1,1,1336,-50,1654779573584974,1654779573584974,
300833b2ddd9014000030009,1,1,2616,-44,1654779573586288,1654779573586288,
300833b2ddd9014000030008,1,1,3580,-45,1654779573587358,1654779573587358,
300833b2ddd9014000030002,1,1,828,-49,1654779573588485,1654779573588485,
300833b2ddd9014000030002,1,1,848,-50,1654779573594954,1654779573594954,
300833b2ddd9014000030009,1,1,2616,-44,1654779573596000,1654779573596000,
300833b2ddd9014000030008,1,1,3604,-45,1654779573597422,1654779573597422,
300833b2ddd9014000030001,1,1,1340,-50,1654779573598596,1654779573598596,
300833b2ddd9014000030008,1,1,3596,-45,1654779573628725,1654779573628725,
300833b2ddd9014000030001,1,1,1340,-50,1654779573629843,1654779573629843,
300833b2ddd9014000030002,1,1,828,-50,1654779573631169,1654779573631169,
300833b2ddd9014000030009,1,1,2624,-44,1654779573632242,1654779573632242,
300833b2ddd9014000030002,1,1,792,-50,1654779573637292,1654779573637292,
300833b2ddd9014000030009,1,1,2616,-44,1654779573639234,1654779573639234,
300833b2ddd9014000030008,1,1,3596,-45,1654779573640331,1654779573640331,
300833b2ddd9014000030001,1,1,1316,-50,1654779573641434,1654779573641434,
300833b2ddd9014000030002,1,1,832,-50,1654779573671752,1654779573671752,
300833b2ddd9014000030009,1,1,2616,-44,1654779573672823,1654779573672823,
300833b2ddd9014000030001,1,1,1372,-50,1654779573674179,1654779573674179,
300833b2ddd9014000030008,1,1,3588,-45,1654779573675687,1654779573675687,
300833b2ddd9014000030008,1,1,3592,-45,1654779573680628,1654779573680628,
300833b2ddd9014000030001,1,1,1340,-50,1654779573681660,1654779573681660,
300833b2ddd9014000030002,1,1,816,-50,1654779573682729,1654779573682729,
300833b2ddd9014000030009,1,1,2624,-44,1654779573684310,1654779573684310,
300833b2ddd9014000030001,1,1,1344,-50,1654779573715636,1654779573715636,
300833b2ddd9014000030002,1,1,792,-50,1654779573716692,1654779573716692,
300833b2ddd9014000030008,1,1,3600,-45,1654779573717790,1654779573717790,
300833b2ddd9014000030009,1,1,2612,-44,1654779573719117,1654779573719117,
300833b2ddd9014000030009,1,1,2620,-44,1654779573724315,1654779573724315,
300833b2ddd9014000030001,1,1,1344,-50,1654779573725656,1654779573725656,
300833b2ddd9014000030002,1,1,816,-50,1654779573726953,1654779573726953,
300833b2ddd9014000030008,1,1,3588,-45,1654779573728277,1654779573728277,
300833b2ddd9014000030008,1,1,3560,-45,1654779573760010,1654779573760010,
300833b2ddd9014000030009,1,1,2632,-44,1654779573761112,1654779573761112,
300833b2ddd9014000030002,1,1,832,-50,1654779573763335,1654779573763335,
300833b2ddd9014000030001,1,1,1360,-49,1654779573764902,1654779573764902,
300833b2ddd9014000030008,1,1,3560,-45,1654779573769409,1654779573769409,
300833b2ddd9014000030001,1,1,1348,-49,1654779573770682,1654779573770682,
300833b2ddd9014000030009,1,1,2600,-44,1654779573771781,1654779573771781,
300833b2ddd9014000030002,1,1,808,-50,1654779573773262,1654779573773262,
300833b2ddd9014000030009,1,1,2592,-44,1654779573812270,1654779573812270,
300833b2ddd9014000030008,1,1,3528,-46,1654779573814426,1654779573814426,
300833b2ddd9014000030001,1,1,1364,-50,1654779573815482,1654779573815482,
300833b2ddd9014000030002,1,1,792,-50,1654779573816655,1654779573816655,
300833b2ddd9014000030001,1,1,1360,-49,1654779573819421,1654779573819421,
300833b2ddd9014000030008,1,1,3536,-45,1654779573821581,1654779573821581,
300833b2ddd9014000030009,1,1,2600,-44,1654779573822666,1654779573822666,
300833b2ddd9014000030002,1,1,824,-50,1654779573824401,1654779573824401,
300833b2ddd9014000030008,1,1,3496,-46,1654779573854345,1654779573854345,
300833b2ddd9014000030002,1,1,804,-50,1654779573855881,1654779573855881,
300833b2ddd9014000030001,1,1,1360,-49,1654779573856958,1654779573856958,
300833b2ddd9014000030009,1,1,2584,-44,1654779573858042,1654779573858042,
300833b2ddd9014000030009,1,1,2572,-44,1654779573864215,1654779573864215,
300833b2ddd9014000030002,1,1,824,-50,1654779573865553,1654779573865553,
300833b2ddd9014000030001,1,1,1364,-49,1654779573866852,1654779573866852,
300833b2ddd9014000030008,1,1,3516,-45,1654779573867936,1654779573867936,
300833b2ddd9014000030001,1,1,1388,-49,1654779573900755,1654779573900755,
300833b2ddd9014000030009,1,1,2584,-44,1654779573902138,1654779573902138,
300833b2ddd9014000030008,1,1,3456,-45,1654779573903234,1654779573903234,
300833b2ddd9014000030002,1,1,800,-51,1654779573904688,1654779573904688,
300833b2ddd9014000030009,1,1,2544,-44,1654779573907697,1654779573907697,
300833b2ddd9014000030008,1,1,3444,-45,1654779573909020,1654779573909020,
300833b2ddd9014000030002,1,1,816,-51,1654779573911409,1654779573911409,
300833b2ddd9014000030001,1,1,1396,-49,1654779573912525,1654779573912525,
300833b2ddd9014000030001,1,1,1412,-49,1654779573943115,1654779573943115,
300833b2ddd9014000030008,1,1,3416,-45,1654779573944169,1654779573944169,
300833b2ddd9014000030009,1,1,2552,-44,1654779573945284,1654779573945284,
300833b2ddd9014000030002,1,1,808,-51,1654779573948182,1654779573948182,
300833b2ddd9014000030009,1,1,2548,-43,1654779573952295,1654779573952295,
300833b2ddd9014000030008,1,1,3416,-45,1654779573953802,1654779573953802,
300833b2ddd9014000030001,1,1,1384,-49,1654779573954894,1654779573954894,
300833b2ddd9014000030002,1,1,788,-51,1654779573956216,1654779573956216,
300833b2ddd9014000030009,1,1,2532,-43,1654779573986758,1654779573986758,
300833b2ddd9014000030008,1,1,3368,-45,1654779573988436,1654779573988436,
300833b2ddd9014000030002,1,1,796,-52,1654779573989690,1654779573989690,
300833b2ddd9014000030001,1,1,1436,-49,1654779573990780,1654779573990780,
300833b2ddd9014000030002,1,1,776,-52,1654779573995291,1654779573995291,
300833b2ddd9014000030001,1,1,1424,-49,1654779573996308,1654779573996308,
300833b2ddd9014000030008,1,1,3364,-45,1654779573997446,1654779573997446,
300833b2ddd9014000030009,1,1,2512,-43,1654779573998549,1654779573998549,
300833b2ddd9014000030001,1,1,1436,-49,1654779574028949,1654779574028949,
300833b2ddd9014000030008,1,1,3336,-45,1654779574031140,1654779574031140,
300833b2ddd9014000030009,1,1,2504,-43,1654779574032255,1654779574032255,
300833b2ddd9014000030002,1,1,760,-52,1654779574033693,1654779574033693,
300833b2ddd9014000030009,1,1,2516,-43,1654779574036686,1654779574036686,
300833b2ddd9014000030002,1,1,740,-52,1654779574037968,1654779574037968,
300833b2ddd9014000030001,1,1,1436,-49,1654779574039764,1654779574039764,
300833b2ddd9014000030008,1,1,3316,-45,1654779574041460,1654779574041460,
300833b2ddd9014000030009,1,1,2516,-42,1654779574073581,1654779574073581,
300833b2ddd9014000030008,1,1,3296,-44,1654779574074891,1654779574074891,
300833b2ddd9014000030001,1,1,1484,-49,1654779574076009,1654779574076009,
300833b2ddd9014000030002,1,1,708,-52,1654779574078514,1654779574078514,
300833b2ddd9014000030008,1,1,3280,-44,1654779574082505,1654779574082505,
300833b2ddd9014000030009,1,1,2484,-42,1654779574083633,1654779574083633,
300833b2ddd9014000030002,1,1,708,-52,1654779574084987,1654779574084987,
300833b2ddd9014000030001,1,1,1488,-49,1654779574086032,1654779574086032,
300833b2ddd9014000030001,1,1,1496,-49,1654779574118297,1654779574118297,
300833b2ddd9014000030008,1,1,3244,-43,1654779574119765,1654779574119765,
300833b2ddd9014000030009,1,1,2464,-42,1654779574121121,1654779574121121,
300833b2ddd9014000030002,1,1,656,-52,1654779574122234,1654779574122234,
300833b2ddd9014000030009,1,1,2460,-42,1654779574125833,1654779574125833,
300833b2ddd9014000030008,1,1,3240,-43,1654779574126931,1654779574126931,
300833b2ddd9014000030001,1,1,1524,-49,1654779574128046,1654779574128046,
300833b2ddd9014000030002,1,1,624,-52,1654779574129654,1654779574129654,
300833b2ddd9014000030009,1,1,2484,-42,1654779574167705,1654779574167705,
300833b2ddd9014000030008,1,1,3208,-42,1654779574168888,1654779574168888,
300833b2ddd9014000030002,1,1,516,-51,1654779574169976,1654779574169976,
300833b2ddd9014000030001,1,1,1528,-49,1654779574171275,1654779574171275,
300833b2ddd9014000030009,1,1,2468,-42,1654779574174714,1654779574174714,
300833b2ddd9014000030001,1,1,1536,-49,1654779574175844,1654779574175844,
300833b2ddd9014000030008,1,1,3188,-42,1654779574177467,1654779574177467,
300833b2ddd9014000030002,1,1,488,-51,1654779574179004,1654779574179004,
300833b2ddd9014000030008,1,1,3152,-42,1654779574210882,1654779574210882,
300833b2ddd9014000030009,1,1,2480,-42,1654779574212112,1654779574212112,
300833b2ddd9014000030002,1,1,368,-50,1654779574214114,1654779574214114,
300833b2ddd9014000030001,1,1,1568,-50,1654779574215188,1654779574215188,
300833b2ddd9014000030008,1,1,3144,-42,1654779574218448,1654779574218448,
300833b2ddd9014000030002,1,1,348,-50,1654779574219502,1654779574219502,
300833b2ddd9014000030001,1,1,1548,-50,1654779574220603,1654779574220603,
300833b2ddd9014000030009,1,1,2476,-43,1654779574221947,1654779574221947,
300833b2ddd9014000030008,1,1,3104,-41,1654779574253386,1654779574253386,
300833b2ddd9014000030002,1,1,272,-48,1654779574254501,1654779574254501,
300833b2ddd9014000030009,1,1,2464,-43,1654779574255814,1654779574255814,
300833b2ddd9014000030001,1,1,1548,-52,1654779574257382,1654779574257382,
300833b2ddd9014000030008,1,1,3104,-41,1654779574262521,1654779574262521,
300833b2ddd9014000030002,1,1,256,-48,1654779574264428,1654779574264428,
300833b2ddd9014000030009,1,1,2472,-43,1654779574265512,1654779574265512,
300833b2ddd9014000030001,1,1,1584,-52,1654779574267041,1654779574267041,
300833b2ddd9014000030001,1,1,1600,-53,1654779574297027,1654779574297027,
300833b2ddd9014000030002,1,1,172,-48,1654779574298976,1654779574298976,
300833b2ddd9014000030008,1,1,3088,-41,1654779574300074,1654779574300074,
300833b2ddd9014000030009,1,1,2468,-44,1654779574301175,1654779574301175,
300833b2ddd9014000030001,1,1,1600,-53,1654779574304988,1654779574304988,
300833b2ddd9014000030008,1,1,3088,-41,1654779574306720,1654779574306720,
300833b2ddd9014000030009,1,1,2492,-44,1654779574308064,1654779574308064,
300833b2ddd9014000030002,1,1,160,-48,1654779574309502,1654779574309502,
300833b2ddd9014000030001,1,1,1572,-54,1654779574339549,1654779574339549,
300833b2ddd9014000030002,1,1,104,-47,1654779574340591,1654779574340591,
300833b2ddd9014000030008,1,1,3084,-41,1654779574341660,1654779574341660,
300833b2ddd9014000030009,1,1,2500,-44,1654779574343852,1654779574343852,
300833b2ddd9014000030009,1,1,2520,-44,1654779574347973,1654779574347973,
300833b2ddd9014000030008,1,1,3084,-41,1654779574349312,1654779574349312,
300833b2ddd9014000030002,1,1,96,-48,1654779574350850,1654779574350850,
300833b2ddd9014000030001,1,1,1588,-55,1654779574352563,1654779574352563,
300833b2ddd9014000030001,1,1,1560,-57,1654779574389496,1654779574389496,
300833b2ddd9014000030002,1,1,84,-48,1654779574391074,1654779574391074,
300833b2ddd9014000030009,1,1,2492,-45,1654779574392670,1654779574392670,
300833b2ddd9014000030008,1,1,3104,-42,1654779574393767,1654779574393767,
300833b2ddd9014000030009,1,1,2500,-45,1654779574398466,1654779574398466,
300833b2ddd9014000030008,1,1,3120,-42,1654779574399548,1654779574399548,
300833b2ddd9014000030002,1,1,88,-48,1654779574400631,1654779574400631,
300833b2ddd9014000030001,1,1,1512,-57,1654779574402573,1654779574402573,
300833b2ddd9014000030009,1,1,2496,-45,1654779574433764,1654779574433764,
300833b2ddd9014000030002,1,1,64,-48,1654779574435952,1654779574435952,
300833b2ddd9014000030008,1,1,3124,-42,1654779574437023,1654779574437023,
300833b2ddd9014000030001,1,1,1448,-58,1654779574438225,1654779574438225,
300833b2ddd9014000030001,1,1,1468,-58,1654779574442292,1654779574442292,
300833b2ddd9014000030008,1,1,3112,-42,1654779574443359,1654779574443359,
300833b2ddd9014000030002,1,1,60,-48,1654779574444485,1654779574444485,
300833b2ddd9014000030009,1,1,2496,-46,1654779574446196,1654779574446196,
300833b2ddd9014000030008,1,1,3132,-42,1654779574477087,1654779574477087,
300833b2ddd9014000030009,1,1,2512,-46,1654779574478416,1654779574478416,
300833b2ddd9014000030001,1,1,1388,-58,1654779574479491,1654779574479491,
300833b2ddd9014000030002,1,1,68,-48,1654779574480941,1654779574480941,
300833b2ddd9014000030002,1,1,84,-48,1654779574483720,1654779574483720,
300833b2ddd9014000030001,1,1,1356,-58,1654779574485107,1654779574485107,
300833b2ddd9014000030009,1,1,2540,-46,1654779574486403,1654779574486403,
300833b2ddd9014000030008,1,1,3144,-43,1654779574487482,1654779574487482,
300833b2ddd9014000030008,1,1,3172,-43,1654779574519675,1654779574519675,
300833b2ddd9014000030001,1,1,1300,-57,1654779574521388,1654779574521388,
300833b2ddd9014000030009,1,1,2520,-46,1654779574525143,1654779574525143,
300833b2ddd9014000030002,1,1,84,-49,1654779574526196,1654779574526196,
300833b2ddd9014000030008,1,1,3164,-43,1654779574527805,1654779574527805,
300833b2ddd9014000030001,1,1,1284,-58,1654779574530255,1654779574530255,
300833b2ddd9014000030009,1,1,2556,-47,1654779574561108,1654779574561108,
300833b2ddd9014000030001,1,1,1244,-57,1654779574562454,1654779574562454,
300833b2ddd9014000030008,1,1,3188,-43,1654779574563791,1654779574563791,
300833b2ddd9014000030002,1,1,104,-49,1654779574566295,1654779574566295,
300833b2ddd9014000030009,1,1,2556,-47,1654779574569337,1654779574569337,
300833b2ddd9014000030008,1,1,3200,-43,1654779574571512,1654779574571512,
300833b2ddd9014000030002,1,1,92,-49,1654779574572850,1654779574572850,
300833b2ddd9014000030001,1,1,1040,-57,1654779574574308,1654779574574308,
300833b2ddd9014000030002,1,1,104,-49,1654779574604442,1654779574604442,
300833b2ddd9014000030008,1,1,3204,-43,1654779574605495,1654779574605495,
300833b2ddd9014000030001,1,1,1136,-57,1654779574607322,1654779574607322,
300833b2ddd9014000030008,1,1,3224,-43,1654779574611995,1654779574611995,
300833b2ddd9014000030001,1,1,1236,-57,1654779574613041,1654779574613041,
300833b2ddd9014000030002,1,1,96,-49,1654779574614095,1654779574614095,
300833b2ddd9014000030009,1,1,2572,-47,1654779574615419,1654779574615419,
300833b2ddd9014000030008,1,1,3216,-43,1654779574653481,1654779574653481,
300833b2ddd9014000030009,1,1,2580,-47,1654779574654682,1654779574654682,
300833b2ddd9014000030001,1,1,1144,-57,1654779574655800,1654779574655800,
300833b2ddd9014000030002,1,1,128,-49,1654779574657094,1654779574657094,
300833b2ddd9014000030002,1,1,132,-49,1654779574661144,1654779574661144,
300833b2ddd9014000030008,1,1,3204,-43,1654779574662341,1654779574662341,
300833b2ddd9014000030001,1,1,1172,-57,1654779574663401,1654779574663401,
300833b2ddd9014000030009,1,1,2600,-47,1654779574664740,1654779574664740,
300833b2ddd9014000030009,1,1,2564,-47,1654779574695293,1654779574695293,
300833b2ddd9014000030002,1,1,128,-49,1654779574696420,1654779574696420,
300833b2ddd9014000030008,1,1,3236,-44,1654779574697546,1654779574697546,
300833b2ddd9014000030001,1,1,1192,-57,1654779574700417,1654779574700417,
300833b2ddd9014000030001,1,1,1156,-56,1654779574704034,1654779574704034,
300833b2ddd9014000030008,1,1,3232,-44,1654779574705329,1654779574705329,
300833b2ddd9014000030009,1,1,2564,-47,1654779574706670,1654779574706670,
300833b2ddd9014000030002,1,1,148,-49,1654779574707979,1654779574707979,
300833b2ddd9014000030009,1,1,2572,-47,1654779574740190,1654779574740190,
300833b2ddd9014000030002,1,1,132,-49,1654779574741687,1654779574741687,
300833b2ddd9014000030008,1,1,3232,-44,1654779574742796,1654779574742796,
300833b2ddd9014000030001,1,1,1128,-56,1654779574743846,1654779574743846,
300833b2ddd9014000030002,1,1,136,-48,1654779574747403,1654779574747403,
300833b2ddd9014000030009,1,1,2584,-48,1654779574748740,1654779574748740,
300833b2ddd9014000030008,1,1,3240,-44,1654779574750076,1654779574750076,
300833b2ddd9014000030001,1,1,1148,-56,1654779574751394,1654779574751394,
300833b2ddd9014000030008,1,1,3252,-43,1654779574782880,1654779574782880,
300833b2ddd9014000030002,1,1,160,-48,1654779574784233,1654779574784233,
300833b2ddd9014000030009,1,1,2560,-47,1654779574785603,1654779574785603,
300833b2ddd9014000030001,1,1,1204,-56,1654779574786960,1654779574786960,
300833b2ddd9014000030009,1,1,2580,-47,1654779574791633,1654779574791633,
300833b2ddd9014000030008,1,1,3244,-43,1654779574793285,1654779574793285,
300833b2ddd9014000030002,1,1,148,-48,1654779574794398,1654779574794398,
300833b2ddd9014000030001,1,1,1228,-56,1654779574795515,1654779574795515,
300833b2ddd9014000030001,1,1,1192,-56,1654779574826896,1654779574826896,
300833b2ddd9014000030008,1,1,3244,-43,1654779574828202,1654779574828202,
300833b2ddd9014000030002,1,1,152,-48,1654779574829274,1654779574829274,
300833b2ddd9014000030009,1,1,2576,-47,1654779574830502,1654779574830502,
300833b2ddd9014000030009,1,1,2600,-47,1654779574833447,1654779574833447,
300833b2ddd9014000030002,1,1,144,-48,1654779574834503,1654779574834503,
300833b2ddd9014000030008,1,1,3240,-44,1654779574835645,1654779574835645,
300833b2ddd9014000030001,1,1,1244,-56,1654779574836731,1654779574836731,
300833b2ddd9014000030009,1,1,2572,-47,1654779574869318,1654779574869318,
300833b2ddd9014000030008,1,1,3244,-44,1654779574870627,1654779574870627,
300833b2ddd9014000030002,1,1,164,-48,1654779574872209,1654779574872209,
300833b2ddd9014000030001,1,1,1272,-56,1654779574874147,1654779574874147,
300833b2ddd9014000030002,1,1,168,-48,1654779574877952,1654779574877952,
300833b2ddd9014000030008,1,1,3240,-44,1654779574879902,1654779574879902,
300833b2ddd9014000030009,1,1,2568,-47,1654779574880988,1654779574880988,
300833b2ddd9014000030001,1,1,1264,-56,1654779574882672,1654779574882672,
300833b2ddd9014000030002,1,1,164,-48,1654779574912431,1654779574912431,
300833b2ddd9014000030009,1,1,2580,-47,1654779574913968,1654779574913968,
300833b2ddd9014000030008,1,1,3244,-44,1654779574915534,1654779574915534,
300833b2ddd9014000030001,1,1,1272,-56,1654779574917290,1654779574917290,
300833b2ddd9014000030001,1,1,1276,-56,1654779574921166,1654779574921166,
300833b2ddd9014000030009,1,1,2572,-47,1654779574923600,1654779574923600,
300833b2ddd9014000030008,1,1,3248,-44,1654779574924699,1654779574924699,
300833b2ddd9014000030002,1,1,144,-48,1654779574925956,1654779574925956,
300833b2ddd9014000030001,1,1,1292,-56,1654779574955927,1654779574955927,
300833b2ddd9014000030002,1,1,152,-48,1654779574957055,1654779574957055,
300833b2ddd9014000030008,1,1,3272,-44,1654779574958352,1654779574958352,
300833b2ddd9014000030009,1,1,2580,-48,1654779574959735,1654779574959735,
300833b2ddd9014000030002,1,1,144,-48,1654779574965152,1654779574965152,
300833b2ddd9014000030001,1,1,1288,-56,1654779574966622,1654779574966622,
300833b2ddd9014000030008,1,1,3248,-44,1654779574967693,1654779574967693,
300833b2ddd9014000030009,1,1,2568,-47,1654779574968807,1654779574968807,
300833b2ddd9014000030008,1,1,3260,-43,1654779574999476,1654779574999476,
300833b2ddd9014000030001,1,1,1324,-56,1654779575000775,1654779575000775,
300833b2ddd9014000030002,1,1,164,-48,1654779575002059,1654779575002059,
300833b2ddd9014000030009,1,1,2588,-47,1654779575003160,1654779575003160,
300833b2ddd9014000030008,1,1,3252,-44,1654779575009055,1654779575009055,
300833b2ddd9014000030001,1,1,1288,-56,1654779575011443,1654779575011443,
300833b2ddd9014000030009,1,1,2572,-47,1654779575013987,1654779575013987,
300833b2ddd9014000030002,1,1,152,-48,1654779575015070,1654779575015070,
300833b2ddd9014000030009,1,1,2592,-47,1654779575247058,1654779575247058,
300833b2ddd9014000030002,1,1,156,-48,1654779575248355,1654779575248355,
300833b2ddd9014000030008,1,1,3272,-44,1654779575249453,1654779575249453,
300833b2ddd9014000030001,1,1,1280,-56,1654779575250514,1654779575250514,
300833b2ddd9014000030008,1,1,3244,-44,1654779575255879,1654779575255879,
300833b2ddd9014000030009,1,1,2568,-47,1654779575256936,1654779575256936,
300833b2ddd9014000030002,1,1,168,-48,1654779575258203,1654779575258203,
300833b2ddd9014000030001,1,1,1304,-56,1654779575261222,1654779575261222,
300833b2ddd9014000030009,1,1,2564,-47,1654779575291562,1654779575291562,
300833b2ddd9014000030008,1,1,3276,-44,1654779575292630,1654779575292630,
300833b2ddd9014000030002,1,1,168,-48,1654779575293968,1654779575293968,
300833b2ddd9014000030001,1,1,1296,-55,1654779575294998,1654779575294998,
300833b2ddd9014000030009,1,1,2592,-47,1654779575300071,1654779575300071,
300833b2ddd9014000030008,1,1,3260,-44,1654779575301657,1654779575301657,
300833b2ddd9014000030001,1,1,1284,-56,1654779575304334,1654779575304334,
300833b2ddd9014000030002,1,1,132,-48,1654779575305420,1654779575305420,
300833b2ddd9014000030008,1,1,3256,-44,1654779575336332,1654779575336332,
300833b2ddd9014000030009,1,1,2576,-48,1654779575337601,1654779575337601,
300833b2ddd9014000030002,1,1,152,-48,1654779575339437,1654779575339437,
300833b2ddd9014000030001,1,1,1300,-56,1654779575340584,1654779575340584,
300833b2ddd9014000030001,1,1,1292,-55,1654779575344801,1654779575344801,
300833b2ddd9014000030009,1,1,2584,-47,1654779575345872,1654779575345872,
300833b2ddd9014000030008,1,1,3248,-44,1654779575347933,1654779575347933,
300833b2ddd9014000030002,1,1,148,-48,1654779575350539,1654779575350539,
300833b2ddd9014000030002,1,1,160,-48,1654779575380280,1654779575380280,
300833b2ddd9014000030008,1,1,3260,-44,1654779575382519,1654779575382519,
300833b2ddd9014000030009,1,1,2588,-47,1654779575383860,1654779575383860,
300833b2ddd9014000030001,1,1,1288,-55,1654779575385105,1654779575385105,
300833b2ddd9014000030009,1,1,2584,-47,1654779575388082,1654779575388082,
300833b2ddd9014000030008,1,1,3252,-43,1654779575389152,1654779575389152,
300833b2ddd9014000030001,1,1,1288,-56,1654779575390878,1654779575390878,
300833b2ddd9014000030002,1,1,164,-48,1654779575392260,1654779575392260,
300833b2ddd9014000030001,1,1,1328,-56,1654779575423651,1654779575423651,
300833b2ddd9014000030009,1,1,2592,-47,1654779575424792,1654779575424792,
300833b2ddd9014000030008,1,1,3248,-44,1654779575426100,1654779575426100,
300833b2ddd9014000030002,1,1,148,-48,1654779575427445,1654779575427445,
300833b2ddd9014000030001,1,1,1280,-56,1654779575432124,1654779575432124,
300833b2ddd9014000030008,1,1,3260,-44,1654779575433451,1654779575433451,
300833b2ddd9014000030009,1,1,2576,-47,1654779575436560,1654779575436560,
300833b2ddd9014000030002,1,1,140,-48,1654779575437659,1654779575437659,
300833b2ddd9014000030001,1,1,1296,-56,1654779575467390,1654779575467390,
300833b2ddd9014000030008,1,1,3252,-44,1654779575468443,1654779575468443,
300833b2ddd9014000030002,1,1,164,-48,1654779575470479,1654779575470479,
300833b2ddd9014000030009,1,1,2576,-47,1654779575471607,1654779575471607,
300833b2ddd9014000030001,1,1,1260,-56,1654779575475849,1654779575475849,
300833b2ddd9014000030008,1,1,3264,-43,1654779575477159,1654779575477159,
300833b2ddd9014000030009,1,1,2576,-48,1654779575478937,1654779575478937,
300833b2ddd9014000030002,1,1,136,-48,1654779575480689,1654779575480689,
300833b2ddd9014000030009,1,1,2584,-47,1654779575511924,1654779575511924,
300833b2ddd9014000030008,1,1,3236,-44,1654779575513020,1654779575513020,
300833b2ddd9014000030001,1,1,1284,-55,1654779575514605,1654779575514605,
300833b2ddd9014000030008,1,1,3232,-43,1654779575519405,1654779575519405,
300833b2ddd9014000030009,1,1,2584,-47,1654779575520492,1654779575520492,
300833b2ddd9014000030002,1,1,148,-49,1654779575522824,1654779575522824,
300833b2ddd9014000030001,1,1,1256,-56,1654779575524508,1654779575524508,
300833b2ddd9014000030009,1,1,2572,-47,1654779575555655,1654779575555655,
300833b2ddd9014000030001,1,1,1268,-55,1654779575556769,1654779575556769,
300833b2ddd9014000030008,1,1,3220,-43,1654779575558350,1654779575558350,
300833b2ddd9014000030002,1,1,140,-49,1654779575560285,1654779575560285,
300833b2ddd9014000030002,1,1,152,-48,1654779575564098,1654779575564098,
300833b2ddd9014000030008,1,1,3236,-43,1654779575566306,1654779575566306,
300833b2ddd9014000030009,1,1,2584,-47,1654779575567364,1654779575567364,
300833b2ddd9014000030001,1,1,1272,-55,1654779575568580,1654779575568580,
300833b2ddd9014000030002,1,1,132,-49,1654779575599719,1654779575599719,
300833b2ddd9014000030001,1,1,1236,-55,1654779575600865,1654779575600865,
300833b2ddd9014000030008,1,1,3244,-44,1654779575601932,1654779575601932,
300833b2ddd9014000030002,1,1,144,-49,1654779575605953,1654779575605953,
300833b2ddd9014000030008,1,1,3224,-43,1654779575609230,1654779575609230,
300833b2ddd9014000030008,1,1,3228,-44,1654779575640724,1654779575640724,
300833b2ddd9014000030009,1,1,2580,-47,1654779575642406,1654779575642406,
300833b2ddd9014000030009,1,1,2572,-47,1654779575646387,1654779575646387,
300833b2ddd9014000030008,1,1,3220,-43,1654779575647485,1654779575647485,
300833b2ddd9014000030001,1,1,1308,-55,1654779575649666,1654779575649666,
300833b2ddd9014000030002,1,1,132,-48,1654779575651217,1654779575651217,
300833b2ddd9014000030001,1,1,1252,-56,1654779575681463,1654779575681463,
300833b2ddd9014000030009,1,1,2588,-47,1654779575682804,1654779575682804,
300833b2ddd9014000030002,1,1,128,-49,1654779575683859,1654779575683859,
300833b2ddd9014000030008,1,1,3236,-43,1654779575685410,1654779575685410,
300833b2ddd9014000030009,1,1,2580,-47,1654779575690103,1654779575690103,
300833b2ddd9014000030008,1,1,3212,-44,1654779575691426,1654779575691426,
300833b2ddd9014000030001,1,1,1288,-55,1654779575692556,1654779575692556,
300833b2ddd9014000030002,1,1,148,-49,1654779575693596,1654779575693596,
300833b2ddd9014000030009,1,1,2576,-47,1654779575725932,1654779575725932,
300833b2ddd9014000030002,1,1,144,-49,1654779575726984,1654779575726984,
300833b2ddd9014000030008,1,1,3220,-44,1654779575728027,1654779575728027,
300833b2ddd9014000030001,1,1,1272,-55,1654779575729128,1654779575729128,
300833b2ddd9014000030008,1,1,3216,-44,1654779575733936,1654779575733936,
300833b2ddd9014000030009,1,1,2556,-47,1654779575735316,1654779575735316,
300833b2ddd9014000030002,1,1,140,-49,1654779575736862,1654779575736862,
300833b2ddd9014000030001,1,1,1252,-55,1654779575737967,1654779575737967,
300833b2ddd9014000030009,1,1,2564,-47,1654779575769855,1654779575769855,
300833b2ddd9014000030008,1,1,3224,-44,1654779575771490,1654779575771490,
300833b2ddd9014000030001,1,1,1264,-56,1654779575773207,1654779575773207,
300833b2ddd9014000030002,1,1,144,-48,1654779575774275,1654779575774275,
300833b2ddd9014000030008,1,1,3228,-43,1654779575777261,1654779575777261,
300833b2ddd9014000030001,1,1,1336,-56,1654779575778326,1654779575778326,
300833b2ddd9014000030002,1,1,124,-48,1654779575780089,1654779575780089,
300833b2ddd9014000030009,1,1,2576,-47,1654779575781173,1654779575781173,
300833b2ddd9014000030008,1,1,3232,-43,1654779575812756,1654779575812756,
300833b2ddd9014000030001,1,1,1304,-56,1654779575813876,1654779575813876,
300833b2ddd9014000030002,1,1,140,-48,1654779575815226,1654779575815226,
300833b2ddd9014000030009,1,1,2568,-47,1654779575816341,1654779575816341,
300833b2ddd9014000030008,1,1,3220,-44,1654779575821776,1654779575821776,
300833b2ddd9014000030002,1,1,128,-48,1654779575822945,1654779575822945,
300833b2ddd9014000030009,1,1,2584,-47,1654779575824501,1654779575824501,
300833b2ddd9014000030001,1,1,1260,-56,1654779575825745,1654779575825745,
300833b2ddd9014000030009,1,1,2572,-47,1654779575856030,1654779575856030,
300833b2ddd9014000030002,1,1,128,-48,1654779575857383,1654779575857383,
300833b2ddd9014000030001,1,1,1268,-56,1654779575858439,1654779575858439,
300833b2ddd9014000030008,1,1,3228,-43,1654779575859765,1654779575859765,
300833b2ddd9014000030009,1,1,2572,-47,1654779575864469,1654779575864469,
300833b2ddd9014000030008,1,1,3224,-43,1654779575865551,1654779575865551,
300833b2ddd9014000030002,1,1,144,-48,1654779575867358,1654779575867358,
300833b2ddd9014000030001,1,1,1256,-56,1654779575868435,1654779575868435,
300833b2ddd9014000030008,1,1,3224,-43,1654779575899815,1654779575899815,
300833b2ddd9014000030001,1,1,1252,-56,1654779575902043,1654779575902043,
300833b2ddd9014000030009,1,1,2572,-47,1654779575903520,1654779575903520,
300833b2ddd9014000030002,1,1,120,-48,1654779575904604,1654779575904604,
300833b2ddd9014000030008,1,1,3220,-43,1654779575907833,1654779575907833,
300833b2ddd9014000030009,1,1,2564,-47,1654779575908907,1654779575908907,
300833b2ddd9014000030001,1,1,1240,-56,1654779575910025,1654779575910025,
300833b2ddd9014000030002,1,1,128,-49,1654779575911349,1654779575911349,
300833b2ddd9014000030008,1,1,3220,-43,1654779575942842,1654779575942842,
300833b2ddd9014000030009,1,1,2572,-47,1654779575944277,1654779575944277,
300833b2ddd9014000030002,1,1,124,-48,1654779575945574,1654779575945574,
300833b2ddd9014000030001,1,1,1272,-56,1654779575946917,1654779575946917,
300833b2ddd9014000030001,1,1,1288,-56,1654779575952633,1654779575952633,
300833b2ddd9014000030009,1,1,2600,-47,1654779575953747,1654779575953747,
300833b2ddd9014000030008,1,1,3224,-43,1654779575955029,1654779575955029,
300833b2ddd9014000030002,1,1,136,-48,1654779575956481,1654779575956481,
300833b2ddd9014000030009,1,1,2576,-47,1654779575986217,1654779575986217,
300833b2ddd9014000030001,1,1,1264,-56,1654779575987263,1654779575987263,
300833b2ddd9014000030008,1,1,3224,-43,1654779575989145,1654779575989145,
300833b2ddd9014000030002,1,1,112,-48,1654779575991092,1654779575991092,
300833b2ddd9014000030009,1,1,2576,-47,1654779575996424,1654779575996424,
300833b2ddd9014000030001,1,1,1236,-56,1654779575997510,1654779575997510,
300833b2ddd9014000030002,1,1,136,-48,1654779575998820,1654779575998820,
300833b2ddd9014000030008,1,1,3208,-43,1654779576000652,1654779576000652,
300833b2ddd9014000030009,1,1,2576,-47,1654779576032165,1654779576032165,
300833b2ddd9014000030001,1,1,1256,-55,1654779576034347,1654779576034347,
300833b2ddd9014000030008,1,1,3208,-43,1654779576035459,1654779576035459,
300833b2ddd9014000030008,1,1,3216,-44,1654779576039597,1654779576039597,
300833b2ddd9014000030009,1,1,2588,-47,1654779576040596,1654779576040596,
300833b2ddd9014000030001,1,1,1260,-56,1654779576042164,1654779576042164,
300833b2ddd9014000030002,1,1,120,-48,1654779576044465,1654779576044465,
300833b2ddd9014000030008,1,1,3200,-44,1654779576075534,1654779576075534,
300833b2ddd9014000030009,1,1,2564,-47,1654779576076864,1654779576076864,
300833b2ddd9014000030001,1,1,1204,-56,1654779576077937,1654779576077937,
300833b2ddd9014000030001,1,1,1252,-56,1654779576081708,1654779576081708,
300833b2ddd9014000030009,1,1,2612,-48,1654779576084112,1654779576084112,
300833b2ddd9014000030008,1,1,3204,-44,1654779576085152,1654779576085152,
300833b2ddd9014000030002,1,1,124,-49,1654779576086390,1654779576086390,
300833b2ddd9014000030002,1,1,144,-48,1654779576116580,1654779576116580,
300833b2ddd9014000030001,1,1,1200,-56,1654779576118010,1654779576118010,
300833b2ddd9014000030008,1,1,3216,-43,1654779576119107,1654779576119107,
300833b2ddd9014000030009,1,1,2568,-47,1654779576120804,1654779576120804,
300833b2ddd9014000030008,1,1,3212,-44,1654779576124070,1654779576124070,
300833b2ddd9014000030001,1,1,1232,-56,1654779576125189,1654779576125189,
300833b2ddd9014000030009,1,1,2584,-47,1654779576126332,1654779576126332,
300833b2ddd9014000030002,1,1,116,-48,1654779576129599,1654779576129599,
300833b2ddd9014000030001,1,1,1204,-56,1654779576159975,1654779576159975,
300833b2ddd9014000030009,1,1,2584,-47,1654779576161060,1654779576161060,
300833b2ddd9014000030002,1,1,156,-48,1654779576162923,1654779576162923,
300833b2ddd9014000030008,1,1,3208,-43,1654779576167139,1654779576167139,
300833b2ddd9014000030002,1,1,116,-48,1654779576168720,1654779576168720,