epc,atenda,atendanum,phase,RSS,timestamp,timestamp2,
300833b2ddd9014000030008,1,1,3608,-45,1654779530701769,1654779530701769,
300833b2ddd9014000030002,1,1,824,-50,1654779530703081,1654779530703081,
300833b2ddd9014000030001,1,1,1324,-49,1654779530704450,1654779530704450,
300833b2ddd9014000030009,1,1,2616,-44,1654779530705577,1654779530705577,
300833b2ddd9014000030009,1,1,2604,-44,1654779530710342,1654779530710342,
300833b2ddd9014000030001,1,1,1356,-49,1654779530712070,1654779530712070,
300833b2ddd9014000030008,1,1,3592,-45,1654779530713166,1654779530713166,
300833b2ddd9014000030002,1,1,804,-50,1654779530714464,1654779530714464,
300833b2ddd9014000030002,1,1,820,-50,1654779530745108,1654779530745108,
300833b2ddd9014000030009,1,1,2588,-44,1654779530747077,1654779530747077,
300833b2ddd9014000030008,1,1,3584,-45,1654779530748201,1654779530748201,
300833b2ddd9014000030001,1,1,1304,-49,1654779530749872,1654779530749872,
300833b2ddd9014000030001,1,1,1328,-49,1654779530752891,1654779530752891,
300833b2ddd9014000030008,1,1,3592,-45,1654779530754594,1654779530754594,
300833b2ddd9014000030002,1,1,820,-50,1654779530755651,1654779530755651,
300833b2ddd9014000030009,1,1,2612,-44,1654779530757023,1654779530757023,
300833b2ddd9014000030008,1,1,3592,-45,1654779530787316,1654779530787316,
300833b2ddd9014000030001,1,1,1308,-49,1654779530788631,1654779530788631,
300833b2ddd9014000030009,1,1,2628,-44,1654779530790650,1654779530790650,
300833b2ddd9014000030002,1,1,824,-50,1654779530792717,1654779530792717,
300833b2ddd9014000030009,1,1,2612,-44,1654779531002400,1654779531002400,
300833b2ddd9014000030001,1,1,1332,-49,1654779531003487,1654779531003487,
300833b2ddd9014000030008,1,1,3588,-45,1654779531005307,1654779531005307,
300833b2ddd9014000030002,1,1,820,-50,1654779531007583,1654779531007583,
300833b2ddd9014000030001,1,1,1364,-49,1654779531037378,1654779531037378,
300833b2ddd9014000030009,1,1,2600,-44,1654779531038466,1654779531038466,
300833b2ddd9014000030002,1,1,840,-50,1654779531039577,1654779531039577,
300833b2ddd9014000030008,1,1,3596,-45,1654779531041578,1654779531041578,
300833b2ddd9014000030008,1,1,3604,-45,1654779531046343,1654779531046343,
300833b2ddd9014000030009,1,1,2616,-44,1654779531047772,1654779531047772,
300833b2ddd9014000030002,1,1,816,-50,1654779531049125,1654779531049125,
300833b2ddd9014000030001,1,1,1348,-49,1654779531050198,1654779531050198,
300833b2ddd9014000030008,1,1,3600,-45,1654779531080944,1654779531080944,
300833b2ddd9014000030009,1,1,2612,-44,1654779531082299,1654779531082299,
300833b2ddd9014000030001,1,1,1348,-49,1654779531083840,1654779531083840,
300833b2ddd9014000030002,1,1,832,-50,1654779531085790,1654779531085790,
300833b2ddd9014000030008,1,1,3604,-45,1654779531089555,1654779531089555,
300833b2ddd9014000030002,1,1,820,-50,1654779531091108,1654779531091108,
300833b2ddd9014000030001,1,1,1336,-49,1654779531092663,1654779531092663,
300833b2ddd9014000030009,1,1,2612,-44,1654779531093763,1654779531093763,
300833b2ddd9014000030001,1,1,1344,-50,1654779531124865,1654779531124865,
300833b2ddd9014000030009,1,1,2596,-44,1654779531130207,1654779531130207,
300833b2ddd9014000030002,1,1,848,-50,1654779531131897,1654779531131897,
300833b2ddd9014000030008,1,1,3616,-45,1654779531133012,1654779531133012,
300833b2ddd9014000030002,1,1,832,-50,1654779531137870,1654779531137870,
300833b2ddd9014000030001,1,1,1324,-49,1654779531139213,1654779531139213,
300833b2ddd9014000030009,1,1,2616,-44,1654779531140807,1654779531140807,
300833b2ddd9014000030008,1,1,3612,-45,1654779531141961,1654779531141961,
300833b2ddd9014000030009,1,1,2628,-44,1654779531173434,1654779531173434,
300833b2ddd9014000030002,1,1,848,-50,1654779531175167,1654779531175167,
300833b2ddd9014000030001,1,1,1340,-49,1654779531176241,1654779531176241,
300833b2ddd9014000030008,1,1,3600,-45,1654779531177563,1654779531177563,
300833b2ddd9014000030009,1,1,2636,-44,1654779531181454,1654779531181454,
300833b2ddd9014000030008,1,1,3596,-45,1654779531182957,1654779531182957,
300833b2ddd9014000030002,1,1,844,-50,1654779531184341,1654779531184341,
300833b2ddd9014000030001,1,1,1352,-49,1654779531186046,1654779531186046,
300833b2ddd9014000030002,1,1,860,-50,1654779531216110,1654779531216110,
300833b2ddd9014000030008,1,1,3612,-45,1654779531217192,1654779531217192,
300833b2ddd9014000030001,1,1,1372,-49,1654779531218504,1654779531218504,
300833b2ddd9014000030009,1,1,2620,-44,1654779531219604,1654779531219604,
300833b2ddd9014000030001,1,1,1352,-49,1654779531224807,1654779531224807,
300833b2ddd9014000030008,1,1,3608,-45,1654779531225865,1654779531225865,
300833b2ddd9014000030009,1,1,2604,-44,1654779531226935,1654779531226935,
300833b2ddd9014000030002,1,1,840,-50,1654779531230997,1654779531230997,
300833b2ddd9014000030001,1,1,1352,-49,1654779531263086,1654779531263086,
300833b2ddd9014000030009,1,1,2600,-44,1654779531264171,1654779531264171,
300833b2ddd9014000030008,1,1,3608,-45,1654779531265208,1654779531265208,
300833b2ddd9014000030002,1,1,832,-50,1654779531266905,1654779531266905,
300833b2ddd9014000030008,1,1,3600,-45,1654779531269625,1654779531269625,
300833b2ddd9014000030002,1,1,840,-50,1654779531270680,1654779531270680,
300833b2ddd9014000030009,1,1,2620,-44,1654779531272474,1654779531272474,
300833b2ddd9014000030001,1,1,1356,-50,1654779531273813,1654779531273813,
300833b2ddd9014000030002,1,1,872,-50,1654779531305381,1654779531305381,
300833b2ddd9014000030009,1,1,2620,-44,1654779531307232,1654779531307232,
300833b2ddd9014000030008,1,1,3592,-45,1654779531308585,1654779531308585,
300833b2ddd9014000030001,1,1,1324,-49,1654779531309672,1654779531309672,
300833b2ddd9014000030009,1,1,2604,-44,1654779531313029,1654779531313029,
300833b2ddd9014000030008,1,1,3600,-45,1654779531314323,1654779531314323,
300833b2ddd9014000030002,1,1,836,-50,1654779531315633,1654779531315633,
300833b2ddd9014000030001,1,1,1336,-50,1654779531317202,1654779531317202,
300833b2ddd9014000030001,1,1,1332,-50,1654779531348499,1654779531348499,
300833b2ddd9014000030002,1,1,824,-50,1654779531350873,1654779531350873,
300833b2ddd9014000030009,1,1,2640,-44,1654779531351943,1654779531351943,
300833b2ddd9014000030008,1,1,3612,-45,1654779531353410,1654779531353410,
300833b2ddd9014000030001,1,1,1348,-49,1654779531356138,1654779531356138,
300833b2ddd9014000030002,1,1,856,-50,1654779531357465,1654779531357465,
300833b2ddd9014000030009,1,1,2628,-44,1654779531358805,1654779531358805,
300833b2ddd9014000030008,1,1,3604,-45,1654779531360356,1654779531360356,
300833b2ddd9014000030001,1,1,1348,-50,1654779531394537,1654779531394537,
300833b2ddd9014000030008,1,1,3608,-45,1654779531396089,1654779531396089,
300833b2ddd9014000030009,1,1,2648,-44,1654779531398201,1654779531398201,
300833b2ddd9014000030001,1,1,1352,-49,1654779531405943,1654779531405943,
300833b2ddd9014000030008,1,1,3612,-45,1654779531407354,1654779531407354,
300833b2ddd9014000030009,1,1,2600,-44,1654779531408666,1654779531408666,
300833b2ddd9014000030009,1,1,2612,-44,1654779531440577,1654779531440577,
300833b2ddd9014000030008,1,1,3608,-45,1654779531441645,1654779531441645,
300833b2ddd9014000030001,1,1,1356,-50,1654779531442849,1654779531442849,
300833b2ddd9014000030009,1,1,2616,-44,1654779531447225,1654779531447225,
300833b2ddd9014000030008,1,1,3608,-45,1654779531448969,1654779531448969,
300833b2ddd9014000030001,1,1,1344,-50,1654779531450014,1654779531450014,
300833b2ddd9014000030002,1,1,844,-50,1654779531451241,1654779531451241,
300833b2ddd9014000030002,1,1,852,-50,1654779531481463,1654779531481463,
300833b2ddd9014000030008,1,1,3628,-45,1654779531482562,1654779531482562,
300833b2ddd9014000030001,1,1,1332,-50,1654779531485253,1654779531485253,
300833b2ddd9014000030001,1,1,1352,-50,1654779531488941,1654779531488941,
300833b2ddd9014000030002,1,1,824,-50,1654779531491091,1654779531491091,
300833b2ddd9014000030009,1,1,2612,-44,1654779531492188,1654779531492188,
300833b2ddd9014000030008,1,1,3608,-45,1654779531493253,1654779531493253,
300833b2ddd9014000030001,1,1,1352,-49,1654779531523983,1654779531523983,
300833b2ddd9014000030008,1,1,3612,-45,1654779531525093,1654779531525093,
300833b2ddd9014000030009,1,1,2612,-44,1654779531526647,1654779531526647,
300833b2ddd9014000030002,1,1,864,-50,1654779531527984,1654779531527984,
300833b2ddd9014000030008,1,1,3620,-45,1654779531532153,1654779531532153,
300833b2ddd9014000030001,1,1,1352,-50,1654779531533266,1654779531533266,
300833b2ddd9014000030002,1,1,848,-50,1654779531535061,1654779531535061,
300833b2ddd9014000030009,1,1,2616,-44,1654779531536429,1654779531536429,
300833b2ddd9014000030001,1,1,1348,-50,1654779531567703,1654779531567703,
300833b2ddd9014000030002,1,1,836,-50,1654779531569015,1654779531569015,
300833b2ddd9014000030008,1,1,3616,-45,1654779531570321,1654779531570321,
300833b2ddd9014000030009,1,1,2612,-44,1654779531571891,1654779531571891,
300833b2ddd9014000030009,1,1,2620,-44,1654779531576265,1654779531576265,
300833b2ddd9014000030002,1,1,868,-50,1654779531577334,1654779531577334,
300833b2ddd9014000030008,1,1,3608,-45,1654779531579408,1654779531579408,
300833b2ddd9014000030001,1,1,1340,-50,1654779531580511,1654779531580511,
300833b2ddd9014000030009,1,1,2628,-44,1654779531614497,1654779531614497,
300833b2ddd9014000030008,1,1,3612,-45,1654779531616061,1654779531616061,
300833b2ddd9014000030002,1,1,824,-50,1654779531617400,1654779531617400,
300833b2ddd9014000030001,1,1,1348,-50,1654779531618787,1654779531618787,
300833b2ddd9014000030001,1,1,1364,-49,1654779531623859,1654779531623859,
300833b2ddd9014000030009,1,1,2612,-44,1654779531625245,1654779531625245,
300833b2ddd9014000030008,1,1,3608,-45,1654779531627524,1654779531627524,
300833b2ddd9014000030002,1,1,808,-50,1654779531629432,1654779531629432,
300833b2ddd9014000030009,1,1,2628,-44,1654779531660114,1654779531660114,
300833b2ddd9014000030002,1,1,840,-50,1654779531661551,1654779531661551,
300833b2ddd9014000030008,1,1,3620,-45,1654779531662818,1654779531662818,
300833b2ddd9014000030001,1,1,1372,-50,1654779531664020,1654779531664020,
300833b2ddd9014000030009,1,1,2632,-44,1654779531666983,1654779531666983,
300833b2ddd9014000030008,1,1,3620,-45,1654779531668306,1654779531668306,
300833b2ddd9014000030002,1,1,808,-50,1654779531669393,1654779531669393,
300833b2ddd9014000030001,1,1,1348,-50,1654779531670749,1654779531670749,
300833b2ddd9014000030002,1,1,832,-50,1654779531702784,1654779531702784,
300833b2ddd9014000030001,1,1,1360,-50,1654779531704526,1654779531704526,
300833b2ddd9014000030008,1,1,3624,-45,1654779531706105,1654779531706105,
300833b2ddd9014000030002,1,1,844,-50,1654779531709613,1654779531709613,
300833b2ddd9014000030008,1,1,3636,-45,1654779531711548,1654779531711548,
300833b2ddd9014000030009,1,1,2616,-44,1654779531712620,1654779531712620,
300833b2ddd9014000030001,1,1,1360,-50,1654779531714092,1654779531714092,
300833b2ddd9014000030009,1,1,2624,-44,1654779531745525,1654779531745525,
300833b2ddd9014000030002,1,1,836,-50,1654779531746890,1654779531746890,
300833b2ddd9014000030008,1,1,3624,-45,1654779531748938,1654779531748938,
300833b2ddd9014000030001,1,1,1372,-50,1654779531750635,1654779531750635,
300833b2ddd9014000030008,1,1,3640,-45,1654779531754403,1654779531754403,
300833b2ddd9014000030009,1,1,2616,-44,1654779531755474,1654779531755474,
300833b2ddd9014000030002,1,1,820,-50,1654779531757086,1654779531757086,
300833b2ddd9014000030001,1,1,1372,-50,1654779531758156,1654779531758156,
300833b2ddd9014000030008,1,1,3616,-45,1654779531817423,1654779531817423,
300833b2ddd9014000030001,1,1,1372,-50,1654779531819377,1654779531819377,
300833b2ddd9014000030002,1,1,816,-50,1654779531822880,1654779531822880,
300833b2ddd9014000030001,1,1,1356,-50,1654779531823911,1654779531823911,
300833b2ddd9014000030008,1,1,3612,-45,1654779531825236,1654779531825236,
300833b2ddd9014000030009,1,1,2628,-44,1654779531826832,1654779531826832,
300833b2ddd9014000030009,1,1,2664,-44,1654779531858311,1654779531858311,
300833b2ddd9014000030008,1,1,3624,-45,1654779531859349,1654779531859349,
300833b2ddd9014000030001,1,1,1368,-50,1654779531860707,1654779531860707,
300833b2ddd9014000030002,1,1,860,-50,1654779531864242,1654779531864242,
300833b2ddd9014000030009,1,1,2624,-44,1654779531867908,1654779531867908,
300833b2ddd9014000030002,1,1,820,-50,1654779531868963,1654779531868963,
300833b2ddd9014000030008,1,1,3620,-45,1654779531870060,1654779531870060,
300833b2ddd9014000030001,1,1,1368,-50,1654779531871389,1654779531871389,
300833b2ddd9014000030001,1,1,1356,-50,1654779531903348,1654779531903348,
300833b2ddd9014000030002,1,1,824,-50,1654779531904695,1654779531904695,
300833b2ddd9014000030009,1,1,2636,-44,1654779531906018,1654779531906018,
300833b2ddd9014000030008,1,1,3652,-45,1654779531907572,1654779531907572,
300833b2ddd9014000030001,1,1,1376,-50,1654779531913850,1654779531913850,
300833b2ddd9014000030002,1,1,832,-50,1654779531914918,1654779531914918,
300833b2ddd9014000030008,1,1,3616,-45,1654779531916469,1654779531916469,
300833b2ddd9014000030009,1,1,2632,-44,1654779531917524,1654779531917524,
300833b2ddd9014000030009,1,1,2600,-44,1654779531949066,1654779531949066,
300833b2ddd9014000030001,1,1,1352,-50,1654779531950406,1654779531950406,
300833b2ddd9014000030002,1,1,888,-50,1654779531951561,1654779531951561,
300833b2ddd9014000030008,1,1,3604,-45,1654779531952870,1654779531952870,
300833b2ddd9014000030002,1,1,876,-50,1654779531958501,1654779531958501,
300833b2ddd9014000030001,1,1,1372,-50,1654779531960251,1654779531960251,
300833b2ddd9014000030009,1,1,2636,-44,1654779531961321,1654779531961321,
300833b2ddd9014000030008,1,1,3612,-45,1654779531962402,1654779531962402,
300833b2ddd9014000030009,1,1,2624,-44,1654779531995880,1654779531995880,
300833b2ddd9014000030008,1,1,3612,-46,1654779531999528,1654779531999528,
300833b2ddd9014000030002,1,1,856,-50,1654779532000632,1654779532000632,
300833b2ddd9014000030001,1,1,1360,-49,1654779532001716,1654779532001716,
300833b2ddd9014000030009,1,1,2608,-44,1654779532007159,1654779532007159,
300833b2ddd9014000030008,1,1,3604,-45,1654779532008169,1654779532008169,
300833b2ddd9014000030001,1,1,1356,-49,1654779532009285,1654779532009285,
300833b2ddd9014000030002,1,1,836,-50,1654779532011347,1654779532011347,
300833b2ddd9014000030001,1,1,1340,-50,1654779532071062,1654779532071062,
300833b2ddd9014000030008,1,1,3612,-46,1654779532078088,1654779532078088,
300833b2ddd9014000030002,1,1,852,-50,1654779532079428,1654779532079428,
300833b2ddd9014000030009,1,1,2632,-44,1654779532080484,1654779532080484,
300833b2ddd9014000030001,1,1,1360,-50,1654779532083162,1654779532083162,
300833b2ddd9014000030009,1,1,2644,-44,1654779532114180,1654779532114180,
300833b2ddd9014000030009,1,1,2640,-44,1654779532118616,1654779532118616,
300833b2ddd9014000030008,1,1,3596,-45,1654779532120200,1654779532120200,
300833b2ddd9014000030001,1,1,1344,-50,1654779532153664,1654779532153664,
300833b2ddd9014000030008,1,1,3612,-45,1654779532154972,1654779532154972,
300833b2ddd9014000030009,1,1,2624,-44,1654779532156283,1654779532156283,
300833b2ddd9014000030008,1,1,3600,-45,1654779532163707,1654779532163707,
300833b2ddd9014000030002,1,1,876,-51,1654779532164801,1654779532164801,
300833b2ddd9014000030001,1,1,1392,-50,1654779532166187,1654779532166187,
300833b2ddd9014000030009,1,1,2640,-44,1654779532167285,1654779532167285,
300833b2ddd9014000030008,1,1,3612,-46,1654779532200234,1654779532200234,
300833b2ddd9014000030009,1,1,2624,-44,1654779532201944,1654779532201944,
300833b2ddd9014000030002,1,1,844,-50,1654779532203900,1654779532203900,
300833b2ddd9014000030001,1,1,1356,-49,1654779532205015,1654779532205015,
300833b2ddd9014000030002,1,1,852,-50,1654779532207753,1654779532207753,
300833b2ddd9014000030001,1,1,1364,-50,1654779532209904,1654779532209904,
300833b2ddd9014000030008,1,1,3612,-45,1654779532211017,1654779532211017,
300833b2ddd9014000030009,1,1,2620,-44,1654779532212088,1654779532212088,
300833b2ddd9014000030002,1,1,860,-51,1654779532242642,1654779532242642,
300833b2ddd9014000030008,1,1,3604,-46,1654779532243952,1654779532243952,
300833b2ddd9014000030009,1,1,2608,-44,1654779532245264,1654779532245264,
300833b2ddd9014000030001,1,1,1384,-49,1654779532246576,1654779532246576,
300833b2ddd9014000030008,1,1,3600,-46,1654779532251380,1654779532251380,
300833b2ddd9014000030009,1,1,2624,-44,1654779532252508,1654779532252508,
300833b2ddd9014000030001,1,1,1384,-50,1654779532253581,1654779532253581,
300833b2ddd9014000030002,1,1,860,-50,1654779532254904,1654779532254904,
300833b2ddd9014000030008,1,1,3596,-46,1654779532287355,1654779532287355,
300833b2ddd9014000030009,1,1,2612,-44,1654779532288825,1654779532288825,
300833b2ddd9014000030001,1,1,1376,-49,1654779532289926,1654779532289926,
300833b2ddd9014000030002,1,1,840,-50,1654779532291265,1654779532291265,
300833b2ddd9014000030009,1,1,2616,-44,1654779532294649,1654779532294649,
300833b2ddd9014000030002,1,1,828,-50,1654779532295957,1654779532295957,
300833b2ddd9014000030001,1,1,1392,-50,1654779532297087,1654779532297087,
300833b2ddd9014000030008,1,1,3580,-46,1654779532298651,1654779532298651,
300833b2ddd9014000030009,1,1,2608,-44,1654779532330787,1654779532330787,
300833b2ddd9014000030008,1,1,3572,-46,1654779532332479,1654779532332479,
300833b2ddd9014000030001,1,1,1392,-49,1654779532333584,1654779532333584,
300833b2ddd9014000030002,1,1,816,-50,1654779532334682,1654779532334682,
300833b2ddd9014000030002,1,1,856,-50,1654779532338296,1654779532338296,
300833b2ddd9014000030009,1,1,2604,-44,1654779532339621,1654779532339621,
300833b2ddd9014000030008,1,1,3552,-46,1654779532340945,1654779532340945,
300833b2ddd9014000030001,1,1,1388,-49,1654779532342886,1654779532342886,
300833b2ddd9014000030009,1,1,2580,-44,1654779532374179,1654779532374179,
300833b2ddd9014000030008,1,1,3552,-46,1654779532375901,1654779532375901,
300833b2ddd9014000030001,1,1,1424,-49,1654779532376961,1654779532376961,
300833b2ddd9014000030002,1,1,824,-51,1654779532378227,1654779532378227,
300833b2ddd9014000030001,1,1,1404,-49,1654779532381689,1654779532381689,
300833b2ddd9014000030009,1,1,2576,-44,1654779532382763,1654779532382763,
300833b2ddd9014000030008,1,1,3536,-46,1654779532384102,1654779532384102,
300833b2ddd9014000030002,1,1,848,-51,1654779532385455,1654779532385455,
300833b2ddd9014000030002,1,1,828,-51,1654779532417158,1654779532417158,
300833b2ddd9014000030009,1,1,2572,-44,1654779532418257,1654779532418257,
300833b2ddd9014000030008,1,1,3488,-46,1654779532419822,1654779532419822,
300833b2ddd9014000030001,1,1,1424,-49,1654779532420910,1654779532420910,
300833b2ddd9014000030008,1,1,3488,-46,1654779532425900,1654779532425900,
300833b2ddd9014000030009,1,1,2560,-44,1654779532426988,1654779532426988,
300833b2ddd9014000030001,1,1,1452,-49,1654779532428341,1654779532428341,
300833b2ddd9014000030002,1,1,812,-51,1654779532429725,1654779532429725,
300833b2ddd9014000030009,1,1,2556,-44,1654779532462271,1654779532462271,
300833b2ddd9014000030008,1,1,3440,-46,1654779532463638,1654779532463638,
300833b2ddd9014000030001,1,1,1428,-49,1654779532464711,1654779532464711,
300833b2ddd9014000030002,1,1,804,-52,1654779532466122,1654779532466122,
300833b2ddd9014000030009,1,1,2548,-44,1654779532469089,1654779532469089,
300833b2ddd9014000030001,1,1,1432,-49,1654779532470175,1654779532470175,
300833b2ddd9014000030002,1,1,828,-52,1654779532471570,1654779532471570,
300833b2ddd9014000030008,1,1,3456,-46,1654779532473052,1654779532473052,
300833b2ddd9014000030009,1,1,2524,-43,1654779532504254,1654779532504254,
300833b2ddd9014000030001,1,1,1436,-49,1654779532505327,1654779532505327,
300833b2ddd9014000030002,1,1,808,-52,1654779532507134,1654779532507134,
300833b2ddd9014000030008,1,1,3408,-46,1654779532508274,1654779532508274,
300833b2ddd9014000030008,1,1,3400,-46,1654779532512726,1654779532512726,
300833b2ddd9014000030002,1,1,788,-52,1654779532513767,1654779532513767,
300833b2ddd9014000030001,1,1,1436,-49,1654779532515363,1654779532515363,
300833b2ddd9014000030009,1,1,2528,-43,1654779532516491,1654779532516491,
300833b2ddd9014000030001,1,1,1440,-49,1654779532549299,1654779532549299,
300833b2ddd9014000030002,1,1,816,-53,1654779532550368,1654779532550368,
300833b2ddd9014000030008,1,1,3356,-45,1654779532551423,1654779532551423,
300833b2ddd9014000030009,1,1,2488,-43,1654779532552551,1654779532552551,
300833b2ddd9014000030009,1,1,2508,-43,1654779532556417,1654779532556417,
300833b2ddd9014000030001,1,1,1448,-48,1654779532557446,1654779532557446,
300833b2ddd9014000030008,1,1,3332,-45,1654779532559281,1654779532559281,
300833b2ddd9014000030002,1,1,876,-53,1654779532561361,1654779532561361,
300833b2ddd9014000030001,1,1,1472,-48,1654779532591276,1654779532591276,
300833b2ddd9014000030009,1,1,2472,-43,1654779532592304,1654779532592304,
300833b2ddd9014000030008,1,1,3300,-45,1654779532593652,1654779532593652,
300833b2ddd9014000030002,1,1,760,-53,1654779532602824,1654779532602824,
300833b2ddd9014000030002,1,1,756,-53,1654779532606816,1654779532606816,
300833b2ddd9014000030001,1,1,1504,-48,1654779532607932,1654779532607932,
300833b2ddd9014000030009,1,1,2460,-42,1654779532609486,1654779532609486,
300833b2ddd9014000030008,1,1,3268,-44,1654779532611648,1654779532611648,
300833b2ddd9014000030002,1,1,700,-53,1654779532642561,1654779532642561,
300833b2ddd9014000030001,1,1,1524,-49,1654779532644741,1654779532644741,
300833b2ddd9014000030008,1,1,3236,-44,1654779532645809,1654779532645809,
300833b2ddd9014000030009,1,1,2452,-42,1654779532650189,1654779532650189,
300833b2ddd9014000030008,1,1,3236,-44,1654779532651498,1654779532651498,
300833b2ddd9014000030002,1,1,688,-53,1654779532653262,1654779532653262,
300833b2ddd9014000030001,1,1,1520,-48,1654779532654319,1654779532654319,
300833b2ddd9014000030002,1,1,616,-53,1654779532685803,1654779532685803,
300833b2ddd9014000030008,1,1,3200,-44,1654779532686896,1654779532686896,
300833b2ddd9014000030001,1,1,1564,-49,1654779532688979,1654779532688979,
300833b2ddd9014000030008,1,1,3184,-43,1654779532693155,1654779532693155,
300833b2ddd9014000030001,1,1,1532,-48,1654779532694738,1654779532694738,
300833b2ddd9014000030009,1,1,2452,-43,1654779532696334,1654779532696334,
300833b2ddd9014000030002,1,1,568,-53,1654779532698000,1654779532698000,
300833b2ddd9014000030008,1,1,3164,-43,1654779532728771,1654779532728771,
300833b2ddd9014000030002,1,1,464,-52,1654779532730665,1654779532730665,
300833b2ddd9014000030001,1,1,1576,-49,1654779532732021,1654779532732021,
300833b2ddd9014000030001,1,1,1572,-49,1654779532736299,1654779532736299,
300833b2ddd9014000030009,1,1,2460,-42,1654779532737556,1654779532737556,
300833b2ddd9014000030008,1,1,3140,-43,1654779532738879,1654779532738879,
300833b2ddd9014000030002,1,1,416,-51,1654779532740404,1654779532740404,
300833b2ddd9014000030002,1,1,328,-50,1654779532771886,1654779532771886,
300833b2ddd9014000030001,1,1,1616,-50,1654779532773388,1654779532773388,
300833b2ddd9014000030008,1,1,3120,-42,1654779532774721,1654779532774721,
300833b2ddd9014000030009,1,1,2496,-43,1654779532775822,1654779532775822,
300833b2ddd9014000030002,1,1,328,-50,1654779532779674,1654779532779674,
300833b2ddd9014000030001,1,1,1600,-50,1654779532780750,1654779532780750,
300833b2ddd9014000030008,1,1,3108,-42,1654779532782147,1654779532782147,
300833b2ddd9014000030009,1,1,2436,-43,1654779532784310,1654779532784310,
300833b2ddd9014000030008,1,1,3104,-42,1654779532821233,1654779532821233,
300833b2ddd9014000030001,1,1,1568,-52,1654779532822289,1654779532822289,
300833b2ddd9014000030009,1,1,2456,-44,1654779532823818,1654779532823818,
300833b2ddd9014000030002,1,1,216,-48,1654779532825469,1654779532825469,
300833b2ddd9014000030008,1,1,3096,-42,1654779532829592,1654779532829592,
300833b2ddd9014000030009,1,1,2444,-44,1654779532830650,1654779532830650,
300833b2ddd9014000030001,1,1,1580,-53,1654779532832011,1654779532832011,
300833b2ddd9014000030002,1,1,216,-49,1654779532834172,1654779532834172,
300833b2ddd9014000030009,1,1,2516,-44,1654779532866324,1654779532866324,
300833b2ddd9014000030008,1,1,3096,-41,1654779532867634,1654779532867634,
300833b2ddd9014000030002,1,1,156,-48,1654779532869132,1654779532869132,
300833b2ddd9014000030001,1,1,1612,-54,1654779532870564,1654779532870564,
300833b2ddd9014000030001,1,1,1544,-54,1654779532873855,1654779532873855,
300833b2ddd9014000030002,1,1,148,-48,1654779532874971,1654779532874971,
300833b2ddd9014000030008,1,1,3108,-42,1654779532876310,1654779532876310,
300833b2ddd9014000030009,1,1,2472,-44,1654779532877369,1654779532877369,
300833b2ddd9014000030002,1,1,132,-48,1654779532908727,1654779532908727,
300833b2ddd9014000030008,1,1,3128,-42,1654779532910897,1654779532910897,
300833b2ddd9014000030009,1,1,2508,-45,1654779532911996,1654779532911996,
300833b2ddd9014000030001,1,1,1528,-56,1654779532913442,1654779532913442,
300833b2ddd9014000030001,1,1,1532,-56,1654779532916891,1654779532916891,
300833b2ddd9014000030002,1,1,120,-48,1654779532918410,1654779532918410,
300833b2ddd9014000030009,1,1,2508,-45,1654779532919721,1654779532919721,
300833b2ddd9014000030008,1,1,3128,-42,1654779532920762,1654779532920762,
300833b2ddd9014000030009,1,1,2508,-45,1654779532951058,1654779532951058,
300833b2ddd9014000030001,1,1,1456,-57,1654779532953026,1654779532953026,
300833b2ddd9014000030008,1,1,3144,-42,1654779532954319,1654779532954319,
300833b2ddd9014000030002,1,1,124,-48,1654779532955376,1654779532955376,
300833b2ddd9014000030001,1,1,1460,-57,1654779532959505,1654779532959505,
300833b2ddd9014000030008,1,1,3144,-42,1654779532960928,1654779532960928,
300833b2ddd9014000030002,1,1,104,-48,1654779532962070,1654779532962070,
300833b2ddd9014000030009,1,1,2520,-45,1654779532963167,1654779532963167,
300833b2ddd9014000030008,1,1,3172,-42,1654779532993535,1654779532993535,
300833b2ddd9014000030009,1,1,2528,-46,1654779532994857,1654779532994857,
300833b2ddd9014000030002,1,1,124,-48,1654779532996638,1654779532996638,
300833b2ddd9014000030001,1,1,1312,-57,1654779532998961,1654779532998961,
300833b2ddd9014000030009,1,1,2516,-45,1654779533001968,1654779533001968,
300833b2ddd9014000030008,1,1,3172,-42,1654779533003546,1654779533003546,
300833b2ddd9014000030002,1,1,116,-48,1654779533005341,1654779533005341,
300833b2ddd9014000030001,1,1,1364,-57,1654779533006526,1654779533006526,
300833b2ddd9014000030008,1,1,3200,-42,1654779533043890,1654779533043890,
300833b2ddd9014000030001,1,1,1280,-57,1654779533047825,1654779533047825,
300833b2ddd9014000030009,1,1,2512,-46,1654779533049960,1654779533049960,
300833b2ddd9014000030002,1,1,140,-48,1654779533052947,1654779533052947,
300833b2ddd9014000030008,1,1,3188,-42,1654779533055825,1654779533055825,
300833b2ddd9014000030009,1,1,2524,-46,1654779533056938,1654779533056938,
300833b2ddd9014000030002,1,1,144,-48,1654779533058504,1654779533058504,
300833b2ddd9014000030001,1,1,1352,-57,1654779533060475,1654779533060475,
300833b2ddd9014000030001,1,1,1260,-56,1654779533091920,1654779533091920,
300833b2ddd9014000030009,1,1,2556,-46,1654779533092989,1654779533092989,
300833b2ddd9014000030008,1,1,3220,-42,1654779533094540,1654779533094540,
300833b2ddd9014000030002,1,1,164,-49,1654779533096006,1654779533096006,
300833b2ddd9014000030009,1,1,2556,-46,1654779533101868,1654779533101868,
300833b2ddd9014000030008,1,1,3204,-43,1654779533103889,1654779533103889,
300833b2ddd9014000030002,1,1,164,-48,1654779533105371,1654779533105371,
300833b2ddd9014000030001,1,1,1228,-57,1654779533106530,1654779533106530,
300833b2ddd9014000030002,1,1,192,-49,1654779533136310,1654779533136310,
300833b2ddd9014000030009,1,1,2560,-46,1654779533137394,1654779533137394,
300833b2ddd9014000030008,1,1,3224,-43,1654779533139229,1654779533139229,
300833b2ddd9014000030001,1,1,1212,-56,1654779533140956,1654779533140956,
300833b2ddd9014000030009,1,1,2560,-46,1654779533145044,1654779533145044,
300833b2ddd9014000030008,1,1,3220,-43,1654779533146098,1654779533146098,
300833b2ddd9014000030002,1,1,168,-49,1654779533147395,1654779533147395,
300833b2ddd9014000030001,1,1,1200,-56,1654779533150027,1654779533150027,
300833b2ddd9014000030009,1,1,2572,-46,1654779533181222,1654779533181222,
300833b2ddd9014000030002,1,1,140,-49,1654779533182662,1654779533182662,
300833b2ddd9014000030008,1,1,3228,-43,1654779533184169,1654779533184169,
300833b2ddd9014000030001,1,1,1156,-56,1654779533185414,1654779533185414,
300833b2ddd9014000030008,1,1,3224,-43,1654779533188443,1654779533188443,
300833b2ddd9014000030002,1,1,176,-49,1654779533189769,1654779533189769,
300833b2ddd9014000030009,1,1,2572,-46,1654779533191772,1654779533191772,
300833b2ddd9014000030001,1,1,1204,-56,1654779533193245,1654779533193245,
300833b2ddd9014000030008,1,1,3220,-43,1654779533224063,1654779533224063,
300833b2ddd9014000030001,1,1,1116,-56,1654779533226203,1654779533226203,
300833b2ddd9014000030009,1,1,2588,-46,1654779533227526,1654779533227526,
300833b2ddd9014000030009,1,1,2576,-46,1654779533231104,1654779533231104,
300833b2ddd9014000030001,1,1,1176,-56,1654779533232402,1654779533232402,
300833b2ddd9014000030008,1,1,3220,-43,1654779533234252,1654779533234252,
300833b2ddd9014000030002,1,1,156,-49,1654779533235945,1654779533235945,
300833b2ddd9014000030008,1,1,3248,-43,1654779533266536,1654779533266536,
300833b2ddd9014000030001,1,1,1172,-56,1654779533268105,1654779533268105,
300833b2ddd9014000030009,1,1,2584,-46,1654779533269855,1654779533269855,
300833b2ddd9014000030002,1,1,168,-49,1654779533271594,1654779533271594,
300833b2ddd9014000030008,1,1,3244,-43,1654779533275657,1654779533275657,
300833b2ddd9014000030009,1,1,2596,-46,1654779533276772,1654779533276772,
300833b2ddd9014000030001,1,1,1156,-56,1654779533277888,1654779533277888,
300833b2ddd9014000030002,1,1,176,-49,1654779533278971,1654779533278971,
300833b2ddd9014000030002,1,1,176,-49,1654779533310898,1654779533310898,
300833b2ddd9014000030008,1,1,3224,-43,1654779533312252,1654779533312252,
300833b2ddd9014000030009,1,1,2564,-46,1654779533314699,1654779533314699,
300833b2ddd9014000030001,1,1,1100,-56,1654779533315788,1654779533315788,
300833b2ddd9014000030002,1,1,176,-49,1654779533319864,1654779533319864,
300833b2ddd9014000030009,1,1,2588,-46,1654779533321587,1654779533321587,
300833b2ddd9014000030008,1,1,3228,-43,1654779533322683,1654779533322683,
300833b2ddd9014000030001,1,1,1128,-56,1654779533324128,1654779533324128,
300833b2ddd9014000030002,1,1,184,-49,1654779533354573,1654779533354573,
300833b2ddd9014000030009,1,1,2600,-46,1654779533355700,1654779533355700,
300833b2ddd9014000030008,1,1,3244,-43,1654779533357265,1654779533357265,
300833b2ddd9014000030001,1,1,1160,-56,1654779533358949,1654779533358949,
300833b2ddd9014000030008,1,1,3248,-43,1654779533363096,1654779533363096,
300833b2ddd9014000030009,1,1,2576,-46,1654779533364977,1654779533364977,
300833b2ddd9014000030002,1,1,180,-49,1654779533366286,1654779533366286,
300833b2ddd9014000030001,1,1,1124,-56,1654779533367716,1654779533367716,
300833b2ddd9014000030008,1,1,3240,-43,1654779533397856,1654779533397856,
300833b2ddd9014000030002,1,1,176,-49,1654779533399179,1654779533399179,
300833b2ddd9014000030009,1,1,2572,-46,1654779533401073,1654779533401073,
300833b2ddd9014000030001,1,1,1116,-56,1654779533403143,1654779533403143,
300833b2ddd9014000030002,1,1,188,-49,1654779533406398,1654779533406398,
300833b2ddd9014000030008,1,1,3256,-43,1654779533407525,1654779533407525,
300833b2ddd9014000030009,1,1,2580,-46,1654779533409559,1654779533409559,
300833b2ddd9014000030001,1,1,1124,-56,1654779533411061,1654779533411061,
300833b2ddd9014000030008,1,1,3248,-43,1654779533441792,1654779533441792,
300833b2ddd9014000030001,1,1,1180,-56,1654779533442905,1654779533442905,
300833b2ddd9014000030002,1,1,184,-49,1654779533444006,1654779533444006,
300833b2ddd9014000030009,1,1,2576,-46,1654779533446021,1654779533446021,
300833b2ddd9014000030008,1,1,3232,-43,1654779533451381,1654779533451381,
300833b2ddd9014000030002,1,1,180,-49,1654779533452478,1654779533452478,
300833b2ddd9014000030009,1,1,2564,-46,1654779533453835,1654779533453835,
300833b2ddd9014000030001,1,1,1128,-56,1654779533455093,1654779533455093,
300833b2ddd9014000030001,1,1,1192,-55,1654779533485380,1654779533485380,
300833b2ddd9014000030008,1,1,3240,-43,1654779533487088,1654779533487088,
300833b2ddd9014000030009,1,1,2600,-46,1654779533488173,1654779533488173,
300833b2ddd9014000030002,1,1,172,-49,1654779533489483,1654779533489483,
300833b2ddd9014000030002,1,1,200,-49,1654779533492836,1654779533492836,
300833b2ddd9014000030008,1,1,3244,-43,1654779533493863,1654779533493863,
300833b2ddd9014000030001,1,1,1164,-56,1654779533494893,1654779533494893,
300833b2ddd9014000030009,1,1,2576,-46,1654779533497340,1654779533497340,
300833b2ddd9014000030001,1,1,1164,-56,1654779533529255,1654779533529255,
300833b2ddd9014000030002,1,1,192,-49,1654779533530479,1654779533530479,
300833b2ddd9014000030008,1,1,3236,-43,1654779533531820,1654779533531820,
300833b2ddd9014000030009,1,1,2580,-46,1654779533533544,1654779533533544,
300833b2ddd9014000030008,1,1,3228,-43,1654779533536799,1654779533536799,
300833b2ddd9014000030009,1,1,2576,-46,1654779533537899,1654779533537899,
300833b2ddd9014000030001,1,1,1152,-56,1654779533539526,1654779533539526,
300833b2ddd9014000030002,1,1,188,-49,1654779533540965,1654779533540965,
300833b2ddd9014000030008,1,1,3240,-43,1654779533572071,1654779533572071,
300833b2ddd9014000030001,1,1,1148,-56,1654779533574220,1654779533574220,
300833b2ddd9014000030009,1,1,2572,-46,1654779533575304,1654779533575304,
300833b2ddd9014000030002,1,1,188,-49,1654779533576417,1654779533576417,
300833b2ddd9014000030008,1,1,3240,-43,1654779533581979,1654779533581979,
300833b2ddd9014000030002,1,1,176,-49,1654779533583105,1654779533583105,
300833b2ddd9014000030009,1,1,2600,-46,1654779533584176,1654779533584176,
300833b2ddd9014000030001,1,1,1188,-56,1654779533586846,1654779533586846,
300833b2ddd9014000030008,1,1,3224,-43,1654779533618190,1654779533618190,
300833b2ddd9014000030009,1,1,2572,-46,1654779533619304,1654779533619304,
300833b2ddd9014000030002,1,1,176,-49,1654779533621168,1654779533621168,
300833b2ddd9014000030001,1,1,1180,-56,1654779533622299,1654779533622299,
300833b2ddd9014000030009,1,1,2588,-46,1654779533628354,1654779533628354,
300833b2ddd9014000030008,1,1,3232,-43,1654779533629411,1654779533629411,
300833b2ddd9014000030002,1,1,164,-49,1654779533630638,1654779533630638,
300833b2ddd9014000030001,1,1,1168,-56,1654779533632069,1654779533632069,
300833b2ddd9014000030008,1,1,3248,-43,1654779533663934,1654779533663934,
300833b2ddd9014000030009,1,1,2580,-46,1654779533665034,1654779533665034,
300833b2ddd9014000030002,1,1,172,-49,1654779533666218,1654779533666218,
300833b2ddd9014000030001,1,1,1204,-56,1654779533667405,1654779533667405,
300833b2ddd9014000030008,1,1,3232,-43,1654779533670288,1654779533670288,
300833b2ddd9014000030002,1,1,160,-49,1654779533671372,1654779533671372,
300833b2ddd9014000030001,1,1,1156,-56,1654779533672474,1654779533672474,
300833b2ddd9014000030009,1,1,2580,-46,1654779533673586,1654779533673586,
300833b2ddd9014000030008,1,1,3236,-43,1654779533706639,1654779533706639,
300833b2ddd9014000030001,1,1,1196,-56,1654779533707924,1654779533707924,
300833b2ddd9014000030009,1,1,2596,-46,1654779533709206,1654779533709206,
300833b2ddd9014000030002,1,1,168,-49,1654779533710547,1654779533710547,
300833b2ddd9014000030009,1,1,2572,-46,1654779533715097,1654779533715097,
300833b2ddd9014000030002,1,1,188,-49,1654779533717259,1654779533717259,
300833b2ddd9014000030008,1,1,3232,-43,1654779533718357,1654779533718357,
300833b2ddd9014000030001,1,1,1224,-56,1654779533719587,1654779533719587,
300833b2ddd9014000030001,1,1,1204,-56,1654779533750096,1654779533750096,
300833b2ddd9014000030009,1,1,2572,-46,1654779533751649,1654779533751649,
300833b2ddd9014000030002,1,1,172,-49,1654779533752760,1654779533752760,
300833b2ddd9014000030008,1,1,3252,-43,1654779533753873,1654779533753873,
300833b2ddd9014000030009,1,1,2580,-46,1654779533759171,1654779533759171,
300833b2ddd9014000030008,1,1,3252,-43,1654779533760250,1654779533760250,
300833b2ddd9014000030002,1,1,184,-49,1654779533761605,1654779533761605,
300833b2ddd9014000030001,1,1,1296,-56,1654779533762667,1654779533762667,
300833b2ddd9014000030002,1,1,180,-49,1654779533795152,1654779533795152,
300833b2ddd9014000030008,1,1,3240,-43,1654779533796222,1654779533796222,
300833b2ddd9014000030009,1,1,2564,-46,1654779533797323,1654779533797323,
300833b2ddd9014000030001,1,1,1192,-56,1654779533798935,1654779533798935,
300833b2ddd9014000030002,1,1,176,-49,1654779533803580,1654779533803580,
300833b2ddd9014000030008,1,1,3236,-43,1654779533804919,1654779533804919,
300833b2ddd9014000030009,1,1,2580,-46,1654779533806756,1654779533806756,
300833b2ddd9014000030001,1,1,1112,-56,1654779533807831,1654779533807831,
300833b2ddd9014000030009,1,1,2580,-46,1654779533839716,1654779533839716,
300833b2ddd9014000030001,1,1,1128,-56,1654779533841418,1654779533841418,
300833b2ddd9014000030002,1,1,188,-49,1654779533842528,1654779533842528,
300833b2ddd9014000030008,1,1,3228,-43,1654779533843823,1654779533843823,
300833b2ddd9014000030009,1,1,2588,-46,1654779533847208,1654779533847208,
300833b2ddd9014000030001,1,1,1156,-56,1654779533848507,1654779533848507,
300833b2ddd9014000030008,1,1,3224,-43,1654779533850525,1654779533850525,
300833b2ddd9014000030002,1,1,176,-49,1654779533852646,1654779533852646,
300833b2ddd9014000030002,1,1,176,-49,1654779533883109,1654779533883109,
300833b2ddd9014000030008,1,1,3244,-43,1654779533884219,1654779533884219,
300833b2ddd9014000030001,1,1,1188,-56,1654779533885549,1654779533885549,
300833b2ddd9014000030009,1,1,2592,-46,1654779533886814,1654779533886814,
300833b2ddd9014000030008,1,1,3232,-43,1654779533891546,1654779533891546,
300833b2ddd9014000030009,1,1,2584,-46,1654779533893031,1654779533893031,
300833b2ddd9014000030002,1,1,192,-49,1654779533894569,1654779533894569,
300833b2ddd9014000030001,1,1,1212,-56,1654779533896011,1654779533896011,
300833b2ddd9014000030009,1,1,2592,-46,1654779533925758,1654779533925758,
300833b2ddd9014000030001,1,1,1152,-56,1654779533926847,1654779533926847,
300833b2ddd9014000030008,1,1,3236,-43,1654779533927929,1654779533927929,
300833b2ddd9014000030002,1,1,168,-49,1654779533929451,1654779533929451,
300833b2ddd9014000030002,1,1,164,-49,1654779533934144,1654779533934144,
300833b2ddd9014000030008,1,1,3224,-43,1654779533935439,1654779533935439,
300833b2ddd9014000030009,1,1,2588,-46,1654779533936751,1654779533936751,
300833b2ddd9014000030001,1,1,1148,-56,1654779533937811,1654779533937811,
300833b2ddd9014000030001,1,1,1188,-56,1654779533969771,1654779533969771,
300833b2ddd9014000030008,1,1,3244,-43,1654779533970813,1654779533970813,
300833b2ddd9014000030002,1,1,188,-49,1654779533972121,1654779533972121,
300833b2ddd9014000030009,1,1,2584,-46,1654779533974528,1654779533974528,
300833b2ddd9014000030008,1,1,3236,-43,1654779533978616,1654779533978616,
300833b2ddd9014000030001,1,1,1176,-56,1654779533979675,1654779533979675,
300833b2ddd9014000030002,1,1,180,-49,1654779533980788,1654779533980788,
300833b2ddd9014000030009,1,1,2580,-46,1654779533982313,1654779533982313,
300833b2ddd9014000030002,1,1,176,-49,1654779534013601,1654779534013601,
300833b2ddd9014000030001,1,1,1192,-56,1654779534015555,1654779534015555,
300833b2ddd9014000030009,1,1,2596,-46,1654779534016656,1654779534016656,
300833b2ddd9014000030008,1,1,3252,-43,1654779534017962,1654779534017962,
300833b2ddd9014000030002,1,1,160,-49,1654779534021651,1654779534021651,
300833b2ddd9014000030009,1,1,2588,-46,1654779534023631,1654779534023631,
300833b2ddd9014000030008,1,1,3228,-43,1654779534024686,1654779534024686,
300833b2ddd9014000030001,1,1,1164,-56,1654779534026385,1654779534026385,
300833b2ddd9014000030001,1,1,1148,-56,1654779534056180,1654779534056180,
300833b2ddd9014000030002,1,1,192,-49,1654779534057489,1654779534057489,
300833b2ddd9014000030008,1,1,3224,-43,1654779534059112,1654779534059112,
300833b2ddd9014000030009,1,1,2592,-46,1654779534060397,1654779534060397,
300833b2ddd9014000030001,1,1,1136,-56,1654779534064861,1654779534064861,
300833b2ddd9014000030008,1,1,3244,-43,1654779534066186,1654779534066186,
300833b2ddd9014000030002,1,1,180,-49,1654779534067242,1654779534067242,
300833b2ddd9014000030009,1,1,2592,-46,1654779534068326,1654779534068326,
300833b2ddd9014000030008,1,1,3232,-43,1654779534099932,1654779534099932,
300833b2ddd9014000030009,1,1,2580,-46,1654779534101003,1654779534101003,
300833b2ddd9014000030002,1,1,180,-49,1654779534102327,1654779534102327,
300833b2ddd9014000030001,1,1,1120,-56,1654779534105004,1654779534105004,
300833b2ddd9014000030008,1,1,3248,-43,1654779534108887,1654779534108887,
300833b2ddd9014000030001,1,1,1160,-56,1654779534110615,1654779534110615,
300833b2ddd9014000030009,1,1,2620,-46,1654779534111955,1654779534111955,
300833b2ddd9014000030002,1,1,172,-49,1654779534112995,1654779534112995,
300833b2ddd9014000030008,1,1,3236,-43,1654779534144019,1654779534144019,
300833b2ddd9014000030001,1,1,1064,-55,1654779534145492,1654779534145492,
300833b2ddd9014000030009,1,1,2592,-46,1654779534146561,1654779534146561,
300833b2ddd9014000030002,1,1,204,-49,1654779534147652,1654779534147652,
300833b2ddd9014000030001,1,1,1136,-56,1654779534152987,1654779534152987,
300833b2ddd9014000030002,1,1,196,-49,1654779534156882,1654779534156882,
300833b2ddd9014000030008,1,1,3228,-43,1654779534158605,1654779534158605,
300833b2ddd9014000030009,1,1,2584,-46,1654779534159959,1654779534159959,
300833b2ddd9014000030008,1,1,3232,-43,1654779534190502,1654779534190502,
300833b2ddd9014000030002,1,1,192,-49,1654779534191840,1654779534191840,
300833b2ddd9014000030009,1,1,2584,-46,1654779534192896,1654779534192896,
300833b2ddd9014000030001,1,1,1092,-56,1654779534194250,1654779534194250,
300833b2ddd9014000030008,1,1,3228,-43,1654779534199909,1654779534199909,
300833b2ddd9014000030001,1,1,1108,-56,1654779534201036,1654779534201036,
300833b2ddd9014000030009,1,1,2624,-46,1654779534202095,1654779534202095,
300833b2ddd9014000030002,1,1,196,-49,1654779534203789,1654779534203789,
300833b2ddd9014000030002,1,1,200,-49,1654779534234065,1654779534234065,
300833b2ddd9014000030001,1,1,1072,-56,1654779534235124,1654779534235124,
300833b2ddd9014000030009,1,1,2588,-46,1654779534236194,1654779534236194,
300833b2ddd9014000030008,1,1,3236,-43,1654779534237488,1654779534237488,
300833b2ddd9014000030008,1,1,3216,-43,1654779534242477,1654779534242477,
300833b2ddd9014000030001,1,1,1160,-57,1654779534244173,1654779534244173,
300833b2ddd9014000030009,1,1,2608,-46,1654779534245274,1654779534245274,
300833b2ddd9014000030002,1,1,212,-48,1654779534246450,1654779534246450,
300833b2ddd9014000030009,1,1,2580,-46,1654779534277053,1654779534277053,
300833b2ddd9014000030002,1,1,192,-49,1654779534279215,1654779534279215,
300833b2ddd9014000030001,1,1,1112,-56,1654779534280344,1654779534280344,
300833b2ddd9014000030001,1,1,1092,-56,1654779534284159,1654779534284159,
300833b2ddd9014000030008,1,1,3240,-43,1654779534285642,1654779534285642,
300833b2ddd9014000030002,1,1,196,-49,1654779534286769,1654779534286769,
300833b2ddd9014000030009,1,1,2584,-46,1654779534288463,1654779534288463,
300833b2ddd9014000030001,1,1,1088,-56,1654779534318462,1654779534318462,
300833b2ddd9014000030008,1,1,3240,-43,1654779534319756,1654779534319756,
300833b2ddd9014000030009,1,1,2588,-46,1654779534321068,1654779534321068,
300833b2ddd9014000030002,1,1,192,-49,1654779534322151,1654779534322151,
300833b2ddd9014000030002,1,1,204,-49,1654779534326789,1654779534326789,
300833b2ddd9014000030008,1,1,3228,-43,1654779534327815,1654779534327815,
300833b2ddd9014000030009,1,1,2592,-46,1654779534330130,1654779534330130,
300833b2ddd9014000030001,1,1,1088,-56,1654779534332228,1654779534332228,
300833b2ddd9014000030001,1,1,1096,-56,1654779534363255,1654779534363255,
300833b2ddd9014000030008,1,1,3236,-43,1654779534364381,1654779534364381,
300833b2ddd9014000030002,1,1,180,-49,1654779534366427,1654779534366427,
300833b2ddd9014000030009,1,1,2584,-46,1654779534367568,1654779534367568,
300833b2ddd9014000030002,1,1,180,-49,1654779534371772,1654779534371772,
300833b2ddd9014000030008,1,1,3232,-43,1654779534373082,1654779534373082,
300833b2ddd9014000030009,1,1,2604,-46,1654779534374888,1654779534374888,
300833b2ddd9014000030001,1,1,1072,-56,1654779534376800,1654779534376800,
300833b2ddd9014000030002,1,1,176,-49,1654779534408097,1654779534408097,
300833b2ddd9014000030008,1,1,3248,-43,1654779534409264,1654779534409264,
300833b2ddd9014000030009,1,1,2608,-46,1654779534410575,1654779534410575,
300833b2ddd9014000030001,1,1,1128,-57,1654779534412052,1654779534412052,
300833b2ddd9014000030009,1,1,2592,-46,1654779534416129,1654779534416129,
300833b2ddd9014000030002,1,1,192,-49,1654779534417496,1654779534417496,
300833b2ddd9014000030008,1,1,3244,-43,1654779534418550,1654779534418550,
300833b2ddd9014000030001,1,1,1128,-57,1654779534420022,1654779534420022,
300833b2ddd9014000030002,1,1,188,-48,1654779534654267,1654779534654267,
300833b2ddd9014000030009,1,1,2580,-46,1654779534655649,1654779534655649,
300833b2ddd9014000030008,1,1,3252,-43,1654779534657482,1654779534657482,
300833b2ddd9014000030001,1,1,1176,-57,1654779534658571,1654779534658571,
300833b2ddd9014000030008,1,1,3252,-43,1654779534664205,1654779534664205,
300833b2ddd9014000030009,1,1,2600,-46,1654779534665530,1654779534665530,
300833b2ddd9014000030002,1,1,172,-48,1654779534666729,1654779534666729,
300833b2ddd9014000030001,1,1,1148,-57,1654779534667789,1654779534667789,
300833b2ddd9014000030009,1,1,2588,-46,1654779534697522,1654779534697522,
300833b2ddd9014000030001,1,1,1116,-57,1654779534699490,1654779534699490,
300833b2ddd9014000030002,1,1,204,-48,1654779534700859,1654779534700859,
300833b2ddd9014000030008,1,1,3248,-43,1654779534701940,1654779534701940,
300833b2ddd9014000030009,1,1,2628,-46,1654779534705376,1654779534705376,
300833b2ddd9014000030008,1,1,3256,-43,1654779534706458,1654779534706458,
300833b2ddd9014000030002,1,1,204,-48,1654779534707968,1654779534707968,
300833b2ddd9014000030001,1,1,1112,-57,1654779534710191,1654779534710191,
300833b2ddd9014000030008,1,1,3252,-43,1654779534741353,1654779534741353,
300833b2ddd9014000030002,1,1,188,-48,1654779534743064,1654779534743064,
300833b2ddd9014000030009,1,1,2608,-46,1654779534744704,1654779534744704,
300833b2ddd9014000030001,1,1,1104,-57,1654779534746119,1654779534746119,