epc,atenda,atendanum,phase,RSS,timestamp,timestamp2,
300833b2ddd9014000030002,1,1,828,-49,1654779550772672,1654779550772672,
300833b2ddd9014000030009,1,1,2624,-44,1654779550773996,1654779550773996,
300833b2ddd9014000030001,1,1,1332,-49,1654779550775481,1654779550775481,
300833b2ddd9014000030008,1,1,3648,-45,1654779550778754,1654779550778754,
300833b2ddd9014000030002,1,1,816,-50,1654779550780109,1654779550780109,
300833b2ddd9014000030009,1,1,2604,-44,1654779550781209,1654779550781209,
300833b2ddd9014000030001,1,1,1368,-50,1654779550783614,1654779550783614,
300833b2ddd9014000030009,1,1,2600,-44,1654779550814496,1654779550814496,
300833b2ddd9014000030008,1,1,3632,-45,1654779550815578,1654779550815578,
300833b2ddd9014000030001,1,1,1344,-50,1654779550816676,1654779550816676,
300833b2ddd9014000030002,1,1,864,-49,1654779550818241,1654779550818241,
300833b2ddd9014000030001,1,1,1320,-49,1654779550822762,1654779550822762,
300833b2ddd9014000030008,1,1,3644,-45,1654779550823831,1654779550823831,
300833b2ddd9014000030009,1,1,2632,-44,1654779550826169,1654779550826169,
300833b2ddd9014000030002,1,1,852,-50,1654779550828246,1654779550828246,
300833b2ddd9014000030008,1,1,3876,-43,1654779550860045,1654779550860045,
300833b2ddd9014000030009,1,1,2612,-44,1654779550861054,1654779550861054,
300833b2ddd9014000030001,1,1,1352,-50,1654779550862852,1654779550862852,
300833b2ddd9014000030009,1,1,2600,-44,1654779550868731,1654779550868731,
300833b2ddd9014000030008,1,1,3632,-45,1654779550871335,1654779550871335,
300833b2ddd9014000030001,1,1,1332,-49,1654779550872408,1654779550872408,
300833b2ddd9014000030001,1,1,1324,-49,1654779550902420,1654779550902420,
300833b2ddd9014000030002,1,1,852,-50,1654779550903560,1654779550903560,
300833b2ddd9014000030009,1,1,2644,-44,1654779550905397,1654779550905397,
300833b2ddd9014000030008,1,1,3644,-45,1654779550906508,1654779550906508,
300833b2ddd9014000030008,1,1,3628,-45,1654779550910742,1654779550910742,
300833b2ddd9014000030001,1,1,1332,-49,1654779550912909,1654779550912909,
300833b2ddd9014000030009,1,1,2624,-44,1654779550913950,1654779550913950,
300833b2ddd9014000030002,1,1,856,-50,1654779550915018,1654779550915018,
300833b2ddd9014000030009,1,1,2640,-44,1654779550946172,1654779550946172,
300833b2ddd9014000030001,1,1,1320,-49,1654779550947375,1654779550947375,
300833b2ddd9014000030008,1,1,3640,-45,1654779550948966,1654779550948966,
300833b2ddd9014000030001,1,1,1344,-49,1654779550952241,1654779550952241,
300833b2ddd9014000030002,1,1,848,-50,1654779550953281,1654779550953281,
300833b2ddd9014000030008,1,1,3640,-45,1654779550956417,1654779550956417,
300833b2ddd9014000030009,1,1,2604,-44,1654779550957576,1654779550957576,
300833b2ddd9014000030002,1,1,844,-49,1654779550987803,1654779550987803,
300833b2ddd9014000030008,1,1,3628,-45,1654779550989324,1654779550989324,
300833b2ddd9014000030009,1,1,2620,-44,1654779550990889,1654779550990889,
300833b2ddd9014000030001,1,1,1328,-49,1654779550993452,1654779550993452,
300833b2ddd9014000030009,1,1,2636,-44,1654779550996235,1654779550996235,
300833b2ddd9014000030002,1,1,856,-49,1654779550998142,1654779550998142,
300833b2ddd9014000030008,1,1,3636,-45,1654779550999494,1654779550999494,
300833b2ddd9014000030001,1,1,1332,-49,1654779551000597,1654779551000597,
300833b2ddd9014000030009,1,1,2624,-44,1654779551031559,1654779551031559,
300833b2ddd9014000030008,1,1,3648,-45,1654779551033283,1654779551033283,
300833b2ddd9014000030002,1,1,864,-49,1654779551034609,1654779551034609,
300833b2ddd9014000030001,1,1,1332,-49,1654779551036109,1654779551036109,
300833b2ddd9014000030002,1,1,868,-49,1654779551039350,1654779551039350,
300833b2ddd9014000030009,1,1,2636,-44,1654779551040452,1654779551040452,
300833b2ddd9014000030008,1,1,3620,-45,1654779551042271,1654779551042271,
300833b2ddd9014000030001,1,1,1308,-49,1654779551043984,1654779551043984,
300833b2ddd9014000030002,1,1,864,-49,1654779551075317,1654779551075317,
300833b2ddd9014000030001,1,1,1332,-50,1654779551076548,1654779551076548,
300833b2ddd9014000030008,1,1,3652,-45,1654779551078548,1654779551078548,
300833b2ddd9014000030009,1,1,2628,-44,1654779551079619,1654779551079619,
300833b2ddd9014000030009,1,1,2620,-44,1654779551082680,1654779551082680,
300833b2ddd9014000030008,1,1,3636,-45,1654779551083762,1654779551083762,
300833b2ddd9014000030001,1,1,1344,-50,1654779551084818,1654779551084818,
300833b2ddd9014000030002,1,1,852,-49,1654779551085876,1654779551085876,
300833b2ddd9014000030009,1,1,2612,-44,1654779551310188,1654779551310188,
300833b2ddd9014000030008,1,1,3640,-45,1654779551311775,1654779551311775,
300833b2ddd9014000030002,1,1,828,-49,1654779551314766,1654779551314766,
300833b2ddd9014000030001,1,1,1344,-50,1654779551315839,1654779551315839,
300833b2ddd9014000030009,1,1,2624,-44,1654779551322692,1654779551322692,
300833b2ddd9014000030008,1,1,3640,-45,1654779551324129,1654779551324129,
300833b2ddd9014000030001,1,1,1336,-49,1654779551326093,1654779551326093,
300833b2ddd9014000030002,1,1,844,-50,1654779551327432,1654779551327432,
300833b2ddd9014000030001,1,1,1344,-50,1654779551361231,1654779551361231,
300833b2ddd9014000030008,1,1,3656,-45,1654779551363557,1654779551363557,
300833b2ddd9014000030009,1,1,2632,-44,1654779551364657,1654779551364657,
300833b2ddd9014000030009,1,1,2620,-44,1654779551368035,1654779551368035,
300833b2ddd9014000030002,1,1,832,-49,1654779551369205,1654779551369205,
300833b2ddd9014000030008,1,1,3640,-45,1654779551373672,1654779551373672,
300833b2ddd9014000030001,1,1,1336,-50,1654779551374715,1654779551374715,
300833b2ddd9014000030008,1,1,3632,-45,1654779551407712,1654779551407712,
300833b2ddd9014000030009,1,1,2636,-44,1654779551408768,1654779551408768,
300833b2ddd9014000030002,1,1,832,-49,1654779551409851,1654779551409851,
300833b2ddd9014000030001,1,1,1340,-49,1654779551411448,1654779551411448,
300833b2ddd9014000030008,1,1,3636,-45,1654779551416791,1654779551416791,
300833b2ddd9014000030002,1,1,832,-49,1654779551417934,1654779551417934,
300833b2ddd9014000030009,1,1,2612,-44,1654779551419757,1654779551419757,
300833b2ddd9014000030001,1,1,1324,-49,1654779551421695,1654779551421695,
300833b2ddd9014000030002,1,1,848,-49,1654779551457516,1654779551457516,
300833b2ddd9014000030001,1,1,1320,-49,1654779551459470,1654779551459470,
300833b2ddd9014000030008,1,1,3640,-45,1654779551460838,1654779551460838,
300833b2ddd9014000030008,1,1,3632,-45,1654779551468251,1654779551468251,
300833b2ddd9014000030009,1,1,2632,-44,1654779551469322,1654779551469322,
300833b2ddd9014000030002,1,1,884,-50,1654779551471155,1654779551471155,
300833b2ddd9014000030001,1,1,1316,-49,1654779551472398,1654779551472398,
300833b2ddd9014000030008,1,1,3632,-45,1654779551502147,1654779551502147,
300833b2ddd9014000030001,1,1,1328,-49,1654779551504968,1654779551504968,
300833b2ddd9014000030002,1,1,848,-50,1654779551506023,1654779551506023,
300833b2ddd9014000030009,1,1,2648,-44,1654779551510007,1654779551510007,
300833b2ddd9014000030001,1,1,1344,-50,1654779551511123,1654779551511123,
300833b2ddd9014000030008,1,1,3640,-45,1654779551512432,1654779551512432,
300833b2ddd9014000030002,1,1,840,-50,1654779551514821,1654779551514821,
300833b2ddd9014000030001,1,1,1352,-50,1654779551545687,1654779551545687,
300833b2ddd9014000030002,1,1,824,-50,1654779551547025,1654779551547025,
300833b2ddd9014000030008,1,1,3648,-45,1654779551548333,1654779551548333,
300833b2ddd9014000030009,1,1,2620,-44,1654779551553713,1654779551553713,
300833b2ddd9014000030008,1,1,3640,-45,1654779551556081,1654779551556081,
300833b2ddd9014000030001,1,1,1356,-49,1654779551558152,1654779551558152,
300833b2ddd9014000030002,1,1,816,-50,1654779551559209,1654779551559209,
300833b2ddd9014000030009,1,1,2620,-44,1654779551589389,1654779551589389,
300833b2ddd9014000030001,1,1,1336,-50,1654779551590817,1654779551590817,
300833b2ddd9014000030008,1,1,3640,-45,1654779551592128,1654779551592128,
300833b2ddd9014000030002,1,1,832,-49,1654779551593582,1654779551593582,
300833b2ddd9014000030008,1,1,3652,-45,1654779551601770,1654779551601770,
300833b2ddd9014000030001,1,1,1324,-50,1654779551602873,1654779551602873,
300833b2ddd9014000030009,1,1,2612,-44,1654779551603988,1654779551603988,
300833b2ddd9014000030002,1,1,852,-49,1654779551605776,1654779551605776,
300833b2ddd9014000030009,1,1,2620,-44,1654779551638091,1654779551638091,
300833b2ddd9014000030008,1,1,3648,-45,1654779551639158,1654779551639158,
300833b2ddd9014000030001,1,1,1324,-50,1654779551640461,1654779551640461,
300833b2ddd9014000030002,1,1,824,-49,1654779551641913,1654779551641913,
300833b2ddd9014000030009,1,1,2612,-44,1654779551644913,1654779551644913,
300833b2ddd9014000030002,1,1,812,-49,1654779551646580,1654779551646580,
300833b2ddd9014000030001,1,1,1340,-49,1654779551649644,1654779551649644,
300833b2ddd9014000030008,1,1,3640,-45,1654779551650728,1654779551650728,
300833b2ddd9014000030002,1,1,840,-49,1654779551680634,1654779551680634,
300833b2ddd9014000030009,1,1,2628,-44,1654779551681988,1654779551681988,
300833b2ddd9014000030008,1,1,3656,-45,1654779551683780,1654779551683780,
300833b2ddd9014000030001,1,1,1364,-49,1654779551685252,1654779551685252,
300833b2ddd9014000030009,1,1,2628,-44,1654779551689135,1654779551689135,
300833b2ddd9014000030001,1,1,1344,-50,1654779551690675,1654779551690675,
300833b2ddd9014000030008,1,1,3652,-45,1654779551692016,1654779551692016,
300833b2ddd9014000030002,1,1,844,-49,1654779551693384,1654779551693384,
300833b2ddd9014000030008,1,1,3656,-45,1654779551724909,1654779551724909,
300833b2ddd9014000030001,1,1,1344,-49,1654779551726851,1654779551726851,
300833b2ddd9014000030009,1,1,2644,-44,1654779551727978,1654779551727978,
300833b2ddd9014000030002,1,1,820,-49,1654779551729432,1654779551729432,
300833b2ddd9014000030009,1,1,2636,-44,1654779551732409,1654779551732409,
300833b2ddd9014000030001,1,1,1328,-50,1654779551733496,1654779551733496,
300833b2ddd9014000030002,1,1,832,-49,1654779551734605,1654779551734605,
300833b2ddd9014000030008,1,1,3648,-45,1654779551735704,1654779551735704,
300833b2ddd9014000030001,1,1,1340,-50,1654779551769292,1654779551769292,
300833b2ddd9014000030009,1,1,2616,-44,1654779551770394,1654779551770394,
300833b2ddd9014000030008,1,1,3648,-45,1654779551772242,1654779551772242,
300833b2ddd9014000030002,1,1,836,-49,1654779551773566,1654779551773566,
300833b2ddd9014000030002,1,1,820,-49,1654779551778670,1654779551778670,
300833b2ddd9014000030009,1,1,2644,-44,1654779551781806,1654779551781806,
300833b2ddd9014000030001,1,1,1360,-50,1654779551782937,1654779551782937,
300833b2ddd9014000030008,1,1,3652,-45,1654779551784135,1654779551784135,
300833b2ddd9014000030009,1,1,2644,-44,1654779551813813,1654779551813813,
300833b2ddd9014000030001,1,1,1340,-49,1654779551815141,1654779551815141,
300833b2ddd9014000030002,1,1,808,-49,1654779551816183,1654779551816183,
300833b2ddd9014000030008,1,1,3656,-45,1654779551818015,1654779551818015,
300833b2ddd9014000030009,1,1,2640,-44,1654779551822247,1654779551822247,
300833b2ddd9014000030001,1,1,1332,-50,1654779551823870,1654779551823870,
300833b2ddd9014000030008,1,1,3652,-45,1654779551825422,1654779551825422,
300833b2ddd9014000030002,1,1,832,-49,1654779551827131,1654779551827131,
300833b2ddd9014000030009,1,1,2636,-44,1654779551858026,1654779551858026,
300833b2ddd9014000030001,1,1,1332,-50,1654779551860655,1654779551860655,
300833b2ddd9014000030008,1,1,3656,-45,1654779551862278,1654779551862278,
300833b2ddd9014000030002,1,1,828,-49,1654779551863944,1654779551863944,
300833b2ddd9014000030001,1,1,1320,-50,1654779551867601,1654779551867601,
300833b2ddd9014000030008,1,1,3668,-45,1654779551868953,1654779551868953,
300833b2ddd9014000030002,1,1,840,-49,1654779551870278,1654779551870278,
300833b2ddd9014000030009,1,1,2648,-44,1654779551871901,1654779551871901,
300833b2ddd9014000030001,1,1,1332,-50,1654779551903052,1654779551903052,
300833b2ddd9014000030002,1,1,828,-49,1654779551904192,1654779551904192,
300833b2ddd9014000030009,1,1,2628,-44,1654779551905973,1654779551905973,
300833b2ddd9014000030008,1,1,3656,-45,1654779551907084,1654779551907084,
300833b2ddd9014000030009,1,1,2640,-44,1654779551912082,1654779551912082,
300833b2ddd9014000030008,1,1,3648,-45,1654779551913748,1654779551913748,
300833b2ddd9014000030001,1,1,1364,-50,1654779551914836,1654779551914836,
300833b2ddd9014000030002,1,1,848,-50,1654779551916375,1654779551916375,
300833b2ddd9014000030008,1,1,3644,-45,1654779551951979,1654779551951979,
300833b2ddd9014000030002,1,1,864,-50,1654779551953902,1654779551953902,
300833b2ddd9014000030009,1,1,2640,-44,1654779551955171,1654779551955171,
300833b2ddd9014000030001,1,1,1324,-49,1654779551956243,1654779551956243,
300833b2ddd9014000030001,1,1,1324,-49,1654779551986580,1654779551986580,
300833b2ddd9014000030008,1,1,3652,-45,1654779551987662,1654779551987662,
300833b2ddd9014000030002,1,1,868,-50,1654779551990827,1654779551990827,
300833b2ddd9014000030001,1,1,1360,-49,1654779551995537,1654779551995537,
300833b2ddd9014000030008,1,1,3636,-45,1654779551997435,1654779551997435,
300833b2ddd9014000030009,1,1,2632,-44,1654779551998481,1654779551998481,
300833b2ddd9014000030002,1,1,856,-50,1654779551999691,1654779551999691,
300833b2ddd9014000030009,1,1,2664,-44,1654779552033299,1654779552033299,
300833b2ddd9014000030002,1,1,856,-49,1654779552034412,1654779552034412,
300833b2ddd9014000030008,1,1,3648,-46,1654779552035749,1654779552035749,
300833b2ddd9014000030001,1,1,1340,-49,1654779552038691,1654779552038691,
300833b2ddd9014000030001,1,1,1340,-49,1654779552043311,1654779552043311,
300833b2ddd9014000030008,1,1,3640,-46,1654779552045307,1654779552045307,
300833b2ddd9014000030009,1,1,2628,-44,1654779552046419,1654779552046419,
300833b2ddd9014000030002,1,1,868,-50,1654779552047545,1654779552047545,
300833b2ddd9014000030002,1,1,852,-50,1654779552078273,1654779552078273,
300833b2ddd9014000030001,1,1,1348,-50,1654779552079571,1654779552079571,
300833b2ddd9014000030008,1,1,3640,-45,1654779552080708,1654779552080708,
300833b2ddd9014000030001,1,1,1344,-49,1654779552085687,1654779552085687,
300833b2ddd9014000030009,1,1,2636,-44,1654779552086786,1654779552086786,
300833b2ddd9014000030008,1,1,3636,-45,1654779552088632,1654779552088632,
300833b2ddd9014000030002,1,1,848,-49,1654779552089685,1654779552089685,
300833b2ddd9014000030009,1,1,2640,-44,1654779552121513,1654779552121513,
300833b2ddd9014000030002,1,1,836,-49,1654779552123010,1654779552123010,
300833b2ddd9014000030001,1,1,1360,-50,1654779552124112,1654779552124112,
300833b2ddd9014000030008,1,1,3648,-45,1654779552125436,1654779552125436,
300833b2ddd9014000030008,1,1,3648,-45,1654779552128879,1654779552128879,
300833b2ddd9014000030001,1,1,1344,-50,1654779552130233,1654779552130233,
300833b2ddd9014000030009,1,1,2620,-44,1654779552132298,1654779552132298,
300833b2ddd9014000030002,1,1,848,-49,1654779552133991,1654779552133991,
300833b2ddd9014000030001,1,1,1348,-50,1654779552164690,1654779552164690,
300833b2ddd9014000030009,1,1,2640,-44,1654779552165761,1654779552165761,
300833b2ddd9014000030008,1,1,3640,-45,1654779552167808,1654779552167808,
300833b2ddd9014000030002,1,1,840,-49,1654779552170325,1654779552170325,
300833b2ddd9014000030002,1,1,852,-50,1654779552174191,1654779552174191,
300833b2ddd9014000030009,1,1,2652,-44,1654779552175303,1654779552175303,
300833b2ddd9014000030001,1,1,1320,-49,1654779552177099,1654779552177099,
300833b2ddd9014000030008,1,1,3656,-45,1654779552178168,1654779552178168,
300833b2ddd9014000030009,1,1,2660,-44,1654779552209498,1654779552209498,
300833b2ddd9014000030008,1,1,3648,-45,1654779552210553,1654779552210553,
300833b2ddd9014000030002,1,1,836,-49,1654779552212105,1654779552212105,
300833b2ddd9014000030001,1,1,1356,-50,1654779552214269,1654779552214269,
300833b2ddd9014000030009,1,1,2664,-44,1654779552218104,1654779552218104,
300833b2ddd9014000030008,1,1,3628,-45,1654779552219669,1654779552219669,
300833b2ddd9014000030001,1,1,1344,-50,1654779552221010,1654779552221010,
300833b2ddd9014000030002,1,1,820,-49,1654779552222677,1654779552222677,
300833b2ddd9014000030008,1,1,3644,-45,1654779552254922,1654779552254922,
300833b2ddd9014000030009,1,1,2640,-44,1654779552256448,1654779552256448,
300833b2ddd9014000030001,1,1,1356,-50,1654779552257579,1654779552257579,
300833b2ddd9014000030002,1,1,808,-49,1654779552259365,1654779552259365,
300833b2ddd9014000030008,1,1,3656,-45,1654779552265267,1654779552265267,
300833b2ddd9014000030009,1,1,2628,-44,1654779552266764,1654779552266764,
300833b2ddd9014000030002,1,1,812,-49,1654779552268654,1654779552268654,
300833b2ddd9014000030001,1,1,1360,-50,1654779552269855,1654779552269855,
300833b2ddd9014000030002,1,1,812,-50,1654779552299608,1654779552299608,
300833b2ddd9014000030008,1,1,3640,-45,1654779552301613,1654779552301613,
300833b2ddd9014000030001,1,1,1336,-50,1654779552302941,1654779552302941,
300833b2ddd9014000030009,1,1,2656,-44,1654779552304022,1654779552304022,
300833b2ddd9014000030001,1,1,1352,-50,1654779552309169,1654779552309169,
300833b2ddd9014000030009,1,1,2632,-44,1654779552310326,1654779552310326,
300833b2ddd9014000030008,1,1,3648,-45,1654779552311436,1654779552311436,
300833b2ddd9014000030002,1,1,832,-49,1654779552314176,1654779552314176,
300833b2ddd9014000030009,1,1,2640,-44,1654779552346257,1654779552346257,
300833b2ddd9014000030001,1,1,1364,-50,1654779552347614,1654779552347614,
300833b2ddd9014000030002,1,1,832,-49,1654779552348654,1654779552348654,
300833b2ddd9014000030008,1,1,3644,-45,1654779552350080,1654779552350080,
300833b2ddd9014000030009,1,1,2648,-44,1654779552352821,1654779552352821,
300833b2ddd9014000030008,1,1,3648,-45,1654779552354152,1654779552354152,
300833b2ddd9014000030002,1,1,812,-49,1654779552356836,1654779552356836,
300833b2ddd9014000030001,1,1,1308,-50,1654779552357881,1654779552357881,
300833b2ddd9014000030008,1,1,3652,-45,1654779552388617,1654779552388617,
300833b2ddd9014000030001,1,1,1320,-50,1654779552389946,1654779552389946,
300833b2ddd9014000030009,1,1,2616,-44,1654779552391539,1654779552391539,
300833b2ddd9014000030002,1,1,840,-49,1654779552394656,1654779552394656,
300833b2ddd9014000030008,1,1,3640,-45,1654779552397645,1654779552397645,
300833b2ddd9014000030002,1,1,844,-49,1654779552398956,1654779552398956,
300833b2ddd9014000030009,1,1,2644,-44,1654779552400041,1654779552400041,
300833b2ddd9014000030001,1,1,1336,-50,1654779552402730,1654779552402730,
300833b2ddd9014000030008,1,1,3648,-45,1654779552434064,1654779552434064,
300833b2ddd9014000030009,1,1,2624,-44,1654779552435741,1654779552435741,
300833b2ddd9014000030001,1,1,1364,-50,1654779552436827,1654779552436827,
300833b2ddd9014000030002,1,1,832,-49,1654779552438977,1654779552438977,
300833b2ddd9014000030008,1,1,3648,-45,1654779552443989,1654779552443989,
300833b2ddd9014000030009,1,1,2660,-44,1654779552445428,1654779552445428,
300833b2ddd9014000030002,1,1,848,-50,1654779552446480,1654779552446480,
300833b2ddd9014000030001,1,1,1352,-49,1654779552447568,1654779552447568,
300833b2ddd9014000030002,1,1,844,-49,1654779552478665,1654779552478665,
300833b2ddd9014000030008,1,1,3632,-45,1654779552480755,1654779552480755,
300833b2ddd9014000030001,1,1,1368,-50,1654779552481842,1654779552481842,
300833b2ddd9014000030008,1,1,3628,-45,1654779552486238,1654779552486238,
300833b2ddd9014000030009,1,1,2616,-44,1654779552487986,1654779552487986,
300833b2ddd9014000030001,1,1,1336,-50,1654779552489129,1654779552489129,
300833b2ddd9014000030002,1,1,852,-49,1654779552490510,1654779552490510,
300833b2ddd9014000030001,1,1,1364,-50,1654779552521026,1654779552521026,
300833b2ddd9014000030009,1,1,2640,-44,1654779552522093,1654779552522093,
300833b2ddd9014000030008,1,1,3640,-45,1654779552523151,1654779552523151,
300833b2ddd9014000030002,1,1,820,-49,1654779552525597,1654779552525597,
300833b2ddd9014000030002,1,1,832,-49,1654779552529922,1654779552529922,
300833b2ddd9014000030008,1,1,3640,-45,1654779552531262,1654779552531262,
300833b2ddd9014000030001,1,1,1360,-50,1654779552532389,1654779552532389,
300833b2ddd9014000030009,1,1,2628,-44,1654779552533732,1654779552533732,
300833b2ddd9014000030008,1,1,3628,-45,1654779552566094,1654779552566094,
300833b2ddd9014000030001,1,1,1352,-49,1654779552567297,1654779552567297,
300833b2ddd9014000030002,1,1,868,-49,1654779552568862,1654779552568862,
300833b2ddd9014000030009,1,1,2636,-44,1654779552573258,1654779552573258,
300833b2ddd9014000030002,1,1,844,-50,1654779552574611,1654779552574611,
300833b2ddd9014000030008,1,1,3644,-45,1654779552575678,1654779552575678,
300833b2ddd9014000030001,1,1,1352,-50,1654779552577179,1654779552577179,
300833b2ddd9014000030002,1,1,840,-50,1654779552607055,1654779552607055,
300833b2ddd9014000030009,1,1,2644,-44,1654779552609100,1654779552609100,
300833b2ddd9014000030008,1,1,3636,-45,1654779552610808,1654779552610808,
300833b2ddd9014000030001,1,1,1356,-50,1654779552611910,1654779552611910,
300833b2ddd9014000030002,1,1,836,-50,1654779552614627,1654779552614627,
300833b2ddd9014000030001,1,1,1356,-50,1654779552615771,1654779552615771,
300833b2ddd9014000030008,1,1,3624,-45,1654779552617080,1654779552617080,
300833b2ddd9014000030009,1,1,2624,-44,1654779552618888,1654779552618888,
300833b2ddd9014000030008,1,1,3640,-45,1654779552651476,1654779552651476,
300833b2ddd9014000030009,1,1,2612,-44,1654779552653597,1654779552653597,
300833b2ddd9014000030001,1,1,1332,-49,1654779552655362,1654779552655362,
300833b2ddd9014000030002,1,1,812,-50,1654779552656461,1654779552656461,
300833b2ddd9014000030008,1,1,3620,-45,1654779552659472,1654779552659472,
300833b2ddd9014000030009,1,1,2632,-44,1654779552660599,1654779552660599,
300833b2ddd9014000030001,1,1,1360,-49,1654779552663504,1654779552663504,
300833b2ddd9014000030002,1,1,848,-49,1654779552672735,1654779552672735,
300833b2ddd9014000030002,1,1,840,-50,1654779552702129,1654779552702129,
300833b2ddd9014000030009,1,1,2628,-44,1654779552703217,1654779552703217,
300833b2ddd9014000030008,1,1,3620,-45,1654779552704271,1654779552704271,
300833b2ddd9014000030001,1,1,1376,-50,1654779552706351,1654779552706351,
300833b2ddd9014000030002,1,1,816,-50,1654779552711103,1654779552711103,
300833b2ddd9014000030001,1,1,1360,-50,1654779552712986,1654779552712986,
300833b2ddd9014000030009,1,1,2620,-44,1654779552715166,1654779552715166,
300833b2ddd9014000030008,1,1,3620,-45,1654779552716713,1654779552716713,
300833b2ddd9014000030009,1,1,2644,-44,1654779552747625,1654779552747625,
300833b2ddd9014000030008,1,1,3620,-45,1654779552749360,1654779552749360,
300833b2ddd9014000030001,1,1,1376,-50,1654779552751112,1654779552751112,
300833b2ddd9014000030002,1,1,812,-50,1654779552752240,1654779552752240,
300833b2ddd9014000030009,1,1,2632,-44,1654779552755038,1654779552755038,
300833b2ddd9014000030008,1,1,3608,-46,1654779552757926,1654779552757926,
300833b2ddd9014000030002,1,1,804,-50,1654779552758997,1654779552758997,
300833b2ddd9014000030001,1,1,1368,-49,1654779552760241,1654779552760241,
300833b2ddd9014000030008,1,1,3596,-46,1654779552790688,1654779552790688,
300833b2ddd9014000030009,1,1,2616,-44,1654779552792143,1654779552792143,
300833b2ddd9014000030001,1,1,1372,-49,1654779552796038,1654779552796038,
300833b2ddd9014000030002,1,1,852,-50,1654779552797079,1654779552797079,
300833b2ddd9014000030008,1,1,3604,-46,1654779552800099,1654779552800099,
300833b2ddd9014000030009,1,1,2604,-44,1654779552801754,1654779552801754,
300833b2ddd9014000030001,1,1,1356,-49,1654779552803110,1654779552803110,
300833b2ddd9014000030002,1,1,820,-50,1654779552804592,1654779552804592,
300833b2ddd9014000030001,1,1,1380,-50,1654779552840798,1654779552840798,
300833b2ddd9014000030002,1,1,804,-50,1654779552841911,1654779552841911,
300833b2ddd9014000030009,1,1,2592,-44,1654779552843933,1654779552843933,
300833b2ddd9014000030008,1,1,3572,-46,1654779552845072,1654779552845072,
300833b2ddd9014000030001,1,1,1388,-49,1654779552850014,1654779552850014,
300833b2ddd9014000030009,1,1,2604,-44,1654779552851259,1654779552851259,
300833b2ddd9014000030002,1,1,808,-50,1654779552852272,1654779552852272,
300833b2ddd9014000030008,1,1,3564,-46,1654779552853554,1654779552853554,
300833b2ddd9014000030001,1,1,1396,-49,1654779552884575,1654779552884575,
300833b2ddd9014000030002,1,1,788,-50,1654779552885844,1654779552885844,
300833b2ddd9014000030008,1,1,3532,-46,1654779552887169,1654779552887169,
300833b2ddd9014000030009,1,1,2588,-44,1654779552888254,1654779552888254,
300833b2ddd9014000030002,1,1,812,-50,1654779552892742,1654779552892742,
300833b2ddd9014000030009,1,1,2592,-44,1654779552894987,1654779552894987,
300833b2ddd9014000030001,1,1,1404,-49,1654779552896468,1654779552896468,
300833b2ddd9014000030008,1,1,3500,-46,1654779552898903,1654779552898903,
300833b2ddd9014000030009,1,1,2576,-44,1654779552930785,1654779552930785,
300833b2ddd9014000030008,1,1,3492,-46,1654779552932125,1654779552932125,
300833b2ddd9014000030002,1,1,804,-50,1654779552933250,1654779552933250,
300833b2ddd9014000030001,1,1,1412,-49,1654779552934439,1654779552934439,
300833b2ddd9014000030008,1,1,3476,-46,1654779552940921,1654779552940921,
300833b2ddd9014000030009,1,1,2584,-44,1654779552941978,1654779552941978,
300833b2ddd9014000030001,1,1,1412,-49,1654779552944384,1654779552944384,
300833b2ddd9014000030002,1,1,792,-50,1654779552945737,1654779552945737,
300833b2ddd9014000030009,1,1,2568,-43,1654779552976173,1654779552976173,
300833b2ddd9014000030001,1,1,1420,-49,1654779552977741,1654779552977741,
300833b2ddd9014000030002,1,1,776,-51,1654779552978753,1654779552978753,
300833b2ddd9014000030008,1,1,3424,-46,1654779552980077,1654779552980077,
300833b2ddd9014000030001,1,1,1420,-49,1654779552985860,1654779552985860,
300833b2ddd9014000030008,1,1,3424,-45,1654779552988049,1654779552988049,
300833b2ddd9014000030009,1,1,2544,-44,1654779552989109,1654779552989109,
300833b2ddd9014000030002,1,1,776,-51,1654779552990533,1654779552990533,
300833b2ddd9014000030009,1,1,2536,-43,1654779553020925,1654779553020925,
300833b2ddd9014000030002,1,1,780,-51,1654779553022036,1654779553022036,
300833b2ddd9014000030008,1,1,3380,-45,1654779553023359,1654779553023359,
300833b2ddd9014000030001,1,1,1420,-49,1654779553024420,1654779553024420,
300833b2ddd9014000030008,1,1,3360,-45,1654779553040038,1654779553040038,
300833b2ddd9014000030001,1,1,1436,-49,1654779553041140,1654779553041140,
300833b2ddd9014000030009,1,1,2516,-43,1654779553042438,1654779553042438,
300833b2ddd9014000030002,1,1,760,-52,1654779553043789,1654779553043789,
300833b2ddd9014000030009,1,1,2508,-43,1654779553075590,1654779553075590,
300833b2ddd9014000030001,1,1,1504,-49,1654779553077145,1654779553077145,
300833b2ddd9014000030008,1,1,3308,-45,1654779553079570,1654779553079570,
300833b2ddd9014000030002,1,1,716,-52,1654779553081238,1654779553081238,
300833b2ddd9014000030002,1,1,700,-51,1654779553085360,1654779553085360,
300833b2ddd9014000030008,1,1,3312,-44,1654779553086414,1654779553086414,
300833b2ddd9014000030001,1,1,1512,-49,1654779553087715,1654779553087715,
300833b2ddd9014000030009,1,1,2480,-43,1654779553088814,1654779553088814,
300833b2ddd9014000030002,1,1,640,-52,1654779553123106,1654779553123106,
300833b2ddd9014000030008,1,1,3272,-43,1654779553124161,1654779553124161,
300833b2ddd9014000030009,1,1,2464,-43,1654779553125772,1654779553125772,
300833b2ddd9014000030001,1,1,1532,-49,1654779553127369,1654779553127369,
300833b2ddd9014000030002,1,1,612,-52,1654779553132275,1654779553132275,
300833b2ddd9014000030009,1,1,2468,-43,1654779553133492,1654779553133492,
300833b2ddd9014000030008,1,1,3240,-43,1654779553134543,1654779553134543,
300833b2ddd9014000030001,1,1,1536,-49,1654779553136262,1654779553136262,
300833b2ddd9014000030001,1,1,1540,-49,1654779553167300,1654779553167300,
300833b2ddd9014000030008,1,1,3208,-43,1654779553168639,1654779553168639,
300833b2ddd9014000030009,1,1,2464,-42,1654779553169742,1654779553169742,
300833b2ddd9014000030002,1,1,512,-51,1654779553170938,1654779553170938,
300833b2ddd9014000030008,1,1,3172,-42,1654779553188369,1654779553188369,
300833b2ddd9014000030009,1,1,2460,-43,1654779553191074,1654779553191074,
300833b2ddd9014000030002,1,1,460,-50,1654779553193493,1654779553193493,
300833b2ddd9014000030001,1,1,1548,-49,1654779553194638,1654779553194638,
300833b2ddd9014000030009,1,1,2468,-43,1654779553225367,1654779553225367,
300833b2ddd9014000030008,1,1,3136,-42,1654779553226719,1654779553226719,
300833b2ddd9014000030002,1,1,356,-49,1654779553228073,1654779553228073,
300833b2ddd9014000030001,1,1,1572,-50,1654779553229387,1654779553229387,
300833b2ddd9014000030008,1,1,3136,-41,1654779553233796,1654779553233796,
300833b2ddd9014000030009,1,1,2456,-43,1654779553235494,1654779553235494,
300833b2ddd9014000030002,1,1,340,-49,1654779553237060,1654779553237060,
300833b2ddd9014000030001,1,1,1576,-50,1654779553238530,1654779553238530,
300833b2ddd9014000030001,1,1,1540,-52,1654779553274522,1654779553274522,
300833b2ddd9014000030008,1,1,3120,-41,1654779553275634,1654779553275634,
300833b2ddd9014000030002,1,1,244,-48,1654779553277489,1654779553277489,
300833b2ddd9014000030009,1,1,2496,-43,1654779553278959,1654779553278959,
300833b2ddd9014000030009,1,1,2476,-43,1654779553283336,1654779553283336,
300833b2ddd9014000030001,1,1,1580,-52,1654779553284679,1654779553284679,
300833b2ddd9014000030008,1,1,3104,-41,1654779553286241,1654779553286241,
300833b2ddd9014000030002,1,1,220,-48,1654779553287721,1654779553287721,
300833b2ddd9014000030002,1,1,168,-47,1654779553320830,1654779553320830,
300833b2ddd9014000030001,1,1,1508,-54,1654779553321917,1654779553321917,
300833b2ddd9014000030009,1,1,2492,-44,1654779553323159,1654779553323159,
300833b2ddd9014000030008,1,1,3100,-41,1654779553324257,1654779553324257,
300833b2ddd9014000030002,1,1,164,-47,1654779553327689,1654779553327689,
300833b2ddd9014000030001,1,1,1516,-54,1654779553329373,1654779553329373,
300833b2ddd9014000030008,1,1,3088,-41,1654779553332005,1654779553332005,
300833b2ddd9014000030009,1,1,2496,-44,1654779553333461,1654779553333461,
300833b2ddd9014000030008,1,1,3100,-41,1654779553363183,1654779553363183,
300833b2ddd9014000030009,1,1,2504,-44,1654779553364239,1654779553364239,
300833b2ddd9014000030002,1,1,132,-47,1654779553366300,1654779553366300,
300833b2ddd9014000030001,1,1,1488,-56,1654779553367741,1654779553367741,
300833b2ddd9014000030008,1,1,3104,-41,1654779553371865,1654779553371865,
300833b2ddd9014000030009,1,1,2508,-44,1654779553373803,1654779553373803,
300833b2ddd9014000030001,1,1,1540,-56,1654779553374877,1654779553374877,
300833b2ddd9014000030002,1,1,120,-47,1654779553376002,1654779553376002,
300833b2ddd9014000030008,1,1,3104,-41,1654779553406663,1654779553406663,
300833b2ddd9014000030009,1,1,2504,-45,1654779553409054,1654779553409054,
300833b2ddd9014000030001,1,1,1524,-57,1654779553410129,1654779553410129,
300833b2ddd9014000030002,1,1,88,-47,1654779553411609,1654779553411609,
300833b2ddd9014000030002,1,1,100,-47,1654779553414314,1654779553414314,
300833b2ddd9014000030008,1,1,3108,-41,1654779553416461,1654779553416461,
300833b2ddd9014000030001,1,1,1428,-57,1654779553417546,1654779553417546,
300833b2ddd9014000030009,1,1,2500,-45,1654779553419075,1654779553419075,
300833b2ddd9014000030001,1,1,1416,-58,1654779553455306,1654779553455306,
300833b2ddd9014000030008,1,1,3144,-42,1654779553457234,1654779553457234,
300833b2ddd9014000030009,1,1,2520,-45,1654779553459817,1654779553459817,
300833b2ddd9014000030002,1,1,92,-47,1654779553460914,1654779553460914,
300833b2ddd9014000030001,1,1,1360,-58,1654779553464183,1654779553464183,
300833b2ddd9014000030008,1,1,3116,-42,1654779553465238,1654779553465238,
300833b2ddd9014000030009,1,1,2504,-45,1654779553466807,1654779553466807,
300833b2ddd9014000030002,1,1,92,-48,1654779553467949,1654779553467949,
300833b2ddd9014000030009,1,1,2516,-46,1654779553499691,1654779553499691,
300833b2ddd9014000030001,1,1,1308,-58,1654779553501179,1654779553501179,
300833b2ddd9014000030008,1,1,3124,-42,1654779553502723,1654779553502723,
300833b2ddd9014000030001,1,1,1276,-58,1654779553506087,1654779553506087,
300833b2ddd9014000030008,1,1,3136,-42,1654779553507746,1654779553507746,
300833b2ddd9014000030009,1,1,2504,-46,1654779553510211,1654779553510211,
300833b2ddd9014000030002,1,1,92,-48,1654779553511549,1654779553511549,
300833b2ddd9014000030008,1,1,3160,-42,1654779553542109,1654779553542109,
300833b2ddd9014000030002,1,1,92,-48,1654779553543206,1654779553543206,
300833b2ddd9014000030009,1,1,2528,-46,1654779553544305,1654779553544305,
300833b2ddd9014000030001,1,1,1280,-58,1654779553547325,1654779553547325,
300833b2ddd9014000030008,1,1,3152,-43,1654779553550815,1654779553550815,
300833b2ddd9014000030001,1,1,1292,-58,1654779553552736,1654779553552736,
300833b2ddd9014000030002,1,1,80,-48,1654779553554161,1654779553554161,
300833b2ddd9014000030009,1,1,2532,-46,1654779553555242,1654779553555242,
300833b2ddd9014000030009,1,1,2528,-46,1654779553585426,1654779553585426,
300833b2ddd9014000030008,1,1,3168,-43,1654779553587104,1654779553587104,
300833b2ddd9014000030001,1,1,1168,-57,1654779553588206,1654779553588206,
300833b2ddd9014000030002,1,1,100,-48,1654779553589673,1654779553589673,
300833b2ddd9014000030001,1,1,1188,-57,1654779553592650,1654779553592650,
300833b2ddd9014000030009,1,1,2532,-46,1654779553593678,1654779553593678,
300833b2ddd9014000030002,1,1,108,-48,1654779553594731,1654779553594731,
300833b2ddd9014000030008,1,1,3164,-43,1654779553596081,1654779553596081,
300833b2ddd9014000030001,1,1,1152,-57,1654779553628362,1654779553628362,
300833b2ddd9014000030002,1,1,96,-48,1654779553629688,1654779553629688,
300833b2ddd9014000030009,1,1,2548,-47,1654779553630772,1654779553630772,
300833b2ddd9014000030008,1,1,3188,-43,1654779553636760,1654779553636760,
300833b2ddd9014000030001,1,1,1168,-57,1654779553638286,1654779553638286,
300833b2ddd9014000030009,1,1,2544,-47,1654779553639470,1654779553639470,
300833b2ddd9014000030002,1,1,112,-48,1654779553640552,1654779553640552,
300833b2ddd9014000030001,1,1,1064,-57,1654779553670695,1654779553670695,
300833b2ddd9014000030002,1,1,124,-48,1654779553671777,1654779553671777,
300833b2ddd9014000030008,1,1,3212,-43,1654779553673101,1654779553673101,
300833b2ddd9014000030009,1,1,2548,-47,1654779553674201,1654779553674201,
300833b2ddd9014000030001,1,1,1144,-57,1654779553678748,1654779553678748,
300833b2ddd9014000030008,1,1,3204,-43,1654779553679845,1654779553679845,
300833b2ddd9014000030009,1,1,2564,-47,1654779553681638,1654779553681638,
300833b2ddd9014000030002,1,1,136,-48,1654779553682676,1654779553682676,
300833b2ddd9014000030002,1,1,116,-49,1654779553714077,1654779553714077,
300833b2ddd9014000030008,1,1,3208,-43,1654779553715189,1654779553715189,
300833b2ddd9014000030009,1,1,2572,-47,1654779553716754,1654779553716754,
300833b2ddd9014000030001,1,1,1080,-57,1654779553718113,1654779553718113,
300833b2ddd9014000030001,1,1,968,-57,1654779553722779,1654779553722779,
300833b2ddd9014000030002,1,1,124,-48,1654779553724115,1654779553724115,
300833b2ddd9014000030008,1,1,3220,-43,1654779553725736,1654779553725736,
300833b2ddd9014000030009,1,1,2576,-47,1654779553727659,1654779553727659,
300833b2ddd9014000030001,1,1,1052,-57,1654779553758216,1654779553758216,
300833b2ddd9014000030008,1,1,3216,-43,1654779553760376,1654779553760376,
300833b2ddd9014000030009,1,1,2572,-47,1654779553761656,1654779553761656,
300833b2ddd9014000030002,1,1,144,-49,1654779553763068,1654779553763068,
300833b2ddd9014000030001,1,1,1024,-57,1654779553765791,1654779553765791,
300833b2ddd9014000030008,1,1,3212,-43,1654779553766915,1654779553766915,
300833b2ddd9014000030009,1,1,2556,-47,1654779553769020,1654779553769020,
300833b2ddd9014000030002,1,1,152,-48,1654779553771567,1654779553771567,
300833b2ddd9014000030002,1,1,168,-48,1654779553801806,1654779553801806,
300833b2ddd9014000030008,1,1,3224,-43,1654779553802928,1654779553802928,
300833b2ddd9014000030009,1,1,2564,-47,1654779553804753,1654779553804753,
300833b2ddd9014000030001,1,1,1024,-57,1654779553807049,1654779553807049,
300833b2ddd9014000030002,1,1,152,-48,1654779553810629,1654779553810629,
300833b2ddd9014000030008,1,1,3236,-43,1654779553811854,1654779553811854,
300833b2ddd9014000030001,1,1,1068,-56,1654779553813397,1654779553813397,
300833b2ddd9014000030009,1,1,2576,-47,1654779553814794,1654779553814794,
300833b2ddd9014000030009,1,1,2552,-47,1654779553844532,1654779553844532,
300833b2ddd9014000030001,1,1,1148,-56,1654779553845592,1654779553845592,
300833b2ddd9014000030008,1,1,3232,-43,1654779553846674,1654779553846674,
300833b2ddd9014000030002,1,1,160,-48,1654779553848496,1654779553848496,
300833b2ddd9014000030008,1,1,3236,-43,1654779553853210,1654779553853210,
300833b2ddd9014000030002,1,1,156,-48,1654779553854337,1654779553854337,
300833b2ddd9014000030009,1,1,2552,-47,1654779553855437,1654779553855437,
300833b2ddd9014000030001,1,1,1044,-56,1654779553857221,1654779553857221,
300833b2ddd9014000030008,1,1,3236,-43,1654779553888461,1654779553888461,
300833b2ddd9014000030009,1,1,2560,-47,1654779553890387,1654779553890387,
300833b2ddd9014000030001,1,1,1064,-57,1654779553891477,1654779553891477,
300833b2ddd9014000030002,1,1,172,-48,1654779553892797,1654779553892797,
300833b2ddd9014000030001,1,1,1060,-56,1654779553896128,1654779553896128,
300833b2ddd9014000030009,1,1,2568,-47,1654779553897209,1654779553897209,
300833b2ddd9014000030002,1,1,148,-48,1654779553898279,1654779553898279,
300833b2ddd9014000030008,1,1,3228,-43,1654779553900129,1654779553900129,
300833b2ddd9014000030008,1,1,3236,-43,1654779553931612,1654779553931612,
300833b2ddd9014000030009,1,1,2552,-47,1654779553932743,1654779553932743,
300833b2ddd9014000030002,1,1,172,-48,1654779553934081,1654779553934081,
300833b2ddd9014000030001,1,1,1128,-57,1654779553935227,1654779553935227,
300833b2ddd9014000030008,1,1,3228,-43,1654779553940701,1654779553940701,
300833b2ddd9014000030002,1,1,152,-48,1654779553942155,1654779553942155,
300833b2ddd9014000030009,1,1,2572,-47,1654779553943268,1654779553943268,
300833b2ddd9014000030001,1,1,1104,-57,1654779553945190,1654779553945190,
300833b2ddd9014000030001,1,1,1064,-57,1654779553974883,1654779553974883,
300833b2ddd9014000030008,1,1,3228,-43,1654779553976220,1654779553976220,
300833b2ddd9014000030002,1,1,160,-48,1654779553977799,1654779553977799,
300833b2ddd9014000030009,1,1,2604,-47,1654779553979125,1654779553979125,
300833b2ddd9014000030002,1,1,152,-48,1654779553984041,1654779553984041,
300833b2ddd9014000030001,1,1,1068,-57,1654779553985216,1654779553985216,
300833b2ddd9014000030008,1,1,3248,-43,1654779553986806,1654779553986806,
300833b2ddd9014000030009,1,1,2588,-47,1654779553988260,1654779553988260,
300833b2ddd9014000030008,1,1,3244,-43,1654779554017888,1654779554017888,
300833b2ddd9014000030009,1,1,2568,-47,1654779554020084,1654779554020084,
300833b2ddd9014000030002,1,1,172,-48,1654779554021421,1654779554021421,
300833b2ddd9014000030001,1,1,1092,-56,1654779554022892,1654779554022892,
300833b2ddd9014000030009,1,1,2572,-47,1654779554025781,1654779554025781,
300833b2ddd9014000030002,1,1,160,-48,1654779554027348,1654779554027348,
300833b2ddd9014000030008,1,1,3236,-43,1654779554028699,1654779554028699,
300833b2ddd9014000030001,1,1,984,-57,1654779554030699,1654779554030699,
300833b2ddd9014000030002,1,1,168,-48,1654779554062336,1654779554062336,
300833b2ddd9014000030009,1,1,2580,-47,1654779554063534,1654779554063534,
300833b2ddd9014000030001,1,1,1048,-57,1654779554064837,1654779554064837,
300833b2ddd9014000030008,1,1,3240,-43,1654779554065932,1654779554065932,
300833b2ddd9014000030009,1,1,2564,-47,1654779554069224,1654779554069224,
300833b2ddd9014000030008,1,1,3252,-43,1654779554070520,1654779554070520,
300833b2ddd9014000030002,1,1,152,-48,1654779554072282,1654779554072282,
300833b2ddd9014000030001,1,1,1032,-57,1654779554074225,1654779554074225,
300833b2ddd9014000030009,1,1,2584,-47,1654779554104850,1654779554104850,
300833b2ddd9014000030008,1,1,3232,-43,1654779554105920,1654779554105920,
300833b2ddd9014000030002,1,1,168,-48,1654779554107244,1654779554107244,
300833b2ddd9014000030001,1,1,1036,-57,1654779554108318,1654779554108318,
300833b2ddd9014000030009,1,1,2596,-47,1654779554113281,1654779554113281,
300833b2ddd9014000030002,1,1,160,-48,1654779554114833,1654779554114833,
300833b2ddd9014000030008,1,1,3228,-43,1654779554116399,1654779554116399,
300833b2ddd9014000030001,1,1,1112,-57,1654779554118127,1654779554118127,
300833b2ddd9014000030008,1,1,3232,-43,1654779554148984,1654779554148984,
300833b2ddd9014000030001,1,1,1036,-57,1654779554150301,1654779554150301,
300833b2ddd9014000030002,1,1,172,-48,1654779554152135,1654779554152135,
300833b2ddd9014000030009,1,1,2588,-47,1654779554153217,1654779554153217,
300833b2ddd9014000030008,1,1,3228,-43,1654779554157421,1654779554157421,
300833b2ddd9014000030001,1,1,1052,-57,1654779554158523,1654779554158523,
300833b2ddd9014000030002,1,1,140,-49,1654779554159804,1654779554159804,
300833b2ddd9014000030009,1,1,2580,-47,1654779554160904,1654779554160904,
300833b2ddd9014000030001,1,1,1088,-57,1654779554193057,1654779554193057,
300833b2ddd9014000030009,1,1,2572,-47,1654779554194412,1654779554194412,
300833b2ddd9014000030008,1,1,3220,-43,1654779554199504,1654779554199504,
300833b2ddd9014000030001,1,1,984,-57,1654779554200877,1654779554200877,
300833b2ddd9014000030009,1,1,2584,-47,1654779554202016,1654779554202016,
300833b2ddd9014000030002,1,1,144,-49,1654779554203823,1654779554203823,
300833b2ddd9014000030008,1,1,3164,-42,1654779554235096,1654779554235096,
300833b2ddd9014000030009,1,1,2576,-47,1654779554236421,1654779554236421,
300833b2ddd9014000030001,1,1,1008,-57,1654779554238460,1654779554238460,
300833b2ddd9014000030009,1,1,2584,-47,1654779554244085,1654779554244085,
300833b2ddd9014000030008,1,1,3268,-43,1654779554245396,1654779554245396,
300833b2ddd9014000030001,1,1,1060,-57,1654779554247404,1654779554247404,
300833b2ddd9014000030008,1,1,3440,-42,1654779554279345,1654779554279345,
300833b2ddd9014000030001,1,1,972,-57,1654779554280518,1654779554280518,
300833b2ddd9014000030009,1,1,2584,-47,1654779554281557,1654779554281557,
300833b2ddd9014000030008,1,1,3228,-43,1654779554286456,1654779554286456,
300833b2ddd9014000030009,1,1,2604,-47,1654779554287781,1654779554287781,
300833b2ddd9014000030001,1,1,1012,-58,1654779554289170,1654779554289170,
300833b2ddd9014000030002,1,1,164,-48,1654779554319499,1654779554319499,
300833b2ddd9014000030001,1,1,972,-57,1654779554320989,1654779554320989,
300833b2ddd9014000030009,1,1,2592,-47,1654779554322101,1654779554322101,
300833b2ddd9014000030008,1,1,3220,-43,1654779554323214,1654779554323214,
300833b2ddd9014000030008,1,1,3220,-43,1654779554326833,1654779554326833,
300833b2ddd9014000030009,1,1,2576,-47,1654779554327949,1654779554327949,
300833b2ddd9014000030002,1,1,168,-48,1654779554328982,1654779554328982,
300833b2ddd9014000030001,1,1,1052,-57,1654779554330523,1654779554330523,
300833b2ddd9014000030008,1,1,3240,-43,1654779554362171,1654779554362171,
300833b2ddd9014000030009,1,1,2592,-47,1654779554364305,1654779554364305,
300833b2ddd9014000030002,1,1,160,-48,1654779554365656,1654779554365656,
300833b2ddd9014000030001,1,1,1068,-57,1654779554366875,1654779554366875,
300833b2ddd9014000030001,1,1,1092,-57,1654779554370321,1654779554370321,
300833b2ddd9014000030009,1,1,2576,-47,1654779554371418,1654779554371418,
300833b2ddd9014000030002,1,1,168,-48,1654779554372527,1654779554372527,
300833b2ddd9014000030008,1,1,3244,-43,1654779554373556,1654779554373556,
300833b2ddd9014000030008,1,1,3240,-43,1654779554405774,1654779554405774,
300833b2ddd9014000030009,1,1,2592,-47,1654779554407953,1654779554407953,
300833b2ddd9014000030002,1,1,168,-48,1654779554409274,1654779554409274,
300833b2ddd9014000030001,1,1,1056,-57,1654779554410466,1654779554410466,
300833b2ddd9014000030009,1,1,2600,-47,1654779554413831,1654779554413831,
300833b2ddd9014000030008,1,1,3208,-43,1654779554415569,1654779554415569,
300833b2ddd9014000030002,1,1,160,-48,1654779554416893,1654779554416893,
300833b2ddd9014000030001,1,1,1004,-57,1654779554418369,1654779554418369,
300833b2ddd9014000030002,1,1,144,-48,1654779554448927,1654779554448927,
300833b2ddd9014000030008,1,1,3232,-43,1654779554450247,1654779554450247,
300833b2ddd9014000030009,1,1,2584,-47,1654779554451377,1654779554451377,
300833b2ddd9014000030001,1,1,1032,-57,1654779554454384,1654779554454384,
300833b2ddd9014000030008,1,1,3228,-43,1654779554457492,1654779554457492,
300833b2ddd9014000030002,1,1,148,-48,1654779554459669,1654779554459669,
300833b2ddd9014000030009,1,1,2600,-47,1654779554460739,1654779554460739,
300833b2ddd9014000030001,1,1,1052,-57,1654779554462241,1654779554462241,
300833b2ddd9014000030002,1,1,184,-48,1654779554492892,1654779554492892,
300833b2ddd9014000030008,1,1,3244,-43,1654779554494800,1654779554494800,
300833b2ddd9014000030009,1,1,2596,-47,1654779554496125,1654779554496125,
300833b2ddd9014000030001,1,1,1108,-57,1654779554497315,1654779554497315,
300833b2ddd9014000030008,1,1,3252,-43,1654779554500372,1654779554500372,
300833b2ddd9014000030001,1,1,1044,-57,1654779554501705,1654779554501705,
300833b2ddd9014000030002,1,1,180,-48,1654779554503240,1654779554503240,
300833b2ddd9014000030009,1,1,2580,-47,1654779554505206,1654779554505206,
300833b2ddd9014000030001,1,1,1124,-57,1654779554536818,1654779554536818,
300833b2ddd9014000030008,1,1,3240,-43,1654779554538156,1654779554538156,
300833b2ddd9014000030009,1,1,2588,-47,1654779554539268,1654779554539268,
300833b2ddd9014000030002,1,1,172,-48,1654779554540635,1654779554540635,
300833b2ddd9014000030009,1,1,2596,-47,1654779554545182,1654779554545182,
300833b2ddd9014000030001,1,1,1144,-57,1654779554546724,1654779554546724,
300833b2ddd9014000030002,1,1,160,-48,1654779554548302,1654779554548302,
300833b2ddd9014000030008,1,1,3236,-43,1654779554549357,1654779554549357,
300833b2ddd9014000030008,1,1,3244,-43,1654779554581075,1654779554581075,
300833b2ddd9014000030001,1,1,1096,-57,1654779554582149,1654779554582149,
300833b2ddd9014000030009,1,1,2600,-47,1654779554584165,1654779554584165,
300833b2ddd9014000030002,1,1,176,-48,1654779554585263,1654779554585263,
300833b2ddd9014000030009,1,1,2584,-47,1654779554589723,1654779554589723,
300833b2ddd9014000030008,1,1,3252,-43,1654779554591404,1654779554591404,
300833b2ddd9014000030002,1,1,160,-48,1654779554592502,1654779554592502,
300833b2ddd9014000030001,1,1,1088,-57,1654779554593591,1654779554593591,
300833b2ddd9014000030008,1,1,3240,-43,1654779554624870,1654779554624870,
300833b2ddd9014000030001,1,1,1044,-57,1654779554626526,1654779554626526,
300833b2ddd9014000030009,1,1,2580,-47,1654779554627624,1654779554627624,
300833b2ddd9014000030002,1,1,164,-48,1654779554629048,1654779554629048,
300833b2ddd9014000030002,1,1,192,-48,1654779554632243,1654779554632243,
300833b2ddd9014000030008,1,1,3248,-43,1654779554633340,1654779554633340,
300833b2ddd9014000030009,1,1,2588,-47,1654779554634454,1654779554634454,
300833b2ddd9014000030001,1,1,1040,-57,1654779554636382,1654779554636382,
300833b2ddd9014000030002,1,1,176,-48,1654779554667469,1654779554667469,
300833b2ddd9014000030001,1,1,1012,-57,1654779554668786,1654779554668786,
300833b2ddd9014000030008,1,1,3236,-43,1654779554670533,1654779554670533,
300833b2ddd9014000030009,1,1,2604,-47,1654779554673096,1654779554673096,
300833b2ddd9014000030008,1,1,3236,-43,1654779554676354,1654779554676354,
300833b2ddd9014000030009,1,1,2588,-47,1654779554677408,1654779554677408,
300833b2ddd9014000030002,1,1,180,-48,1654779554678480,1654779554678480,
300833b2ddd9014000030001,1,1,1052,-57,1654779554679809,1654779554679809,
300833b2ddd9014000030009,1,1,2580,-47,1654779554711910,1654779554711910,
300833b2ddd9014000030002,1,1,160,-48,1654779554713335,1654779554713335,
300833b2ddd9014000030008,1,1,3240,-43,1654779554714445,1654779554714445,
300833b2ddd9014000030001,1,1,1056,-57,1654779554716130,1654779554716130,
300833b2ddd9014000030002,1,1,176,-48,1654779554719100,1654779554719100,
300833b2ddd9014000030008,1,1,3240,-43,1654779554720780,1654779554720780,
300833b2ddd9014000030009,1,1,2588,-47,1654779554722119,1654779554722119,
300833b2ddd9014000030001,1,1,1056,-57,1654779554723179,1654779554723179,
300833b2ddd9014000030001,1,1,1004,-58,1654779554958181,1654779554958181,
300833b2ddd9014000030002,1,1,172,-48,1654779554959716,1654779554959716,
300833b2ddd9014000030009,1,1,2596,-47,1654779554960844,1654779554960844,
300833b2ddd9014000030008,1,1,3252,-43,1654779554962166,1654779554962166,
300833b2ddd9014000030008,1,1,3244,-43,1654779554967141,1654779554967141,
300833b2ddd9014000030001,1,1,1000,-57,1654779554968587,1654779554968587,
300833b2ddd9014000030002,1,1,192,-48,1654779554969695,1654779554969695,
300833b2ddd9014000030009,1,1,2612,-47,1654779554971038,1654779554971038,
300833b2ddd9014000030009,1,1,2588,-47,1654779555002502,1654779555002502,
300833b2ddd9014000030002,1,1,168,-48,1654779555003500,1654779555003500,
300833b2ddd9014000030008,1,1,3248,-43,1654779555004570,1654779555004570,
300833b2ddd9014000030001,1,1,1084,-57,1654779555006312,1654779555006312,
300833b2ddd9014000030002,1,1,164,-48,1654779555010159,1654779555010159,
300833b2ddd9014000030001,1,1,1080,-58,1654779555011245,1654779555011245,
300833b2ddd9014000030009,1,1,2588,-47,1654779555012385,1654779555012385,
300833b2ddd9014000030008,1,1,3256,-43,1654779555013485,1654779555013485,
300833b2ddd9014000030001,1,1,1076,-57,1654779555043868,1654779555043868,
300833b2ddd9014000030009,1,1,2588,-47,1654779555045252,1654779555045252,
300833b2ddd9014000030008,1,1,3244,-43,1654779555046307,1654779555046307,
300833b2ddd9014000030002,1,1,168,-48,1654779555047632,1654779555047632,
300833b2ddd9014000030008,1,1,3264,-43,1654779555052309,1654779555052309,
300833b2ddd9014000030009,1,1,2588,-47,1654779555054469,1654779555054469,
300833b2ddd9014000030002,1,1,168,-48,1654779555055793,1654779555055793,
300833b2ddd9014000030001,1,1,1016,-57,1654779555056981,1654779555056981,
300833b2ddd9014000030009,1,1,2580,-47,1654779555086957,1654779555086957,
300833b2ddd9014000030008,1,1,3260,-43,1654779555088239,1654779555088239,
300833b2ddd9014000030002,1,1,184,-48,1654779555089592,1654779555089592,
300833b2ddd9014000030001,1,1,1048,-57,1654779555092003,1654779555092003,
300833b2ddd9014000030002,1,1,176,-48,1654779555095648,1654779555095648,
300833b2ddd9014000030008,1,1,3240,-43,1654779555097170,1654779555097170,
300833b2ddd9014000030009,1,1,2616,-47,1654779555098227,1654779555098227,
300833b2ddd9014000030001,1,1,1056,-57,1654779555099769,1654779555099769,
300833b2ddd9014000030009,1,1,2596,-47,1654779555132113,1654779555132113,
300833b2ddd9014000030002,1,1,160,-48,1654779555133184,1654779555133184,
300833b2ddd9014000030008,1,1,3264,-43,1654779555134479,1654779555134479,
300833b2ddd9014000030001,1,1,1048,-57,1654779555135725,1654779555135725,
300833b2ddd9014000030009,1,1,2592,-47,1654779555138762,1654779555138762,
300833b2ddd9014000030002,1,1,176,-48,1654779555140030,1654779555140030,
300833b2ddd9014000030001,1,1,1064,-57,1654779555141341,1654779555141341,
300833b2ddd9014000030008,1,1,3248,-43,1654779555142397,1654779555142397,
300833b2ddd9014000030008,1,1,3256,-43,1654779555176069,1654779555176069,
300833b2ddd9014000030009,1,1,2580,-47,1654779555177170,1654779555177170,
300833b2ddd9014000030002,1,1,188,-48,1654779555178368,1654779555178368,
300833b2ddd9014000030001,1,1,1224,-57,1654779555179600,1654779555179600,
300833b2ddd9014000030001,1,1,1092,-57,1654779555182873,1654779555182873,
300833b2ddd9014000030008,1,1,3240,-43,1654779555183941,1654779555183941,
300833b2ddd9014000030009,1,1,2580,-47,1654779555185523,1654779555185523,
300833b2ddd9014000030002,1,1,172,-48,1654779555186560,1654779555186560,
300833b2ddd9014000030009,1,1,2584,-47,1654779555217763,1654779555217763,
300833b2ddd9014000030008,1,1,3252,-43,1654779555219982,1654779555219982,
300833b2ddd9014000030001,1,1,1044,-57,1654779555221072,1654779555221072,
300833b2ddd9014000030002,1,1,176,-48,1654779555222792,1654779555222792,
300833b2ddd9014000030008,1,1,3236,-43,1654779555225555,1654779555225555,
300833b2ddd9014000030009,1,1,2604,-47,1654779555226640,1654779555226640,
300833b2ddd9014000030002,1,1,192,-48,1654779555227993,1654779555227993,
300833b2ddd9014000030001,1,1,1028,-57,1654779555230388,1654779555230388,