epc,atenda,atendanum,phase,RSS,timestamp,timestamp2,
300833b2ddd9014000030002,1,1,860,-51,1654779520052252,1654779520052252,
300833b2ddd9014000030009,1,1,2572,-45,1654779520053466,1654779520053466,
300833b2ddd9014000030008,1,1,3504,-46,1654779520054535,1654779520054535,
300833b2ddd9014000030008,1,1,3532,-46,1654779520058652,1654779520058652,
300833b2ddd9014000030009,1,1,2540,-45,1654779520060016,1654779520060016,
300833b2ddd9014000030002,1,1,868,-51,1654779520061595,1654779520061595,
300833b2ddd9014000030001,1,1,1268,-48,1654779520063958,1654779520063958,
300833b2ddd9014000030001,1,1,1288,-48,1654779520094158,1654779520094158,
300833b2ddd9014000030009,1,1,2564,-45,1654779520095484,1654779520095484,
300833b2ddd9014000030008,1,1,3504,-46,1654779520096595,1654779520096595,
300833b2ddd9014000030002,1,1,860,-51,1654779520098757,1654779520098757,
300833b2ddd9014000030001,1,1,1324,-48,1654779520102711,1654779520102711,
300833b2ddd9014000030008,1,1,3500,-46,1654779520104079,1654779520104079,
300833b2ddd9014000030002,1,1,860,-51,1654779520105416,1654779520105416,
300833b2ddd9014000030009,1,1,2572,-45,1654779520106911,1654779520106911,
300833b2ddd9014000030008,1,1,3500,-46,1654779520138455,1654779520138455,
300833b2ddd9014000030009,1,1,2552,-45,1654779520140635,1654779520140635,
300833b2ddd9014000030001,1,1,1312,-48,1654779520143272,1654779520143272,
300833b2ddd9014000030002,1,1,836,-51,1654779520144356,1654779520144356,
300833b2ddd9014000030009,1,1,2576,-44,1654779520148905,1654779520148905,
300833b2ddd9014000030008,1,1,3500,-46,1654779520150002,1654779520150002,
300833b2ddd9014000030001,1,1,1320,-49,1654779520151899,1654779520151899,
300833b2ddd9014000030002,1,1,848,-51,1654779520152939,1654779520152939,
300833b2ddd9014000030002,1,1,868,-51,1654779520186364,1654779520186364,
300833b2ddd9014000030001,1,1,1304,-49,1654779520188493,1654779520188493,
300833b2ddd9014000030008,1,1,3512,-46,1654779520190835,1654779520190835,
300833b2ddd9014000030009,1,1,2556,-45,1654779520192189,1654779520192189,
300833b2ddd9014000030009,1,1,2560,-44,1654779520195864,1654779520195864,
300833b2ddd9014000030001,1,1,1320,-48,1654779520196937,1654779520196937,
300833b2ddd9014000030008,1,1,3500,-46,1654779520198757,1654779520198757,
300833b2ddd9014000030002,1,1,852,-51,1654779520200054,1654779520200054,
300833b2ddd9014000030001,1,1,1304,-48,1654779520231454,1654779520231454,
300833b2ddd9014000030008,1,1,3504,-46,1654779520233437,1654779520233437,
300833b2ddd9014000030009,1,1,2568,-45,1654779520234807,1654779520234807,
300833b2ddd9014000030002,1,1,852,-51,1654779520236259,1654779520236259,
300833b2ddd9014000030009,1,1,2564,-45,1654779520241639,1654779520241639,
300833b2ddd9014000030008,1,1,3516,-46,1654779520243299,1654779520243299,
300833b2ddd9014000030001,1,1,1308,-48,1654779520244373,1654779520244373,
300833b2ddd9014000030002,1,1,852,-51,1654779520245645,1654779520245645,
300833b2ddd9014000030002,1,1,840,-51,1654779520275567,1654779520275567,
300833b2ddd9014000030008,1,1,3512,-46,1654779520277176,1654779520277176,
300833b2ddd9014000030009,1,1,2560,-45,1654779520278247,1654779520278247,
300833b2ddd9014000030001,1,1,1288,-49,1654779520279533,1654779520279533,
300833b2ddd9014000030008,1,1,3508,-46,1654779520284068,1654779520284068,
300833b2ddd9014000030009,1,1,2568,-44,1654779520286285,1654779520286285,
300833b2ddd9014000030001,1,1,1328,-49,1654779520287358,1654779520287358,
300833b2ddd9014000030002,1,1,868,-51,1654779520288827,1654779520288827,
300833b2ddd9014000030002,1,1,848,-51,1654779520318851,1654779520318851,
300833b2ddd9014000030009,1,1,2552,-44,1654779520319951,1654779520319951,
300833b2ddd9014000030001,1,1,1304,-49,1654779520321344,1654779520321344,
300833b2ddd9014000030008,1,1,3496,-46,1654779520323121,1654779520323121,
300833b2ddd9014000030002,1,1,872,-51,1654779520329319,1654779520329319,
300833b2ddd9014000030001,1,1,1312,-49,1654779520331258,1654779520331258,
300833b2ddd9014000030008,1,1,3512,-46,1654779520332311,1654779520332311,
300833b2ddd9014000030009,1,1,2568,-44,1654779520333383,1654779520333383,
300833b2ddd9014000030008,1,1,3504,-46,1654779520363863,1654779520363863,
300833b2ddd9014000030009,1,1,2568,-45,1654779520365786,1654779520365786,
300833b2ddd9014000030001,1,1,1320,-49,1654779520367058,1654779520367058,
300833b2ddd9014000030002,1,1,884,-51,1654779520368781,1654779520368781,
300833b2ddd9014000030008,1,1,3524,-46,1654779520371769,1654779520371769,
300833b2ddd9014000030002,1,1,860,-51,1654779520372822,1654779520372822,
300833b2ddd9014000030009,1,1,2596,-45,1654779520374163,1654779520374163,
300833b2ddd9014000030001,1,1,1320,-49,1654779520376046,1654779520376046,
300833b2ddd9014000030002,1,1,848,-51,1654779520407568,1654779520407568,
300833b2ddd9014000030008,1,1,3524,-46,1654779520409079,1654779520409079,
300833b2ddd9014000030001,1,1,1312,-49,1654779520410404,1654779520410404,
300833b2ddd9014000030009,1,1,2560,-44,1654779520411506,1654779520411506,
300833b2ddd9014000030008,1,1,3492,-46,1654779520415721,1654779520415721,
300833b2ddd9014000030009,1,1,2568,-44,1654779520416792,1654779520416792,
300833b2ddd9014000030001,1,1,1300,-49,1654779520418134,1654779520418134,
300833b2ddd9014000030002,1,1,856,-51,1654779520419735,1654779520419735,
300833b2ddd9014000030009,1,1,2564,-45,1654779520452989,1654779520452989,
300833b2ddd9014000030008,1,1,3516,-46,1654779520454326,1654779520454326,
300833b2ddd9014000030001,1,1,1332,-49,1654779520455670,1654779520455670,
300833b2ddd9014000030002,1,1,856,-51,1654779520458232,1654779520458232,
300833b2ddd9014000030009,1,1,2568,-45,1654779520462397,1654779520462397,
300833b2ddd9014000030002,1,1,852,-51,1654779520463480,1654779520463480,
300833b2ddd9014000030001,1,1,1316,-49,1654779520464567,1654779520464567,
300833b2ddd9014000030008,1,1,3512,-46,1654779520465940,1654779520465940,
300833b2ddd9014000030009,1,1,2572,-45,1654779520498169,1654779520498169,
300833b2ddd9014000030002,1,1,848,-51,1654779520499211,1654779520499211,
300833b2ddd9014000030001,1,1,1320,-49,1654779520500327,1654779520500327,
300833b2ddd9014000030008,1,1,3524,-46,1654779520501879,1654779520501879,
300833b2ddd9014000030008,1,1,3528,-46,1654779520506612,1654779520506612,
300833b2ddd9014000030009,1,1,2560,-45,1654779520507908,1654779520507908,
300833b2ddd9014000030001,1,1,1316,-48,1654779520510126,1654779520510126,
300833b2ddd9014000030002,1,1,852,-51,1654779520512092,1654779520512092,
300833b2ddd9014000030009,1,1,2608,-44,1654779520542267,1654779520542267,
300833b2ddd9014000030002,1,1,852,-51,1654779520544043,1654779520544043,
300833b2ddd9014000030001,1,1,1296,-48,1654779520545373,1654779520545373,
300833b2ddd9014000030008,1,1,3516,-46,1654779520546427,1654779520546427,
300833b2ddd9014000030002,1,1,784,-51,1654779520549953,1654779520549953,
300833b2ddd9014000030001,1,1,1296,-49,1654779520551011,1654779520551011,
300833b2ddd9014000030008,1,1,3512,-46,1654779520552166,1654779520552166,
300833b2ddd9014000030009,1,1,2560,-44,1654779520553250,1654779520553250,
300833b2ddd9014000030002,1,1,872,-51,1654779520585555,1654779520585555,
300833b2ddd9014000030009,1,1,2568,-45,1654779520586880,1654779520586880,
300833b2ddd9014000030001,1,1,1316,-49,1654779520588011,1654779520588011,
300833b2ddd9014000030008,1,1,3528,-46,1654779520589333,1654779520589333,
300833b2ddd9014000030008,1,1,3528,-46,1654779520594730,1654779520594730,
300833b2ddd9014000030001,1,1,1304,-48,1654779520595975,1654779520595975,
300833b2ddd9014000030009,1,1,2560,-44,1654779520597555,1654779520597555,
300833b2ddd9014000030002,1,1,848,-51,1654779520599007,1654779520599007,
300833b2ddd9014000030009,1,1,2568,-44,1654779520628763,1654779520628763,
300833b2ddd9014000030002,1,1,852,-51,1654779520629875,1654779520629875,
300833b2ddd9014000030001,1,1,1296,-49,1654779520631926,1654779520631926,
300833b2ddd9014000030008,1,1,3532,-46,1654779520633394,1654779520633394,
300833b2ddd9014000030009,1,1,2564,-45,1654779520637779,1654779520637779,
300833b2ddd9014000030008,1,1,3528,-46,1654779520639489,1654779520639489,
300833b2ddd9014000030001,1,1,1288,-49,1654779520641452,1654779520641452,
300833b2ddd9014000030002,1,1,852,-51,1654779520642935,1654779520642935,
300833b2ddd9014000030009,1,1,2568,-44,1654779520864787,1654779520864787,
300833b2ddd9014000030001,1,1,1300,-49,1654779520865889,1654779520865889,
300833b2ddd9014000030002,1,1,836,-51,1654779520867513,1654779520867513,
300833b2ddd9014000030008,1,1,3516,-47,1654779520870540,1654779520870540,
300833b2ddd9014000030009,1,1,2576,-45,1654779520874651,1654779520874651,
300833b2ddd9014000030002,1,1,880,-51,1654779520875974,1654779520875974,
300833b2ddd9014000030008,1,1,3484,-46,1654779520877173,1654779520877173,
300833b2ddd9014000030001,1,1,1312,-49,1654779520878273,1654779520878273,
300833b2ddd9014000030009,1,1,2572,-44,1654779520908778,1654779520908778,
300833b2ddd9014000030008,1,1,3520,-47,1654779520911457,1654779520911457,
300833b2ddd9014000030002,1,1,848,-51,1654779520912951,1654779520912951,
300833b2ddd9014000030001,1,1,1304,-48,1654779520914533,1654779520914533,
300833b2ddd9014000030008,1,1,3492,-46,1654779520918672,1654779520918672,
300833b2ddd9014000030009,1,1,2584,-45,1654779520920134,1654779520920134,
300833b2ddd9014000030002,1,1,852,-51,1654779520921246,1654779520921246,
300833b2ddd9014000030001,1,1,1296,-49,1654779520922306,1654779520922306,
300833b2ddd9014000030001,1,1,1304,-49,1654779520952848,1654779520952848,
300833b2ddd9014000030002,1,1,876,-51,1654779520953902,1654779520953902,
300833b2ddd9014000030008,1,1,3508,-46,1654779520954945,1654779520954945,
300833b2ddd9014000030009,1,1,2576,-45,1654779520956059,1654779520956059,
300833b2ddd9014000030002,1,1,856,-51,1654779520961059,1654779520961059,
300833b2ddd9014000030009,1,1,2576,-44,1654779520962384,1654779520962384,
300833b2ddd9014000030001,1,1,1312,-49,1654779520965113,1654779520965113,
300833b2ddd9014000030008,1,1,3504,-46,1654779520966170,1654779520966170,
300833b2ddd9014000030001,1,1,1316,-49,1654779520996841,1654779520996841,
300833b2ddd9014000030008,1,1,3516,-47,1654779520997922,1654779520997922,
300833b2ddd9014000030009,1,1,2576,-45,1654779520999007,1654779520999007,
300833b2ddd9014000030002,1,1,860,-51,1654779521000800,1654779521000800,
300833b2ddd9014000030009,1,1,2576,-44,1654779521005474,1654779521005474,
300833b2ddd9014000030002,1,1,864,-51,1654779521008094,1654779521008094,
300833b2ddd9014000030008,1,1,3516,-46,1654779521009854,1654779521009854,
300833b2ddd9014000030001,1,1,1288,-49,1654779521011197,1654779521011197,
300833b2ddd9014000030008,1,1,3504,-46,1654779521041989,1654779521041989,
300833b2ddd9014000030002,1,1,832,-51,1654779521043131,1654779521043131,
300833b2ddd9014000030009,1,1,2564,-45,1654779521044980,1654779521044980,
300833b2ddd9014000030001,1,1,1332,-49,1654779521046081,1654779521046081,
300833b2ddd9014000030001,1,1,1316,-49,1654779521050660,1654779521050660,
300833b2ddd9014000030002,1,1,860,-51,1654779521051732,1654779521051732,
300833b2ddd9014000030009,1,1,2560,-45,1654779521052818,1654779521052818,
300833b2ddd9014000030008,1,1,3484,-46,1654779521054638,1654779521054638,
300833b2ddd9014000030009,1,1,2572,-45,1654779521085721,1654779521085721,
300833b2ddd9014000030002,1,1,860,-51,1654779521087301,1654779521087301,
300833b2ddd9014000030001,1,1,1312,-49,1654779521089140,1654779521089140,
300833b2ddd9014000030008,1,1,3520,-46,1654779521090834,1654779521090834,
300833b2ddd9014000030009,1,1,2564,-44,1654779521094889,1654779521094889,
300833b2ddd9014000030008,1,1,3508,-46,1654779521095998,1654779521095998,
300833b2ddd9014000030001,1,1,1324,-49,1654779521097358,1654779521097358,
300833b2ddd9014000030002,1,1,864,-51,1654779521098681,1654779521098681,
300833b2ddd9014000030008,1,1,3528,-46,1654779521130167,1654779521130167,
300833b2ddd9014000030002,1,1,864,-51,1654779521131224,1654779521131224,
300833b2ddd9014000030009,1,1,2576,-45,1654779521133015,1654779521133015,
300833b2ddd9014000030001,1,1,1308,-49,1654779521134146,1654779521134146,
300833b2ddd9014000030001,1,1,1320,-49,1654779521138891,1654779521138891,
300833b2ddd9014000030008,1,1,3504,-46,1654779521139959,1654779521139959,
300833b2ddd9014000030009,1,1,2568,-45,1654779521141751,1654779521141751,
300833b2ddd9014000030002,1,1,848,-51,1654779521143430,1654779521143430,
300833b2ddd9014000030008,1,1,3512,-46,1654779521174034,1654779521174034,
300833b2ddd9014000030001,1,1,1312,-48,1654779521175122,1654779521175122,
300833b2ddd9014000030009,1,1,2556,-45,1654779521176689,1654779521176689,
300833b2ddd9014000030002,1,1,864,-51,1654779521178596,1654779521178596,
300833b2ddd9014000030001,1,1,1312,-49,1654779521182803,1654779521182803,
300833b2ddd9014000030002,1,1,896,-51,1654779521183832,1654779521183832,
300833b2ddd9014000030008,1,1,3528,-46,1654779521185411,1654779521185411,
300833b2ddd9014000030009,1,1,2568,-44,1654779521186780,1654779521186780,
300833b2ddd9014000030008,1,1,3524,-46,1654779521218634,1654779521218634,
300833b2ddd9014000030001,1,1,1300,-49,1654779521220130,1654779521220130,
300833b2ddd9014000030009,1,1,2556,-44,1654779521221696,1654779521221696,
300833b2ddd9014000030002,1,1,852,-51,1654779521223120,1654779521223120,
300833b2ddd9014000030009,1,1,2568,-45,1654779521226108,1654779521226108,
300833b2ddd9014000030008,1,1,3504,-46,1654779521227234,1654779521227234,
300833b2ddd9014000030002,1,1,876,-51,1654779521228346,1654779521228346,
300833b2ddd9014000030001,1,1,1284,-49,1654779521229390,1654779521229390,
300833b2ddd9014000030009,1,1,2556,-45,1654779521261573,1654779521261573,
300833b2ddd9014000030002,1,1,864,-51,1654779521262862,1654779521262862,
300833b2ddd9014000030008,1,1,3528,-46,1654779521265317,1654779521265317,
300833b2ddd9014000030001,1,1,1312,-49,1654779521266630,1654779521266630,
300833b2ddd9014000030009,1,1,2552,-45,1654779521270036,1654779521270036,
300833b2ddd9014000030008,1,1,3540,-46,1654779521271105,1654779521271105,
300833b2ddd9014000030001,1,1,1312,-48,1654779521272433,1654779521272433,
300833b2ddd9014000030002,1,1,868,-51,1654779521275047,1654779521275047,
300833b2ddd9014000030008,1,1,3524,-46,1654779521305948,1654779521305948,
300833b2ddd9014000030009,1,1,2592,-45,1654779521307021,1654779521307021,
300833b2ddd9014000030002,1,1,864,-51,1654779521308331,1654779521308331,
300833b2ddd9014000030009,1,1,2580,-45,1654779521314292,1654779521314292,
300833b2ddd9014000030008,1,1,3544,-46,1654779521315844,1654779521315844,
300833b2ddd9014000030001,1,1,1316,-49,1654779521316932,1654779521316932,
300833b2ddd9014000030002,1,1,876,-51,1654779521318911,1654779521318911,
300833b2ddd9014000030002,1,1,860,-51,1654779521351155,1654779521351155,
300833b2ddd9014000030001,1,1,1300,-48,1654779521352481,1654779521352481,
300833b2ddd9014000030009,1,1,2568,-44,1654779521354067,1654779521354067,
300833b2ddd9014000030008,1,1,3524,-46,1654779521355391,1654779521355391,
300833b2ddd9014000030002,1,1,868,-51,1654779521359589,1654779521359589,
300833b2ddd9014000030008,1,1,3520,-46,1654779521361563,1654779521361563,
300833b2ddd9014000030001,1,1,1304,-49,1654779521362607,1654779521362607,
300833b2ddd9014000030009,1,1,2552,-45,1654779521363948,1654779521363948,
300833b2ddd9014000030009,1,1,2548,-45,1654779521394882,1654779521394882,
300833b2ddd9014000030002,1,1,852,-51,1654779521395995,1654779521395995,
300833b2ddd9014000030008,1,1,3524,-46,1654779521397574,1654779521397574,
300833b2ddd9014000030001,1,1,1316,-49,1654779521398649,1654779521398649,
300833b2ddd9014000030002,1,1,868,-51,1654779521402888,1654779521402888,
300833b2ddd9014000030009,1,1,2548,-45,1654779521405052,1654779521405052,
300833b2ddd9014000030001,1,1,1308,-49,1654779521406424,1654779521406424,
300833b2ddd9014000030008,1,1,3508,-46,1654779521407690,1654779521407690,
300833b2ddd9014000030009,1,1,2560,-44,1654779521437824,1654779521437824,
300833b2ddd9014000030002,1,1,860,-51,1654779521439133,1654779521439133,
300833b2ddd9014000030008,1,1,3500,-46,1654779521440217,1654779521440217,
300833b2ddd9014000030001,1,1,1292,-49,1654779521441573,1654779521441573,
300833b2ddd9014000030002,1,1,864,-51,1654779521446309,1654779521446309,
300833b2ddd9014000030008,1,1,3520,-46,1654779521448056,1654779521448056,
300833b2ddd9014000030001,1,1,1296,-49,1654779521449399,1654779521449399,
300833b2ddd9014000030009,1,1,2556,-45,1654779521450441,1654779521450441,
300833b2ddd9014000030002,1,1,848,-51,1654779521480988,1654779521480988,
300833b2ddd9014000030008,1,1,3492,-46,1654779521482325,1654779521482325,
300833b2ddd9014000030009,1,1,2564,-44,1654779521483849,1654779521483849,
300833b2ddd9014000030001,1,1,1316,-49,1654779521484880,1654779521484880,
300833b2ddd9014000030008,1,1,3516,-46,1654779521489351,1654779521489351,
300833b2ddd9014000030009,1,1,2564,-44,1654779521491094,1654779521491094,
300833b2ddd9014000030001,1,1,1324,-49,1654779521492464,1654779521492464,
300833b2ddd9014000030002,1,1,852,-51,1654779521493576,1654779521493576,
300833b2ddd9014000030002,1,1,836,-51,1654779521524204,1654779521524204,
300833b2ddd9014000030009,1,1,2560,-44,1654779521525530,1654779521525530,
300833b2ddd9014000030001,1,1,1304,-49,1654779521526888,1654779521526888,
300833b2ddd9014000030008,1,1,3484,-46,1654779521528582,1654779521528582,
300833b2ddd9014000030008,1,1,3520,-46,1654779521533182,1654779521533182,
300833b2ddd9014000030009,1,1,2552,-45,1654779521534892,1654779521534892,
300833b2ddd9014000030001,1,1,1304,-49,1654779521537674,1654779521537674,
300833b2ddd9014000030002,1,1,848,-51,1654779521539131,1654779521539131,
300833b2ddd9014000030009,1,1,2564,-45,1654779521569528,1654779521569528,
300833b2ddd9014000030002,1,1,860,-51,1654779521571248,1654779521571248,
300833b2ddd9014000030008,1,1,3504,-46,1654779521572631,1654779521572631,
300833b2ddd9014000030001,1,1,1308,-49,1654779521573662,1654779521573662,
300833b2ddd9014000030002,1,1,872,-51,1654779521576452,1654779521576452,
300833b2ddd9014000030001,1,1,1280,-49,1654779521577767,1654779521577767,
300833b2ddd9014000030008,1,1,3496,-46,1654779521578833,1654779521578833,
300833b2ddd9014000030009,1,1,2556,-45,1654779521580415,1654779521580415,
300833b2ddd9014000030008,1,1,3528,-46,1654779521611874,1654779521611874,
300833b2ddd9014000030009,1,1,2556,-45,1654779521613382,1654779521613382,
300833b2ddd9014000030001,1,1,1312,-49,1654779521614696,1654779521614696,
300833b2ddd9014000030009,1,1,2560,-45,1654779521619655,1654779521619655,
300833b2ddd9014000030001,1,1,1300,-49,1654779521622735,1654779521622735,
300833b2ddd9014000030008,1,1,3528,-46,1654779521623836,1654779521623836,
300833b2ddd9014000030002,1,1,852,-51,1654779521625020,1654779521625020,
300833b2ddd9014000030009,1,1,2556,-44,1654779521654983,1654779521654983,
300833b2ddd9014000030001,1,1,1300,-49,1654779521657585,1654779521657585,
300833b2ddd9014000030008,1,1,3484,-46,1654779521658655,1654779521658655,
300833b2ddd9014000030002,1,1,876,-51,1654779521659924,1654779521659924,
300833b2ddd9014000030009,1,1,2568,-45,1654779521662686,1654779521662686,
300833b2ddd9014000030008,1,1,3496,-46,1654779521663812,1654779521663812,
300833b2ddd9014000030001,1,1,1316,-49,1654779521667453,1654779521667453,
300833b2ddd9014000030002,1,1,840,-51,1654779521668495,1654779521668495,
300833b2ddd9014000030002,1,1,840,-51,1654779521698663,1654779521698663,
300833b2ddd9014000030001,1,1,1300,-49,1654779521700135,1654779521700135,
300833b2ddd9014000030009,1,1,2552,-44,1654779521701391,1654779521701391,
300833b2ddd9014000030008,1,1,3500,-46,1654779521702797,1654779521702797,
300833b2ddd9014000030001,1,1,1312,-49,1654779521706025,1654779521706025,
300833b2ddd9014000030002,1,1,844,-51,1654779521707382,1654779521707382,
300833b2ddd9014000030008,1,1,3492,-46,1654779521708709,1654779521708709,
300833b2ddd9014000030009,1,1,2568,-45,1654779521709751,1654779521709751,
300833b2ddd9014000030002,1,1,848,-51,1654779521741187,1654779521741187,
300833b2ddd9014000030009,1,1,2560,-45,1654779521742286,1654779521742286,
300833b2ddd9014000030008,1,1,3508,-46,1654779521743384,1654779521743384,
300833b2ddd9014000030001,1,1,1304,-49,1654779521745148,1654779521745148,
300833b2ddd9014000030008,1,1,3488,-46,1654779521750775,1654779521750775,
300833b2ddd9014000030002,1,1,872,-51,1654779521751887,1654779521751887,
300833b2ddd9014000030009,1,1,2564,-45,1654779521752944,1654779521752944,
300833b2ddd9014000030001,1,1,1312,-49,1654779521754044,1654779521754044,
300833b2ddd9014000030002,1,1,860,-51,1654779521784682,1654779521784682,
300833b2ddd9014000030008,1,1,3520,-46,1654779521786008,1654779521786008,
300833b2ddd9014000030009,1,1,2556,-45,1654779521787318,1654779521787318,
300833b2ddd9014000030001,1,1,1292,-49,1654779521788406,1654779521788406,
300833b2ddd9014000030002,1,1,860,-51,1654779521793976,1654779521793976,
300833b2ddd9014000030008,1,1,3500,-46,1654779521795061,1654779521795061,
300833b2ddd9014000030009,1,1,2556,-45,1654779521796101,1654779521796101,
300833b2ddd9014000030001,1,1,1320,-49,1654779521797190,1654779521797190,
300833b2ddd9014000030009,1,1,2556,-44,1654779521828112,1654779521828112,
300833b2ddd9014000030008,1,1,3500,-46,1654779521829830,1654779521829830,
300833b2ddd9014000030002,1,1,852,-51,1654779521830915,1654779521830915,
300833b2ddd9014000030001,1,1,1304,-49,1654779521832046,1654779521832046,
300833b2ddd9014000030008,1,1,3488,-46,1654779521835887,1654779521835887,
300833b2ddd9014000030009,1,1,2552,-45,1654779521837328,1654779521837328,
300833b2ddd9014000030002,1,1,852,-51,1654779521839286,1654779521839286,
300833b2ddd9014000030001,1,1,1304,-49,1654779521840417,1654779521840417,
300833b2ddd9014000030002,1,1,868,-51,1654779521870362,1654779521870362,
300833b2ddd9014000030008,1,1,3480,-46,1654779521871630,1654779521871630,
300833b2ddd9014000030001,1,1,1300,-49,1654779521873001,1654779521873001,
300833b2ddd9014000030009,1,1,2540,-44,1654779521874314,1654779521874314,
300833b2ddd9014000030002,1,1,872,-51,1654779521878847,1654779521878847,
300833b2ddd9014000030001,1,1,1328,-49,1654779521879947,1654779521879947,
300833b2ddd9014000030008,1,1,3508,-46,1654779521881046,1654779521881046,
300833b2ddd9014000030009,1,1,2548,-44,1654779521882372,1654779521882372,
300833b2ddd9014000030009,1,1,2540,-45,1654779521915573,1654779521915573,
300833b2ddd9014000030001,1,1,1336,-49,1654779521916660,1654779521916660,
300833b2ddd9014000030008,1,1,3472,-46,1654779521917754,1654779521917754,
300833b2ddd9014000030002,1,1,876,-51,1654779521919023,1654779521919023,
300833b2ddd9014000030009,1,1,2532,-44,1654779521923362,1654779521923362,
300833b2ddd9014000030001,1,1,1320,-49,1654779521925073,1654779521925073,
300833b2ddd9014000030008,1,1,3468,-46,1654779521926158,1654779521926158,
300833b2ddd9014000030002,1,1,860,-52,1654779521927482,1654779521927482,
300833b2ddd9014000030008,1,1,3468,-46,1654779521957901,1654779521957901,
300833b2ddd9014000030009,1,1,2532,-44,1654779521959825,1654779521959825,
300833b2ddd9014000030002,1,1,880,-52,1654779521962899,1654779521962899,
300833b2ddd9014000030001,1,1,1344,-49,1654779521964029,1654779521964029,
300833b2ddd9014000030009,1,1,2524,-44,1654779521966813,1654779521966813,
300833b2ddd9014000030008,1,1,3464,-46,1654779521968971,1654779521968971,
300833b2ddd9014000030001,1,1,1336,-49,1654779521970075,1654779521970075,
300833b2ddd9014000030002,1,1,892,-52,1654779521971555,1654779521971555,
300833b2ddd9014000030009,1,1,2512,-44,1654779522003541,1654779522003541,
300833b2ddd9014000030008,1,1,3436,-46,1654779522004596,1654779522004596,
300833b2ddd9014000030001,1,1,1352,-48,1654779522006950,1654779522006950,
300833b2ddd9014000030002,1,1,852,-52,1654779522008150,1654779522008150,
300833b2ddd9014000030008,1,1,3448,-46,1654779522010905,1654779522010905,
300833b2ddd9014000030009,1,1,2524,-44,1654779522012842,1654779522012842,
300833b2ddd9014000030001,1,1,1356,-48,1654779522014110,1654779522014110,
300833b2ddd9014000030002,1,1,872,-52,1654779522015153,1654779522015153,
300833b2ddd9014000030009,1,1,2504,-44,1654779522045589,1654779522045589,
300833b2ddd9014000030008,1,1,3404,-46,1654779522047168,1654779522047168,
300833b2ddd9014000030001,1,1,1384,-48,1654779522048271,1654779522048271,
300833b2ddd9014000030002,1,1,856,-52,1654779522049381,1654779522049381,
300833b2ddd9014000030009,1,1,2496,-44,1654779522054174,1654779522054174,
300833b2ddd9014000030002,1,1,868,-53,1654779522055242,1654779522055242,
300833b2ddd9014000030001,1,1,1376,-48,1654779522056840,1654779522056840,
300833b2ddd9014000030008,1,1,3400,-46,1654779522057980,1654779522057980,
300833b2ddd9014000030009,1,1,2480,-43,1654779522089740,1654779522089740,
300833b2ddd9014000030002,1,1,872,-53,1654779522091344,1654779522091344,
300833b2ddd9014000030001,1,1,1364,-48,1654779522093552,1654779522093552,
300833b2ddd9014000030008,1,1,3364,-45,1654779522094890,1654779522094890,
300833b2ddd9014000030009,1,1,2472,-43,1654779522099094,1654779522099094,
300833b2ddd9014000030002,1,1,868,-53,1654779522100473,1654779522100473,
300833b2ddd9014000030008,1,1,3360,-45,1654779522101560,1654779522101560,
300833b2ddd9014000030001,1,1,1396,-48,1654779522102831,1654779522102831,
300833b2ddd9014000030008,1,1,3356,-45,1654779522134303,1654779522134303,
300833b2ddd9014000030002,1,1,836,-53,1654779522135415,1654779522135415,
300833b2ddd9014000030001,1,1,1412,-48,1654779522136457,1654779522136457,
300833b2ddd9014000030009,1,1,2488,-43,1654779522137516,1654779522137516,
300833b2ddd9014000030009,1,1,2484,-43,1654779522141370,1654779522141370,
300833b2ddd9014000030001,1,1,1420,-48,1654779522142386,1654779522142386,
300833b2ddd9014000030008,1,1,3336,-45,1654779522143741,1654779522143741,
300833b2ddd9014000030002,1,1,812,-53,1654779522145645,1654779522145645,
300833b2ddd9014000030001,1,1,1452,-48,1654779522176642,1654779522176642,
300833b2ddd9014000030009,1,1,2460,-43,1654779522177927,1654779522177927,
300833b2ddd9014000030008,1,1,3296,-44,1654779522179264,1654779522179264,
300833b2ddd9014000030002,1,1,736,-53,1654779522182095,1654779522182095,
300833b2ddd9014000030008,1,1,3308,-44,1654779522185974,1654779522185974,
300833b2ddd9014000030009,1,1,2468,-43,1654779522187016,1654779522187016,
300833b2ddd9014000030002,1,1,728,-53,1654779522188071,1654779522188071,
300833b2ddd9014000030001,1,1,1444,-48,1654779522189825,1654779522189825,
300833b2ddd9014000030008,1,1,3268,-43,1654779522220140,1654779522220140,
300833b2ddd9014000030009,1,1,2468,-43,1654779522221628,1654779522221628,
300833b2ddd9014000030002,1,1,640,-52,1654779522222695,1654779522222695,
300833b2ddd9014000030001,1,1,1480,-49,1654779522224136,1654779522224136,
300833b2ddd9014000030008,1,1,3248,-43,1654779522228218,1654779522228218,
300833b2ddd9014000030001,1,1,1504,-49,1654779522229321,1654779522229321,
300833b2ddd9014000030009,1,1,2452,-43,1654779522230661,1654779522230661,
300833b2ddd9014000030002,1,1,600,-52,1654779522231857,1654779522231857,
300833b2ddd9014000030009,1,1,2472,-43,1654779522262158,1654779522262158,
300833b2ddd9014000030002,1,1,496,-52,1654779522263867,1654779522263867,
300833b2ddd9014000030001,1,1,1520,-49,1654779522265168,1654779522265168,
300833b2ddd9014000030008,1,1,3200,-42,1654779522266265,1654779522266265,
300833b2ddd9014000030002,1,1,484,-52,1654779522270116,1654779522270116,
300833b2ddd9014000030008,1,1,3196,-42,1654779522271200,1654779522271200,
300833b2ddd9014000030009,1,1,2464,-43,1654779522272299,1654779522272299,
300833b2ddd9014000030001,1,1,1532,-50,1654779522273657,1654779522273657,
300833b2ddd9014000030008,1,1,3164,-42,1654779522305978,1654779522305978,
300833b2ddd9014000030002,1,1,368,-50,1654779522307715,1654779522307715,
300833b2ddd9014000030009,1,1,2496,-43,1654779522308843,1654779522308843,
300833b2ddd9014000030001,1,1,1580,-51,1654779522310301,1654779522310301,
300833b2ddd9014000030009,1,1,2472,-43,1654779522313303,1654779522313303,
300833b2ddd9014000030002,1,1,352,-49,1654779522314969,1654779522314969,
300833b2ddd9014000030008,1,1,3152,-42,1654779522316235,1654779522316235,
300833b2ddd9014000030001,1,1,1564,-51,1654779522317697,1654779522317697,
300833b2ddd9014000030002,1,1,264,-49,1654779522353473,1654779522353473,
300833b2ddd9014000030008,1,1,3136,-42,1654779522354584,1654779522354584,
300833b2ddd9014000030009,1,1,2492,-44,1654779522355655,1654779522355655,
300833b2ddd9014000030001,1,1,1520,-52,1654779522359154,1654779522359154,
300833b2ddd9014000030001,1,1,1528,-52,1654779522361929,1654779522361929,
300833b2ddd9014000030008,1,1,3128,-42,1654779522363267,1654779522363267,
300833b2ddd9014000030009,1,1,2492,-44,1654779522365301,1654779522365301,
300833b2ddd9014000030002,1,1,232,-48,1654779522366968,1654779522366968,
300833b2ddd9014000030002,1,1,200,-48,1654779522397931,1654779522397931,
300833b2ddd9014000030001,1,1,1560,-54,1654779522399669,1654779522399669,
300833b2ddd9014000030009,1,1,2484,-44,1654779522400994,1654779522400994,
300833b2ddd9014000030008,1,1,3120,-42,1654779522402104,1654779522402104,
300833b2ddd9014000030009,1,1,2472,-44,1654779522406072,1654779522406072,
300833b2ddd9014000030008,1,1,3120,-42,1654779522407536,1654779522407536,
300833b2ddd9014000030001,1,1,1572,-54,1654779522408839,1654779522408839,
300833b2ddd9014000030002,1,1,164,-48,1654779522409907,1654779522409907,
300833b2ddd9014000030009,1,1,2476,-45,1654779522441406,1654779522441406,
300833b2ddd9014000030008,1,1,3144,-42,1654779522442955,1654779522442955,
300833b2ddd9014000030001,1,1,1548,-56,1654779522444213,1654779522444213,
300833b2ddd9014000030002,1,1,140,-48,1654779522445297,1654779522445297,
300833b2ddd9014000030008,1,1,3144,-42,1654779522449135,1654779522449135,
300833b2ddd9014000030009,1,1,2500,-45,1654779522450190,1654779522450190,
300833b2ddd9014000030002,1,1,104,-48,1654779522451473,1654779522451473,
300833b2ddd9014000030001,1,1,1496,-56,1654779522452703,1654779522452703,
300833b2ddd9014000030009,1,1,2476,-45,1654779522482944,1654779522482944,
300833b2ddd9014000030008,1,1,3160,-42,1654779522484637,1654779522484637,
300833b2ddd9014000030002,1,1,112,-48,1654779522485976,1654779522485976,
300833b2ddd9014000030001,1,1,1532,-57,1654779522487662,1654779522487662,
300833b2ddd9014000030009,1,1,2516,-45,1654779522490663,1654779522490663,
300833b2ddd9014000030008,1,1,3140,-42,1654779522492583,1654779522492583,
300833b2ddd9014000030002,1,1,108,-48,1654779522493682,1654779522493682,
300833b2ddd9014000030001,1,1,1460,-57,1654779522495139,1654779522495139,
300833b2ddd9014000030008,1,1,3188,-42,1654779522525117,1654779522525117,
300833b2ddd9014000030001,1,1,1444,-57,1654779522526686,1654779522526686,
300833b2ddd9014000030009,1,1,2512,-46,1654779522527996,1654779522527996,
300833b2ddd9014000030002,1,1,100,-48,1654779522530529,1654779522530529,
300833b2ddd9014000030009,1,1,2516,-46,1654779522534268,1654779522534268,
300833b2ddd9014000030002,1,1,80,-48,1654779522535737,1654779522535737,
300833b2ddd9014000030008,1,1,3172,-42,1654779522536845,1654779522536845,
300833b2ddd9014000030001,1,1,1392,-57,1654779522537907,1654779522537907,
300833b2ddd9014000030008,1,1,3196,-43,1654779522574017,1654779522574017,
300833b2ddd9014000030002,1,1,124,-48,1654779522575100,1654779522575100,
300833b2ddd9014000030001,1,1,1364,-57,1654779522576584,1654779522576584,
300833b2ddd9014000030009,1,1,2528,-46,1654779522577609,1654779522577609,
300833b2ddd9014000030008,1,1,3204,-43,1654779522582346,1654779522582346,
300833b2ddd9014000030002,1,1,120,-48,1654779522583726,1654779522583726,
300833b2ddd9014000030009,1,1,2524,-46,1654779522585547,1654779522585547,
300833b2ddd9014000030001,1,1,1372,-57,1654779522587247,1654779522587247,
300833b2ddd9014000030009,1,1,2540,-47,1654779522619413,1654779522619413,
300833b2ddd9014000030008,1,1,3216,-43,1654779522620736,1654779522620736,
300833b2ddd9014000030002,1,1,132,-49,1654779522622211,1654779522622211,
300833b2ddd9014000030001,1,1,1312,-56,1654779522623456,1654779522623456,
300833b2ddd9014000030009,1,1,2536,-46,1654779522626548,1654779522626548,
300833b2ddd9014000030008,1,1,3220,-43,1654779522627617,1654779522627617,
300833b2ddd9014000030002,1,1,120,-49,1654779522629183,1654779522629183,
300833b2ddd9014000030001,1,1,1288,-56,1654779522630870,1654779522630870,
300833b2ddd9014000030008,1,1,3228,-43,1654779522662337,1654779522662337,
300833b2ddd9014000030002,1,1,192,-49,1654779522663464,1654779522663464,
300833b2ddd9014000030009,1,1,2536,-47,1654779522665029,1654779522665029,
300833b2ddd9014000030001,1,1,1296,-55,1654779522667195,1654779522667195,
300833b2ddd9014000030002,1,1,156,-49,1654779522670978,1654779522670978,
300833b2ddd9014000030009,1,1,2564,-47,1654779522672316,1654779522672316,
300833b2ddd9014000030008,1,1,3224,-43,1654779522673400,1654779522673400,
300833b2ddd9014000030001,1,1,1272,-56,1654779522674502,1654779522674502,
300833b2ddd9014000030008,1,1,3228,-44,1654779522706337,1654779522706337,
300833b2ddd9014000030009,1,1,2548,-47,1654779522707454,1654779522707454,
300833b2ddd9014000030001,1,1,1244,-55,1654779522708841,1654779522708841,
300833b2ddd9014000030002,1,1,192,-49,1654779522714050,1654779522714050,
300833b2ddd9014000030001,1,1,1268,-55,1654779522715150,1654779522715150,
300833b2ddd9014000030008,1,1,3236,-44,1654779522716232,1654779522716232,
300833b2ddd9014000030009,1,1,2564,-47,1654779522717587,1654779522717587,
300833b2ddd9014000030008,1,1,3252,-44,1654779522750536,1654779522750536,
300833b2ddd9014000030002,1,1,164,-50,1654779522751860,1654779522751860,
300833b2ddd9014000030009,1,1,2548,-47,1654779522753453,1654779522753453,
300833b2ddd9014000030001,1,1,1196,-54,1654779522758131,1654779522758131,
300833b2ddd9014000030008,1,1,3248,-44,1654779522759170,1654779522759170,
300833b2ddd9014000030002,1,1,176,-49,1654779522760237,1654779522760237,
300833b2ddd9014000030009,1,1,2536,-47,1654779522761563,1654779522761563,
300833b2ddd9014000030002,1,1,188,-50,1654779522793496,1654779522793496,
300833b2ddd9014000030008,1,1,3244,-44,1654779522794522,1654779522794522,
300833b2ddd9014000030001,1,1,1212,-54,1654779522795583,1654779522795583,
300833b2ddd9014000030009,1,1,2556,-47,1654779522797375,1654779522797375,
300833b2ddd9014000030008,1,1,3240,-44,1654779522801597,1654779522801597,
300833b2ddd9014000030002,1,1,160,-50,1654779522802668,1654779522802668,
300833b2ddd9014000030009,1,1,2548,-47,1654779522804233,1654779522804233,
300833b2ddd9014000030001,1,1,1236,-54,1654779522805576,1654779522805576,
300833b2ddd9014000030002,1,1,284,-48,1654779522837831,1654779522837831,
300833b2ddd9014000030008,1,1,3252,-44,1654779522839053,1654779522839053,
300833b2ddd9014000030002,1,1,176,-50,1654779522843330,1654779522843330,
300833b2ddd9014000030008,1,1,3264,-44,1654779522844654,1654779522844654,
300833b2ddd9014000030009,1,1,2532,-47,1654779522845723,1654779522845723,
300833b2ddd9014000030008,1,1,3240,-44,1654779522877754,1654779522877754,
300833b2ddd9014000030002,1,1,164,-50,1654779522879078,1654779522879078,
300833b2ddd9014000030009,1,1,2568,-47,1654779522880884,1654779522880884,
300833b2ddd9014000030001,1,1,1236,-54,1654779522881931,1654779522881931,
300833b2ddd9014000030008,1,1,3248,-44,1654779522886370,1654779522886370,
300833b2ddd9014000030009,1,1,2568,-47,1654779522887698,1654779522887698,
300833b2ddd9014000030001,1,1,1224,-54,1654779522888773,1654779522888773,
300833b2ddd9014000030002,1,1,148,-49,1654779522890919,1654779522890919,
300833b2ddd9014000030009,1,1,2556,-47,1654779522921870,1654779522921870,
300833b2ddd9014000030001,1,1,1244,-54,1654779522923440,1654779522923440,
300833b2ddd9014000030002,1,1,164,-50,1654779522924748,1654779522924748,
300833b2ddd9014000030008,1,1,3252,-44,1654779522926028,1654779522926028,
300833b2ddd9014000030009,1,1,2560,-47,1654779522930213,1654779522930213,
300833b2ddd9014000030008,1,1,3248,-44,1654779522931765,1654779522931765,
300833b2ddd9014000030002,1,1,184,-50,1654779522933358,1654779522933358,
300833b2ddd9014000030001,1,1,1252,-54,1654779522934446,1654779522934446,
300833b2ddd9014000030008,1,1,3252,-44,1654779522965684,1654779522965684,
300833b2ddd9014000030001,1,1,1296,-54,1654779522968164,1654779522968164,
300833b2ddd9014000030009,1,1,2572,-47,1654779522969264,1654779522969264,
300833b2ddd9014000030002,1,1,160,-49,1654779522970701,1654779522970701,
300833b2ddd9014000030008,1,1,3256,-44,1654779522973464,1654779522973464,
300833b2ddd9014000030001,1,1,1284,-54,1654779522974537,1654779522974537,
300833b2ddd9014000030009,1,1,2580,-47,1654779522975860,1654779522975860,
300833b2ddd9014000030002,1,1,172,-49,1654779522978026,1654779522978026,
300833b2ddd9014000030009,1,1,2580,-47,1654779523009580,1654779523009580,
300833b2ddd9014000030002,1,1,176,-49,1654779523011036,1654779523011036,
300833b2ddd9014000030008,1,1,3248,-44,1654779523012119,1654779523012119,
300833b2ddd9014000030001,1,1,1268,-54,1654779523014073,1654779523014073,
300833b2ddd9014000030008,1,1,3268,-44,1654779523016838,1654779523016838,
300833b2ddd9014000030009,1,1,2572,-47,1654779523019072,1654779523019072,
300833b2ddd9014000030002,1,1,152,-49,1654779523020141,1654779523020141,
300833b2ddd9014000030001,1,1,1256,-54,1654779523021838,1654779523021838,
300833b2ddd9014000030008,1,1,3260,-44,1654779523051643,1654779523051643,
300833b2ddd9014000030001,1,1,1272,-54,1654779523052756,1654779523052756,
300833b2ddd9014000030002,1,1,180,-49,1654779523055480,1654779523055480,
300833b2ddd9014000030009,1,1,2564,-47,1654779523057063,1654779523057063,
300833b2ddd9014000030002,1,1,164,-49,1654779523060559,1654779523060559,
300833b2ddd9014000030009,1,1,2568,-47,1654779523062081,1654779523062081,
300833b2ddd9014000030008,1,1,3252,-44,1654779523063859,1654779523063859,
300833b2ddd9014000030001,1,1,1256,-54,1654779523065587,1654779523065587,
300833b2ddd9014000030002,1,1,188,-49,1654779523096234,1654779523096234,
300833b2ddd9014000030008,1,1,3252,-44,1654779523097799,1654779523097799,
300833b2ddd9014000030001,1,1,1268,-54,1654779523098903,1654779523098903,
300833b2ddd9014000030009,1,1,2552,-47,1654779523100769,1654779523100769,
300833b2ddd9014000030001,1,1,1256,-54,1654779523105342,1654779523105342,
300833b2ddd9014000030002,1,1,164,-49,1654779523106367,1654779523106367,
300833b2ddd9014000030008,1,1,3260,-44,1654779523107679,1654779523107679,
300833b2ddd9014000030009,1,1,2568,-48,1654779523110239,1654779523110239,
300833b2ddd9014000030001,1,1,1296,-54,1654779523140658,1654779523140658,
300833b2ddd9014000030009,1,1,2568,-47,1654779523141713,1654779523141713,
300833b2ddd9014000030008,1,1,3256,-44,1654779523143309,1654779523143309,
300833b2ddd9014000030002,1,1,156,-49,1654779523145003,1654779523145003,
300833b2ddd9014000030008,1,1,3256,-44,1654779523149087,1654779523149087,
300833b2ddd9014000030001,1,1,1244,-54,1654779523150179,1654779523150179,
300833b2ddd9014000030002,1,1,176,-49,1654779523151305,1654779523151305,
300833b2ddd9014000030009,1,1,2552,-47,1654779523153710,1654779523153710,
300833b2ddd9014000030008,1,1,3252,-44,1654779523184818,1654779523184818,
300833b2ddd9014000030002,1,1,160,-49,1654779523185914,1654779523185914,
300833b2ddd9014000030009,1,1,2568,-47,1654779523188022,1654779523188022,
300833b2ddd9014000030001,1,1,1228,-54,1654779523189722,1654779523189722,
300833b2ddd9014000030008,1,1,3256,-44,1654779523193803,1654779523193803,
300833b2ddd9014000030009,1,1,2564,-47,1654779523194989,1654779523194989,
300833b2ddd9014000030001,1,1,1296,-55,1654779523196076,1654779523196076,
300833b2ddd9014000030002,1,1,168,-49,1654779523198252,1654779523198252,
300833b2ddd9014000030008,1,1,3248,-44,1654779523230735,1654779523230735,
300833b2ddd9014000030001,1,1,1292,-54,1654779523231868,1654779523231868,
300833b2ddd9014000030002,1,1,148,-49,1654779523233080,1654779523233080,
300833b2ddd9014000030009,1,1,2580,-47,1654779523234121,1654779523234121,
300833b2ddd9014000030001,1,1,1268,-54,1654779523237133,1654779523237133,
300833b2ddd9014000030002,1,1,176,-50,1654779523238225,1654779523238225,
300833b2ddd9014000030008,1,1,3240,-44,1654779523240303,1654779523240303,
300833b2ddd9014000030009,1,1,2584,-47,1654779523242410,1654779523242410,
300833b2ddd9014000030009,1,1,2568,-47,1654779523272616,1654779523272616,
300833b2ddd9014000030002,1,1,172,-49,1654779523273927,1654779523273927,
300833b2ddd9014000030008,1,1,3244,-44,1654779523275052,1654779523275052,
300833b2ddd9014000030001,1,1,1228,-54,1654779523277834,1654779523277834,
300833b2ddd9014000030002,1,1,168,-49,1654779523281230,1654779523281230,
300833b2ddd9014000030008,1,1,3248,-44,1654779523282525,1654779523282525,
300833b2ddd9014000030009,1,1,2560,-47,1654779523284363,1654779523284363,
300833b2ddd9014000030001,1,1,1272,-54,1654779523286445,1654779523286445,
300833b2ddd9014000030008,1,1,3260,-44,1654779523317262,1654779523317262,
300833b2ddd9014000030002,1,1,156,-49,1654779523318572,1654779523318572,
300833b2ddd9014000030001,1,1,1264,-55,1654779523319617,1654779523319617,
300833b2ddd9014000030008,1,1,3252,-44,1654779523324925,1654779523324925,
300833b2ddd9014000030001,1,1,1280,-54,1654779523326030,1654779523326030,
300833b2ddd9014000030009,1,1,2564,-47,1654779523327568,1654779523327568,
300833b2ddd9014000030002,1,1,164,-49,1654779523328639,1654779523328639,
300833b2ddd9014000030008,1,1,3244,-44,1654779523360817,1654779523360817,
300833b2ddd9014000030001,1,1,1216,-54,1654779523362772,1654779523362772,
300833b2ddd9014000030009,1,1,2572,-47,1654779523363841,1654779523363841,
300833b2ddd9014000030002,1,1,152,-49,1654779523364911,1654779523364911,
300833b2ddd9014000030002,1,1,156,-49,1654779523369003,1654779523369003,
300833b2ddd9014000030009,1,1,2572,-47,1654779523370115,1654779523370115,
300833b2ddd9014000030001,1,1,1264,-54,1654779523371190,1654779523371190,
300833b2ddd9014000030008,1,1,3256,-44,1654779523372740,1654779523372740,
300833b2ddd9014000030009,1,1,2576,-47,1654779523404924,1654779523404924,
300833b2ddd9014000030008,1,1,3248,-44,1654779523405935,1654779523405935,
300833b2ddd9014000030002,1,1,156,-49,1654779523407005,1654779523407005,
300833b2ddd9014000030001,1,1,1244,-54,1654779523408377,1654779523408377,
300833b2ddd9014000030008,1,1,3244,-44,1654779523413676,1654779523413676,
300833b2ddd9014000030002,1,1,156,-49,1654779523415174,1654779523415174,
300833b2ddd9014000030009,1,1,2588,-47,1654779523416487,1654779523416487,
300833b2ddd9014000030001,1,1,1224,-54,1654779523417662,1654779523417662,
300833b2ddd9014000030008,1,1,3248,-44,1654779523448506,1654779523448506,
300833b2ddd9014000030001,1,1,1236,-55,1654779523450167,1654779523450167,
300833b2ddd9014000030002,1,1,164,-49,1654779523451235,1654779523451235,
300833b2ddd9014000030009,1,1,2576,-47,1654779523452604,1654779523452604,
300833b2ddd9014000030009,1,1,2576,-47,1654779523456076,1654779523456076,
300833b2ddd9014000030002,1,1,152,-49,1654779523457614,1654779523457614,
300833b2ddd9014000030008,1,1,3248,-44,1654779523459193,1654779523459193,
300833b2ddd9014000030001,1,1,1252,-55,1654779523460325,1654779523460325,
300833b2ddd9014000030001,1,1,1268,-55,1654779523492134,1654779523492134,
300833b2ddd9014000030009,1,1,2580,-47,1654779523493572,1654779523493572,
300833b2ddd9014000030008,1,1,3256,-44,1654779523495139,1654779523495139,
300833b2ddd9014000030002,1,1,152,-49,1654779523496380,1654779523496380,
300833b2ddd9014000030008,1,1,3248,-44,1654779523499395,1654779523499395,
300833b2ddd9014000030002,1,1,144,-49,1654779523500994,1654779523500994,
300833b2ddd9014000030001,1,1,1260,-55,1654779523502577,1654779523502577,
300833b2ddd9014000030009,1,1,2568,-47,1654779523503647,1654779523503647,
300833b2ddd9014000030001,1,1,1272,-55,1654779523534866,1654779523534866,
300833b2ddd9014000030002,1,1,164,-49,1654779523535963,1654779523535963,
300833b2ddd9014000030009,1,1,2572,-47,1654779523537077,1654779523537077,
300833b2ddd9014000030008,1,1,3272,-44,1654779523538160,1654779523538160,
300833b2ddd9014000030002,1,1,168,-49,1654779523543610,1654779523543610,
300833b2ddd9014000030009,1,1,2572,-47,1654779523545292,1654779523545292,
300833b2ddd9014000030008,1,1,3236,-44,1654779523546872,1654779523546872,
300833b2ddd9014000030001,1,1,1224,-55,1654779523548047,1654779523548047,
300833b2ddd9014000030001,1,1,1260,-55,1654779523577996,1654779523577996,
300833b2ddd9014000030008,1,1,3240,-44,1654779523579521,1654779523579521,
300833b2ddd9014000030009,1,1,2568,-47,1654779523580620,1654779523580620,
300833b2ddd9014000030002,1,1,164,-49,1654779523583415,1654779523583415,
300833b2ddd9014000030002,1,1,156,-49,1654779523586637,1654779523586637,
300833b2ddd9014000030001,1,1,1244,-55,1654779523588279,1654779523588279,
300833b2ddd9014000030008,1,1,3256,-44,1654779523589375,1654779523589375,
300833b2ddd9014000030009,1,1,2580,-47,1654779523590729,1654779523590729,
300833b2ddd9014000030001,1,1,1268,-55,1654779523621500,1654779523621500,
300833b2ddd9014000030008,1,1,3256,-44,1654779523622570,1654779523622570,
300833b2ddd9014000030009,1,1,2596,-47,1654779523623897,1654779523623897,
300833b2ddd9014000030002,1,1,160,-49,1654779523624995,1654779523624995,
300833b2ddd9014000030009,1,1,2612,-47,1654779523629434,1654779523629434,
300833b2ddd9014000030008,1,1,3248,-44,1654779523630560,1654779523630560,
300833b2ddd9014000030002,1,1,172,-49,1654779523632875,1654779523632875,
300833b2ddd9014000030001,1,1,1252,-55,1654779523634530,1654779523634530,
300833b2ddd9014000030008,1,1,3244,-44,1654779523665176,1654779523665176,
300833b2ddd9014000030002,1,1,172,-49,1654779523666246,1654779523666246,
300833b2ddd9014000030009,1,1,2600,-47,1654779523667316,1654779523667316,
300833b2ddd9014000030001,1,1,1280,-55,1654779523669326,1654779523669326,
300833b2ddd9014000030008,1,1,3244,-44,1654779523673803,1654779523673803,
300833b2ddd9014000030001,1,1,1220,-55,1654779523675745,1654779523675745,
300833b2ddd9014000030009,1,1,2580,-47,1654779523677070,1654779523677070,
300833b2ddd9014000030002,1,1,156,-49,1654779523678494,1654779523678494,
300833b2ddd9014000030001,1,1,1268,-55,1654779523708454,1654779523708454,
300833b2ddd9014000030002,1,1,152,-49,1654779523709793,1654779523709793,
300833b2ddd9014000030008,1,1,3220,-44,1654779523711118,1654779523711118,
300833b2ddd9014000030009,1,1,2564,-47,1654779523712203,1654779523712203,
300833b2ddd9014000030001,1,1,1276,-54,1654779523717194,1654779523717194,
300833b2ddd9014000030008,1,1,3236,-44,1654779523718516,1654779523718516,
300833b2ddd9014000030009,1,1,2564,-47,1654779523720126,1654779523720126,
300833b2ddd9014000030002,1,1,128,-49,1654779523721647,1654779523721647,
300833b2ddd9014000030002,1,1,176,-50,1654779523753748,1654779523753748,
300833b2ddd9014000030009,1,1,2568,-47,1654779523755064,1654779523755064,
300833b2ddd9014000030009,1,1,2576,-47,1654779523758897,1654779523758897,
300833b2ddd9014000030001,1,1,1212,-55,1654779523760197,1654779523760197,
300833b2ddd9014000030008,1,1,3256,-44,1654779523761277,1654779523761277,
300833b2ddd9014000030002,1,1,164,-49,1654779523762842,1654779523762842,
300833b2ddd9014000030001,1,1,1248,-55,1654779523794251,1654779523794251,
300833b2ddd9014000030002,1,1,168,-49,1654779523795548,1654779523795548,
300833b2ddd9014000030008,1,1,3248,-44,1654779523796615,1654779523796615,
300833b2ddd9014000030009,1,1,2572,-47,1654779523797658,1654779523797658,
300833b2ddd9014000030008,1,1,3232,-44,1654779523803543,1654779523803543,
300833b2ddd9014000030009,1,1,2568,-47,1654779523805122,1654779523805122,
300833b2ddd9014000030001,1,1,1236,-55,1654779523806337,1654779523806337,
300833b2ddd9014000030002,1,1,152,-49,1654779523807464,1654779523807464,
300833b2ddd9014000030002,1,1,160,-49,1654779523837188,1654779523837188,
300833b2ddd9014000030001,1,1,1228,-55,1654779523838529,1654779523838529,
300833b2ddd9014000030008,1,1,3224,-44,1654779523840291,1654779523840291,
300833b2ddd9014000030008,1,1,3232,-44,1654779523851323,1654779523851323,
300833b2ddd9014000030001,1,1,1272,-55,1654779523853335,1654779523853335,
300833b2ddd9014000030009,1,1,2576,-47,1654779523855123,1654779523855123,
300833b2ddd9014000030002,1,1,196,-50,1654779523857204,1654779523857204,
300833b2ddd9014000030008,1,1,3224,-44,1654779523887156,1654779523887156,
300833b2ddd9014000030002,1,1,176,-50,1654779523888238,1654779523888238,
300833b2ddd9014000030009,1,1,2576,-47,1654779523889353,1654779523889353,
300833b2ddd9014000030001,1,1,1200,-55,1654779523891390,1654779523891390,
300833b2ddd9014000030001,1,1,1220,-55,1654779523895601,1654779523895601,
300833b2ddd9014000030009,1,1,2592,-47,1654779523897106,1654779523897106,
300833b2ddd9014000030002,1,1,176,-49,1654779523898461,1654779523898461,
300833b2ddd9014000030008,1,1,3220,-44,1654779523899571,1654779523899571,
300833b2ddd9014000030009,1,1,2580,-47,1654779523931472,1654779523931472,
300833b2ddd9014000030002,1,1,168,-50,1654779523932556,1654779523932556,
300833b2ddd9014000030008,1,1,3228,-44,1654779523934133,1654779523934133,
300833b2ddd9014000030001,1,1,1160,-55,1654779523935194,1654779523935194,
300833b2ddd9014000030008,1,1,3244,-44,1654779523939908,1654779523939908,
300833b2ddd9014000030009,1,1,2580,-47,1654779523940978,1654779523940978,
300833b2ddd9014000030002,1,1,160,-50,1654779523942305,1654779523942305,
300833b2ddd9014000030001,1,1,1216,-55,1654779523943449,1654779523943449,
300833b2ddd9014000030008,1,1,3252,-44,1654779523975247,1654779523975247,
300833b2ddd9014000030002,1,1,164,-49,1654779523977137,1654779523977137,
300833b2ddd9014000030009,1,1,2584,-47,1654779523978482,1654779523978482,
300833b2ddd9014000030001,1,1,1224,-55,1654779523980139,1654779523980139,
300833b2ddd9014000030009,1,1,2564,-47,1654779523983109,1654779523983109,
300833b2ddd9014000030008,1,1,3236,-44,1654779523984207,1654779523984207,
300833b2ddd9014000030002,1,1,140,-49,1654779523985729,1654779523985729,
300833b2ddd9014000030001,1,1,1240,-55,1654779523987895,1654779523987895,
300833b2ddd9014000030002,1,1,160,-49,1654779524018685,1654779524018685,
300833b2ddd9014000030009,1,1,2576,-47,1654779524019784,1654779524019784,
300833b2ddd9014000030008,1,1,3244,-44,1654779524021574,1654779524021574,
300833b2ddd9014000030001,1,1,1240,-55,1654779524022665,1654779524022665,
300833b2ddd9014000030001,1,1,1228,-55,1654779524027781,1654779524027781,
300833b2ddd9014000030002,1,1,152,-49,1654779524028879,1654779524028879,
300833b2ddd9014000030009,1,1,2600,-47,1654779524030175,1654779524030175,
300833b2ddd9014000030008,1,1,3248,-44,1654779524031302,1654779524031302,
300833b2ddd9014000030002,1,1,160,-49,1654779524063075,1654779524063075,
300833b2ddd9014000030008,1,1,3260,-44,1654779524064160,1654779524064160,
300833b2ddd9014000030001,1,1,1200,-55,1654779524065758,1654779524065758,
300833b2ddd9014000030009,1,1,2568,-47,1654779524067469,1654779524067469,
300833b2ddd9014000030009,1,1,2564,-47,1654779524073003,1654779524073003,
300833b2ddd9014000030002,1,1,152,-49,1654779524074554,1654779524074554,
300833b2ddd9014000030008,1,1,3244,-44,1654779524075864,1654779524075864,
300833b2ddd9014000030001,1,1,1240,-55,1654779524077776,1654779524077776,
300833b2ddd9014000030001,1,1,1260,-55,1654779524108826,1654779524108826,
300833b2ddd9014000030008,1,1,3240,-44,1654779524109911,1654779524109911,
300833b2ddd9014000030009,1,1,2572,-47,1654779524111222,1654779524111222,
300833b2ddd9014000030002,1,1,180,-49,1654779524112561,1654779524112561,
300833b2ddd9014000030008,1,1,3256,-44,1654779524117287,1654779524117287,
300833b2ddd9014000030002,1,1,136,-49,1654779524118400,1654779524118400,
300833b2ddd9014000030009,1,1,2572,-47,1654779524119471,1654779524119471,
300833b2ddd9014000030001,1,1,1212,-55,1654779524122106,1654779524122106,
300833b2ddd9014000030008,1,1,3256,-44,1654779524152989,1654779524152989,
300833b2ddd9014000030001,1,1,1216,-55,1654779524155564,1654779524155564,
300833b2ddd9014000030002,1,1,168,-49,1654779524157293,1654779524157293,
300833b2ddd9014000030009,1,1,2580,-47,1654779524158408,1654779524158408,
300833b2ddd9014000030002,1,1,152,-49,1654779524162501,1654779524162501,
300833b2ddd9014000030008,1,1,3244,-44,1654779524164182,1654779524164182,
300833b2ddd9014000030009,1,1,2580,-47,1654779524165564,1654779524165564,
300833b2ddd9014000030001,1,1,1220,-55,1654779524166993,1654779524166993,