epc,atenda,atendanum,phase,RSS,timestamp,timestamp2,
300833b2ddd9014000030009,1,1,2636,-43,1654779633201757,1654779633201757,
300833b2ddd9014000030008,1,1,3684,-45,1654779633203077,1654779633203077,
300833b2ddd9014000030002,1,1,800,-49,1654779633204602,1654779633204602,
300833b2ddd9014000030001,1,1,1448,-50,1654779633205731,1654779633205731,
300833b2ddd9014000030009,1,1,2652,-43,1654779633210735,1654779633210735,
300833b2ddd9014000030008,1,1,3668,-45,1654779633212480,1654779633212480,
300833b2ddd9014000030002,1,1,824,-50,1654779633213563,1654779633213563,
300833b2ddd9014000030001,1,1,1472,-50,1654779633214751,1654779633214751,
300833b2ddd9014000030009,1,1,2644,-43,1654779633244899,1654779633244899,
300833b2ddd9014000030008,1,1,3688,-45,1654779633246011,1654779633246011,
300833b2ddd9014000030001,1,1,1464,-50,1654779633247084,1654779633247084,
300833b2ddd9014000030002,1,1,808,-49,1654779633248663,1654779633248663,
300833b2ddd9014000030002,1,1,808,-49,1654779633253629,1654779633253629,
300833b2ddd9014000030008,1,1,3668,-45,1654779633254924,1654779633254924,
300833b2ddd9014000030009,1,1,2644,-43,1654779633256251,1654779633256251,
300833b2ddd9014000030001,1,1,1488,-49,1654779633257936,1654779633257936,
300833b2ddd9014000030002,1,1,820,-50,1654779633289443,1654779633289443,
300833b2ddd9014000030009,1,1,2644,-42,1654779633291185,1654779633291185,
300833b2ddd9014000030008,1,1,3672,-45,1654779633292323,1654779633292323,
300833b2ddd9014000030001,1,1,1464,-50,1654779633293426,1654779633293426,
300833b2ddd9014000030008,1,1,3688,-45,1654779633297002,1654779633297002,
300833b2ddd9014000030009,1,1,2652,-42,1654779633298101,1654779633298101,
300833b2ddd9014000030002,1,1,808,-49,1654779633299411,1654779633299411,
300833b2ddd9014000030001,1,1,1468,-50,1654779633300765,1654779633300765,
300833b2ddd9014000030008,1,1,3680,-45,1654779633332567,1654779633332567,
300833b2ddd9014000030002,1,1,812,-49,1654779633334196,1654779633334196,
300833b2ddd9014000030009,1,1,2672,-43,1654779633335220,1654779633335220,
300833b2ddd9014000030001,1,1,1448,-50,1654779633336551,1654779633336551,
300833b2ddd9014000030001,1,1,1448,-50,1654779633346509,1654779633346509,
300833b2ddd9014000030009,1,1,2648,-43,1654779633347965,1654779633347965,
300833b2ddd9014000030008,1,1,3680,-45,1654779633349034,1654779633349034,
300833b2ddd9014000030002,1,1,820,-49,1654779633350700,1654779633350700,
300833b2ddd9014000030001,1,1,1444,-50,1654779633381154,1654779633381154,
300833b2ddd9014000030009,1,1,2668,-43,1654779633383145,1654779633383145,
300833b2ddd9014000030002,1,1,808,-50,1654779633384260,1654779633384260,
300833b2ddd9014000030008,1,1,3672,-45,1654779633385712,1654779633385712,
300833b2ddd9014000030009,1,1,2652,-43,1654779633389280,1654779633389280,
300833b2ddd9014000030008,1,1,3676,-45,1654779633390507,1654779633390507,
300833b2ddd9014000030002,1,1,804,-49,1654779633391620,1654779633391620,
300833b2ddd9014000030001,1,1,1432,-50,1654779633392694,1654779633392694,
300833b2ddd9014000030009,1,1,2648,-43,1654779633424327,1654779633424327,
300833b2ddd9014000030002,1,1,804,-49,1654779633425453,1654779633425453,
300833b2ddd9014000030008,1,1,3672,-45,1654779633426576,1654779633426576,
300833b2ddd9014000030001,1,1,1448,-49,1654779633428052,1654779633428052,
300833b2ddd9014000030009,1,1,2652,-43,1654779633433057,1654779633433057,
300833b2ddd9014000030008,1,1,3680,-45,1654779633434198,1654779633434198,
300833b2ddd9014000030002,1,1,832,-49,1654779633435860,1654779633435860,
300833b2ddd9014000030001,1,1,1464,-49,1654779633436962,1654779633436962,
300833b2ddd9014000030001,1,1,1484,-49,1654779633466687,1654779633466687,
300833b2ddd9014000030009,1,1,2636,-43,1654779633467744,1654779633467744,
300833b2ddd9014000030002,1,1,832,-50,1654779633468868,1654779633468868,
300833b2ddd9014000030008,1,1,3668,-45,1654779633470689,1654779633470689,
300833b2ddd9014000030002,1,1,796,-49,1654779633475880,1654779633475880,
300833b2ddd9014000030008,1,1,3676,-45,1654779633477047,1654779633477047,
300833b2ddd9014000030009,1,1,2636,-43,1654779633478121,1654779633478121,
300833b2ddd9014000030001,1,1,1488,-50,1654779633479420,1654779633479420,
300833b2ddd9014000030008,1,1,3688,-45,1654779633510518,1654779633510518,
300833b2ddd9014000030009,1,1,2656,-43,1654779633511675,1654779633511675,
300833b2ddd9014000030001,1,1,1436,-50,1654779633512974,1654779633512974,
300833b2ddd9014000030002,1,1,824,-49,1654779633514622,1654779633514622,
300833b2ddd9014000030008,1,1,3664,-45,1654779633517467,1654779633517467,
300833b2ddd9014000030009,1,1,2656,-43,1654779633518551,1654779633518551,
300833b2ddd9014000030002,1,1,796,-49,1654779633521582,1654779633521582,
300833b2ddd9014000030001,1,1,1452,-49,1654779633522967,1654779633522967,
300833b2ddd9014000030009,1,1,2652,-43,1654779633554042,1654779633554042,
300833b2ddd9014000030002,1,1,812,-50,1654779633555494,1654779633555494,
300833b2ddd9014000030008,1,1,3684,-45,1654779633556813,1654779633556813,
300833b2ddd9014000030001,1,1,1468,-50,1654779633562222,1654779633562222,
300833b2ddd9014000030008,1,1,3676,-45,1654779633563473,1654779633563473,
300833b2ddd9014000030002,1,1,800,-49,1654779633564828,1654779633564828,
300833b2ddd9014000030009,1,1,2656,-43,1654779633565885,1654779633565885,
300833b2ddd9014000030001,1,1,1452,-50,1654779633597556,1654779633597556,
300833b2ddd9014000030009,1,1,2660,-43,1654779633598909,1654779633598909,
300833b2ddd9014000030008,1,1,3668,-45,1654779633600941,1654779633600941,
300833b2ddd9014000030002,1,1,824,-49,1654779633602211,1654779633602211,
300833b2ddd9014000030009,1,1,2648,-43,1654779633606593,1654779633606593,
300833b2ddd9014000030001,1,1,1456,-49,1654779633608317,1654779633608317,
300833b2ddd9014000030002,1,1,820,-49,1654779633609403,1654779633609403,
300833b2ddd9014000030008,1,1,3668,-45,1654779633610544,1654779633610544,
300833b2ddd9014000030001,1,1,1432,-50,1654779633641095,1654779633641095,
300833b2ddd9014000030002,1,1,844,-50,1654779633642208,1654779633642208,
300833b2ddd9014000030009,1,1,2656,-43,1654779633643563,1654779633643563,
300833b2ddd9014000030008,1,1,3672,-45,1654779633645726,1654779633645726,
300833b2ddd9014000030009,1,1,2668,-43,1654779633651772,1654779633651772,
300833b2ddd9014000030008,1,1,3684,-45,1654779633654157,1654779633654157,
300833b2ddd9014000030001,1,1,1428,-50,1654779633655189,1654779633655189,
300833b2ddd9014000030002,1,1,824,-49,1654779633656371,1654779633656371,
300833b2ddd9014000030002,1,1,824,-49,1654779633688258,1654779633688258,
300833b2ddd9014000030001,1,1,1448,-50,1654779633689981,1654779633689981,
300833b2ddd9014000030008,1,1,3692,-45,1654779633691420,1654779633691420,
300833b2ddd9014000030009,1,1,2640,-43,1654779633692505,1654779633692505,
300833b2ddd9014000030008,1,1,3680,-45,1654779633695249,1654779633695249,
300833b2ddd9014000030002,1,1,808,-50,1654779633696815,1654779633696815,
300833b2ddd9014000030001,1,1,1492,-50,1654779633698193,1654779633698193,
300833b2ddd9014000030009,1,1,2648,-43,1654779633699504,1654779633699504,
300833b2ddd9014000030008,1,1,3696,-45,1654779633730705,1654779633730705,
300833b2ddd9014000030009,1,1,2644,-43,1654779633732686,1654779633732686,
300833b2ddd9014000030002,1,1,832,-50,1654779633734010,1654779633734010,
300833b2ddd9014000030001,1,1,1456,-50,1654779633735112,1654779633735112,
300833b2ddd9014000030008,1,1,3668,-45,1654779633739255,1654779633739255,
300833b2ddd9014000030002,1,1,824,-50,1654779633740440,1654779633740440,
300833b2ddd9014000030009,1,1,2644,-43,1654779633741526,1654779633741526,
300833b2ddd9014000030001,1,1,1444,-50,1654779633742839,1654779633742839,
300833b2ddd9014000030009,1,1,2656,-43,1654779633773390,1654779633773390,
300833b2ddd9014000030008,1,1,3680,-45,1654779633774699,1654779633774699,
300833b2ddd9014000030002,1,1,832,-50,1654779633776280,1654779633776280,
300833b2ddd9014000030001,1,1,1484,-49,1654779633778193,1654779633778193,
300833b2ddd9014000030001,1,1,1456,-50,1654779633782309,1654779633782309,
300833b2ddd9014000030008,1,1,3680,-45,1654779633783389,1654779633783389,
300833b2ddd9014000030009,1,1,2648,-43,1654779633784716,1654779633784716,
300833b2ddd9014000030002,1,1,832,-49,1654779633786481,1654779633786481,
300833b2ddd9014000030008,1,1,3672,-45,1654779633817816,1654779633817816,
300833b2ddd9014000030009,1,1,2668,-43,1654779633819169,1654779633819169,
300833b2ddd9014000030002,1,1,816,-50,1654779633820721,1654779633820721,
300833b2ddd9014000030001,1,1,1456,-49,1654779633821794,1654779633821794,
300833b2ddd9014000030009,1,1,2656,-43,1654779633826297,1654779633826297,
300833b2ddd9014000030001,1,1,1472,-49,1654779633828024,1654779633828024,
300833b2ddd9014000030008,1,1,3704,-45,1654779633829107,1654779633829107,
300833b2ddd9014000030002,1,1,832,-49,1654779633830844,1654779633830844,
300833b2ddd9014000030001,1,1,1448,-50,1654779633861345,1654779633861345,
300833b2ddd9014000030002,1,1,836,-49,1654779633862797,1654779633862797,
300833b2ddd9014000030009,1,1,2668,-43,1654779633864337,1654779633864337,
300833b2ddd9014000030008,1,1,3680,-45,1654779633865518,1654779633865518,
300833b2ddd9014000030008,1,1,3688,-45,1654779633869080,1654779633869080,
300833b2ddd9014000030002,1,1,824,-49,1654779633870164,1654779633870164,
300833b2ddd9014000030009,1,1,2656,-43,1654779633871959,1654779633871959,
300833b2ddd9014000030001,1,1,1436,-50,1654779633873627,1654779633873627,
300833b2ddd9014000030008,1,1,3672,-45,1654779633904618,1654779633904618,
300833b2ddd9014000030009,1,1,2664,-43,1654779633906060,1654779633906060,
300833b2ddd9014000030001,1,1,1456,-50,1654779633907948,1654779633907948,
300833b2ddd9014000030002,1,1,812,-50,1654779633909049,1654779633909049,
300833b2ddd9014000030001,1,1,1428,-49,1654779633911806,1654779633911806,
300833b2ddd9014000030009,1,1,2644,-43,1654779633913767,1654779633913767,
300833b2ddd9014000030002,1,1,804,-50,1654779633915347,1654779633915347,
300833b2ddd9014000030008,1,1,3672,-45,1654779633916515,1654779633916515,
300833b2ddd9014000030008,1,1,3680,-45,1654779633947684,1654779633947684,
300833b2ddd9014000030009,1,1,2668,-43,1654779633948783,1654779633948783,
300833b2ddd9014000030001,1,1,1428,-49,1654779633950492,1654779633950492,
300833b2ddd9014000030002,1,1,820,-50,1654779633951576,1654779633951576,
300833b2ddd9014000030008,1,1,3680,-45,1654779633954858,1654779633954858,
300833b2ddd9014000030001,1,1,1444,-50,1654779633956356,1654779633956356,
300833b2ddd9014000030009,1,1,2660,-43,1654779633957456,1654779633957456,
300833b2ddd9014000030002,1,1,824,-50,1654779633958539,1654779633958539,
300833b2ddd9014000030002,1,1,820,-50,1654779633989301,1654779633989301,
300833b2ddd9014000030008,1,1,3696,-45,1654779633990597,1654779633990597,
300833b2ddd9014000030009,1,1,2652,-43,1654779633991923,1654779633991923,
300833b2ddd9014000030001,1,1,1448,-50,1654779633992967,1654779633992967,
300833b2ddd9014000030002,1,1,816,-49,1654779633997737,1654779633997737,
300833b2ddd9014000030008,1,1,3684,-45,1654779633999627,1654779633999627,
300833b2ddd9014000030009,1,1,2652,-43,1654779634000743,1654779634000743,
300833b2ddd9014000030001,1,1,1452,-49,1654779634001828,1654779634001828,
300833b2ddd9014000030009,1,1,2640,-43,1654779634032731,1654779634032731,
300833b2ddd9014000030001,1,1,1448,-50,1654779634034171,1654779634034171,
300833b2ddd9014000030002,1,1,844,-50,1654779634035297,1654779634035297,
300833b2ddd9014000030008,1,1,3692,-45,1654779634036380,1654779634036380,
300833b2ddd9014000030001,1,1,1448,-50,1654779634040538,1654779634040538,
300833b2ddd9014000030009,1,1,2672,-43,1654779634042011,1654779634042011,
300833b2ddd9014000030008,1,1,3688,-45,1654779634043079,1654779634043079,
300833b2ddd9014000030002,1,1,824,-49,1654779634044988,1654779634044988,
300833b2ddd9014000030001,1,1,1456,-50,1654779634075638,1654779634075638,
300833b2ddd9014000030009,1,1,2648,-43,1654779634076896,1654779634076896,
300833b2ddd9014000030002,1,1,824,-49,1654779634077964,1654779634077964,
300833b2ddd9014000030008,1,1,3696,-45,1654779634079320,1654779634079320,
300833b2ddd9014000030002,1,1,824,-49,1654779634083168,1654779634083168,
300833b2ddd9014000030009,1,1,2640,-43,1654779634085502,1654779634085502,
300833b2ddd9014000030001,1,1,1464,-50,1654779634086589,1654779634086589,
300833b2ddd9014000030008,1,1,3688,-45,1654779634087741,1654779634087741,
300833b2ddd9014000030001,1,1,1424,-50,1654779634117463,1654779634117463,
300833b2ddd9014000030008,1,1,3688,-45,1654779634118741,1654779634118741,
300833b2ddd9014000030009,1,1,2660,-43,1654779634120040,1654779634120040,
300833b2ddd9014000030002,1,1,832,-49,1654779634121364,1654779634121364,
300833b2ddd9014000030009,1,1,2656,-43,1654779634126587,1654779634126587,
300833b2ddd9014000030002,1,1,820,-49,1654779634129021,1654779634129021,
300833b2ddd9014000030008,1,1,3692,-45,1654779634130445,1654779634130445,
300833b2ddd9014000030001,1,1,1408,-50,1654779634131535,1654779634131535,
300833b2ddd9014000030009,1,1,2664,-43,1654779634162489,1654779634162489,
300833b2ddd9014000030002,1,1,836,-50,1654779634164210,1654779634164210,
300833b2ddd9014000030008,1,1,3700,-45,1654779634165750,1654779634165750,
300833b2ddd9014000030001,1,1,1444,-49,1654779634166981,1654779634166981,
300833b2ddd9014000030009,1,1,2652,-43,1654779634169973,1654779634169973,
300833b2ddd9014000030002,1,1,820,-49,1654779634171567,1654779634171567,
300833b2ddd9014000030001,1,1,1440,-50,1654779634172853,1654779634172853,
300833b2ddd9014000030008,1,1,3692,-45,1654779634173962,1654779634173962,
300833b2ddd9014000030002,1,1,820,-49,1654779634205760,1654779634205760,
300833b2ddd9014000030001,1,1,1468,-49,1654779634207088,1654779634207088,
300833b2ddd9014000030008,1,1,3680,-45,1654779634208682,1654779634208682,
300833b2ddd9014000030009,1,1,2660,-43,1654779634209767,1654779634209767,
300833b2ddd9014000030002,1,1,828,-49,1654779634214247,1654779634214247,
300833b2ddd9014000030008,1,1,3696,-45,1654779634216467,1654779634216467,
300833b2ddd9014000030001,1,1,1436,-49,1654779634217555,1654779634217555,
300833b2ddd9014000030009,1,1,2656,-43,1654779634218981,1654779634218981,
300833b2ddd9014000030001,1,1,1440,-49,1654779634249757,1654779634249757,
300833b2ddd9014000030009,1,1,2644,-43,1654779634250802,1654779634250802,
300833b2ddd9014000030008,1,1,3712,-45,1654779634251898,1654779634251898,
300833b2ddd9014000030002,1,1,836,-50,1654779634253381,1654779634253381,
300833b2ddd9014000030009,1,1,2660,-43,1654779634256370,1654779634256370,
300833b2ddd9014000030008,1,1,3688,-45,1654779634257691,1654779634257691,
300833b2ddd9014000030001,1,1,1448,-50,1654779634259021,1654779634259021,
300833b2ddd9014000030002,1,1,828,-49,1654779634260120,1654779634260120,
300833b2ddd9014000030008,1,1,3700,-45,1654779634292272,1654779634292272,
300833b2ddd9014000030002,1,1,832,-49,1654779634293742,1654779634293742,
300833b2ddd9014000030009,1,1,2660,-43,1654779634294826,1654779634294826,
300833b2ddd9014000030001,1,1,1440,-50,1654779634296169,1654779634296169,
300833b2ddd9014000030001,1,1,1404,-50,1654779634300666,1654779634300666,
300833b2ddd9014000030008,1,1,3692,-45,1654779634301791,1654779634301791,
300833b2ddd9014000030009,1,1,2648,-43,1654779634302834,1654779634302834,
300833b2ddd9014000030002,1,1,836,-49,1654779634303860,1654779634303860,
300833b2ddd9014000030009,1,1,2660,-43,1654779634334448,1654779634334448,
300833b2ddd9014000030008,1,1,3680,-45,1654779634335729,1654779634335729,
300833b2ddd9014000030001,1,1,1444,-50,1654779634337932,1654779634337932,
300833b2ddd9014000030002,1,1,828,-50,1654779634339016,1654779634339016,
300833b2ddd9014000030002,1,1,828,-49,1654779634342863,1654779634342863,
300833b2ddd9014000030001,1,1,1444,-50,1654779634344192,1654779634344192,
300833b2ddd9014000030009,1,1,2660,-43,1654779634345548,1654779634345548,
300833b2ddd9014000030008,1,1,3684,-45,1654779634346827,1654779634346827,
300833b2ddd9014000030008,1,1,3688,-45,1654779634379806,1654779634379806,
300833b2ddd9014000030009,1,1,2652,-43,1654779634380922,1654779634380922,
300833b2ddd9014000030002,1,1,832,-50,1654779634381950,1654779634381950,
300833b2ddd9014000030001,1,1,1480,-50,1654779634383378,1654779634383378,
300833b2ddd9014000030001,1,1,1480,-50,1654779634386104,1654779634386104,
300833b2ddd9014000030002,1,1,820,-49,1654779634387173,1654779634387173,
300833b2ddd9014000030009,1,1,2648,-43,1654779634388485,1654779634388485,
300833b2ddd9014000030008,1,1,3692,-45,1654779634389569,1654779634389569,
300833b2ddd9014000030008,1,1,3684,-45,1654779634421539,1654779634421539,
300833b2ddd9014000030001,1,1,1424,-50,1654779634423452,1654779634423452,
300833b2ddd9014000030002,1,1,840,-49,1654779634424506,1654779634424506,
300833b2ddd9014000030009,1,1,2664,-43,1654779634425747,1654779634425747,
300833b2ddd9014000030009,1,1,2668,-43,1654779634429149,1654779634429149,
300833b2ddd9014000030001,1,1,1444,-50,1654779634430464,1654779634430464,
300833b2ddd9014000030008,1,1,3688,-45,1654779634432271,1654779634432271,
300833b2ddd9014000030002,1,1,816,-49,1654779634433354,1654779634433354,
300833b2ddd9014000030001,1,1,1480,-50,1654779634466751,1654779634466751,
300833b2ddd9014000030009,1,1,2684,-43,1654779634468045,1654779634468045,
300833b2ddd9014000030008,1,1,3696,-45,1654779634469131,1654779634469131,
300833b2ddd9014000030002,1,1,820,-50,1654779634470681,1654779634470681,
300833b2ddd9014000030009,1,1,2664,-43,1654779634475232,1654779634475232,
300833b2ddd9014000030008,1,1,3696,-45,1654779634476797,1654779634476797,
300833b2ddd9014000030001,1,1,1452,-50,1654779634477914,1654779634477914,
300833b2ddd9014000030002,1,1,828,-50,1654779634480106,1654779634480106,
300833b2ddd9014000030009,1,1,2676,-43,1654779634510927,1654779634510927,
300833b2ddd9014000030008,1,1,3684,-45,1654779634514027,1654779634514027,
300833b2ddd9014000030002,1,1,828,-49,1654779634516023,1654779634516023,
300833b2ddd9014000030001,1,1,1448,-50,1654779634517693,1654779634517693,
300833b2ddd9014000030002,1,1,824,-50,1654779634521518,1654779634521518,
300833b2ddd9014000030008,1,1,3696,-45,1654779634522759,1654779634522759,
300833b2ddd9014000030009,1,1,2660,-43,1654779634524316,1654779634524316,
300833b2ddd9014000030001,1,1,1444,-50,1654779634525517,1654779634525517,
300833b2ddd9014000030009,1,1,2648,-43,1654779634555857,1654779634555857,
300833b2ddd9014000030002,1,1,824,-49,1654779634557209,1654779634557209,
300833b2ddd9014000030001,1,1,1448,-50,1654779634558807,1654779634558807,
300833b2ddd9014000030008,1,1,3684,-45,1654779634560696,1654779634560696,
300833b2ddd9014000030001,1,1,1444,-50,1654779634564439,1654779634564439,
300833b2ddd9014000030009,1,1,2668,-43,1654779634565765,1654779634565765,
300833b2ddd9014000030008,1,1,3688,-45,1654779634567316,1654779634567316,
300833b2ddd9014000030002,1,1,816,-49,1654779634568669,1654779634568669,
300833b2ddd9014000030001,1,1,1428,-50,1654779634600605,1654779634600605,
300833b2ddd9014000030008,1,1,3696,-45,1654779634601845,1654779634601845,
300833b2ddd9014000030009,1,1,2660,-43,1654779634603385,1654779634603385,
300833b2ddd9014000030002,1,1,824,-49,1654779634604836,1654779634604836,
300833b2ddd9014000030009,1,1,2680,-43,1654779634608920,1654779634608920,
300833b2ddd9014000030008,1,1,3684,-45,1654779634610017,1654779634610017,
300833b2ddd9014000030002,1,1,812,-49,1654779634611544,1654779634611544,
300833b2ddd9014000030001,1,1,1416,-50,1654779634612547,1654779634612547,
300833b2ddd9014000030009,1,1,2672,-43,1654779634642803,1654779634642803,
300833b2ddd9014000030002,1,1,832,-49,1654779634644790,1654779634644790,
300833b2ddd9014000030008,1,1,3700,-45,1654779634645860,1654779634645860,
300833b2ddd9014000030001,1,1,1452,-50,1654779634647302,1654779634647302,
300833b2ddd9014000030002,1,1,804,-49,1654779634650770,1654779634650770,
300833b2ddd9014000030009,1,1,2660,-43,1654779634652450,1654779634652450,
300833b2ddd9014000030001,1,1,1428,-50,1654779634653565,1654779634653565,
300833b2ddd9014000030008,1,1,3692,-45,1654779634654731,1654779634654731,
300833b2ddd9014000030009,1,1,2680,-43,1654779634685227,1654779634685227,
300833b2ddd9014000030001,1,1,1440,-50,1654779634686685,1654779634686685,
300833b2ddd9014000030008,1,1,3704,-45,1654779634688277,1654779634688277,
300833b2ddd9014000030002,1,1,828,-49,1654779634689777,1654779634689777,
300833b2ddd9014000030009,1,1,2672,-43,1654779634692962,1654779634692962,
300833b2ddd9014000030001,1,1,1432,-50,1654779634694392,1654779634694392,
300833b2ddd9014000030002,1,1,816,-49,1654779634695701,1654779634695701,
300833b2ddd9014000030008,1,1,3696,-45,1654779634696767,1654779634696767,
300833b2ddd9014000030009,1,1,2652,-43,1654779634727075,1654779634727075,
300833b2ddd9014000030001,1,1,1436,-50,1654779634728658,1654779634728658,
300833b2ddd9014000030008,1,1,3700,-45,1654779634730521,1654779634730521,
300833b2ddd9014000030002,1,1,840,-50,1654779634732231,1654779634732231,
300833b2ddd9014000030001,1,1,1420,-50,1654779634736398,1654779634736398,
300833b2ddd9014000030009,1,1,2656,-43,1654779634737854,1654779634737854,
300833b2ddd9014000030008,1,1,3692,-45,1654779634739203,1654779634739203,
300833b2ddd9014000030002,1,1,816,-49,1654779634740734,1654779634740734,
300833b2ddd9014000030009,1,1,2672,-43,1654779634771875,1654779634771875,
300833b2ddd9014000030008,1,1,3692,-45,1654779634773469,1654779634773469,
300833b2ddd9014000030001,1,1,1484,-50,1654779634774855,1654779634774855,
300833b2ddd9014000030002,1,1,820,-49,1654779634777632,1654779634777632,
300833b2ddd9014000030001,1,1,1436,-50,1654779634780415,1654779634780415,
300833b2ddd9014000030008,1,1,3700,-45,1654779634781995,1654779634781995,
300833b2ddd9014000030009,1,1,2664,-43,1654779634783571,1654779634783571,
300833b2ddd9014000030002,1,1,816,-49,1654779634784668,1654779634784668,
300833b2ddd9014000030002,1,1,820,-49,1654779634816140,1654779634816140,
300833b2ddd9014000030009,1,1,2676,-43,1654779634817437,1654779634817437,
300833b2ddd9014000030008,1,1,3700,-45,1654779634818546,1654779634818546,
300833b2ddd9014000030001,1,1,1452,-50,1654779634821717,1654779634821717,
300833b2ddd9014000030001,1,1,1432,-50,1654779634824456,1654779634824456,
300833b2ddd9014000030002,1,1,824,-49,1654779634826446,1654779634826446,
300833b2ddd9014000030009,1,1,2664,-43,1654779634827546,1654779634827546,
300833b2ddd9014000030008,1,1,3688,-45,1654779634828868,1654779634828868,
300833b2ddd9014000030001,1,1,1440,-50,1654779634859569,1654779634859569,
300833b2ddd9014000030009,1,1,2668,-43,1654779634860926,1654779634860926,
300833b2ddd9014000030008,1,1,3688,-45,1654779634862731,1654779634862731,
300833b2ddd9014000030002,1,1,824,-49,1654779634864099,1654779634864099,
300833b2ddd9014000030009,1,1,2660,-43,1654779634868676,1654779634868676,
300833b2ddd9014000030008,1,1,3688,-45,1654779634869872,1654779634869872,
300833b2ddd9014000030001,1,1,1428,-50,1654779634870959,1654779634870959,
300833b2ddd9014000030002,1,1,816,-49,1654779634872667,1654779634872667,
300833b2ddd9014000030002,1,1,828,-49,1654779634902662,1654779634902662,
300833b2ddd9014000030009,1,1,2680,-43,1654779634905161,1654779634905161,
300833b2ddd9014000030008,1,1,3688,-45,1654779634906243,1654779634906243,
300833b2ddd9014000030001,1,1,1444,-50,1654779634907460,1654779634907460,
300833b2ddd9014000030009,1,1,2680,-43,1654779634910453,1654779634910453,
300833b2ddd9014000030002,1,1,848,-49,1654779634912346,1654779634912346,
300833b2ddd9014000030008,1,1,3708,-45,1654779634913416,1654779634913416,
300833b2ddd9014000030001,1,1,1444,-50,1654779634914544,1654779634914544,
300833b2ddd9014000030002,1,1,820,-49,1654779634945969,1654779634945969,
300833b2ddd9014000030009,1,1,2656,-43,1654779634948586,1654779634948586,
300833b2ddd9014000030001,1,1,1452,-50,1654779634950536,1654779634950536,
300833b2ddd9014000030008,1,1,3696,-45,1654779634951651,1654779634951651,
300833b2ddd9014000030009,1,1,2676,-43,1654779634955328,1654779634955328,
300833b2ddd9014000030001,1,1,1436,-50,1654779634956614,1654779634956614,
300833b2ddd9014000030008,1,1,3712,-45,1654779634958195,1654779634958195,
300833b2ddd9014000030002,1,1,824,-49,1654779634960757,1654779634960757,
300833b2ddd9014000030009,1,1,2680,-43,1654779634990567,1654779634990567,
300833b2ddd9014000030002,1,1,820,-49,1654779634991636,1654779634991636,
300833b2ddd9014000030008,1,1,3700,-45,1654779634993428,1654779634993428,
300833b2ddd9014000030001,1,1,1428,-50,1654779634995171,1654779634995171,
300833b2ddd9014000030001,1,1,1444,-50,1654779635000092,1654779635000092,
300833b2ddd9014000030008,1,1,3696,-45,1654779635001547,1654779635001547,
300833b2ddd9014000030002,1,1,832,-50,1654779635002627,1654779635002627,
300833b2ddd9014000030009,1,1,2672,-43,1654779635003701,1654779635003701,
300833b2ddd9014000030008,1,1,3700,-45,1654779635036534,1654779635036534,
300833b2ddd9014000030001,1,1,1456,-50,1654779635037653,1654779635037653,
300833b2ddd9014000030009,1,1,2668,-43,1654779635038666,1654779635038666,
300833b2ddd9014000030002,1,1,824,-50,1654779635040192,1654779635040192,
300833b2ddd9014000030001,1,1,1436,-50,1654779635044236,1654779635044236,
300833b2ddd9014000030008,1,1,3696,-45,1654779635045562,1654779635045562,
300833b2ddd9014000030009,1,1,2672,-43,1654779635046648,1654779635046648,
300833b2ddd9014000030002,1,1,832,-50,1654779635047984,1654779635047984,
300833b2ddd9014000030008,1,1,3684,-45,1654779635079775,1654779635079775,
300833b2ddd9014000030009,1,1,2660,-43,1654779635081119,1654779635081119,
300833b2ddd9014000030002,1,1,840,-50,1654779635082698,1654779635082698,
300833b2ddd9014000030001,1,1,1468,-50,1654779635083798,1654779635083798,
300833b2ddd9014000030009,1,1,2648,-43,1654779635088257,1654779635088257,
300833b2ddd9014000030008,1,1,3692,-45,1654779635091708,1654779635091708,
300833b2ddd9014000030002,1,1,828,-50,1654779635103777,1654779635103777,
300833b2ddd9014000030001,1,1,1452,-49,1654779635104865,1654779635104865,
300833b2ddd9014000030009,1,1,2652,-43,1654779635134844,1654779635134844,
300833b2ddd9014000030008,1,1,3668,-46,1654779635135885,1654779635135885,
300833b2ddd9014000030002,1,1,832,-50,1654779635137268,1654779635137268,
300833b2ddd9014000030001,1,1,1444,-49,1654779635140067,1654779635140067,
300833b2ddd9014000030009,1,1,2660,-43,1654779635144736,1654779635144736,
300833b2ddd9014000030002,1,1,828,-50,1654779635146063,1654779635146063,
300833b2ddd9014000030008,1,1,3652,-46,1654779635149139,1654779635149139,
300833b2ddd9014000030001,1,1,1492,-49,1654779635150225,1654779635150225,
300833b2ddd9014000030009,1,1,2644,-43,1654779635180234,1654779635180234,
300833b2ddd9014000030008,1,1,3640,-46,1654779635182155,1654779635182155,
300833b2ddd9014000030001,1,1,1464,-49,1654779635183453,1654779635183453,
300833b2ddd9014000030002,1,1,852,-51,1654779635184891,1654779635184891,
300833b2ddd9014000030001,1,1,1488,-49,1654779635188386,1654779635188386,
300833b2ddd9014000030008,1,1,3628,-46,1654779635189796,1654779635189796,
300833b2ddd9014000030009,1,1,2624,-43,1654779635190853,1654779635190853,
300833b2ddd9014000030002,1,1,840,-51,1654779635192562,1654779635192562,
300833b2ddd9014000030009,1,1,2604,-43,1654779635222838,1654779635222838,
300833b2ddd9014000030001,1,1,1516,-49,1654779635225594,1654779635225594,
300833b2ddd9014000030008,1,1,3596,-47,1654779635226621,1654779635226621,
300833b2ddd9014000030002,1,1,820,-51,1654779635228070,1654779635228070,
300833b2ddd9014000030008,1,1,3588,-47,1654779635230901,1654779635230901,
300833b2ddd9014000030001,1,1,1512,-49,1654779635232187,1654779635232187,
300833b2ddd9014000030002,1,1,804,-51,1654779635233755,1654779635233755,
300833b2ddd9014000030009,1,1,2604,-43,1654779635234838,1654779635234838,
300833b2ddd9014000030009,1,1,2592,-43,1654779635267691,1654779635267691,
300833b2ddd9014000030001,1,1,1548,-48,1654779635271331,1654779635271331,
300833b2ddd9014000030008,1,1,3504,-47,1654779635272813,1654779635272813,
300833b2ddd9014000030002,1,1,812,-52,1654779635274762,1654779635274762,
300833b2ddd9014000030002,1,1,824,-52,1654779635280327,1654779635280327,
300833b2ddd9014000030001,1,1,1540,-48,1654779635281670,1654779635281670,
300833b2ddd9014000030009,1,1,2572,-43,1654779635283223,1654779635283223,
300833b2ddd9014000030008,1,1,3496,-47,1654779635284433,1654779635284433,
300833b2ddd9014000030009,1,1,2568,-43,1654779635315798,1654779635315798,
300833b2ddd9014000030008,1,1,3432,-46,1654779635316965,1654779635316965,
300833b2ddd9014000030001,1,1,1568,-48,1654779635318252,1654779635318252,
300833b2ddd9014000030002,1,1,796,-53,1654779635319846,1654779635319846,
300833b2ddd9014000030008,1,1,3424,-47,1654779635324023,1654779635324023,
300833b2ddd9014000030001,1,1,1564,-48,1654779635325125,1654779635325125,
300833b2ddd9014000030002,1,1,792,-53,1654779635326445,1654779635326445,
300833b2ddd9014000030009,1,1,2556,-43,1654779635327517,1654779635327517,
300833b2ddd9014000030008,1,1,3380,-46,1654779635360595,1654779635360595,
300833b2ddd9014000030002,1,1,808,-53,1654779635361962,1654779635361962,
300833b2ddd9014000030001,1,1,1588,-47,1654779635363064,1654779635363064,
300833b2ddd9014000030001,1,1,1580,-47,1654779635366605,1654779635366605,
300833b2ddd9014000030002,1,1,776,-53,1654779635367929,1654779635367929,
300833b2ddd9014000030008,1,1,3356,-46,1654779635369269,1654779635369269,
300833b2ddd9014000030009,1,1,2516,-42,1654779635370609,1654779635370609,
300833b2ddd9014000030008,1,1,3320,-46,1654779635401864,1654779635401864,
300833b2ddd9014000030001,1,1,1576,-47,1654779635403195,1654779635403195,
300833b2ddd9014000030009,1,1,2512,-42,1654779635404492,1654779635404492,
300833b2ddd9014000030002,1,1,720,-54,1654779635406681,1654779635406681,
300833b2ddd9014000030009,1,1,2504,-42,1654779635410816,1654779635410816,
300833b2ddd9014000030008,1,1,3304,-45,1654779635411910,1654779635411910,
300833b2ddd9014000030002,1,1,712,-54,1654779635413223,1654779635413223,
300833b2ddd9014000030001,1,1,1584,-47,1654779635414505,1654779635414505,
300833b2ddd9014000030001,1,1,1608,-47,1654779635445905,1654779635445905,
300833b2ddd9014000030009,1,1,2500,-42,1654779635447020,1654779635447020,
300833b2ddd9014000030008,1,1,3252,-45,1654779635448103,1654779635448103,
300833b2ddd9014000030002,1,1,636,-54,1654779635450152,1654779635450152,
300833b2ddd9014000030008,1,1,3232,-45,1654779635454644,1654779635454644,
300833b2ddd9014000030002,1,1,616,-55,1654779635455981,1654779635455981,
300833b2ddd9014000030001,1,1,1620,-47,1654779635457082,1654779635457082,
300833b2ddd9014000030009,1,1,2484,-42,1654779635458664,1654779635458664,
300833b2ddd9014000030008,1,1,3204,-44,1654779635489961,1654779635489961,
300833b2ddd9014000030009,1,1,2492,-42,1654779635491063,1654779635491063,
300833b2ddd9014000030001,1,1,1656,-47,1654779635492859,1654779635492859,
300833b2ddd9014000030002,1,1,468,-53,1654779635494554,1654779635494554,
300833b2ddd9014000030008,1,1,3180,-44,1654779635498474,1654779635498474,
300833b2ddd9014000030009,1,1,2472,-42,1654779635499545,1654779635499545,
300833b2ddd9014000030001,1,1,1664,-47,1654779635500872,1654779635500872,
300833b2ddd9014000030002,1,1,460,-53,1654779635502196,1654779635502196,
300833b2ddd9014000030002,1,1,328,-52,1654779635539759,1654779635539759,
300833b2ddd9014000030001,1,1,1676,-47,1654779635541057,1654779635541057,
300833b2ddd9014000030009,1,1,2472,-42,1654779635542653,1654779635542653,
300833b2ddd9014000030008,1,1,3136,-43,1654779635543735,1654779635543735,
300833b2ddd9014000030008,1,1,3132,-43,1654779635548156,1654779635548156,
300833b2ddd9014000030001,1,1,1680,-47,1654779635549299,1654779635549299,
300833b2ddd9014000030009,1,1,2476,-42,1654779635550911,1654779635550911,
300833b2ddd9014000030002,1,1,316,-51,1654779635552475,1654779635552475,
300833b2ddd9014000030008,1,1,3100,-43,1654779635584718,1654779635584718,
300833b2ddd9014000030009,1,1,2492,-42,1654779635585774,1654779635585774,
300833b2ddd9014000030002,1,1,240,-51,1654779635586828,1654779635586828,
300833b2ddd9014000030001,1,1,1732,-48,1654779635588300,1654779635588300,
300833b2ddd9014000030008,1,1,3080,-42,1654779635592408,1654779635592408,
300833b2ddd9014000030002,1,1,212,-50,1654779635593523,1654779635593523,
300833b2ddd9014000030009,1,1,2468,-42,1654779635594608,1654779635594608,
300833b2ddd9014000030001,1,1,1728,-48,1654779635596123,1654779635596123,
300833b2ddd9014000030001,1,1,1736,-49,1654779635626180,1654779635626180,
300833b2ddd9014000030002,1,1,168,-49,1654779635627262,1654779635627262,
300833b2ddd9014000030009,1,1,2488,-43,1654779635628858,1654779635628858,
300833b2ddd9014000030008,1,1,3064,-42,1654779635630196,1654779635630196,
300833b2ddd9014000030001,1,1,1728,-49,1654779635634891,1654779635634891,
300833b2ddd9014000030008,1,1,3068,-42,1654779635636196,1654779635636196,
300833b2ddd9014000030002,1,1,144,-49,1654779635637764,1654779635637764,
300833b2ddd9014000030009,1,1,2468,-43,1654779635638878,1654779635638878,
300833b2ddd9014000030008,1,1,3068,-42,1654779635671248,1654779635671248,
300833b2ddd9014000030009,1,1,2496,-43,1654779635672303,1654779635672303,
300833b2ddd9014000030001,1,1,1784,-51,1654779635673620,1654779635673620,
300833b2ddd9014000030008,1,1,3068,-43,1654779635678624,1654779635678624,
300833b2ddd9014000030001,1,1,1756,-51,1654779635679927,1654779635679927,
300833b2ddd9014000030009,1,1,2468,-43,1654779635681511,1654779635681511,
300833b2ddd9014000030002,1,1,92,-48,1654779635682607,1654779635682607,
300833b2ddd9014000030008,1,1,3112,-43,1654779635714538,1654779635714538,
300833b2ddd9014000030002,1,1,60,-49,1654779635716201,1654779635716201,
300833b2ddd9014000030009,1,1,2488,-44,1654779635717315,1654779635717315,
300833b2ddd9014000030001,1,1,1776,-52,1654779635718747,1654779635718747,
300833b2ddd9014000030002,1,1,56,-49,1654779635721734,1654779635721734,
300833b2ddd9014000030001,1,1,1764,-52,1654779635723275,1654779635723275,
300833b2ddd9014000030009,1,1,2504,-44,1654779635725713,1654779635725713,
300833b2ddd9014000030008,1,1,3104,-43,1654779635727095,1654779635727095,
300833b2ddd9014000030002,1,1,60,-48,1654779635764048,1654779635764048,
300833b2ddd9014000030008,1,1,3144,-43,1654779635765755,1654779635765755,
300833b2ddd9014000030009,1,1,2500,-44,1654779635766840,1654779635766840,
300833b2ddd9014000030001,1,1,1700,-54,1654779635768307,1654779635768307,
300833b2ddd9014000030008,1,1,3136,-43,1654779635771772,1654779635771772,
300833b2ddd9014000030002,1,1,88,-49,1654779635772999,1654779635772999,
300833b2ddd9014000030009,1,1,2496,-45,1654779635774593,1654779635774593,
300833b2ddd9014000030001,1,1,1680,-54,1654779635776063,1654779635776063,
300833b2ddd9014000030001,1,1,1636,-54,1654779635805716,1654779635805716,
300833b2ddd9014000030002,1,1,108,-48,1654779635807625,1654779635807625,
300833b2ddd9014000030008,1,1,3192,-43,1654779635813368,1654779635813368,
300833b2ddd9014000030009,1,1,2540,-45,1654779635814436,1654779635814436,
300833b2ddd9014000030009,1,1,2532,-45,1654779635817761,1654779635817761,
300833b2ddd9014000030001,1,1,1584,-55,1654779635818849,1654779635818849,
300833b2ddd9014000030008,1,1,3180,-43,1654779635820610,1654779635820610,
300833b2ddd9014000030002,1,1,96,-49,1654779635822646,1654779635822646,
300833b2ddd9014000030009,1,1,2540,-45,1654779635853462,1654779635853462,
300833b2ddd9014000030008,1,1,3208,-43,1654779635854913,1654779635854913,
300833b2ddd9014000030001,1,1,1528,-55,1654779635856228,1654779635856228,
300833b2ddd9014000030002,1,1,104,-49,1654779635857383,1654779635857383,
300833b2ddd9014000030008,1,1,3224,-43,1654779635860696,1654779635860696,
300833b2ddd9014000030009,1,1,2564,-45,1654779635861780,1654779635861780,
300833b2ddd9014000030002,1,1,108,-49,1654779635863587,1654779635863587,
300833b2ddd9014000030001,1,1,1520,-55,1654779635864632,1654779635864632,
300833b2ddd9014000030008,1,1,3228,-43,1654779635897015,1654779635897015,
300833b2ddd9014000030009,1,1,2596,-45,1654779635899232,1654779635899232,
300833b2ddd9014000030002,1,1,128,-49,1654779635900429,1654779635900429,
300833b2ddd9014000030001,1,1,1436,-56,1654779635901675,1654779635901675,
300833b2ddd9014000030002,1,1,168,-49,1654779636117506,1654779636117506,
300833b2ddd9014000030008,1,1,3284,-43,1654779636119199,1654779636119199,
300833b2ddd9014000030001,1,1,1240,-56,1654779636120273,1654779636120273,
300833b2ddd9014000030009,1,1,2632,-46,1654779636121601,1654779636121601,
300833b2ddd9014000030002,1,1,176,-49,1654779636152392,1654779636152392,
300833b2ddd9014000030001,1,1,1164,-56,1654779636153511,1654779636153511,
300833b2ddd9014000030008,1,1,3276,-43,1654779636154805,1654779636154805,
300833b2ddd9014000030009,1,1,2648,-46,1654779636156129,1654779636156129,
300833b2ddd9014000030009,1,1,2620,-46,1654779636162182,1654779636162182,
300833b2ddd9014000030001,1,1,1172,-56,1654779636163414,1654779636163414,
300833b2ddd9014000030008,1,1,3272,-43,1654779636164482,1654779636164482,
300833b2ddd9014000030002,1,1,156,-49,1654779636165822,1654779636165822,
300833b2ddd9014000030001,1,1,1208,-56,1654779636196406,1654779636196406,
300833b2ddd9014000030002,1,1,164,-49,1654779636197714,1654779636197714,
300833b2ddd9014000030008,1,1,3268,-43,1654779636201477,1654779636201477,
300833b2ddd9014000030009,1,1,2616,-46,1654779636202718,1654779636202718,
300833b2ddd9014000030001,1,1,1204,-56,1654779636208000,1654779636208000,
300833b2ddd9014000030009,1,1,2644,-46,1654779636209352,1654779636209352,
300833b2ddd9014000030008,1,1,3272,-43,1654779636210692,1654779636210692,
300833b2ddd9014000030002,1,1,156,-49,1654779636212017,1654779636212017,
300833b2ddd9014000030009,1,1,2628,-46,1654779636245385,1654779636245385,
300833b2ddd9014000030008,1,1,3280,-43,1654779636246723,1654779636246723,
300833b2ddd9014000030002,1,1,164,-49,1654779636248004,1654779636248004,
300833b2ddd9014000030001,1,1,1252,-55,1654779636249733,1654779636249733,
300833b2ddd9014000030008,1,1,3272,-43,1654779636253910,1654779636253910,
300833b2ddd9014000030002,1,1,144,-49,1654779636255521,1654779636255521,
300833b2ddd9014000030009,1,1,2624,-46,1654779636256862,1654779636256862,
300833b2ddd9014000030001,1,1,1228,-55,1654779636257963,1654779636257963,
300833b2ddd9014000030001,1,1,1256,-55,1654779636289451,1654779636289451,
300833b2ddd9014000030008,1,1,3288,-43,1654779636290776,1654779636290776,
300833b2ddd9014000030009,1,1,2644,-46,1654779636292056,1654779636292056,
300833b2ddd9014000030002,1,1,156,-49,1654779636293157,1654779636293157,
300833b2ddd9014000030001,1,1,1292,-55,1654779636298188,1654779636298188,
300833b2ddd9014000030002,1,1,188,-49,1654779636300183,1654779636300183,
300833b2ddd9014000030009,1,1,2620,-46,1654779636301297,1654779636301297,
300833b2ddd9014000030008,1,1,3276,-44,1654779636302351,1654779636302351,
300833b2ddd9014000030009,1,1,2600,-46,1654779636333410,1654779636333410,
300833b2ddd9014000030008,1,1,3272,-44,1654779636335073,1654779636335073,
300833b2ddd9014000030002,1,1,172,-49,1654779636336185,1654779636336185,
300833b2ddd9014000030001,1,1,1268,-55,1654779636337402,1654779636337402,
300833b2ddd9014000030001,1,1,1232,-56,1654779636340621,1654779636340621,
300833b2ddd9014000030008,1,1,3268,-43,1654779636341685,1654779636341685,
300833b2ddd9014000030002,1,1,152,-49,1654779636343014,1654779636343014,
300833b2ddd9014000030009,1,1,2608,-46,1654779636344055,1654779636344055,
300833b2ddd9014000030002,1,1,168,-49,1654779636375730,1654779636375730,
300833b2ddd9014000030008,1,1,3284,-44,1654779636377023,1654779636377023,
300833b2ddd9014000030009,1,1,2616,-46,1654779636378336,1654779636378336,
300833b2ddd9014000030001,1,1,1248,-55,1654779636381386,1654779636381386,
300833b2ddd9014000030008,1,1,3276,-43,1654779636384394,1654779636384394,
300833b2ddd9014000030009,1,1,2616,-46,1654779636385706,1654779636385706,
300833b2ddd9014000030002,1,1,192,-49,1654779636387074,1654779636387074,
300833b2ddd9014000030001,1,1,1288,-55,1654779636388359,1654779636388359,
300833b2ddd9014000030009,1,1,2600,-46,1654779636419711,1654779636419711,
300833b2ddd9014000030002,1,1,180,-49,1654779636421615,1654779636421615,
300833b2ddd9014000030001,1,1,1324,-55,1654779636422706,1654779636422706,
300833b2ddd9014000030008,1,1,3272,-44,1654779636423761,1654779636423761,
300833b2ddd9014000030009,1,1,2620,-46,1654779636427076,1654779636427076,
300833b2ddd9014000030002,1,1,176,-49,1654779636429236,1654779636429236,
300833b2ddd9014000030008,1,1,3268,-44,1654779636430578,1654779636430578,
300833b2ddd9014000030001,1,1,1240,-55,1654779636431810,1654779636431810,
300833b2ddd9014000030008,1,1,3288,-44,1654779636462401,1654779636462401,
300833b2ddd9014000030009,1,1,2624,-46,1654779636464107,1654779636464107,
300833b2ddd9014000030002,1,1,164,-49,1654779636465470,1654779636465470,
300833b2ddd9014000030001,1,1,1292,-55,1654779636466685,1654779636466685,
300833b2ddd9014000030008,1,1,3272,-43,1654779636471001,1654779636471001,
300833b2ddd9014000030009,1,1,2612,-46,1654779636473082,1654779636473082,
300833b2ddd9014000030002,1,1,152,-49,1654779636474139,1654779636474139,
300833b2ddd9014000030001,1,1,1264,-55,1654779636475368,1654779636475368,
300833b2ddd9014000030002,1,1,160,-49,1654779636506670,1654779636506670,
300833b2ddd9014000030009,1,1,2604,-45,1654779636508124,1654779636508124,
300833b2ddd9014000030001,1,1,1300,-55,1654779636509255,1654779636509255,
300833b2ddd9014000030008,1,1,3268,-44,1654779636510294,1654779636510294,
300833b2ddd9014000030008,1,1,3264,-44,1654779636514399,1654779636514399,
300833b2ddd9014000030002,1,1,184,-49,1654779636515853,1654779636515853,
300833b2ddd9014000030001,1,1,1232,-55,1654779636517127,1654779636517127,
300833b2ddd9014000030009,1,1,2608,-46,1654779636518194,1654779636518194,
300833b2ddd9014000030008,1,1,3260,-44,1654779636553409,1654779636553409,
300833b2ddd9014000030002,1,1,200,-49,1654779636555472,1654779636555472,
300833b2ddd9014000030009,1,1,2620,-46,1654779636556531,1654779636556531,
300833b2ddd9014000030001,1,1,1284,-55,1654779636557760,1654779636557760,
300833b2ddd9014000030008,1,1,3268,-44,1654779636588157,1654779636588157,
300833b2ddd9014000030001,1,1,1236,-55,1654779636589644,1654779636589644,
300833b2ddd9014000030002,1,1,172,-49,1654779636590713,1654779636590713,
300833b2ddd9014000030009,1,1,2604,-46,1654779636591798,1654779636591798,
300833b2ddd9014000030009,1,1,2616,-45,1654779636595149,1654779636595149,
300833b2ddd9014000030002,1,1,196,-49,1654779636596715,1654779636596715,
300833b2ddd9014000030001,1,1,1296,-55,1654779636597817,1654779636597817,
300833b2ddd9014000030008,1,1,3264,-44,1654779636599168,1654779636599168,
300833b2ddd9014000030008,1,1,3256,-44,1654779636637400,1654779636637400,
300833b2ddd9014000030001,1,1,1252,-55,1654779636639069,1654779636639069,
300833b2ddd9014000030002,1,1,192,-49,1654779636640108,1654779636640108,
300833b2ddd9014000030009,1,1,2616,-45,1654779636644855,1654779636644855,
300833b2ddd9014000030008,1,1,3260,-44,1654779636645922,1654779636645922,
300833b2ddd9014000030001,1,1,1244,-55,1654779636647052,1654779636647052,
300833b2ddd9014000030002,1,1,176,-49,1654779636648505,1654779636648505,
300833b2ddd9014000030001,1,1,1328,-55,1654779636678617,1654779636678617,
300833b2ddd9014000030008,1,1,3252,-44,1654779636680191,1654779636680191,
300833b2ddd9014000030002,1,1,164,-49,1654779636681263,1654779636681263,
300833b2ddd9014000030009,1,1,2620,-46,1654779636684321,1654779636684321,
300833b2ddd9014000030001,1,1,1264,-55,1654779636687346,1654779636687346,
300833b2ddd9014000030008,1,1,3256,-44,1654779636688442,1654779636688442,
300833b2ddd9014000030002,1,1,168,-49,1654779636689525,1654779636689525,
300833b2ddd9014000030009,1,1,2632,-46,1654779636690952,1654779636690952,
300833b2ddd9014000030001,1,1,1264,-55,1654779636722720,1654779636722720,
300833b2ddd9014000030009,1,1,2608,-46,1654779636723803,1654779636723803,
300833b2ddd9014000030008,1,1,3268,-44,1654779636725054,1654779636725054,
300833b2ddd9014000030002,1,1,160,-49,1654779636726394,1654779636726394,
300833b2ddd9014000030001,1,1,1316,-55,1654779636731344,1654779636731344,
300833b2ddd9014000030008,1,1,3260,-44,1654779636733277,1654779636733277,
300833b2ddd9014000030009,1,1,2604,-46,1654779636734391,1654779636734391,
300833b2ddd9014000030002,1,1,172,-49,1654779636735882,1654779636735882,
300833b2ddd9014000030002,1,1,176,-49,1654779636766003,1654779636766003,
300833b2ddd9014000030008,1,1,3248,-44,1654779636767044,1654779636767044,
300833b2ddd9014000030009,1,1,2600,-46,1654779636768142,1654779636768142,
300833b2ddd9014000030001,1,1,1308,-55,1654779636769469,1654779636769469,
300833b2ddd9014000030009,1,1,2612,-45,1654779636774938,1654779636774938,
300833b2ddd9014000030001,1,1,1280,-55,1654779636776127,1654779636776127,
300833b2ddd9014000030008,1,1,3268,-43,1654779636777253,1654779636777253,
300833b2ddd9014000030002,1,1,164,-49,1654779636779187,1654779636779187,
300833b2ddd9014000030008,1,1,3268,-43,1654779636809394,1654779636809394,
300833b2ddd9014000030002,1,1,172,-49,1654779636810847,1654779636810847,
300833b2ddd9014000030009,1,1,2604,-45,1654779636812202,1654779636812202,
300833b2ddd9014000030001,1,1,1304,-55,1654779636813916,1654779636813916,
300833b2ddd9014000030008,1,1,3260,-43,1654779636816927,1654779636816927,
300833b2ddd9014000030002,1,1,160,-49,1654779636819061,1654779636819061,
300833b2ddd9014000030009,1,1,2608,-46,1654779636820088,1654779636820088,
300833b2ddd9014000030001,1,1,1304,-55,1654779636821573,1654779636821573,
300833b2ddd9014000030009,1,1,2608,-45,1654779636851342,1654779636851342,
300833b2ddd9014000030002,1,1,152,-49,1654779636852708,1654779636852708,
300833b2ddd9014000030001,1,1,1296,-55,1654779636854066,1654779636854066,
300833b2ddd9014000030008,1,1,3264,-43,1654779636855375,1654779636855375,
300833b2ddd9014000030009,1,1,2612,-45,1654779636860336,1654779636860336,
300833b2ddd9014000030002,1,1,156,-49,1654779636861433,1654779636861433,
300833b2ddd9014000030001,1,1,1284,-55,1654779636863031,1654779636863031,
300833b2ddd9014000030008,1,1,3256,-43,1654779636864158,1654779636864158,
300833b2ddd9014000030008,1,1,3260,-43,1654779636897343,1654779636897343,
300833b2ddd9014000030002,1,1,160,-49,1654779636898425,1654779636898425,
300833b2ddd9014000030009,1,1,2612,-46,1654779636899496,1654779636899496,
300833b2ddd9014000030001,1,1,1352,-55,1654779636900571,1654779636900571,
300833b2ddd9014000030008,1,1,3256,-43,1654779636905316,1654779636905316,
300833b2ddd9014000030001,1,1,1296,-55,1654779636907313,1654779636907313,
300833b2ddd9014000030009,1,1,2600,-45,1654779636908638,1654779636908638,
300833b2ddd9014000030002,1,1,152,-49,1654779636909750,1654779636909750,
300833b2ddd9014000030002,1,1,172,-49,1654779636940154,1654779636940154,
300833b2ddd9014000030001,1,1,1304,-56,1654779636941271,1654779636941271,
300833b2ddd9014000030008,1,1,3256,-43,1654779636942297,1654779636942297,
300833b2ddd9014000030009,1,1,2620,-46,1654779636943395,1654779636943395,
300833b2ddd9014000030002,1,1,160,-49,1654779636948740,1654779636948740,
300833b2ddd9014000030008,1,1,3256,-43,1654779636950661,1654779636950661,
300833b2ddd9014000030009,1,1,2604,-46,1654779636952240,1654779636952240,
300833b2ddd9014000030001,1,1,1312,-55,1654779636953470,1654779636953470,
300833b2ddd9014000030008,1,1,3264,-44,1654779636983697,1654779636983697,
300833b2ddd9014000030002,1,1,156,-49,1654779636984851,1654779636984851,
300833b2ddd9014000030001,1,1,1304,-56,1654779636986676,1654779636986676,
300833b2ddd9014000030009,1,1,2600,-46,1654779636987762,1654779636987762,
300833b2ddd9014000030008,1,1,3268,-44,1654779636992722,1654779636992722,
300833b2ddd9014000030002,1,1,140,-49,1654779636993893,1654779636993893,
300833b2ddd9014000030009,1,1,2600,-45,1654779637001959,1654779637001959,
300833b2ddd9014000030001,1,1,1260,-55,1654779637003061,1654779637003061,
300833b2ddd9014000030009,1,1,2596,-46,1654779637035050,1654779637035050,
300833b2ddd9014000030008,1,1,3240,-44,1654779637036356,1654779637036356,
300833b2ddd9014000030001,1,1,1320,-55,1654779637037390,1654779637037390,
300833b2ddd9014000030009,1,1,2608,-45,1654779637043088,1654779637043088,
300833b2ddd9014000030001,1,1,1324,-55,1654779637044161,1654779637044161,
300833b2ddd9014000030008,1,1,3240,-43,1654779637045983,1654779637045983,
300833b2ddd9014000030002,1,1,136,-49,1654779637048273,1654779637048273,
300833b2ddd9014000030008,1,1,3248,-43,1654779637078378,1654779637078378,
300833b2ddd9014000030009,1,1,2604,-45,1654779637080315,1654779637080315,
300833b2ddd9014000030001,1,1,1288,-55,1654779637081461,1654779637081461,
300833b2ddd9014000030002,1,1,140,-49,1654779637082644,1654779637082644,
300833b2ddd9014000030002,1,1,128,-49,1654779637086401,1654779637086401,
300833b2ddd9014000030009,1,1,2624,-45,1654779637087614,1654779637087614,
300833b2ddd9014000030001,1,1,1332,-55,1654779637088886,1654779637088886,
300833b2ddd9014000030008,1,1,3240,-43,1654779637089984,1654779637089984,
300833b2ddd9014000030001,1,1,1340,-55,1654779637148455,1654779637148455,
300833b2ddd9014000030002,1,1,128,-49,1654779637150048,1654779637150048,
300833b2ddd9014000030008,1,1,3248,-43,1654779637151328,1654779637151328,
300833b2ddd9014000030002,1,1,136,-49,1654779637156270,1654779637156270,
300833b2ddd9014000030009,1,1,2592,-46,1654779637157610,1654779637157610,
300833b2ddd9014000030008,1,1,3244,-44,1654779637159431,1654779637159431,
300833b2ddd9014000030001,1,1,1300,-55,1654779637162115,1654779637162115,
300833b2ddd9014000030002,1,1,152,-49,1654779637196865,1654779637196865,
300833b2ddd9014000030009,1,1,2592,-45,1654779637198068,1654779637198068,
300833b2ddd9014000030008,1,1,3248,-44,1654779637199149,1654779637199149,
300833b2ddd9014000030001,1,1,1288,-55,1654779637200479,1654779637200479,
300833b2ddd9014000030001,1,1,1288,-55,1654779637204663,1654779637204663,
300833b2ddd9014000030009,1,1,2592,-45,1654779637207466,1654779637207466,
300833b2ddd9014000030002,1,1,144,-49,1654779637208790,1654779637208790,
300833b2ddd9014000030008,1,1,3248,-43,1654779637209870,1654779637209870,
300833b2ddd9014000030009,1,1,2600,-46,1654779637243638,1654779637243638,
300833b2ddd9014000030008,1,1,3248,-44,1654779637244708,1654779637244708,
300833b2ddd9014000030002,1,1,132,-49,1654779637246631,1654779637246631,
300833b2ddd9014000030001,1,1,1316,-55,1654779637247829,1654779637247829,
300833b2ddd9014000030009,1,1,2600,-46,1654779637250836,1654779637250836,
300833b2ddd9014000030002,1,1,136,-49,1654779637251905,1654779637251905,
300833b2ddd9014000030008,1,1,3248,-44,1654779637253272,1654779637253272,
300833b2ddd9014000030001,1,1,1320,-56,1654779637255551,1654779637255551,
300833b2ddd9014000030002,1,1,148,-49,1654779637287243,1654779637287243,
300833b2ddd9014000030001,1,1,1328,-55,1654779637288332,1654779637288332,
300833b2ddd9014000030009,1,1,2604,-45,1654779637289401,1654779637289401,
300833b2ddd9014000030008,1,1,3256,-44,1654779637290740,1654779637290740,
300833b2ddd9014000030002,1,1,136,-49,1654779637296082,1654779637296082,
300833b2ddd9014000030009,1,1,2608,-46,1654779637297322,1654779637297322,
300833b2ddd9014000030001,1,1,1300,-55,1654779637298710,1654779637298710,
300833b2ddd9014000030008,1,1,3244,-43,1654779637299765,1654779637299765,
300833b2ddd9014000030002,1,1,152,-49,1654779637332270,1654779637332270,
300833b2ddd9014000030009,1,1,2588,-45,1654779637333369,1654779637333369,
300833b2ddd9014000030008,1,1,3244,-43,1654779637335203,1654779637335203,
300833b2ddd9014000030001,1,1,1348,-55,1654779637336886,1654779637336886,
300833b2ddd9014000030008,1,1,3244,-43,1654779637341092,1654779637341092,
300833b2ddd9014000030002,1,1,144,-49,1654779637342531,1654779637342531,
300833b2ddd9014000030001,1,1,1324,-55,1654779637343634,1654779637343634,
300833b2ddd9014000030009,1,1,2640,-45,1654779637344719,1654779637344719,
300833b2ddd9014000030002,1,1,136,-49,1654779637376360,1654779637376360,
300833b2ddd9014000030008,1,1,3256,-43,1654779637378038,1654779637378038,
300833b2ddd9014000030001,1,1,1368,-55,1654779637379127,1654779637379127,
300833b2ddd9014000030009,1,1,2640,-45,1654779637380225,1654779637380225,
300833b2ddd9014000030002,1,1,172,-49,1654779637383699,1654779637383699,
300833b2ddd9014000030001,1,1,1280,-55,1654779637384785,1654779637384785,
300833b2ddd9014000030008,1,1,3252,-43,1654779637385871,1654779637385871,
300833b2ddd9014000030009,1,1,2636,-45,1654779637387167,1654779637387167,
300833b2ddd9014000030009,1,1,2616,-45,1654779637420342,1654779637420342,
300833b2ddd9014000030002,1,1,144,-49,1654779637421769,1654779637421769,
300833b2ddd9014000030008,1,1,3260,-44,1654779637422809,1654779637422809,
300833b2ddd9014000030001,1,1,1308,-55,1654779637424467,1654779637424467,
300833b2ddd9014000030002,1,1,152,-48,1654779637427338,1654779637427338,
300833b2ddd9014000030009,1,1,2604,-46,1654779637429290,1654779637429290,
300833b2ddd9014000030008,1,1,3244,-44,1654779637430827,1654779637430827,
300833b2ddd9014000030001,1,1,1280,-55,1654779637432270,1654779637432270,
300833b2ddd9014000030008,1,1,3248,-43,1654779637462582,1654779637462582,
300833b2ddd9014000030002,1,1,128,-49,1654779637463694,1654779637463694,
300833b2ddd9014000030001,1,1,1332,-56,1654779637464727,1654779637464727,
300833b2ddd9014000030009,1,1,2608,-45,1654779637466320,1654779637466320,
300833b2ddd9014000030002,1,1,140,-49,1654779637471386,1654779637471386,
300833b2ddd9014000030001,1,1,1368,-56,1654779637472434,1654779637472434,
300833b2ddd9014000030009,1,1,2604,-45,1654779637473983,1654779637473983,
300833b2ddd9014000030008,1,1,3248,-43,1654779637475295,1654779637475295,
300833b2ddd9014000030008,1,1,3264,-43,1654779637507089,1654779637507089,
300833b2ddd9014000030001,1,1,1272,-56,1654779637508533,1654779637508533,
300833b2ddd9014000030002,1,1,148,-49,1654779637509589,1654779637509589,
300833b2ddd9014000030009,1,1,2624,-45,1654779637510673,1654779637510673,