epc,atenda,atendanum,phase,RSS,timestamp,timestamp2,
300833b2ddd9014000030001,1,1,1328,-50,1654779591911572,1654779591911572,
300833b2ddd9014000030009,1,1,2624,-44,1654779591913553,1654779591913553,
300833b2ddd9014000030008,1,1,3528,-46,1654779591915089,1654779591915089,
300833b2ddd9014000030002,1,1,804,-50,1654779591916509,1654779591916509,
300833b2ddd9014000030009,1,1,2628,-44,1654779591919989,1654779591919989,
300833b2ddd9014000030008,1,1,3564,-45,1654779591921470,1654779591921470,
300833b2ddd9014000030002,1,1,792,-49,1654779591922809,1654779591922809,
300833b2ddd9014000030001,1,1,1312,-50,1654779591924041,1654779591924041,
300833b2ddd9014000030009,1,1,2620,-44,1654779591954071,1654779591954071,
300833b2ddd9014000030001,1,1,1336,-50,1654779591956026,1654779591956026,
300833b2ddd9014000030002,1,1,828,-49,1654779591957125,1654779591957125,
300833b2ddd9014000030008,1,1,3552,-45,1654779591958236,1654779591958236,
300833b2ddd9014000030009,1,1,2604,-44,1654779591962007,1654779591962007,
300833b2ddd9014000030002,1,1,804,-50,1654779591963060,1654779591963060,
300833b2ddd9014000030008,1,1,3556,-46,1654779591964115,1654779591964115,
300833b2ddd9014000030001,1,1,1336,-50,1654779591965415,1654779591965415,
300833b2ddd9014000030001,1,1,1324,-50,1654779591997374,1654779591997374,
300833b2ddd9014000030008,1,1,3548,-45,1654779591998687,1654779591998687,
300833b2ddd9014000030009,1,1,2624,-44,1654779592000041,1654779592000041,
300833b2ddd9014000030002,1,1,800,-49,1654779592001591,1654779592001591,
300833b2ddd9014000030008,1,1,3556,-45,1654779592006164,1654779592006164,
300833b2ddd9014000030009,1,1,2612,-44,1654779592008758,1654779592008758,
300833b2ddd9014000030001,1,1,1300,-50,1654779592009816,1654779592009816,
300833b2ddd9014000030002,1,1,804,-49,1654779592011000,1654779592011000,
300833b2ddd9014000030001,1,1,1328,-50,1654779592040817,1654779592040817,
300833b2ddd9014000030008,1,1,3552,-45,1654779592042144,1654779592042144,
300833b2ddd9014000030002,1,1,812,-49,1654779592043197,1654779592043197,
300833b2ddd9014000030009,1,1,2624,-44,1654779592044750,1654779592044750,
300833b2ddd9014000030008,1,1,3560,-45,1654779592049212,1654779592049212,
300833b2ddd9014000030002,1,1,788,-49,1654779592051137,1654779592051137,
300833b2ddd9014000030001,1,1,1320,-50,1654779592052464,1654779592052464,
300833b2ddd9014000030009,1,1,2624,-44,1654779592053564,1654779592053564,
300833b2ddd9014000030008,1,1,3560,-45,1654779592084592,1654779592084592,
300833b2ddd9014000030002,1,1,788,-49,1654779592086272,1654779592086272,
300833b2ddd9014000030009,1,1,2632,-44,1654779592087342,1654779592087342,
300833b2ddd9014000030001,1,1,1336,-50,1654779592088544,1654779592088544,
300833b2ddd9014000030009,1,1,2636,-44,1654779592092354,1654779592092354,
300833b2ddd9014000030001,1,1,1344,-50,1654779592093459,1654779592093459,
300833b2ddd9014000030002,1,1,788,-49,1654779592094530,1654779592094530,
300833b2ddd9014000030008,1,1,3560,-45,1654779592095822,1654779592095822,
300833b2ddd9014000030002,1,1,820,-49,1654779592128508,1654779592128508,
300833b2ddd9014000030009,1,1,2640,-44,1654779592129564,1654779592129564,
300833b2ddd9014000030008,1,1,3560,-45,1654779592130608,1654779592130608,
300833b2ddd9014000030001,1,1,1348,-50,1654779592132321,1654779592132321,
300833b2ddd9014000030001,1,1,1320,-50,1654779592135039,1654779592135039,
300833b2ddd9014000030002,1,1,796,-49,1654779592136339,1654779592136339,
300833b2ddd9014000030008,1,1,3556,-45,1654779592137378,1654779592137378,
300833b2ddd9014000030009,1,1,2616,-44,1654779592139143,1654779592139143,
300833b2ddd9014000030008,1,1,3568,-45,1654779592170490,1654779592170490,
300833b2ddd9014000030009,1,1,2612,-44,1654779592173272,1654779592173272,
300833b2ddd9014000030001,1,1,1308,-50,1654779592176067,1654779592176067,
300833b2ddd9014000030002,1,1,788,-49,1654779592177180,1654779592177180,
300833b2ddd9014000030002,1,1,808,-50,1654779592199012,1654779592199012,
300833b2ddd9014000030009,1,1,2640,-44,1654779592200038,1654779592200038,
300833b2ddd9014000030001,1,1,1336,-50,1654779592201127,1654779592201127,
300833b2ddd9014000030008,1,1,3560,-45,1654779592203516,1654779592203516,
300833b2ddd9014000030008,1,1,3564,-45,1654779592236168,1654779592236168,
300833b2ddd9014000030009,1,1,2636,-44,1654779592237849,1654779592237849,
300833b2ddd9014000030002,1,1,812,-49,1654779592240992,1654779592240992,
300833b2ddd9014000030001,1,1,1312,-50,1654779592242180,1654779592242180,
300833b2ddd9014000030009,1,1,2632,-44,1654779592245681,1654779592245681,
300833b2ddd9014000030002,1,1,796,-49,1654779592246893,1654779592246893,
300833b2ddd9014000030001,1,1,1332,-50,1654779592247979,1654779592247979,
300833b2ddd9014000030008,1,1,3560,-45,1654779592249287,1654779592249287,
300833b2ddd9014000030001,1,1,1332,-50,1654779592279866,1654779592279866,
300833b2ddd9014000030008,1,1,3544,-45,1654779592280950,1654779592280950,
300833b2ddd9014000030009,1,1,2600,-44,1654779592282036,1654779592282036,
300833b2ddd9014000030002,1,1,808,-49,1654779592283599,1654779592283599,
300833b2ddd9014000030009,1,1,2628,-44,1654779592288565,1654779592288565,
300833b2ddd9014000030008,1,1,3544,-45,1654779592290034,1654779592290034,
300833b2ddd9014000030001,1,1,1304,-50,1654779592291404,1654779592291404,
300833b2ddd9014000030002,1,1,800,-50,1654779592292444,1654779592292444,
300833b2ddd9014000030001,1,1,1324,-50,1654779592322751,1654779592322751,
300833b2ddd9014000030009,1,1,2608,-44,1654779592324105,1654779592324105,
300833b2ddd9014000030008,1,1,3556,-46,1654779592325429,1654779592325429,
300833b2ddd9014000030002,1,1,828,-50,1654779592326527,1654779592326527,
300833b2ddd9014000030001,1,1,1340,-50,1654779592334082,1654779592334082,
300833b2ddd9014000030008,1,1,3560,-45,1654779592335121,1654779592335121,
300833b2ddd9014000030009,1,1,2620,-44,1654779592336489,1654779592336489,
300833b2ddd9014000030002,1,1,836,-50,1654779592337982,1654779592337982,
300833b2ddd9014000030008,1,1,3536,-45,1654779592367891,1654779592367891,
300833b2ddd9014000030009,1,1,2612,-44,1654779592370082,1654779592370082,
300833b2ddd9014000030001,1,1,1304,-50,1654779592371169,1654779592371169,
300833b2ddd9014000030002,1,1,824,-50,1654779592372652,1654779592372652,
300833b2ddd9014000030002,1,1,804,-50,1654779592375664,1654779592375664,
300833b2ddd9014000030009,1,1,2632,-44,1654779592377042,1654779592377042,
300833b2ddd9014000030001,1,1,1312,-50,1654779592378383,1654779592378383,
300833b2ddd9014000030008,1,1,3560,-45,1654779592380548,1654779592380548,
300833b2ddd9014000030008,1,1,3564,-45,1654779592412750,1654779592412750,
300833b2ddd9014000030002,1,1,820,-50,1654779592416642,1654779592416642,
300833b2ddd9014000030001,1,1,1324,-50,1654779592417715,1654779592417715,
300833b2ddd9014000030001,1,1,1312,-50,1654779592420734,1654779592420734,
300833b2ddd9014000030008,1,1,3556,-45,1654779592422057,1654779592422057,
300833b2ddd9014000030009,1,1,2628,-44,1654779592423199,1654779592423199,
300833b2ddd9014000030002,1,1,824,-50,1654779592424266,1654779592424266,
300833b2ddd9014000030002,1,1,828,-50,1654779592456338,1654779592456338,
300833b2ddd9014000030008,1,1,3560,-45,1654779592457368,1654779592457368,
300833b2ddd9014000030009,1,1,2612,-44,1654779592458694,1654779592458694,
300833b2ddd9014000030001,1,1,1320,-50,1654779592460008,1654779592460008,
300833b2ddd9014000030008,1,1,3552,-45,1654779592464781,1654779592464781,
300833b2ddd9014000030001,1,1,1324,-50,1654779592465911,1654779592465911,
300833b2ddd9014000030002,1,1,808,-50,1654779592466994,1654779592466994,
300833b2ddd9014000030009,1,1,2604,-44,1654779592468349,1654779592468349,
300833b2ddd9014000030002,1,1,844,-50,1654779592499847,1654779592499847,
300833b2ddd9014000030001,1,1,1312,-50,1654779592500917,1654779592500917,
300833b2ddd9014000030009,1,1,2624,-44,1654779592502487,1654779592502487,
300833b2ddd9014000030008,1,1,3548,-45,1654779592503812,1654779592503812,
300833b2ddd9014000030009,1,1,2612,-44,1654779592508500,1654779592508500,
300833b2ddd9014000030002,1,1,808,-49,1654779592510137,1654779592510137,
300833b2ddd9014000030008,1,1,3540,-45,1654779592511489,1654779592511489,
300833b2ddd9014000030001,1,1,1336,-50,1654779592512591,1654779592512591,
300833b2ddd9014000030008,1,1,3536,-45,1654779592542839,1654779592542839,
300833b2ddd9014000030009,1,1,2640,-44,1654779592544460,1654779592544460,
300833b2ddd9014000030002,1,1,828,-50,1654779592546027,1654779592546027,
300833b2ddd9014000030001,1,1,1316,-50,1654779592547144,1654779592547144,
300833b2ddd9014000030009,1,1,2624,-44,1654779592551377,1654779592551377,
300833b2ddd9014000030001,1,1,1324,-50,1654779592552735,1654779592552735,
300833b2ddd9014000030008,1,1,3536,-45,1654779592554044,1654779592554044,
300833b2ddd9014000030002,1,1,812,-49,1654779592555055,1654779592555055,
300833b2ddd9014000030008,1,1,3540,-45,1654779592586677,1654779592586677,
300833b2ddd9014000030009,1,1,2608,-44,1654779592587762,1654779592587762,
300833b2ddd9014000030001,1,1,1340,-50,1654779592589529,1654779592589529,
300833b2ddd9014000030009,1,1,2608,-44,1654779592594394,1654779592594394,
300833b2ddd9014000030008,1,1,3544,-45,1654779592595461,1654779592595461,
300833b2ddd9014000030002,1,1,788,-49,1654779592597270,1654779592597270,
300833b2ddd9014000030001,1,1,1340,-50,1654779592598428,1654779592598428,
300833b2ddd9014000030002,1,1,784,-49,1654779592629906,1654779592629906,
300833b2ddd9014000030001,1,1,1336,-50,1654779592630964,1654779592630964,
300833b2ddd9014000030009,1,1,2616,-44,1654779592632078,1654779592632078,
300833b2ddd9014000030008,1,1,3560,-45,1654779592633133,1654779592633133,
300833b2ddd9014000030001,1,1,1320,-50,1654779592638764,1654779592638764,
300833b2ddd9014000030008,1,1,3544,-45,1654779592640710,1654779592640710,
300833b2ddd9014000030009,1,1,2616,-44,1654779592642408,1654779592642408,
300833b2ddd9014000030002,1,1,816,-49,1654779592643634,1654779592643634,
300833b2ddd9014000030009,1,1,2636,-44,1654779592673469,1654779592673469,
300833b2ddd9014000030008,1,1,3544,-45,1654779592674807,1654779592674807,
300833b2ddd9014000030002,1,1,776,-50,1654779592676118,1654779592676118,
300833b2ddd9014000030001,1,1,1328,-50,1654779592677729,1654779592677729,
300833b2ddd9014000030009,1,1,2616,-44,1654779592682485,1654779592682485,
300833b2ddd9014000030002,1,1,800,-50,1654779592684486,1654779592684486,
300833b2ddd9014000030001,1,1,1328,-50,1654779592685831,1654779592685831,
300833b2ddd9014000030008,1,1,3552,-45,1654779592687395,1654779592687395,
300833b2ddd9014000030009,1,1,2612,-44,1654779592720772,1654779592720772,
300833b2ddd9014000030001,1,1,1320,-50,1654779592721858,1654779592721858,
300833b2ddd9014000030008,1,1,3552,-45,1654779592724171,1654779592724171,
300833b2ddd9014000030002,1,1,816,-49,1654779592726953,1654779592726953,
300833b2ddd9014000030002,1,1,780,-49,1654779592738258,1654779592738258,
300833b2ddd9014000030009,1,1,2612,-44,1654779592739272,1654779592739272,
300833b2ddd9014000030008,1,1,3540,-45,1654779592740609,1654779592740609,
300833b2ddd9014000030001,1,1,1348,-50,1654779592742066,1654779592742066,
300833b2ddd9014000030009,1,1,2628,-44,1654779592771816,1654779592771816,
300833b2ddd9014000030008,1,1,3540,-45,1654779592773434,1654779592773434,
300833b2ddd9014000030001,1,1,1328,-50,1654779592774494,1654779592774494,
300833b2ddd9014000030002,1,1,804,-50,1654779592776668,1654779592776668,
300833b2ddd9014000030009,1,1,2608,-44,1654779592780565,1654779592780565,
300833b2ddd9014000030008,1,1,3544,-45,1654779592782114,1654779592782114,
300833b2ddd9014000030002,1,1,832,-50,1654779592784514,1654779592784514,
300833b2ddd9014000030001,1,1,1336,-50,1654779592785615,1654779592785615,
300833b2ddd9014000030001,1,1,1332,-50,1654779592817039,1654779592817039,
300833b2ddd9014000030008,1,1,3536,-45,1654779592820217,1654779592820217,
300833b2ddd9014000030009,1,1,2604,-44,1654779592821274,1654779592821274,
300833b2ddd9014000030002,1,1,832,-50,1654779592822453,1654779592822453,
300833b2ddd9014000030009,1,1,2620,-44,1654779592825445,1654779592825445,
300833b2ddd9014000030001,1,1,1308,-50,1654779592827187,1654779592827187,
300833b2ddd9014000030002,1,1,828,-50,1654779592828510,1654779592828510,
300833b2ddd9014000030008,1,1,3556,-45,1654779592829552,1654779592829552,
300833b2ddd9014000030002,1,1,796,-50,1654779592867254,1654779592867254,
300833b2ddd9014000030009,1,1,2616,-44,1654779592868948,1654779592868948,
300833b2ddd9014000030008,1,1,3540,-45,1654779592870298,1654779592870298,
300833b2ddd9014000030008,1,1,3540,-45,1654779592876269,1654779592876269,
300833b2ddd9014000030002,1,1,812,-50,1654779592877369,1654779592877369,
300833b2ddd9014000030001,1,1,1328,-50,1654779592878470,1654779592878470,
300833b2ddd9014000030009,1,1,2624,-44,1654779592879809,1654779592879809,
300833b2ddd9014000030002,1,1,824,-50,1654779592911554,1654779592911554,
300833b2ddd9014000030001,1,1,1336,-50,1654779592913082,1654779592913082,
300833b2ddd9014000030008,1,1,3524,-45,1654779592914180,1654779592914180,
300833b2ddd9014000030009,1,1,2620,-44,1654779592915806,1654779592915806,
300833b2ddd9014000030008,1,1,3552,-45,1654779592921988,1654779592921988,
300833b2ddd9014000030009,1,1,2612,-44,1654779592923057,1654779592923057,
300833b2ddd9014000030001,1,1,1328,-50,1654779592924157,1654779592924157,
300833b2ddd9014000030002,1,1,840,-50,1654779592925851,1654779592925851,
300833b2ddd9014000030009,1,1,2584,-42,1654779592956362,1654779592956362,
300833b2ddd9014000030001,1,1,1328,-50,1654779592957828,1654779592957828,
300833b2ddd9014000030008,1,1,3548,-45,1654779592958928,1654779592958928,
300833b2ddd9014000030008,1,1,3536,-45,1654779592962551,1654779592962551,
300833b2ddd9014000030002,1,1,836,-50,1654779592964535,1654779592964535,
300833b2ddd9014000030001,1,1,1344,-50,1654779592965820,1654779592965820,
300833b2ddd9014000030009,1,1,2596,-44,1654779592966935,1654779592966935,
300833b2ddd9014000030009,1,1,2616,-44,1654779593001101,1654779593001101,
300833b2ddd9014000030001,1,1,1352,-50,1654779593002174,1654779593002174,
300833b2ddd9014000030002,1,1,832,-50,1654779593003696,1654779593003696,
300833b2ddd9014000030008,1,1,3536,-45,1654779593005272,1654779593005272,
300833b2ddd9014000030009,1,1,2632,-44,1654779593010072,1654779593010072,
300833b2ddd9014000030008,1,1,3536,-45,1654779593011741,1654779593011741,
300833b2ddd9014000030002,1,1,828,-50,1654779593017863,1654779593017863,
300833b2ddd9014000030001,1,1,1348,-50,1654779593018951,1654779593018951,
300833b2ddd9014000030009,1,1,2636,-44,1654779593048728,1654779593048728,
300833b2ddd9014000030001,1,1,1324,-49,1654779593049830,1654779593049830,
300833b2ddd9014000030002,1,1,820,-50,1654779593051353,1654779593051353,
300833b2ddd9014000030008,1,1,3548,-45,1654779593052890,1654779593052890,
300833b2ddd9014000030002,1,1,832,-50,1654779593057344,1654779593057344,
300833b2ddd9014000030008,1,1,3536,-45,1654779593058428,1654779593058428,
300833b2ddd9014000030001,1,1,1324,-50,1654779593059541,1654779593059541,
300833b2ddd9014000030009,1,1,2628,-44,1654779593061310,1654779593061310,
300833b2ddd9014000030002,1,1,828,-50,1654779593093074,1654779593093074,
300833b2ddd9014000030001,1,1,1336,-50,1654779593095360,1654779593095360,
300833b2ddd9014000030009,1,1,2604,-44,1654779593096417,1654779593096417,
300833b2ddd9014000030008,1,1,3556,-45,1654779593097499,1654779593097499,
300833b2ddd9014000030009,1,1,2608,-44,1654779593103569,1654779593103569,
300833b2ddd9014000030001,1,1,1320,-50,1654779593105280,1654779593105280,
300833b2ddd9014000030008,1,1,3544,-45,1654779593106321,1654779593106321,
300833b2ddd9014000030002,1,1,800,-50,1654779593107506,1654779593107506,
300833b2ddd9014000030001,1,1,1344,-50,1654779593137669,1654779593137669,
300833b2ddd9014000030008,1,1,3552,-45,1654779593139334,1654779593139334,
300833b2ddd9014000030009,1,1,2620,-44,1654779593140634,1654779593140634,
300833b2ddd9014000030002,1,1,796,-49,1654779593142072,1654779593142072,
300833b2ddd9014000030009,1,1,2640,-44,1654779593146158,1654779593146158,
300833b2ddd9014000030001,1,1,1344,-50,1654779593147246,1654779593147246,
300833b2ddd9014000030008,1,1,3536,-45,1654779593148315,1654779593148315,
300833b2ddd9014000030002,1,1,824,-50,1654779593149370,1654779593149370,
300833b2ddd9014000030009,1,1,2620,-44,1654779593179942,1654779593179942,
300833b2ddd9014000030001,1,1,1324,-50,1654779593181043,1654779593181043,
300833b2ddd9014000030008,1,1,3508,-45,1654779593182085,1654779593182085,
300833b2ddd9014000030002,1,1,780,-49,1654779593183466,1654779593183466,
300833b2ddd9014000030008,1,1,3536,-45,1654779593188183,1654779593188183,
300833b2ddd9014000030001,1,1,1340,-50,1654779593190123,1654779593190123,
300833b2ddd9014000030002,1,1,828,-50,1654779593191193,1654779593191193,
300833b2ddd9014000030009,1,1,2608,-44,1654779593192321,1654779593192321,
300833b2ddd9014000030009,1,1,2596,-44,1654779593222910,1654779593222910,
300833b2ddd9014000030002,1,1,808,-50,1654779593224022,1654779593224022,
300833b2ddd9014000030001,1,1,1328,-50,1654779593226045,1654779593226045,
300833b2ddd9014000030008,1,1,3556,-45,1654779593227951,1654779593227951,
300833b2ddd9014000030009,1,1,2608,-44,1654779593231829,1654779593231829,
300833b2ddd9014000030008,1,1,3532,-45,1654779593232927,1654779593232927,
300833b2ddd9014000030001,1,1,1360,-50,1654779593234028,1654779593234028,
300833b2ddd9014000030002,1,1,792,-49,1654779593235849,1654779593235849,
300833b2ddd9014000030008,1,1,3548,-45,1654779593267090,1654779593267090,
300833b2ddd9014000030009,1,1,2612,-44,1654779593268190,1654779593268190,
300833b2ddd9014000030001,1,1,1348,-50,1654779593269984,1654779593269984,
300833b2ddd9014000030002,1,1,792,-50,1654779593271309,1654779593271309,
300833b2ddd9014000030008,1,1,3524,-45,1654779593275766,1654779593275766,
300833b2ddd9014000030009,1,1,2616,-44,1654779593277732,1654779593277732,
300833b2ddd9014000030002,1,1,796,-50,1654779593278831,1654779593278831,
300833b2ddd9014000030001,1,1,1360,-50,1654779593279932,1654779593279932,
300833b2ddd9014000030008,1,1,3536,-45,1654779593310325,1654779593310325,
300833b2ddd9014000030009,1,1,2624,-44,1654779593311411,1654779593311411,
300833b2ddd9014000030001,1,1,1336,-50,1654779593313264,1654779593313264,
300833b2ddd9014000030002,1,1,792,-50,1654779593314841,1654779593314841,
300833b2ddd9014000030009,1,1,2636,-44,1654779593318951,1654779593318951,
300833b2ddd9014000030008,1,1,3536,-45,1654779593321125,1654779593321125,
300833b2ddd9014000030001,1,1,1340,-50,1654779593322173,1654779593322173,
300833b2ddd9014000030002,1,1,800,-50,1654779593323889,1654779593323889,
300833b2ddd9014000030009,1,1,2604,-44,1654779593353745,1654779593353745,
300833b2ddd9014000030002,1,1,796,-50,1654779593355440,1654779593355440,
300833b2ddd9014000030008,1,1,3532,-45,1654779593356506,1654779593356506,
300833b2ddd9014000030001,1,1,1348,-50,1654779593357652,1654779593357652,
300833b2ddd9014000030009,1,1,2616,-44,1654779593361468,1654779593361468,
300833b2ddd9014000030001,1,1,1344,-50,1654779593364114,1654779593364114,
300833b2ddd9014000030008,1,1,3528,-45,1654779593365194,1654779593365194,
300833b2ddd9014000030002,1,1,808,-50,1654779593366481,1654779593366481,
300833b2ddd9014000030009,1,1,2612,-44,1654779593396511,1654779593396511,
300833b2ddd9014000030002,1,1,780,-50,1654779593398483,1654779593398483,
300833b2ddd9014000030008,1,1,3524,-45,1654779593399565,1654779593399565,
300833b2ddd9014000030001,1,1,1348,-50,1654779593400636,1654779593400636,
300833b2ddd9014000030001,1,1,1340,-50,1654779593404203,1654779593404203,
300833b2ddd9014000030002,1,1,796,-50,1654779593405515,1654779593405515,
300833b2ddd9014000030009,1,1,2620,-44,1654779593406826,1654779593406826,
300833b2ddd9014000030008,1,1,3536,-45,1654779593408122,1654779593408122,
300833b2ddd9014000030008,1,1,3516,-45,1654779593439487,1654779593439487,
300833b2ddd9014000030001,1,1,1368,-50,1654779593441670,1654779593441670,
300833b2ddd9014000030002,1,1,792,-50,1654779593442783,1654779593442783,
300833b2ddd9014000030009,1,1,2628,-44,1654779593443921,1654779593443921,
300833b2ddd9014000030008,1,1,3512,-45,1654779593447239,1654779593447239,
300833b2ddd9014000030009,1,1,2596,-44,1654779593449180,1654779593449180,
300833b2ddd9014000030002,1,1,796,-50,1654779593450221,1654779593450221,
300833b2ddd9014000030001,1,1,1360,-50,1654779593452145,1654779593452145,
300833b2ddd9014000030001,1,1,1360,-50,1654779593483323,1654779593483323,
300833b2ddd9014000030009,1,1,2592,-44,1654779593484677,1654779593484677,
300833b2ddd9014000030002,1,1,804,-50,1654779593486242,1654779593486242,
300833b2ddd9014000030008,1,1,3516,-45,1654779593488418,1654779593488418,
300833b2ddd9014000030002,1,1,804,-50,1654779593491989,1654779593491989,
300833b2ddd9014000030008,1,1,3488,-46,1654779593493073,1654779593493073,
300833b2ddd9014000030001,1,1,1368,-50,1654779593494131,1654779593494131,
300833b2ddd9014000030009,1,1,2600,-44,1654779593495770,1654779593495770,
300833b2ddd9014000030002,1,1,816,-50,1654779593527706,1654779593527706,
300833b2ddd9014000030009,1,1,2604,-44,1654779593529373,1654779593529373,
300833b2ddd9014000030008,1,1,3460,-46,1654779593530429,1654779593530429,
300833b2ddd9014000030001,1,1,1376,-49,1654779593531771,1654779593531771,
300833b2ddd9014000030009,1,1,2596,-44,1654779593535183,1654779593535183,
300833b2ddd9014000030001,1,1,1380,-50,1654779593536285,1654779593536285,
300833b2ddd9014000030008,1,1,3460,-46,1654779593537370,1654779593537370,
300833b2ddd9014000030002,1,1,820,-51,1654779593539187,1654779593539187,
300833b2ddd9014000030008,1,1,3452,-46,1654779593571096,1654779593571096,
300833b2ddd9014000030009,1,1,2568,-44,1654779593572167,1654779593572167,
300833b2ddd9014000030002,1,1,812,-51,1654779593573264,1654779593573264,
300833b2ddd9014000030001,1,1,1384,-49,1654779593574352,1654779593574352,
300833b2ddd9014000030002,1,1,828,-51,1654779593579354,1654779593579354,
300833b2ddd9014000030001,1,1,1388,-49,1654779593581122,1654779593581122,
300833b2ddd9014000030009,1,1,2568,-44,1654779593582733,1654779593582733,
300833b2ddd9014000030008,1,1,3432,-45,1654779593584228,1654779593584228,
300833b2ddd9014000030002,1,1,804,-51,1654779593614261,1654779593614261,
300833b2ddd9014000030001,1,1,1412,-49,1654779593615277,1654779593615277,
300833b2ddd9014000030009,1,1,2576,-43,1654779593617105,1654779593617105,
300833b2ddd9014000030008,1,1,3420,-45,1654779593618204,1654779593618204,
300833b2ddd9014000030009,1,1,2552,-43,1654779593623468,1654779593623468,
300833b2ddd9014000030008,1,1,3416,-45,1654779593625884,1654779593625884,
300833b2ddd9014000030001,1,1,1428,-49,1654779593627696,1654779593627696,
300833b2ddd9014000030002,1,1,812,-51,1654779593628922,1654779593628922,
300833b2ddd9014000030002,1,1,804,-52,1654779593659176,1654779593659176,
300833b2ddd9014000030008,1,1,3384,-45,1654779593660898,1654779593660898,
300833b2ddd9014000030009,1,1,2532,-43,1654779593661998,1654779593661998,
300833b2ddd9014000030001,1,1,1432,-49,1654779593663113,1654779593663113,
300833b2ddd9014000030002,1,1,792,-51,1654779593666743,1654779593666743,
300833b2ddd9014000030008,1,1,3368,-45,1654779593668068,1654779593668068,
300833b2ddd9014000030009,1,1,2544,-43,1654779593669860,1654779593669860,
300833b2ddd9014000030001,1,1,1424,-49,1654779593671345,1654779593671345,
300833b2ddd9014000030002,1,1,764,-52,1654779593703584,1654779593703584,
300833b2ddd9014000030009,1,1,2516,-43,1654779593704684,1654779593704684,
300833b2ddd9014000030008,1,1,3344,-44,1654779593705751,1654779593705751,
300833b2ddd9014000030001,1,1,1448,-49,1654779593707195,1654779593707195,
300833b2ddd9014000030008,1,1,3336,-44,1654779593711320,1654779593711320,
300833b2ddd9014000030009,1,1,2508,-43,1654779593712406,1654779593712406,
300833b2ddd9014000030001,1,1,1480,-49,1654779593713849,1654779593713849,
300833b2ddd9014000030002,1,1,744,-52,1654779593715316,1654779593715316,
300833b2ddd9014000030002,1,1,704,-51,1654779593744986,1654779593744986,
300833b2ddd9014000030009,1,1,2508,-43,1654779593746255,1654779593746255,
300833b2ddd9014000030001,1,1,1492,-49,1654779593747610,1654779593747610,
300833b2ddd9014000030008,1,1,3308,-44,1654779593748694,1654779593748694,
300833b2ddd9014000030002,1,1,692,-51,1654779593753709,1654779593753709,
300833b2ddd9014000030008,1,1,3284,-43,1654779593755085,1654779593755085,
300833b2ddd9014000030009,1,1,2516,-43,1654779593756880,1654779593756880,
300833b2ddd9014000030001,1,1,1500,-49,1654779593758096,1654779593758096,
300833b2ddd9014000030008,1,1,3260,-43,1654779593789173,1654779593789173,
300833b2ddd9014000030009,1,1,2524,-43,1654779593790243,1654779593790243,
300833b2ddd9014000030001,1,1,1512,-50,1654779593792281,1654779593792281,
300833b2ddd9014000030002,1,1,592,-51,1654779593794259,1654779593794259,
300833b2ddd9014000030009,1,1,2520,-42,1654779593798288,1654779593798288,
300833b2ddd9014000030001,1,1,1528,-50,1654779593800001,1654779593800001,
300833b2ddd9014000030008,1,1,3244,-43,1654779593801308,1654779593801308,
300833b2ddd9014000030002,1,1,564,-51,1654779593802775,1654779593802775,
300833b2ddd9014000030001,1,1,1552,-50,1654779593839716,1654779593839716,
300833b2ddd9014000030002,1,1,500,-50,1654779593840771,1654779593840771,
300833b2ddd9014000030008,1,1,3204,-42,1654779593843241,1654779593843241,
300833b2ddd9014000030009,1,1,2512,-43,1654779593844794,1654779593844794,
300833b2ddd9014000030001,1,1,1540,-50,1654779593848176,1654779593848176,
300833b2ddd9014000030008,1,1,3188,-42,1654779593850065,1654779593850065,
300833b2ddd9014000030009,1,1,2520,-43,1654779593852025,1654779593852025,
300833b2ddd9014000030002,1,1,468,-50,1654779593853450,1654779593853450,
300833b2ddd9014000030001,1,1,1576,-51,1654779593883257,1654779593883257,
300833b2ddd9014000030009,1,1,2532,-43,1654779593885492,1654779593885492,
300833b2ddd9014000030002,1,1,384,-49,1654779593886605,1654779593886605,
300833b2ddd9014000030008,1,1,3180,-42,1654779593887673,1654779593887673,
300833b2ddd9014000030009,1,1,2512,-43,1654779593892108,1654779593892108,
300833b2ddd9014000030008,1,1,3172,-42,1654779593893414,1654779593893414,
300833b2ddd9014000030002,1,1,360,-49,1654779593894486,1654779593894486,
300833b2ddd9014000030001,1,1,1588,-51,1654779593895930,1654779593895930,
300833b2ddd9014000030002,1,1,288,-48,1654779593931826,1654779593931826,
300833b2ddd9014000030009,1,1,2516,-44,1654779593933152,1654779593933152,
300833b2ddd9014000030008,1,1,3144,-41,1654779593934489,1654779593934489,
300833b2ddd9014000030001,1,1,1560,-52,1654779593936189,1654779593936189,
300833b2ddd9014000030002,1,1,272,-48,1654779593941004,1654779593941004,
300833b2ddd9014000030008,1,1,3136,-41,1654779593942439,1654779593942439,
300833b2ddd9014000030001,1,1,1552,-53,1654779593943757,1654779593943757,
300833b2ddd9014000030009,1,1,2532,-44,1654779593944999,1654779593944999,
300833b2ddd9014000030001,1,1,1540,-54,1654779593975194,1654779593975194,
300833b2ddd9014000030008,1,1,3124,-41,1654779593976873,1654779593976873,
300833b2ddd9014000030009,1,1,2524,-44,1654779593978016,1654779593978016,
300833b2ddd9014000030002,1,1,208,-47,1654779593979782,1654779593979782,
300833b2ddd9014000030008,1,1,3128,-42,1654779593982736,1654779593982736,
300833b2ddd9014000030001,1,1,1512,-55,1654779593984051,1654779593984051,
300833b2ddd9014000030009,1,1,2536,-44,1654779593985364,1654779593985364,
300833b2ddd9014000030002,1,1,180,-47,1654779593986959,1654779593986959,
300833b2ddd9014000030009,1,1,2548,-45,1654779594019403,1654779594019403,
300833b2ddd9014000030002,1,1,164,-47,1654779594020770,1654779594020770,
300833b2ddd9014000030008,1,1,3124,-42,1654779594021825,1654779594021825,
300833b2ddd9014000030001,1,1,1524,-56,1654779594023240,1654779594023240,
300833b2ddd9014000030008,1,1,3140,-41,1654779594026088,1654779594026088,
300833b2ddd9014000030009,1,1,2556,-45,1654779594027644,1654779594027644,
300833b2ddd9014000030001,1,1,1516,-57,1654779594029798,1654779594029798,
300833b2ddd9014000030002,1,1,156,-47,1654779594030880,1654779594030880,
300833b2ddd9014000030008,1,1,3148,-42,1654779594061777,1654779594061777,
300833b2ddd9014000030001,1,1,1524,-58,1654779594063263,1654779594063263,
300833b2ddd9014000030002,1,1,128,-47,1654779594064586,1654779594064586,
300833b2ddd9014000030009,1,1,2552,-45,1654779594065654,1654779594065654,
300833b2ddd9014000030008,1,1,3156,-42,1654779594071175,1654779594071175,
300833b2ddd9014000030002,1,1,144,-47,1654779594072486,1654779594072486,
300833b2ddd9014000030009,1,1,2564,-45,1654779594074577,1654779594074577,
300833b2ddd9014000030001,1,1,1424,-59,1654779594076034,1654779594076034,
300833b2ddd9014000030001,1,1,1396,-59,1654779594106927,1654779594106927,
300833b2ddd9014000030002,1,1,148,-47,1654779594108193,1654779594108193,
300833b2ddd9014000030009,1,1,2576,-45,1654779594109292,1654779594109292,
300833b2ddd9014000030008,1,1,3184,-42,1654779594110643,1654779594110643,
300833b2ddd9014000030009,1,1,2572,-45,1654779594116658,1654779594116658,
300833b2ddd9014000030008,1,1,3184,-42,1654779594119193,1654779594119193,
300833b2ddd9014000030002,1,1,144,-47,1654779594120647,1654779594120647,
300833b2ddd9014000030001,1,1,1404,-59,1654779594121880,1654779594121880,
300833b2ddd9014000030008,1,1,3204,-42,1654779594151658,1654779594151658,
300833b2ddd9014000030001,1,1,1284,-60,1654779594154085,1654779594154085,
300833b2ddd9014000030009,1,1,2592,-46,1654779594155138,1654779594155138,
300833b2ddd9014000030002,1,1,148,-47,1654779594156592,1654779594156592,
300833b2ddd9014000030002,1,1,144,-47,1654779594160459,1654779594160459,
300833b2ddd9014000030008,1,1,3232,-42,1654779594161825,1654779594161825,
300833b2ddd9014000030009,1,1,2580,-46,1654779594163322,1654779594163322,
300833b2ddd9014000030001,1,1,1272,-60,1654779594164785,1654779594164785,
300833b2ddd9014000030002,1,1,188,-47,1654779594201091,1654779594201091,
300833b2ddd9014000030001,1,1,1100,-61,1654779594202775,1654779594202775,
300833b2ddd9014000030008,1,1,3240,-42,1654779594204453,1654779594204453,
300833b2ddd9014000030009,1,1,2600,-46,1654779594205655,1654779594205655,
300833b2ddd9014000030008,1,1,3240,-42,1654779594210760,1654779594210760,
300833b2ddd9014000030009,1,1,2592,-46,1654779594212411,1654779594212411,
300833b2ddd9014000030001,1,1,1076,-60,1654779594213496,1654779594213496,
300833b2ddd9014000030002,1,1,180,-48,1654779594214712,1654779594214712,
300833b2ddd9014000030002,1,1,192,-48,1654779594245555,1654779594245555,
300833b2ddd9014000030009,1,1,2616,-46,1654779594247527,1654779594247527,
300833b2ddd9014000030008,1,1,3276,-42,1654779594248627,1654779594248627,
300833b2ddd9014000030001,1,1,1036,-61,1654779594249832,1654779594249832,
300833b2ddd9014000030002,1,1,204,-48,1654779594252594,1654779594252594,
300833b2ddd9014000030008,1,1,3268,-42,1654779594254155,1654779594254155,
300833b2ddd9014000030001,1,1,1064,-60,1654779594255248,1654779594255248,
300833b2ddd9014000030009,1,1,2612,-46,1654779594257652,1654779594257652,
300833b2ddd9014000030008,1,1,3280,-42,1654779594288590,1654779594288590,
300833b2ddd9014000030002,1,1,208,-48,1654779594290312,1654779594290312,
300833b2ddd9014000030009,1,1,2616,-46,1654779594291638,1654779594291638,
300833b2ddd9014000030001,1,1,948,-60,1654779594292769,1654779594292769,
300833b2ddd9014000030009,1,1,2628,-46,1654779594296391,1654779594296391,
300833b2ddd9014000030008,1,1,3304,-43,1654779594298089,1654779594298089,
300833b2ddd9014000030002,1,1,204,-48,1654779594299668,1654779594299668,
300833b2ddd9014000030001,1,1,916,-59,1654779594301156,1654779594301156,
300833b2ddd9014000030009,1,1,2640,-46,1654779594330789,1654779594330789,
300833b2ddd9014000030001,1,1,920,-59,1654779594332388,1654779594332388,
300833b2ddd9014000030008,1,1,3308,-43,1654779594334208,1654779594334208,
300833b2ddd9014000030009,1,1,2608,-46,1654779594338661,1654779594338661,
300833b2ddd9014000030001,1,1,868,-59,1654779594339691,1654779594339691,
300833b2ddd9014000030008,1,1,3296,-43,1654779594340788,1654779594340788,
300833b2ddd9014000030002,1,1,200,-48,1654779594342368,1654779594342368,
300833b2ddd9014000030008,1,1,3304,-43,1654779594374317,1654779594374317,
300833b2ddd9014000030002,1,1,216,-48,1654779594375443,1654779594375443,
300833b2ddd9014000030009,1,1,2624,-47,1654779594376966,1654779594376966,
300833b2ddd9014000030001,1,1,884,-59,1654779594378081,1654779594378081,
300833b2ddd9014000030008,1,1,3320,-43,1654779594382287,1654779594382287,
300833b2ddd9014000030002,1,1,236,-48,1654779594383851,1654779594383851,
300833b2ddd9014000030009,1,1,2632,-47,1654779594385431,1654779594385431,
300833b2ddd9014000030001,1,1,916,-59,1654779594386493,1654779594386493,
300833b2ddd9014000030008,1,1,3312,-43,1654779594417802,1654779594417802,
300833b2ddd9014000030009,1,1,2612,-46,1654779594419157,1654779594419157,
300833b2ddd9014000030001,1,1,968,-59,1654779594420983,1654779594420983,
300833b2ddd9014000030008,1,1,3308,-43,1654779594425621,1654779594425621,
300833b2ddd9014000030002,1,1,236,-48,1654779594427076,1654779594427076,
300833b2ddd9014000030009,1,1,2640,-47,1654779594428160,1654779594428160,
300833b2ddd9014000030001,1,1,836,-59,1654779594429236,1654779594429236,
300833b2ddd9014000030009,1,1,2620,-46,1654779594460145,1654779594460145,
300833b2ddd9014000030008,1,1,3312,-43,1654779594461626,1654779594461626,
300833b2ddd9014000030002,1,1,240,-48,1654779594463163,1654779594463163,
300833b2ddd9014000030001,1,1,828,-59,1654779594464623,1654779594464623,
300833b2ddd9014000030008,1,1,3312,-43,1654779594467635,1654779594467635,
300833b2ddd9014000030009,1,1,2628,-46,1654779594469333,1654779594469333,
300833b2ddd9014000030002,1,1,236,-48,1654779594470359,1654779594470359,
300833b2ddd9014000030001,1,1,928,-59,1654779594471475,1654779594471475,
300833b2ddd9014000030008,1,1,3308,-43,1654779594502035,1654779594502035,
300833b2ddd9014000030009,1,1,2628,-46,1654779594503601,1654779594503601,
300833b2ddd9014000030002,1,1,236,-48,1654779594506602,1654779594506602,
300833b2ddd9014000030001,1,1,884,-59,1654779594508089,1654779594508089,
300833b2ddd9014000030002,1,1,236,-48,1654779594510821,1654779594510821,
300833b2ddd9014000030008,1,1,3308,-43,1654779594511905,1654779594511905,
300833b2ddd9014000030009,1,1,2644,-46,1654779594512989,1654779594512989,
300833b2ddd9014000030001,1,1,916,-59,1654779594514598,1654779594514598,
300833b2ddd9014000030001,1,1,872,-58,1654779594546516,1654779594546516,
300833b2ddd9014000030008,1,1,3296,-43,1654779594547656,1654779594547656,
300833b2ddd9014000030002,1,1,220,-48,1654779594549522,1654779594549522,
300833b2ddd9014000030009,1,1,2636,-46,1654779594550576,1654779594550576,
300833b2ddd9014000030009,1,1,2640,-46,1654779594555219,1654779594555219,
300833b2ddd9014000030008,1,1,3312,-43,1654779594556245,1654779594556245,
300833b2ddd9014000030001,1,1,888,-59,1654779594557545,1654779594557545,
300833b2ddd9014000030002,1,1,232,-48,1654779594558685,1654779594558685,
300833b2ddd9014000030009,1,1,2636,-47,1654779594590376,1654779594590376,
300833b2ddd9014000030008,1,1,3316,-43,1654779594592071,1654779594592071,
300833b2ddd9014000030002,1,1,248,-48,1654779594593367,1654779594593367,
300833b2ddd9014000030001,1,1,948,-59,1654779594594470,1654779594594470,
300833b2ddd9014000030002,1,1,236,-48,1654779594597857,1654779594597857,
300833b2ddd9014000030009,1,1,2652,-46,1654779594598938,1654779594598938,
300833b2ddd9014000030001,1,1,884,-59,1654779594600739,1654779594600739,
300833b2ddd9014000030008,1,1,3308,-43,1654779594601835,1654779594601835,
300833b2ddd9014000030008,1,1,3316,-43,1654779594634017,1654779594634017,
300833b2ddd9014000030002,1,1,240,-48,1654779594635244,1654779594635244,
300833b2ddd9014000030009,1,1,2652,-46,1654779594636825,1654779594636825,
300833b2ddd9014000030001,1,1,852,-58,1654779594638059,1654779594638059,
300833b2ddd9014000030008,1,1,3312,-43,1654779594641272,1654779594641272,
300833b2ddd9014000030002,1,1,220,-48,1654779594643032,1654779594643032,
300833b2ddd9014000030009,1,1,2636,-46,1654779594644146,1654779594644146,
300833b2ddd9014000030001,1,1,924,-58,1654779594645220,1654779594645220,
300833b2ddd9014000030002,1,1,228,-48,1654779594676070,1654779594676070,
300833b2ddd9014000030009,1,1,2644,-46,1654779594678049,1654779594678049,
300833b2ddd9014000030008,1,1,3296,-43,1654779594679377,1654779594679377,
300833b2ddd9014000030001,1,1,876,-59,1654779594680566,1654779594680566,
300833b2ddd9014000030008,1,1,3300,-43,1654779594683668,1654779594683668,
300833b2ddd9014000030001,1,1,908,-59,1654779594685026,1654779594685026,
300833b2ddd9014000030009,1,1,2648,-46,1654779594686532,1654779594686532,
300833b2ddd9014000030002,1,1,220,-48,1654779594687929,1654779594687929,
300833b2ddd9014000030001,1,1,892,-59,1654779594719984,1654779594719984,
300833b2ddd9014000030008,1,1,3316,-43,1654779594721671,1654779594721671,
300833b2ddd9014000030002,1,1,228,-48,1654779594723153,1654779594723153,
300833b2ddd9014000030009,1,1,2644,-46,1654779594724266,1654779594724266,
300833b2ddd9014000030009,1,1,2624,-46,1654779594727013,1654779594727013,
300833b2ddd9014000030008,1,1,3296,-43,1654779594728125,1654779594728125,
300833b2ddd9014000030002,1,1,228,-48,1654779594729916,1654779594729916,
300833b2ddd9014000030001,1,1,920,-59,1654779594731004,1654779594731004,
300833b2ddd9014000030001,1,1,880,-59,1654779594762397,1654779594762397,
300833b2ddd9014000030002,1,1,228,-48,1654779594764331,1654779594764331,
300833b2ddd9014000030008,1,1,3320,-43,1654779594765881,1654779594765881,
300833b2ddd9014000030009,1,1,2620,-46,1654779594767308,1654779594767308,
300833b2ddd9014000030008,1,1,3312,-43,1654779594771166,1654779594771166,
300833b2ddd9014000030009,1,1,2644,-46,1654779594772521,1654779594772521,
300833b2ddd9014000030001,1,1,908,-59,1654779594773968,1654779594773968,
300833b2ddd9014000030002,1,1,224,-48,1654779594775067,1654779594775067,
300833b2ddd9014000030009,1,1,2668,-46,1654779594804743,1654779594804743,
300833b2ddd9014000030008,1,1,3296,-43,1654779594806112,1654779594806112,
300833b2ddd9014000030001,1,1,884,-59,1654779594807198,1654779594807198,
300833b2ddd9014000030002,1,1,216,-48,1654779594808240,1654779594808240,
300833b2ddd9014000030009,1,1,2668,-46,1654779594813427,1654779594813427,
300833b2ddd9014000030002,1,1,232,-48,1654779594814538,1654779594814538,
300833b2ddd9014000030008,1,1,3288,-43,1654779594816346,1654779594816346,
300833b2ddd9014000030001,1,1,908,-59,1654779594817463,1654779594817463,
300833b2ddd9014000030009,1,1,2640,-46,1654779594848676,1654779594848676,
300833b2ddd9014000030008,1,1,3284,-43,1654779594849832,1654779594849832,
300833b2ddd9014000030002,1,1,232,-48,1654779594851324,1654779594851324,
300833b2ddd9014000030001,1,1,884,-59,1654779594853720,1654779594853720,
300833b2ddd9014000030009,1,1,2628,-46,1654779594857836,1654779594857836,
300833b2ddd9014000030008,1,1,3300,-43,1654779594859501,1654779594859501,
300833b2ddd9014000030001,1,1,868,-59,1654779594860578,1654779594860578,
300833b2ddd9014000030002,1,1,228,-48,1654779594862241,1654779594862241,
300833b2ddd9014000030001,1,1,932,-59,1654779594891990,1654779594891990,
300833b2ddd9014000030009,1,1,2640,-46,1654779594893315,1654779594893315,
300833b2ddd9014000030002,1,1,220,-48,1654779594894342,1654779594894342,
300833b2ddd9014000030008,1,1,3300,-43,1654779594895436,1654779594895436,
300833b2ddd9014000030002,1,1,228,-48,1654779594900759,1654779594900759,
300833b2ddd9014000030009,1,1,2668,-46,1654779594902681,1654779594902681,
300833b2ddd9014000030008,1,1,3280,-43,1654779594904005,1654779594904005,
300833b2ddd9014000030001,1,1,932,-59,1654779594905207,1654779594905207,
300833b2ddd9014000030002,1,1,216,-48,1654779594935712,1654779594935712,
300833b2ddd9014000030009,1,1,2632,-46,1654779594936796,1654779594936796,
300833b2ddd9014000030008,1,1,3292,-43,1654779594938119,1654779594938119,
300833b2ddd9014000030001,1,1,884,-59,1654779594940031,1654779594940031,
300833b2ddd9014000030002,1,1,220,-48,1654779594943855,1654779594943855,
300833b2ddd9014000030001,1,1,880,-59,1654779594944918,1654779594944918,
300833b2ddd9014000030009,1,1,2628,-46,1654779594946992,1654779594946992,
300833b2ddd9014000030008,1,1,3300,-43,1654779594948104,1654779594948104,
300833b2ddd9014000030008,1,1,3292,-43,1654779594979766,1654779594979766,
300833b2ddd9014000030001,1,1,932,-59,1654779594980854,1654779594980854,
300833b2ddd9014000030009,1,1,2624,-46,1654779594981967,1654779594981967,
300833b2ddd9014000030002,1,1,220,-48,1654779594983947,1654779594983947,
300833b2ddd9014000030009,1,1,2632,-46,1654779594988034,1654779594988034,
300833b2ddd9014000030008,1,1,3300,-43,1654779594989581,1654779594989581,
300833b2ddd9014000030002,1,1,204,-48,1654779594990653,1654779594990653,
300833b2ddd9014000030001,1,1,900,-59,1654779594992024,1654779594992024,
300833b2ddd9014000030008,1,1,3300,-43,1654779595023559,1654779595023559,
300833b2ddd9014000030002,1,1,212,-48,1654779595024872,1654779595024872,
300833b2ddd9014000030001,1,1,980,-59,1654779595025932,1654779595025932,
300833b2ddd9014000030009,1,1,2628,-46,1654779595027200,1654779595027200,
300833b2ddd9014000030009,1,1,2640,-46,1654779595032122,1654779595032122,
300833b2ddd9014000030008,1,1,3296,-43,1654779595033267,1654779595033267,
300833b2ddd9014000030002,1,1,208,-48,1654779595034818,1654779595034818,
300833b2ddd9014000030001,1,1,968,-58,1654779595037000,1654779595037000,
300833b2ddd9014000030001,1,1,972,-58,1654779595067795,1654779595067795,
300833b2ddd9014000030008,1,1,3280,-43,1654779595069104,1654779595069104,
300833b2ddd9014000030002,1,1,216,-48,1654779595070924,1654779595070924,
300833b2ddd9014000030009,1,1,2640,-46,1654779595072632,1654779595072632,
300833b2ddd9014000030001,1,1,968,-59,1654779595076226,1654779595076226,
300833b2ddd9014000030008,1,1,3300,-43,1654779595077535,1654779595077535,
300833b2ddd9014000030002,1,1,220,-48,1654779595079131,1654779595079131,
300833b2ddd9014000030009,1,1,2632,-46,1654779595080413,1654779595080413,
300833b2ddd9014000030008,1,1,3292,-43,1654779595111936,1654779595111936,
300833b2ddd9014000030001,1,1,932,-59,1654779595113622,1654779595113622,
300833b2ddd9014000030009,1,1,2640,-46,1654779595114646,1654779595114646,
300833b2ddd9014000030002,1,1,212,-48,1654779595116002,1654779595116002,
300833b2ddd9014000030002,1,1,192,-48,1654779595119817,1654779595119817,
300833b2ddd9014000030008,1,1,3280,-43,1654779595120857,1654779595120857,
300833b2ddd9014000030009,1,1,2652,-46,1654779595122698,1654779595122698,
300833b2ddd9014000030001,1,1,972,-58,1654779595124170,1654779595124170,
300833b2ddd9014000030002,1,1,212,-48,1654779595155319,1654779595155319,
300833b2ddd9014000030008,1,1,3284,-43,1654779595157011,1654779595157011,
300833b2ddd9014000030009,1,1,2636,-46,1654779595158964,1654779595158964,
300833b2ddd9014000030001,1,1,896,-59,1654779595160368,1654779595160368,
300833b2ddd9014000030001,1,1,988,-59,1654779595163647,1654779595163647,
300833b2ddd9014000030008,1,1,3280,-43,1654779595165142,1654779595165142,
300833b2ddd9014000030009,1,1,2644,-46,1654779595166197,1654779595166197,
300833b2ddd9014000030002,1,1,208,-48,1654779595167909,1654779595167909,
300833b2ddd9014000030002,1,1,216,-48,1654779595199002,1654779595199002,
300833b2ddd9014000030008,1,1,3284,-43,1654779595200060,1654779595200060,
300833b2ddd9014000030001,1,1,968,-58,1654779595201133,1654779595201133,
300833b2ddd9014000030009,1,1,2608,-46,1654779595202632,1654779595202632,
300833b2ddd9014000030008,1,1,3292,-43,1654779595205901,1654779595205901,
300833b2ddd9014000030009,1,1,2664,-46,1654779595207854,1654779595207854,
300833b2ddd9014000030002,1,1,204,-48,1654779595208937,1654779595208937,
300833b2ddd9014000030001,1,1,984,-58,1654779595209996,1654779595209996,
300833b2ddd9014000030002,1,1,216,-48,1654779595240789,1654779595240789,
300833b2ddd9014000030008,1,1,3280,-43,1654779595242229,1654779595242229,
300833b2ddd9014000030009,1,1,2648,-46,1654779595243300,1654779595243300,
300833b2ddd9014000030001,1,1,980,-58,1654779595245270,1654779595245270,
300833b2ddd9014000030002,1,1,228,-48,1654779595248235,1654779595248235,
300833b2ddd9014000030008,1,1,3276,-43,1654779595249561,1654779595249561,
300833b2ddd9014000030009,1,1,2632,-46,1654779595250901,1654779595250901,
300833b2ddd9014000030001,1,1,920,-58,1654779595253069,1654779595253069,
300833b2ddd9014000030001,1,1,944,-58,1654779595283626,1654779595283626,
300833b2ddd9014000030002,1,1,196,-48,1654779595285180,1654779595285180,
300833b2ddd9014000030009,1,1,2644,-46,1654779595286547,1654779595286547,
300833b2ddd9014000030008,1,1,3288,-43,1654779595287632,1654779595287632,
300833b2ddd9014000030009,1,1,2624,-46,1654779595292125,1654779595292125,
300833b2ddd9014000030001,1,1,920,-58,1654779595293199,1654779595293199,
300833b2ddd9014000030002,1,1,216,-48,1654779595294734,1654779595294734,
300833b2ddd9014000030008,1,1,3276,-43,1654779595296100,1654779595296100,
300833b2ddd9014000030008,1,1,3268,-43,1654779595519405,1654779595519405,
300833b2ddd9014000030002,1,1,200,-48,1654779595521583,1654779595521583,
300833b2ddd9014000030009,1,1,2632,-46,1654779595522697,1654779595522697,
300833b2ddd9014000030001,1,1,940,-59,1654779595523756,1654779595523756,
300833b2ddd9014000030001,1,1,892,-58,1654779595527095,1654779595527095,
300833b2ddd9014000030008,1,1,3268,-43,1654779595528403,1654779595528403,
300833b2ddd9014000030009,1,1,2660,-46,1654779595529489,1654779595529489,
300833b2ddd9014000030002,1,1,208,-48,1654779595532149,1654779595532149,
300833b2ddd9014000030008,1,1,3260,-43,1654779595562824,1654779595562824,
300833b2ddd9014000030009,1,1,2632,-46,1654779595565286,1654779595565286,
300833b2ddd9014000030002,1,1,216,-48,1654779595566384,1654779595566384,
300833b2ddd9014000030001,1,1,884,-58,1654779595567827,1654779595567827,
300833b2ddd9014000030008,1,1,3280,-43,1654779595571333,1654779595571333,
300833b2ddd9014000030001,1,1,868,-58,1654779595573414,1654779595573414,
300833b2ddd9014000030009,1,1,2660,-46,1654779595574512,1654779595574512,
300833b2ddd9014000030002,1,1,208,-48,1654779595575752,1654779595575752,
300833b2ddd9014000030002,1,1,204,-48,1654779595605800,1654779595605800,
300833b2ddd9014000030009,1,1,2628,-46,1654779595606872,1654779595606872,
300833b2ddd9014000030008,1,1,3288,-43,1654779595608179,1654779595608179,
300833b2ddd9014000030001,1,1,880,-59,1654779595610321,1654779595610321,
300833b2ddd9014000030008,1,1,3272,-43,1654779595614871,1654779595614871,
300833b2ddd9014000030001,1,1,900,-58,1654779595616302,1654779595616302,
300833b2ddd9014000030009,1,1,2636,-46,1654779595617372,1654779595617372,
300833b2ddd9014000030002,1,1,216,-48,1654779595618468,1654779595618468,