epc,atenda,atendanum,phase,RSS,timestamp,timestamp2,
300833b2ddd9014000030008,1,1,3696,-44,1654779714051990,1654779714051990,
300833b2ddd9014000030002,1,1,836,-49,1654779714053683,1654779714053683,
300833b2ddd9014000030001,1,1,1440,-50,1654779714054998,1654779714054998,
300833b2ddd9014000030009,1,1,2668,-42,1654779714058763,1654779714058763,
300833b2ddd9014000030002,1,1,808,-49,1654779714059832,1654779714059832,
300833b2ddd9014000030001,1,1,1460,-50,1654779714060903,1654779714060903,
300833b2ddd9014000030008,1,1,3704,-44,1654779714062015,1654779714062015,
300833b2ddd9014000030008,1,1,3708,-44,1654779714093713,1654779714093713,
300833b2ddd9014000030002,1,1,840,-49,1654779714096176,1654779714096176,
300833b2ddd9014000030009,1,1,2656,-43,1654779714097261,1654779714097261,
300833b2ddd9014000030008,1,1,3700,-44,1654779714101045,1654779714101045,
300833b2ddd9014000030009,1,1,2668,-43,1654779714102500,1654779714102500,
300833b2ddd9014000030002,1,1,816,-49,1654779714103583,1654779714103583,
300833b2ddd9014000030001,1,1,1448,-50,1654779714105366,1654779714105366,
300833b2ddd9014000030009,1,1,2672,-42,1654779714135441,1654779714135441,
300833b2ddd9014000030001,1,1,1452,-50,1654779714137607,1654779714137607,
300833b2ddd9014000030008,1,1,3720,-44,1654779714138690,1654779714138690,
300833b2ddd9014000030002,1,1,828,-49,1654779714140157,1654779714140157,
300833b2ddd9014000030008,1,1,3708,-44,1654779714143252,1654779714143252,
300833b2ddd9014000030002,1,1,792,-49,1654779714144832,1654779714144832,
300833b2ddd9014000030009,1,1,2660,-42,1654779714146412,1654779714146412,
300833b2ddd9014000030001,1,1,1440,-50,1654779714147470,1654779714147470,
300833b2ddd9014000030002,1,1,808,-49,1654779714178927,1654779714178927,
300833b2ddd9014000030009,1,1,2672,-43,1654779714179998,1654779714179998,
300833b2ddd9014000030008,1,1,3708,-44,1654779714181363,1654779714181363,
300833b2ddd9014000030001,1,1,1456,-50,1654779714182422,1654779714182422,
300833b2ddd9014000030002,1,1,820,-49,1654779714187600,1654779714187600,
300833b2ddd9014000030008,1,1,3700,-44,1654779714189644,1654779714189644,
300833b2ddd9014000030009,1,1,2696,-42,1654779714190685,1654779714190685,
300833b2ddd9014000030001,1,1,1460,-50,1654779714192154,1654779714192154,
300833b2ddd9014000030008,1,1,3720,-44,1654779714223203,1654779714223203,
300833b2ddd9014000030009,1,1,2680,-43,1654779714224899,1654779714224899,
300833b2ddd9014000030002,1,1,808,-49,1654779714226011,1654779714226011,
300833b2ddd9014000030001,1,1,1448,-50,1654779714227367,1654779714227367,
300833b2ddd9014000030009,1,1,2680,-42,1654779714231269,1654779714231269,
300833b2ddd9014000030002,1,1,824,-49,1654779714232766,1654779714232766,
300833b2ddd9014000030001,1,1,1448,-50,1654779714233868,1654779714233868,
300833b2ddd9014000030008,1,1,3708,-44,1654779714235220,1654779714235220,
300833b2ddd9014000030008,1,1,3708,-44,1654779714266180,1654779714266180,
300833b2ddd9014000030001,1,1,1448,-50,1654779714267239,1654779714267239,
300833b2ddd9014000030009,1,1,2664,-42,1654779714268837,1654779714268837,
300833b2ddd9014000030002,1,1,828,-49,1654779714270768,1654779714270768,
300833b2ddd9014000030001,1,1,1436,-50,1654779714274405,1654779714274405,
300833b2ddd9014000030002,1,1,828,-49,1654779714275727,1654779714275727,
300833b2ddd9014000030009,1,1,2672,-42,1654779714277026,1654779714277026,
300833b2ddd9014000030008,1,1,3700,-44,1654779714278933,1654779714278933,
300833b2ddd9014000030009,1,1,2680,-43,1654779714310236,1654779714310236,
300833b2ddd9014000030002,1,1,812,-49,1654779714312427,1654779714312427,
300833b2ddd9014000030008,1,1,3696,-44,1654779714313496,1654779714313496,
300833b2ddd9014000030001,1,1,1460,-50,1654779714314951,1654779714314951,
300833b2ddd9014000030009,1,1,2688,-43,1654779714318434,1654779714318434,
300833b2ddd9014000030008,1,1,3716,-44,1654779714319633,1654779714319633,
300833b2ddd9014000030002,1,1,832,-49,1654779714320957,1654779714320957,
300833b2ddd9014000030001,1,1,1448,-50,1654779714322669,1654779714322669,
300833b2ddd9014000030009,1,1,2692,-43,1654779714352437,1654779714352437,
300833b2ddd9014000030002,1,1,772,-49,1654779714353449,1654779714353449,
300833b2ddd9014000030001,1,1,1460,-50,1654779714354790,1654779714354790,
300833b2ddd9014000030008,1,1,3712,-44,1654779714356680,1654779714356680,
300833b2ddd9014000030009,1,1,2688,-43,1654779714362033,1654779714362033,
300833b2ddd9014000030008,1,1,3708,-44,1654779714363101,1654779714363101,
300833b2ddd9014000030002,1,1,820,-49,1654779714364470,1654779714364470,
300833b2ddd9014000030001,1,1,1464,-50,1654779714365670,1654779714365670,
300833b2ddd9014000030002,1,1,808,-49,1654779714395667,1654779714395667,
300833b2ddd9014000030009,1,1,2676,-43,1654779714397604,1654779714397604,
300833b2ddd9014000030001,1,1,1448,-50,1654779714398706,1654779714398706,
300833b2ddd9014000030008,1,1,3700,-44,1654779714400045,1654779714400045,
300833b2ddd9014000030008,1,1,3708,-45,1654779714403703,1654779714403703,
300833b2ddd9014000030001,1,1,1444,-50,1654779714404766,1654779714404766,
300833b2ddd9014000030002,1,1,824,-49,1654779714406331,1654779714406331,
300833b2ddd9014000030009,1,1,2668,-42,1654779714407728,1654779714407728,
300833b2ddd9014000030009,1,1,2680,-43,1654779714438748,1654779714438748,
300833b2ddd9014000030001,1,1,1456,-50,1654779714440901,1654779714440901,
300833b2ddd9014000030008,1,1,3724,-44,1654779714441982,1654779714441982,
300833b2ddd9014000030002,1,1,816,-49,1654779714443708,1654779714443708,
300833b2ddd9014000030001,1,1,1440,-50,1654779714447858,1654779714447858,
300833b2ddd9014000030008,1,1,3696,-44,1654779714448913,1654779714448913,
300833b2ddd9014000030009,1,1,2684,-43,1654779714449955,1654779714449955,
300833b2ddd9014000030002,1,1,812,-49,1654779714451476,1654779714451476,
300833b2ddd9014000030009,1,1,2680,-43,1654779714481163,1654779714481163,
300833b2ddd9014000030001,1,1,1440,-50,1654779714482293,1654779714482293,
300833b2ddd9014000030002,1,1,816,-49,1654779714484128,1654779714484128,
300833b2ddd9014000030008,1,1,3708,-44,1654779714485237,1654779714485237,
300833b2ddd9014000030009,1,1,2688,-43,1654779714490213,1654779714490213,
300833b2ddd9014000030001,1,1,1436,-50,1654779714492180,1654779714492180,
300833b2ddd9014000030008,1,1,3696,-44,1654779714493236,1654779714493236,
300833b2ddd9014000030002,1,1,820,-49,1654779714494449,1654779714494449,
300833b2ddd9014000030002,1,1,820,-49,1654779714524513,1654779714524513,
300833b2ddd9014000030008,1,1,3700,-44,1654779714525851,1654779714525851,
300833b2ddd9014000030009,1,1,2696,-43,1654779714527163,1654779714527163,
300833b2ddd9014000030001,1,1,1440,-50,1654779714529298,1654779714529298,
300833b2ddd9014000030001,1,1,1436,-50,1654779714533182,1654779714533182,
300833b2ddd9014000030009,1,1,2692,-43,1654779714534764,1654779714534764,
300833b2ddd9014000030002,1,1,808,-49,1654779714535849,1654779714535849,
300833b2ddd9014000030008,1,1,3692,-44,1654779714536973,1654779714536973,
300833b2ddd9014000030009,1,1,2692,-43,1654779714568931,1654779714568931,
300833b2ddd9014000030001,1,1,1436,-50,1654779714570258,1654779714570258,
300833b2ddd9014000030002,1,1,804,-49,1654779714571796,1654779714571796,
300833b2ddd9014000030008,1,1,3712,-44,1654779714573090,1654779714573090,
300833b2ddd9014000030009,1,1,2688,-43,1654779714578028,1654779714578028,
300833b2ddd9014000030002,1,1,804,-49,1654779714579255,1654779714579255,
300833b2ddd9014000030001,1,1,1432,-50,1654779714580617,1654779714580617,
300833b2ddd9014000030008,1,1,3700,-44,1654779714581754,1654779714581754,
300833b2ddd9014000030001,1,1,1456,-50,1654779714612527,1654779714612527,
300833b2ddd9014000030009,1,1,2676,-43,1654779714613612,1654779714613612,
300833b2ddd9014000030008,1,1,3724,-44,1654779714614652,1654779714614652,
300833b2ddd9014000030002,1,1,816,-49,1654779714616219,1654779714616219,
300833b2ddd9014000030009,1,1,2680,-43,1654779714620409,1654779714620409,
300833b2ddd9014000030002,1,1,824,-49,1654779714621748,1654779714621748,
300833b2ddd9014000030008,1,1,3728,-44,1654779714623101,1654779714623101,
300833b2ddd9014000030001,1,1,1452,-50,1654779714624655,1654779714624655,
300833b2ddd9014000030009,1,1,2688,-43,1654779714657057,1654779714657057,
300833b2ddd9014000030008,1,1,3728,-44,1654779714658365,1654779714658365,
300833b2ddd9014000030002,1,1,840,-49,1654779714659392,1654779714659392,
300833b2ddd9014000030001,1,1,1432,-50,1654779714660635,1654779714660635,
300833b2ddd9014000030009,1,1,2672,-43,1654779714665114,1654779714665114,
300833b2ddd9014000030008,1,1,3708,-44,1654779714667100,1654779714667100,
300833b2ddd9014000030001,1,1,1436,-50,1654779714668159,1654779714668159,
300833b2ddd9014000030002,1,1,828,-49,1654779714670081,1654779714670081,
300833b2ddd9014000030002,1,1,824,-49,1654779714699993,1654779714699993,
300833b2ddd9014000030008,1,1,3696,-44,1654779714701930,1654779714701930,
300833b2ddd9014000030009,1,1,2672,-43,1654779714703255,1654779714703255,
300833b2ddd9014000030001,1,1,1432,-50,1654779714704485,1654779714704485,
300833b2ddd9014000030008,1,1,3720,-44,1654779714707671,1654779714707671,
300833b2ddd9014000030009,1,1,2700,-43,1654779714709404,1654779714709404,
300833b2ddd9014000030001,1,1,1468,-50,1654779714710946,1654779714710946,
300833b2ddd9014000030002,1,1,792,-49,1654779714712384,1654779714712384,
300833b2ddd9014000030008,1,1,3724,-44,1654779714742320,1654779714742320,
300833b2ddd9014000030009,1,1,2696,-43,1654779714743646,1654779714743646,
300833b2ddd9014000030002,1,1,824,-49,1654779714746916,1654779714746916,
300833b2ddd9014000030009,1,1,2688,-43,1654779714749894,1654779714749894,
300833b2ddd9014000030008,1,1,3716,-44,1654779714751249,1654779714751249,
300833b2ddd9014000030001,1,1,1424,-50,1654779714752789,1654779714752789,
300833b2ddd9014000030002,1,1,812,-49,1654779714755133,1654779714755133,
300833b2ddd9014000030009,1,1,2688,-43,1654779714785395,1654779714785395,
300833b2ddd9014000030001,1,1,1436,-50,1654779714787384,1654779714787384,
300833b2ddd9014000030002,1,1,836,-49,1654779714788496,1654779714788496,
300833b2ddd9014000030008,1,1,3708,-44,1654779714789579,1654779714789579,
300833b2ddd9014000030002,1,1,836,-49,1654779714793191,1654779714793191,
300833b2ddd9014000030009,1,1,2704,-43,1654779714794290,1654779714794290,
300833b2ddd9014000030008,1,1,3724,-44,1654779714796137,1654779714796137,
300833b2ddd9014000030001,1,1,1452,-50,1654779714797210,1654779714797210,
300833b2ddd9014000030008,1,1,3712,-44,1654779714828945,1654779714828945,
300833b2ddd9014000030009,1,1,2700,-43,1654779714830672,1654779714830672,
300833b2ddd9014000030001,1,1,1424,-50,1654779714831775,1654779714831775,
300833b2ddd9014000030002,1,1,828,-49,1654779714833469,1654779714833469,
300833b2ddd9014000030002,1,1,820,-49,1654779714836391,1654779714836391,
300833b2ddd9014000030008,1,1,3720,-44,1654779714837418,1654779714837418,
300833b2ddd9014000030009,1,1,2680,-43,1654779714838433,1654779714838433,
300833b2ddd9014000030001,1,1,1440,-50,1654779714840200,1654779714840200,
300833b2ddd9014000030001,1,1,1440,-50,1654779714871660,1654779714871660,
300833b2ddd9014000030008,1,1,3720,-44,1654779714872744,1654779714872744,
300833b2ddd9014000030009,1,1,2688,-43,1654779714875683,1654779714875683,
300833b2ddd9014000030002,1,1,820,-49,1654779714876965,1654779714876965,
300833b2ddd9014000030002,1,1,844,-49,1654779714880632,1654779714880632,
300833b2ddd9014000030009,1,1,2684,-43,1654779714882286,1654779714882286,
300833b2ddd9014000030008,1,1,3728,-44,1654779714883340,1654779714883340,
300833b2ddd9014000030001,1,1,1436,-50,1654779714885294,1654779714885294,
300833b2ddd9014000030009,1,1,2688,-43,1654779714915130,1654779714915130,
300833b2ddd9014000030008,1,1,3716,-44,1654779714917088,1654779714917088,
300833b2ddd9014000030002,1,1,852,-49,1654779714918386,1654779714918386,
300833b2ddd9014000030001,1,1,1436,-50,1654779714920056,1654779714920056,
300833b2ddd9014000030008,1,1,3712,-44,1654779714923334,1654779714923334,
300833b2ddd9014000030009,1,1,2680,-43,1654779714925052,1654779714925052,
300833b2ddd9014000030001,1,1,1440,-50,1654779714927845,1654779714927845,
300833b2ddd9014000030002,1,1,816,-49,1654779714928943,1654779714928943,
300833b2ddd9014000030002,1,1,816,-48,1654779714959101,1654779714959101,
300833b2ddd9014000030008,1,1,3724,-44,1654779714961456,1654779714961456,
300833b2ddd9014000030009,1,1,2704,-43,1654779714962525,1654779714962525,
300833b2ddd9014000030001,1,1,1452,-50,1654779714963755,1654779714963755,
300833b2ddd9014000030001,1,1,1460,-50,1654779714966757,1654779714966757,
300833b2ddd9014000030009,1,1,2680,-43,1654779714967800,1654779714967800,
300833b2ddd9014000030002,1,1,844,-49,1654779714968869,1654779714968869,
300833b2ddd9014000030008,1,1,3728,-44,1654779714970706,1654779714970706,
300833b2ddd9014000030001,1,1,1464,-50,1654779715002060,1654779715002060,
300833b2ddd9014000030009,1,1,2676,-43,1654779715003388,1654779715003388,
300833b2ddd9014000030008,1,1,3724,-44,1654779715004456,1654779715004456,
300833b2ddd9014000030002,1,1,832,-49,1654779715006902,1654779715006902,
300833b2ddd9014000030009,1,1,2692,-43,1654779715011058,1654779715011058,
300833b2ddd9014000030008,1,1,3724,-44,1654779715013284,1654779715013284,
300833b2ddd9014000030001,1,1,1464,-50,1654779715014344,1654779715014344,
300833b2ddd9014000030002,1,1,820,-49,1654779715015825,1654779715015825,
300833b2ddd9014000030001,1,1,1456,-50,1654779715045655,1654779715045655,
300833b2ddd9014000030008,1,1,3712,-44,1654779715046936,1654779715046936,
300833b2ddd9014000030009,1,1,2692,-43,1654779715048049,1654779715048049,
300833b2ddd9014000030002,1,1,824,-49,1654779715049118,1654779715049118,
300833b2ddd9014000030009,1,1,2680,-43,1654779715055380,1654779715055380,
300833b2ddd9014000030008,1,1,3716,-44,1654779715056732,1654779715056732,
300833b2ddd9014000030001,1,1,1444,-50,1654779715057849,1654779715057849,
300833b2ddd9014000030002,1,1,824,-49,1654779715059305,1654779715059305,
300833b2ddd9014000030009,1,1,2684,-43,1654779715089740,1654779715089740,
300833b2ddd9014000030008,1,1,3720,-44,1654779715090850,1654779715090850,
300833b2ddd9014000030002,1,1,816,-49,1654779715092217,1654779715092217,
300833b2ddd9014000030001,1,1,1432,-50,1654779715094611,1654779715094611,
300833b2ddd9014000030008,1,1,3712,-44,1654779715098464,1654779715098464,
300833b2ddd9014000030001,1,1,1440,-50,1654779715099598,1654779715099598,
300833b2ddd9014000030009,1,1,2684,-43,1654779715101378,1654779715101378,
300833b2ddd9014000030002,1,1,824,-49,1654779715102721,1654779715102721,
300833b2ddd9014000030009,1,1,2692,-43,1654779715134447,1654779715134447,
300833b2ddd9014000030008,1,1,3712,-44,1654779715135556,1654779715135556,
300833b2ddd9014000030002,1,1,800,-49,1654779715138315,1654779715138315,
300833b2ddd9014000030001,1,1,1456,-50,1654779715139841,1654779715139841,
300833b2ddd9014000030008,1,1,3708,-44,1654779715143619,1654779715143619,
300833b2ddd9014000030009,1,1,2680,-43,1654779715144945,1654779715144945,
300833b2ddd9014000030002,1,1,820,-49,1654779715147238,1654779715147238,
300833b2ddd9014000030001,1,1,1444,-50,1654779715148808,1654779715148808,
300833b2ddd9014000030001,1,1,1460,-50,1654779715179965,1654779715179965,
300833b2ddd9014000030009,1,1,2684,-43,1654779715181262,1654779715181262,
300833b2ddd9014000030008,1,1,3704,-44,1654779715182360,1654779715182360,
300833b2ddd9014000030002,1,1,808,-49,1654779715183947,1654779715183947,
300833b2ddd9014000030001,1,1,1440,-50,1654779715188266,1654779715188266,
300833b2ddd9014000030002,1,1,808,-49,1654779715189378,1654779715189378,
300833b2ddd9014000030009,1,1,2688,-43,1654779715190689,1654779715190689,
300833b2ddd9014000030008,1,1,3708,-44,1654779715192239,1654779715192239,
300833b2ddd9014000030009,1,1,2700,-43,1654779715225665,1654779715225665,
300833b2ddd9014000030001,1,1,1448,-50,1654779715226752,1654779715226752,
300833b2ddd9014000030008,1,1,3728,-44,1654779715228638,1654779715228638,
300833b2ddd9014000030002,1,1,812,-49,1654779715229721,1654779715229721,
300833b2ddd9014000030001,1,1,1472,-50,1654779715234314,1654779715234314,
300833b2ddd9014000030008,1,1,3712,-44,1654779715236298,1654779715236298,
300833b2ddd9014000030009,1,1,2668,-43,1654779715237343,1654779715237343,
300833b2ddd9014000030002,1,1,784,-49,1654779715238812,1654779715238812,
300833b2ddd9014000030002,1,1,816,-49,1654779715269527,1654779715269527,
300833b2ddd9014000030008,1,1,3712,-44,1654779715270608,1654779715270608,
300833b2ddd9014000030009,1,1,2684,-43,1654779715271667,1654779715271667,
300833b2ddd9014000030001,1,1,1432,-50,1654779715274103,1654779715274103,
300833b2ddd9014000030009,1,1,2676,-43,1654779715279308,1654779715279308,
300833b2ddd9014000030008,1,1,3712,-44,1654779715281094,1654779715281094,
300833b2ddd9014000030002,1,1,808,-49,1654779715283128,1654779715283128,
300833b2ddd9014000030001,1,1,1436,-50,1654779715284827,1654779715284827,
300833b2ddd9014000030001,1,1,1456,-50,1654779715315041,1654779715315041,
300833b2ddd9014000030009,1,1,2672,-43,1654779715316100,1654779715316100,
300833b2ddd9014000030002,1,1,820,-49,1654779715317677,1654779715317677,
300833b2ddd9014000030008,1,1,3708,-44,1654779715318790,1654779715318790,
300833b2ddd9014000030001,1,1,1480,-50,1654779715323000,1654779715323000,
300833b2ddd9014000030008,1,1,3708,-44,1654779715324052,1654779715324052,
300833b2ddd9014000030009,1,1,2676,-43,1654779715325170,1654779715325170,
300833b2ddd9014000030002,1,1,836,-49,1654779715326238,1654779715326238,
300833b2ddd9014000030001,1,1,1452,-50,1654779715358568,1654779715358568,
300833b2ddd9014000030009,1,1,2700,-43,1654779715359865,1654779715359865,
300833b2ddd9014000030002,1,1,816,-49,1654779715360935,1654779715360935,
300833b2ddd9014000030008,1,1,3716,-44,1654779715361989,1654779715361989,
300833b2ddd9014000030001,1,1,1456,-50,1654779715368164,1654779715368164,
300833b2ddd9014000030009,1,1,2688,-43,1654779715369248,1654779715369248,
300833b2ddd9014000030008,1,1,3708,-44,1654779715370544,1654779715370544,
300833b2ddd9014000030002,1,1,832,-49,1654779715371996,1654779715371996,
300833b2ddd9014000030009,1,1,2672,-43,1654779715402041,1654779715402041,
300833b2ddd9014000030008,1,1,3700,-44,1654779715404642,1654779715404642,
300833b2ddd9014000030001,1,1,1452,-50,1654779715405746,1654779715405746,
300833b2ddd9014000030002,1,1,804,-49,1654779715406931,1654779715406931,
300833b2ddd9014000030002,1,1,796,-49,1654779715409672,1654779715409672,
300833b2ddd9014000030008,1,1,3708,-44,1654779715411848,1654779715411848,
300833b2ddd9014000030009,1,1,2688,-43,1654779715412976,1654779715412976,
300833b2ddd9014000030001,1,1,1452,-50,1654779715414406,1654779715414406,
300833b2ddd9014000030001,1,1,1460,-50,1654779715444858,1654779715444858,
300833b2ddd9014000030002,1,1,812,-49,1654779715445941,1654779715445941,
300833b2ddd9014000030009,1,1,2672,-43,1654779715447707,1654779715447707,
300833b2ddd9014000030008,1,1,3696,-44,1654779715449414,1654779715449414,
300833b2ddd9014000030002,1,1,788,-49,1654779715453340,1654779715453340,
300833b2ddd9014000030009,1,1,2692,-43,1654779715454409,1654779715454409,
300833b2ddd9014000030001,1,1,1456,-50,1654779715455736,1654779715455736,
300833b2ddd9014000030008,1,1,3692,-44,1654779715457058,1654779715457058,
300833b2ddd9014000030009,1,1,2688,-43,1654779715489881,1654779715489881,
300833b2ddd9014000030008,1,1,3684,-44,1654779715491191,1654779715491191,
300833b2ddd9014000030002,1,1,808,-49,1654779715492460,1654779715492460,
300833b2ddd9014000030001,1,1,1452,-50,1654779715493548,1654779715493548,
300833b2ddd9014000030008,1,1,3696,-44,1654779715496519,1654779715496519,
300833b2ddd9014000030009,1,1,2692,-43,1654779715497618,1654779715497618,
300833b2ddd9014000030002,1,1,816,-49,1654779715499199,1654779715499199,
300833b2ddd9014000030001,1,1,1488,-50,1654779715500287,1654779715500287,
300833b2ddd9014000030009,1,1,2700,-43,1654779715532088,1654779715532088,
300833b2ddd9014000030001,1,1,1452,-50,1654779715533456,1654779715533456,
300833b2ddd9014000030008,1,1,3688,-44,1654779715535011,1654779715535011,
300833b2ddd9014000030002,1,1,804,-49,1654779715536974,1654779715536974,
300833b2ddd9014000030001,1,1,1464,-50,1654779715540864,1654779715540864,
300833b2ddd9014000030002,1,1,820,-49,1654779715541907,1654779715541907,
300833b2ddd9014000030009,1,1,2688,-43,1654779715543403,1654779715543403,
300833b2ddd9014000030008,1,1,3692,-44,1654779715544484,1654779715544484,
300833b2ddd9014000030008,1,1,3668,-45,1654779715577663,1654779715577663,
300833b2ddd9014000030009,1,1,2672,-43,1654779715578989,1654779715578989,
300833b2ddd9014000030002,1,1,796,-49,1654779715580540,1654779715580540,
300833b2ddd9014000030001,1,1,1468,-50,1654779715583076,1654779715583076,
300833b2ddd9014000030009,1,1,2672,-43,1654779715585806,1654779715585806,
300833b2ddd9014000030002,1,1,808,-49,1654779715587443,1654779715587443,
300833b2ddd9014000030008,1,1,3704,-45,1654779715588756,1654779715588756,
300833b2ddd9014000030001,1,1,1460,-50,1654779715590709,1654779715590709,
300833b2ddd9014000030002,1,1,804,-49,1654779715621696,1654779715621696,
300833b2ddd9014000030009,1,1,2688,-43,1654779715624535,1654779715624535,
300833b2ddd9014000030008,1,1,3668,-45,1654779715625608,1654779715625608,
300833b2ddd9014000030001,1,1,1468,-50,1654779715626883,1654779715626883,
300833b2ddd9014000030002,1,1,812,-49,1654779715630371,1654779715630371,
300833b2ddd9014000030009,1,1,2668,-43,1654779715632067,1654779715632067,
300833b2ddd9014000030008,1,1,3664,-45,1654779715633533,1654779715633533,
300833b2ddd9014000030001,1,1,1472,-50,1654779715635006,1654779715635006,
300833b2ddd9014000030002,1,1,784,-50,1654779715664756,1654779715664756,
300833b2ddd9014000030009,1,1,2664,-43,1654779715666340,1654779715666340,
300833b2ddd9014000030001,1,1,1504,-50,1654779715667470,1654779715667470,
300833b2ddd9014000030008,1,1,3636,-45,1654779715669089,1654779715669089,
300833b2ddd9014000030009,1,1,2668,-43,1654779715675272,1654779715675272,
300833b2ddd9014000030001,1,1,1492,-50,1654779715676715,1654779715676715,
300833b2ddd9014000030002,1,1,800,-50,1654779715677842,1654779715677842,
300833b2ddd9014000030008,1,1,3636,-45,1654779715679152,1654779715679152,
300833b2ddd9014000030009,1,1,2640,-43,1654779715709932,1654779715709932,
300833b2ddd9014000030001,1,1,1528,-49,1654779715711051,1654779715711051,
300833b2ddd9014000030002,1,1,808,-51,1654779715712431,1654779715712431,
300833b2ddd9014000030009,1,1,2640,-43,1654779715718449,1654779715718449,
300833b2ddd9014000030008,1,1,3576,-46,1654779715720476,1654779715720476,
300833b2ddd9014000030002,1,1,812,-50,1654779715721544,1654779715721544,
300833b2ddd9014000030001,1,1,1508,-49,1654779715722644,1654779715722644,
300833b2ddd9014000030009,1,1,2616,-43,1654779715753145,1654779715753145,
300833b2ddd9014000030001,1,1,1548,-49,1654779715754247,1654779715754247,
300833b2ddd9014000030008,1,1,3528,-46,1654779715755598,1654779715755598,
300833b2ddd9014000030002,1,1,788,-51,1654779715758014,1654779715758014,
300833b2ddd9014000030001,1,1,1516,-49,1654779715761656,1654779715761656,
300833b2ddd9014000030009,1,1,2624,-43,1654779715762755,1654779715762755,
300833b2ddd9014000030002,1,1,784,-51,1654779715765438,1654779715765438,
300833b2ddd9014000030008,1,1,3516,-46,1654779715766481,1654779715766481,
300833b2ddd9014000030009,1,1,2588,-43,1654779715797278,1654779715797278,
300833b2ddd9014000030001,1,1,1532,-49,1654779715798861,1654779715798861,
300833b2ddd9014000030002,1,1,776,-52,1654779715800412,1654779715800412,
300833b2ddd9014000030001,1,1,1536,-49,1654779715805083,1654779715805083,
300833b2ddd9014000030008,1,1,3424,-46,1654779715806407,1654779715806407,
300833b2ddd9014000030009,1,1,2588,-43,1654779715807477,1654779715807477,
300833b2ddd9014000030002,1,1,756,-52,1654779715809696,1654779715809696,
300833b2ddd9014000030002,1,1,752,-52,1654779715840542,1654779715840542,
300833b2ddd9014000030008,1,1,3392,-46,1654779715841624,1654779715841624,
300833b2ddd9014000030001,1,1,1572,-48,1654779715843703,1654779715843703,
300833b2ddd9014000030009,1,1,2568,-43,1654779715844772,1654779715844772,
300833b2ddd9014000030008,1,1,3360,-46,1654779715849462,1654779715849462,
300833b2ddd9014000030009,1,1,2548,-42,1654779715850576,1654779715850576,
300833b2ddd9014000030001,1,1,1532,-48,1654779715853036,1654779715853036,
300833b2ddd9014000030002,1,1,736,-52,1654779715854101,1654779715854101,
300833b2ddd9014000030008,1,1,3304,-45,1654779715884949,1654779715884949,
300833b2ddd9014000030001,1,1,1568,-48,1654779715886036,1654779715886036,
300833b2ddd9014000030009,1,1,2520,-42,1654779715887591,1654779715887591,
300833b2ddd9014000030002,1,1,664,-53,1654779715888901,1654779715888901,
300833b2ddd9014000030008,1,1,3284,-45,1654779715893075,1654779715893075,
300833b2ddd9014000030001,1,1,1580,-48,1654779715895028,1654779715895028,
300833b2ddd9014000030009,1,1,2536,-42,1654779715896640,1654779715896640,
300833b2ddd9014000030002,1,1,676,-53,1654779715898136,1654779715898136,
300833b2ddd9014000030001,1,1,1604,-48,1654779715928026,1654779715928026,
300833b2ddd9014000030009,1,1,2516,-42,1654779715930853,1654779715930853,
300833b2ddd9014000030008,1,1,3224,-44,1654779715931951,1654779715931951,
300833b2ddd9014000030002,1,1,564,-52,1654779715933177,1654779715933177,
300833b2ddd9014000030008,1,1,3228,-44,1654779715936190,1654779715936190,
300833b2ddd9014000030009,1,1,2520,-42,1654779715937234,1654779715937234,
300833b2ddd9014000030001,1,1,1608,-48,1654779715938855,1654779715938855,
300833b2ddd9014000030002,1,1,556,-53,1654779715940591,1654779715940591,
300833b2ddd9014000030001,1,1,1596,-48,1654779715972775,1654779715972775,
300833b2ddd9014000030008,1,1,3140,-43,1654779715976741,1654779715976741,
300833b2ddd9014000030009,1,1,2476,-42,1654779715978293,1654779715978293,
300833b2ddd9014000030002,1,1,416,-51,1654779715980127,1654779715980127,
300833b2ddd9014000030001,1,1,1648,-48,1654779715981840,1654779715981840,
300833b2ddd9014000030009,1,1,2480,-42,1654779716012391,1654779716012391,
300833b2ddd9014000030001,1,1,1648,-49,1654779716013675,1654779716013675,
300833b2ddd9014000030008,1,1,3104,-42,1654779716015735,1654779716015735,
300833b2ddd9014000030009,1,1,2484,-42,1654779716019984,1654779716019984,
300833b2ddd9014000030008,1,1,3104,-42,1654779716021331,1654779716021331,
300833b2ddd9014000030001,1,1,1640,-49,1654779716022952,1654779716022952,
300833b2ddd9014000030002,1,1,276,-49,1654779716025762,1654779716025762,
300833b2ddd9014000030009,1,1,2488,-43,1654779716056038,1654779716056038,
300833b2ddd9014000030002,1,1,196,-48,1654779716058613,1654779716058613,
300833b2ddd9014000030001,1,1,1676,-51,1654779716060058,1654779716060058,
300833b2ddd9014000030008,1,1,3064,-42,1654779716062771,1654779716062771,
300833b2ddd9014000030002,1,1,172,-48,1654779716063814,1654779716063814,
300833b2ddd9014000030001,1,1,1668,-51,1654779716065184,1654779716065184,
300833b2ddd9014000030009,1,1,2500,-43,1654779716066496,1654779716066496,
300833b2ddd9014000030008,1,1,3064,-42,1654779716104088,1654779716104088,
300833b2ddd9014000030001,1,1,1636,-53,1654779716106094,1654779716106094,
300833b2ddd9014000030002,1,1,112,-48,1654779716107150,1654779716107150,
300833b2ddd9014000030009,1,1,2500,-44,1654779716108446,1654779716108446,
300833b2ddd9014000030001,1,1,1640,-53,1654779716111849,1654779716111849,
300833b2ddd9014000030008,1,1,3072,-42,1654779716113158,1654779716113158,
300833b2ddd9014000030009,1,1,2504,-44,1654779716114470,1654779716114470,
300833b2ddd9014000030002,1,1,96,-47,1654779716115828,1654779716115828,
300833b2ddd9014000030009,1,1,2500,-44,1654779716147279,1654779716147279,
300833b2ddd9014000030001,1,1,1616,-55,1654779716148339,1654779716148339,
300833b2ddd9014000030008,1,1,3100,-42,1654779716149449,1654779716149449,
300833b2ddd9014000030002,1,1,72,-48,1654779716151241,1654779716151241,
300833b2ddd9014000030009,1,1,2508,-45,1654779716155969,1654779716155969,
300833b2ddd9014000030001,1,1,1612,-55,1654779716157341,1654779716157341,
300833b2ddd9014000030008,1,1,3108,-42,1654779716158891,1654779716158891,
300833b2ddd9014000030002,1,1,80,-48,1654779716160358,1654779716160358,
300833b2ddd9014000030001,1,1,1584,-56,1654779716192026,1654779716192026,
300833b2ddd9014000030002,1,1,68,-48,1654779716193433,1654779716193433,
300833b2ddd9014000030009,1,1,2544,-45,1654779716194518,1654779716194518,
300833b2ddd9014000030008,1,1,3144,-42,1654779716195587,1654779716195587,
300833b2ddd9014000030001,1,1,1528,-56,1654779716199172,1654779716199172,
300833b2ddd9014000030009,1,1,2556,-45,1654779716201095,1654779716201095,
300833b2ddd9014000030008,1,1,3148,-43,1654779716202205,1654779716202205,
300833b2ddd9014000030002,1,1,84,-48,1654779716203660,1654779716203660,
300833b2ddd9014000030001,1,1,1464,-56,1654779716234169,1654779716234169,
300833b2ddd9014000030009,1,1,2576,-45,1654779716235311,1654779716235311,
300833b2ddd9014000030002,1,1,112,-48,1654779716236409,1654779716236409,
300833b2ddd9014000030008,1,1,3180,-43,1654779716237948,1654779716237948,
300833b2ddd9014000030008,1,1,3192,-43,1654779716242256,1654779716242256,
300833b2ddd9014000030009,1,1,2592,-45,1654779716243610,1654779716243610,
300833b2ddd9014000030002,1,1,96,-48,1654779716244948,1654779716244948,
300833b2ddd9014000030001,1,1,1412,-56,1654779716247383,1654779716247383,
300833b2ddd9014000030008,1,1,3220,-43,1654779716278026,1654779716278026,
300833b2ddd9014000030009,1,1,2592,-45,1654779716280004,1654779716280004,
300833b2ddd9014000030001,1,1,1404,-56,1654779716281093,1654779716281093,
300833b2ddd9014000030002,1,1,108,-48,1654779716282190,1654779716282190,
300833b2ddd9014000030008,1,1,3224,-43,1654779716285769,1654779716285769,
300833b2ddd9014000030009,1,1,2604,-45,1654779716287351,1654779716287351,
300833b2ddd9014000030002,1,1,124,-48,1654779716289127,1654779716289127,
300833b2ddd9014000030001,1,1,1332,-56,1654779716290587,1654779716290587,
300833b2ddd9014000030009,1,1,2636,-45,1654779716321704,1654779716321704,
300833b2ddd9014000030002,1,1,112,-48,1654779716322789,1654779716322789,
300833b2ddd9014000030008,1,1,3220,-43,1654779716324069,1654779716324069,
300833b2ddd9014000030001,1,1,1332,-55,1654779716325654,1654779716325654,
300833b2ddd9014000030009,1,1,2612,-45,1654779716329893,1654779716329893,
300833b2ddd9014000030008,1,1,3236,-43,1654779716330962,1654779716330962,
300833b2ddd9014000030001,1,1,1356,-55,1654779716332744,1654779716332744,
300833b2ddd9014000030002,1,1,140,-48,1654779716333855,1654779716333855,
300833b2ddd9014000030001,1,1,1344,-55,1654779716365793,1654779716365793,
300833b2ddd9014000030009,1,1,2652,-45,1654779716367461,1654779716367461,
300833b2ddd9014000030008,1,1,3240,-43,1654779716368755,1654779716368755,
300833b2ddd9014000030002,1,1,136,-49,1654779716370252,1654779716370252,
300833b2ddd9014000030009,1,1,2612,-45,1654779716374341,1654779716374341,
300833b2ddd9014000030008,1,1,3236,-43,1654779716375410,1654779716375410,
300833b2ddd9014000030001,1,1,1312,-55,1654779716376514,1654779716376514,
300833b2ddd9014000030002,1,1,112,-49,1654779716377954,1654779716377954,
300833b2ddd9014000030001,1,1,1340,-55,1654779716408373,1654779716408373,
300833b2ddd9014000030009,1,1,2648,-45,1654779716409559,1654779716409559,
300833b2ddd9014000030008,1,1,3224,-43,1654779716410925,1654779716410925,
300833b2ddd9014000030002,1,1,136,-49,1654779716412588,1654779716412588,
300833b2ddd9014000030001,1,1,1340,-54,1654779716416520,1654779716416520,
300833b2ddd9014000030002,1,1,136,-49,1654779716417837,1654779716417837,
300833b2ddd9014000030008,1,1,3236,-43,1654779716419276,1654779716419276,
300833b2ddd9014000030009,1,1,2628,-45,1654779716420760,1654779716420760,
300833b2ddd9014000030008,1,1,3244,-44,1654779716451269,1654779716451269,
300833b2ddd9014000030002,1,1,120,-49,1654779716452497,1654779716452497,
300833b2ddd9014000030001,1,1,1340,-54,1654779716453542,1654779716453542,
300833b2ddd9014000030009,1,1,2632,-46,1654779716454610,1654779716454610,
300833b2ddd9014000030002,1,1,132,-49,1654779716458198,1654779716458198,
300833b2ddd9014000030001,1,1,1308,-54,1654779716459230,1654779716459230,
300833b2ddd9014000030008,1,1,3244,-43,1654779716461262,1654779716461262,
300833b2ddd9014000030009,1,1,2660,-46,1654779716462361,1654779716462361,
300833b2ddd9014000030002,1,1,120,-49,1654779716494657,1654779716494657,
300833b2ddd9014000030009,1,1,2628,-46,1654779716495968,1654779716495968,
300833b2ddd9014000030008,1,1,3236,-44,1654779716497082,1654779716497082,
300833b2ddd9014000030001,1,1,1356,-54,1654779716498286,1654779716498286,
300833b2ddd9014000030008,1,1,3228,-44,1654779716501512,1654779716501512,
300833b2ddd9014000030009,1,1,2632,-45,1654779716503432,1654779716503432,
300833b2ddd9014000030002,1,1,108,-49,1654779716504490,1654779716504490,
300833b2ddd9014000030001,1,1,1328,-54,1654779716505947,1654779716505947,
300833b2ddd9014000030002,1,1,108,-49,1654779716536635,1654779716536635,
300833b2ddd9014000030009,1,1,2640,-45,1654779716538118,1654779716538118,
300833b2ddd9014000030008,1,1,3228,-43,1654779716539173,1654779716539173,
300833b2ddd9014000030001,1,1,1300,-54,1654779716540262,1654779716540262,
300833b2ddd9014000030002,1,1,104,-49,1654779716543688,1654779716543688,
300833b2ddd9014000030009,1,1,2636,-46,1654779716545011,1654779716545011,
300833b2ddd9014000030008,1,1,3256,-44,1654779716547077,1654779716547077,
300833b2ddd9014000030001,1,1,1328,-54,1654779716549157,1654779716549157,
300833b2ddd9014000030008,1,1,3224,-44,1654779716579454,1654779716579454,
300833b2ddd9014000030002,1,1,84,-49,1654779716581165,1654779716581165,
300833b2ddd9014000030009,1,1,2632,-45,1654779716582275,1654779716582275,
300833b2ddd9014000030001,1,1,1316,-54,1654779716583577,1654779716583577,
300833b2ddd9014000030008,1,1,3224,-43,1654779716587161,1654779716587161,
300833b2ddd9014000030001,1,1,1320,-54,1654779716588489,1654779716588489,
300833b2ddd9014000030009,1,1,2628,-45,1654779716589786,1654779716589786,
300833b2ddd9014000030002,1,1,104,-49,1654779716591083,1654779716591083,
300833b2ddd9014000030008,1,1,3244,-44,1654779716622232,1654779716622232,
300833b2ddd9014000030001,1,1,1340,-54,1654779716623789,1654779716623789,
300833b2ddd9014000030009,1,1,2664,-46,1654779716625070,1654779716625070,
300833b2ddd9014000030001,1,1,1344,-54,1654779716629725,1654779716629725,
300833b2ddd9014000030009,1,1,2628,-45,1654779716631277,1654779716631277,
300833b2ddd9014000030008,1,1,3240,-43,1654779716632388,1654779716632388,
300833b2ddd9014000030002,1,1,120,-49,1654779716634567,1654779716634567,
300833b2ddd9014000030008,1,1,3240,-44,1654779716666238,1654779716666238,
300833b2ddd9014000030001,1,1,1296,-54,1654779716667682,1654779716667682,
300833b2ddd9014000030009,1,1,2636,-45,1654779716668819,1654779716668819,
300833b2ddd9014000030002,1,1,96,-49,1654779716670293,1654779716670293,
300833b2ddd9014000030001,1,1,1376,-54,1654779716673512,1654779716673512,
300833b2ddd9014000030008,1,1,3240,-43,1654779716674610,1654779716674610,
300833b2ddd9014000030009,1,1,2636,-45,1654779716675680,1654779716675680,
300833b2ddd9014000030002,1,1,108,-49,1654779716677217,1654779716677217,
300833b2ddd9014000030009,1,1,2636,-45,1654779716708804,1654779716708804,
300833b2ddd9014000030002,1,1,108,-49,1654779716710412,1654779716710412,
300833b2ddd9014000030008,1,1,3232,-43,1654779716711438,1654779716711438,
300833b2ddd9014000030001,1,1,1340,-54,1654779716713349,1654779716713349,
300833b2ddd9014000030002,1,1,128,-49,1654779716717733,1654779716717733,
300833b2ddd9014000030008,1,1,3232,-44,1654779716719666,1654779716719666,
300833b2ddd9014000030009,1,1,2656,-45,1654779716720994,1654779716720994,
300833b2ddd9014000030001,1,1,1312,-54,1654779716722197,1654779716722197,
300833b2ddd9014000030009,1,1,2624,-45,1654779716752616,1654779716752616,
300833b2ddd9014000030002,1,1,120,-49,1654779716754042,1654779716754042,
300833b2ddd9014000030001,1,1,1360,-53,1654779716755116,1654779716755116,
300833b2ddd9014000030008,1,1,3232,-44,1654779716756228,1654779716756228,
300833b2ddd9014000030001,1,1,1384,-54,1654779716760060,1654779716760060,
300833b2ddd9014000030008,1,1,3248,-44,1654779716761769,1654779716761769,
300833b2ddd9014000030009,1,1,2628,-46,1654779716762881,1654779716762881,
300833b2ddd9014000030002,1,1,116,-49,1654779716764191,1654779716764191,
300833b2ddd9014000030001,1,1,1368,-54,1654779716794812,1654779716794812,
300833b2ddd9014000030008,1,1,3240,-44,1654779716795923,1654779716795923,
300833b2ddd9014000030009,1,1,2636,-45,1654779716797506,1654779716797506,
300833b2ddd9014000030002,1,1,116,-49,1654779716798576,1654779716798576,
300833b2ddd9014000030009,1,1,2632,-46,1654779716803597,1654779716803597,
300833b2ddd9014000030002,1,1,108,-49,1654779716805038,1654779716805038,
300833b2ddd9014000030001,1,1,1380,-54,1654779716806352,1654779716806352,
300833b2ddd9014000030008,1,1,3232,-44,1654779716807450,1654779716807450,
300833b2ddd9014000030009,1,1,2640,-45,1654779716838030,1654779716838030,
300833b2ddd9014000030008,1,1,3224,-43,1654779716839340,1654779716839340,
300833b2ddd9014000030001,1,1,1384,-54,1654779716840640,1654779716840640,
300833b2ddd9014000030002,1,1,112,-49,1654779716841964,1654779716841964,
300833b2ddd9014000030008,1,1,3240,-44,1654779716847323,1654779716847323,
300833b2ddd9014000030001,1,1,1384,-54,1654779716848410,1654779716848410,
300833b2ddd9014000030009,1,1,2632,-45,1654779716849523,1654779716849523,
300833b2ddd9014000030002,1,1,104,-49,1654779716851248,1654779716851248,
300833b2ddd9014000030008,1,1,3228,-44,1654779716882164,1654779716882164,
300833b2ddd9014000030002,1,1,120,-49,1654779716883505,1654779716883505,
300833b2ddd9014000030001,1,1,1352,-54,1654779716885248,1654779716885248,
300833b2ddd9014000030009,1,1,2624,-45,1654779716888206,1654779716888206,
300833b2ddd9014000030008,1,1,3232,-44,1654779716889273,1654779716889273,
300833b2ddd9014000030001,1,1,1388,-54,1654779716891324,1654779716891324,
300833b2ddd9014000030002,1,1,120,-49,1654779716893408,1654779716893408,
300833b2ddd9014000030009,1,1,2664,-45,1654779716923371,1654779716923371,
300833b2ddd9014000030002,1,1,124,-49,1654779716924468,1654779716924468,
300833b2ddd9014000030008,1,1,3228,-44,1654779716926031,1654779716926031,
300833b2ddd9014000030001,1,1,1392,-54,1654779716928172,1654779716928172,
300833b2ddd9014000030002,1,1,88,-49,1654779716933199,1654779716933199,
300833b2ddd9014000030008,1,1,3236,-44,1654779716934267,1654779716934267,
300833b2ddd9014000030009,1,1,2624,-45,1654779716935294,1654779716935294,
300833b2ddd9014000030001,1,1,1384,-54,1654779716936367,1654779716936367,
300833b2ddd9014000030008,1,1,3220,-44,1654779716967168,1654779716967168,
300833b2ddd9014000030001,1,1,1348,-54,1654779716968213,1654779716968213,
300833b2ddd9014000030002,1,1,112,-49,1654779716969267,1654779716969267,
300833b2ddd9014000030009,1,1,2636,-45,1654779716972253,1654779716972253,
300833b2ddd9014000030008,1,1,3228,-44,1654779716975018,1654779716975018,
300833b2ddd9014000030001,1,1,1332,-54,1654779716976110,1654779716976110,
300833b2ddd9014000030002,1,1,112,-49,1654779716977674,1654779716977674,
300833b2ddd9014000030009,1,1,2640,-45,1654779716979255,1654779716979255,
300833b2ddd9014000030008,1,1,3236,-43,1654779717010662,1654779717010662,
300833b2ddd9014000030001,1,1,1380,-54,1654779717011994,1654779717011994,
300833b2ddd9014000030002,1,1,124,-49,1654779717013076,1654779717013076,
300833b2ddd9014000030008,1,1,3236,-44,1654779717018481,1654779717018481,
300833b2ddd9014000030009,1,1,2636,-45,1654779717019537,1654779717019537,
300833b2ddd9014000030002,1,1,132,-49,1654779717020861,1654779717020861,
300833b2ddd9014000030001,1,1,1344,-53,1654779717022758,1654779717022758,
300833b2ddd9014000030008,1,1,3224,-43,1654779717053951,1654779717053951,
300833b2ddd9014000030009,1,1,2652,-45,1654779717055591,1654779717055591,
300833b2ddd9014000030002,1,1,120,-49,1654779717056658,1654779717056658,
300833b2ddd9014000030001,1,1,1376,-54,1654779717058386,1654779717058386,
300833b2ddd9014000030002,1,1,104,-49,1654779717062112,1654779717062112,
300833b2ddd9014000030001,1,1,1324,-54,1654779717063313,1654779717063313,
300833b2ddd9014000030009,1,1,2652,-45,1654779717064439,1654779717064439,
300833b2ddd9014000030008,1,1,3244,-43,1654779717065780,1654779717065780,
300833b2ddd9014000030009,1,1,2636,-45,1654779717281049,1654779717281049,
300833b2ddd9014000030008,1,1,3244,-43,1654779717282133,1654779717282133,
300833b2ddd9014000030002,1,1,156,-49,1654779717285033,1654779717285033,
300833b2ddd9014000030001,1,1,1264,-55,1654779717286134,1654779717286134,
300833b2ddd9014000030009,1,1,2636,-46,1654779717289644,1654779717289644,
300833b2ddd9014000030008,1,1,3260,-43,1654779717291608,1654779717291608,
300833b2ddd9014000030001,1,1,1276,-55,1654779717293192,1654779717293192,
300833b2ddd9014000030002,1,1,132,-48,1654779717294403,1654779717294403,
300833b2ddd9014000030009,1,1,2632,-46,1654779717324330,1654779717324330,
300833b2ddd9014000030008,1,1,3252,-43,1654779717325399,1654779717325399,
300833b2ddd9014000030002,1,1,140,-48,1654779717327217,1654779717327217,
300833b2ddd9014000030001,1,1,1288,-55,1654779717329028,1654779717329028,
300833b2ddd9014000030002,1,1,160,-48,1654779717334563,1654779717334563,
300833b2ddd9014000030008,1,1,3256,-44,1654779717336309,1654779717336309,
300833b2ddd9014000030001,1,1,1308,-55,1654779717337412,1654779717337412,
300833b2ddd9014000030009,1,1,2632,-46,1654779717338638,1654779717338638,
300833b2ddd9014000030008,1,1,3256,-43,1654779717368614,1654779717368614,
300833b2ddd9014000030009,1,1,2656,-46,1654779717369683,1654779717369683,
300833b2ddd9014000030001,1,1,1260,-55,1654779717370758,1654779717370758,
300833b2ddd9014000030002,1,1,132,-48,1654779717372067,1654779717372067,
300833b2ddd9014000030009,1,1,2660,-46,1654779717377280,1654779717377280,
300833b2ddd9014000030008,1,1,3256,-43,1654779717378361,1654779717378361,
300833b2ddd9014000030001,1,1,1264,-55,1654779717379649,1654779717379649,
300833b2ddd9014000030002,1,1,156,-48,1654779717380999,1654779717380999,
300833b2ddd9014000030001,1,1,1256,-55,1654779717412242,1654779717412242,
300833b2ddd9014000030009,1,1,2664,-46,1654779717413783,1654779717413783,
300833b2ddd9014000030008,1,1,3252,-43,1654779717414838,1654779717414838,
300833b2ddd9014000030002,1,1,116,-48,1654779717417271,1654779717417271,
300833b2ddd9014000030009,1,1,2652,-46,1654779717421117,1654779717421117,
300833b2ddd9014000030002,1,1,132,-48,1654779717422484,1654779717422484,
300833b2ddd9014000030001,1,1,1276,-55,1654779717423587,1654779717423587,
300833b2ddd9014000030008,1,1,3260,-44,1654779717425109,1654779717425109,
300833b2ddd9014000030008,1,1,3252,-43,1654779717457743,1654779717457743,
300833b2ddd9014000030001,1,1,1276,-55,1654779717459047,1654779717459047,
300833b2ddd9014000030009,1,1,2648,-46,1654779717460158,1654779717460158,
300833b2ddd9014000030002,1,1,132,-48,1654779717461540,1654779717461540,
300833b2ddd9014000030009,1,1,2660,-46,1654779717467948,1654779717467948,
300833b2ddd9014000030008,1,1,3260,-43,1654779717469018,1654779717469018,
300833b2ddd9014000030001,1,1,1268,-55,1654779717470602,1654779717470602,
300833b2ddd9014000030002,1,1,136,-48,1654779717471657,1654779717471657,
300833b2ddd9014000030008,1,1,3264,-43,1654779717503458,1654779717503458,
300833b2ddd9014000030002,1,1,136,-48,1654779717504799,1654779717504799,
300833b2ddd9014000030009,1,1,2648,-46,1654779717506350,1654779717506350,
300833b2ddd9014000030001,1,1,1272,-55,1654779717507409,1654779717507409,
300833b2ddd9014000030002,1,1,152,-48,1654779717511672,1654779717511672,
300833b2ddd9014000030009,1,1,2656,-46,1654779717512984,1654779717512984,
300833b2ddd9014000030001,1,1,1260,-55,1654779717514327,1654779717514327,
300833b2ddd9014000030008,1,1,3248,-43,1654779717515666,1654779717515666,
300833b2ddd9014000030008,1,1,3256,-43,1654779717548183,1654779717548183,
300833b2ddd9014000030009,1,1,2672,-46,1654779717549765,1654779717549765,
300833b2ddd9014000030001,1,1,1208,-55,1654779717551606,1654779717551606,
300833b2ddd9014000030009,1,1,2656,-46,1654779717555830,1654779717555830,
300833b2ddd9014000030001,1,1,1236,-55,1654779717556906,1654779717556906,
300833b2ddd9014000030008,1,1,3248,-43,1654779717558737,1654779717558737,
300833b2ddd9014000030002,1,1,140,-48,1654779717560656,1654779717560656,
300833b2ddd9014000030008,1,1,3256,-44,1654779717591650,1654779717591650,
300833b2ddd9014000030002,1,1,144,-48,1654779717592948,1654779717592948,
300833b2ddd9014000030009,1,1,2652,-46,1654779717594287,1654779717594287,
300833b2ddd9014000030001,1,1,1240,-55,1654779717596240,1654779717596240,
300833b2ddd9014000030008,1,1,3260,-43,1654779717600099,1654779717600099,
300833b2ddd9014000030009,1,1,2664,-46,1654779717601200,1654779717601200,
300833b2ddd9014000030002,1,1,148,-49,1654779717602736,1654779717602736,
300833b2ddd9014000030001,1,1,1232,-55,1654779717603851,1654779717603851,
300833b2ddd9014000030008,1,1,3248,-43,1654779717636928,1654779717636928,
300833b2ddd9014000030001,1,1,1232,-56,1654779717638228,1654779717638228,
300833b2ddd9014000030001,1,1,1244,-55,1654779717641617,1654779717641617,
300833b2ddd9014000030008,1,1,3256,-43,1654779717642670,1654779717642670,
300833b2ddd9014000030009,1,1,2648,-46,1654779717643997,1654779717643997,
300833b2ddd9014000030001,1,1,1232,-55,1654779717676064,1654779717676064,
300833b2ddd9014000030002,1,1,148,-48,1654779717677161,1654779717677161,
300833b2ddd9014000030008,1,1,3252,-43,1654779717678995,1654779717678995,
300833b2ddd9014000030009,1,1,2672,-46,1654779717680321,1654779717680321,
300833b2ddd9014000030002,1,1,156,-48,1654779717684771,1654779717684771,
300833b2ddd9014000030009,1,1,2660,-46,1654779717686731,1654779717686731,
300833b2ddd9014000030008,1,1,3256,-44,1654779717688094,1654779717688094,
300833b2ddd9014000030001,1,1,1228,-55,1654779717689569,1654779717689569,
300833b2ddd9014000030001,1,1,1184,-55,1654779717720100,1654779717720100,
300833b2ddd9014000030008,1,1,3248,-44,1654779717721308,1654779717721308,
300833b2ddd9014000030002,1,1,160,-48,1654779717722593,1654779717722593,
300833b2ddd9014000030009,1,1,2664,-46,1654779717724062,1654779717724062,
300833b2ddd9014000030008,1,1,3252,-44,1654779717727278,1654779717727278,
300833b2ddd9014000030009,1,1,2680,-46,1654779717728321,1654779717728321,
300833b2ddd9014000030001,1,1,1200,-55,1654779717729383,1654779717729383,
300833b2ddd9014000030002,1,1,144,-48,1654779717730452,1654779717730452,
300833b2ddd9014000030008,1,1,3240,-43,1654779717763857,1654779717763857,
300833b2ddd9014000030001,1,1,1164,-55,1654779717764974,1654779717764974,
300833b2ddd9014000030002,1,1,148,-49,1654779717766268,1654779717766268,
300833b2ddd9014000030009,1,1,2652,-45,1654779717768150,1654779717768150,
300833b2ddd9014000030009,1,1,2668,-46,1654779717772355,1654779717772355,
300833b2ddd9014000030008,1,1,3268,-43,1654779717773719,1654779717773719,
300833b2ddd9014000030002,1,1,144,-48,1654779717774762,1654779717774762,
300833b2ddd9014000030001,1,1,1180,-56,1654779717776944,1654779717776944,
300833b2ddd9014000030008,1,1,3260,-43,1654779717808125,1654779717808125,
300833b2ddd9014000030002,1,1,156,-48,1654779717809392,1654779717809392,
300833b2ddd9014000030001,1,1,1248,-56,1654779717811771,1654779717811771,
300833b2ddd9014000030009,1,1,2668,-46,1654779717813068,1654779717813068,
300833b2ddd9014000030001,1,1,1224,-56,1654779717816621,1654779717816621,
300833b2ddd9014000030008,1,1,3260,-43,1654779717817719,1654779717817719,
300833b2ddd9014000030009,1,1,2660,-46,1654779717819331,1654779717819331,
300833b2ddd9014000030002,1,1,156,-48,1654779717821692,1654779717821692,
300833b2ddd9014000030002,1,1,168,-48,1654779717852310,1654779717852310,
300833b2ddd9014000030008,1,1,3268,-43,1654779717853944,1654779717853944,
300833b2ddd9014000030001,1,1,1252,-56,1654779717855050,1654779717855050,
300833b2ddd9014000030009,1,1,2664,-46,1654779717856588,1654779717856588,
300833b2ddd9014000030001,1,1,1240,-56,1654779717867774,1654779717867774,
300833b2ddd9014000030002,1,1,152,-48,1654779717869484,1654779717869484,
300833b2ddd9014000030009,1,1,2668,-46,1654779717870553,1654779717870553,
300833b2ddd9014000030008,1,1,3272,-43,1654779717871579,1654779717871579,
300833b2ddd9014000030001,1,1,1196,-56,1654779717902106,1654779717902106,
300833b2ddd9014000030009,1,1,2664,-46,1654779717903175,1654779717903175,
300833b2ddd9014000030008,1,1,3268,-43,1654779717904685,1654779717904685,
300833b2ddd9014000030002,1,1,136,-48,1654779717906891,1654779717906891,
300833b2ddd9014000030008,1,1,3264,-43,1654779717910531,1654779717910531,
300833b2ddd9014000030001,1,1,1380,-56,1654779717912063,1654779717912063,
300833b2ddd9014000030009,1,1,2664,-46,1654779717913387,1654779717913387,
300833b2ddd9014000030002,1,1,148,-48,1654779717916212,1654779717916212,
300833b2ddd9014000030002,1,1,148,-48,1654779717946898,1654779717946898,
300833b2ddd9014000030009,1,1,2676,-46,1654779717948067,1654779717948067,
300833b2ddd9014000030008,1,1,3260,-43,1654779717949378,1654779717949378,
300833b2ddd9014000030001,1,1,1216,-56,1654779717950836,1654779717950836,
300833b2ddd9014000030009,1,1,2684,-46,1654779717954997,1654779717954997,
300833b2ddd9014000030008,1,1,3276,-43,1654779717956049,1654779717956049,
300833b2ddd9014000030001,1,1,1220,-56,1654779717957751,1654779717957751,
300833b2ddd9014000030002,1,1,148,-48,1654779717958823,1654779717958823,
300833b2ddd9014000030009,1,1,2688,-46,1654779717988833,1654779717988833,
300833b2ddd9014000030008,1,1,3260,-43,1654779717991636,1654779717991636,
300833b2ddd9014000030002,1,1,164,-48,1654779717992847,1654779717992847,
300833b2ddd9014000030001,1,1,1184,-56,1654779717994053,1654779717994053,
300833b2ddd9014000030009,1,1,2656,-46,1654779717996811,1654779717996811,
300833b2ddd9014000030002,1,1,152,-48,1654779717997866,1654779717997866,
300833b2ddd9014000030001,1,1,1204,-56,1654779717998925,1654779717998925,
300833b2ddd9014000030008,1,1,3264,-43,1654779718000759,1654779718000759,
300833b2ddd9014000030002,1,1,148,-48,1654779718032733,1654779718032733,
300833b2ddd9014000030009,1,1,2668,-46,1654779718034073,1654779718034073,
300833b2ddd9014000030001,1,1,1244,-56,1654779718035417,1654779718035417,
300833b2ddd9014000030008,1,1,3280,-43,1654779718036725,1654779718036725,
300833b2ddd9014000030008,1,1,3256,-43,1654779718040998,1654779718040998,
300833b2ddd9014000030009,1,1,2672,-46,1654779718042352,1654779718042352,
300833b2ddd9014000030001,1,1,1196,-56,1654779718043681,1654779718043681,
300833b2ddd9014000030002,1,1,164,-48,1654779718044977,1654779718044977,
300833b2ddd9014000030002,1,1,128,-48,1654779718076490,1654779718076490,
300833b2ddd9014000030008,1,1,3272,-43,1654779718077587,1654779718077587,
300833b2ddd9014000030009,1,1,2664,-46,1654779718078912,1654779718078912,
300833b2ddd9014000030001,1,1,1228,-56,1654779718080410,1654779718080410,
300833b2ddd9014000030009,1,1,2668,-46,1654779718085387,1654779718085387,
300833b2ddd9014000030002,1,1,148,-48,1654779718087296,1654779718087296,
300833b2ddd9014000030008,1,1,3272,-43,1654779718088364,1654779718088364,
300833b2ddd9014000030001,1,1,1196,-56,1654779718089566,1654779718089566,