epc,atenda,atendanum,phase,RSS,timestamp,timestamp2,
300833b2ddd9014000030002,1,1,748,-50,1654779612186001,1654779612186001,
300833b2ddd9014000030009,1,1,2600,-43,1654779612187142,1654779612187142,
300833b2ddd9014000030008,1,1,3488,-45,1654779612189219,1654779612189219,
300833b2ddd9014000030001,1,1,1464,-49,1654779612193705,1654779612193705,
300833b2ddd9014000030009,1,1,2596,-43,1654779612194805,1654779612194805,
300833b2ddd9014000030008,1,1,3500,-45,1654779612195902,1654779612195902,
300833b2ddd9014000030002,1,1,732,-50,1654779612197454,1654779612197454,
300833b2ddd9014000030001,1,1,1448,-49,1654779612229742,1654779612229742,
300833b2ddd9014000030009,1,1,2616,-43,1654779612230968,1654779612230968,
300833b2ddd9014000030008,1,1,3524,-45,1654779612232007,1654779612232007,
300833b2ddd9014000030002,1,1,728,-50,1654779612233660,1654779612233660,
300833b2ddd9014000030008,1,1,3516,-45,1654779612238263,1654779612238263,
300833b2ddd9014000030009,1,1,2608,-43,1654779612239321,1654779612239321,
300833b2ddd9014000030002,1,1,740,-50,1654779612240535,1654779612240535,
300833b2ddd9014000030001,1,1,1464,-49,1654779612241595,1654779612241595,
300833b2ddd9014000030001,1,1,1456,-49,1654779612271510,1654779612271510,
300833b2ddd9014000030009,1,1,2604,-43,1654779612274082,1654779612274082,
300833b2ddd9014000030008,1,1,3492,-45,1654779612275181,1654779612275181,
300833b2ddd9014000030002,1,1,732,-50,1654779612276422,1654779612276422,
300833b2ddd9014000030008,1,1,3496,-45,1654779612279199,1654779612279199,
300833b2ddd9014000030002,1,1,720,-50,1654779612280553,1654779612280553,
300833b2ddd9014000030001,1,1,1464,-49,1654779612281613,1654779612281613,
300833b2ddd9014000030009,1,1,2604,-43,1654779612282697,1654779612282697,
300833b2ddd9014000030001,1,1,1476,-49,1654779612314661,1654779612314661,
300833b2ddd9014000030008,1,1,3496,-45,1654779612315759,1654779612315759,
300833b2ddd9014000030009,1,1,2612,-43,1654779612317340,1654779612317340,
300833b2ddd9014000030002,1,1,744,-50,1654779612318425,1654779612318425,
300833b2ddd9014000030008,1,1,3488,-45,1654779612323410,1654779612323410,
300833b2ddd9014000030002,1,1,728,-50,1654779612324494,1654779612324494,
300833b2ddd9014000030009,1,1,2592,-43,1654779612326133,1654779612326133,
300833b2ddd9014000030001,1,1,1496,-49,1654779612327234,1654779612327234,
300833b2ddd9014000030008,1,1,3524,-45,1654779612358877,1654779612358877,
300833b2ddd9014000030002,1,1,708,-50,1654779612359948,1654779612359948,
300833b2ddd9014000030009,1,1,2604,-43,1654779612361019,1654779612361019,
300833b2ddd9014000030001,1,1,1488,-49,1654779612362617,1654779612362617,
300833b2ddd9014000030009,1,1,2620,-43,1654779612367553,1654779612367553,
300833b2ddd9014000030001,1,1,1472,-50,1654779612369026,1654779612369026,
300833b2ddd9014000030008,1,1,3524,-45,1654779612370366,1654779612370366,
300833b2ddd9014000030002,1,1,720,-50,1654779612371791,1654779612371791,
300833b2ddd9014000030001,1,1,1472,-49,1654779612402755,1654779612402755,
300833b2ddd9014000030009,1,1,2608,-43,1654779612404181,1654779612404181,
300833b2ddd9014000030008,1,1,3528,-45,1654779612405520,1654779612405520,
300833b2ddd9014000030002,1,1,720,-50,1654779612406703,1654779612406703,
300833b2ddd9014000030002,1,1,744,-50,1654779612409630,1654779612409630,
300833b2ddd9014000030001,1,1,1404,-49,1654779612411232,1654779612411232,
300833b2ddd9014000030009,1,1,2612,-43,1654779612412814,1654779612412814,
300833b2ddd9014000030008,1,1,3500,-45,1654779612413912,1654779612413912,
300833b2ddd9014000030008,1,1,3496,-46,1654779612445442,1654779612445442,
300833b2ddd9014000030009,1,1,2620,-43,1654779612446540,1654779612446540,
300833b2ddd9014000030002,1,1,776,-51,1654779612447851,1654779612447851,
300833b2ddd9014000030001,1,1,1472,-49,1654779612449375,1654779612449375,
300833b2ddd9014000030009,1,1,2612,-43,1654779612454578,1654779612454578,
300833b2ddd9014000030008,1,1,3488,-46,1654779612456285,1654779612456285,
300833b2ddd9014000030001,1,1,1444,-49,1654779612457372,1654779612457372,
300833b2ddd9014000030002,1,1,772,-50,1654779612458614,1654779612458614,
300833b2ddd9014000030002,1,1,784,-50,1654779612516926,1654779612516926,
300833b2ddd9014000030008,1,1,3492,-45,1654779612517982,1654779612517982,
300833b2ddd9014000030009,1,1,2608,-43,1654779612519337,1654779612519337,
300833b2ddd9014000030002,1,1,772,-51,1654779612523491,1654779612523491,
300833b2ddd9014000030009,1,1,2604,-43,1654779612524732,1654779612524732,
300833b2ddd9014000030001,1,1,1436,-49,1654779612526344,1654779612526344,
300833b2ddd9014000030008,1,1,3500,-46,1654779612527569,1654779612527569,
300833b2ddd9014000030002,1,1,740,-50,1654779612586658,1654779612586658,
300833b2ddd9014000030008,1,1,3492,-46,1654779612588871,1654779612588871,
300833b2ddd9014000030002,1,1,788,-51,1654779612593767,1654779612593767,
300833b2ddd9014000030008,1,1,3480,-45,1654779612596149,1654779612596149,
300833b2ddd9014000030009,1,1,2608,-43,1654779612597276,1654779612597276,
300833b2ddd9014000030001,1,1,1468,-49,1654779612598860,1654779612598860,
300833b2ddd9014000030001,1,1,1440,-49,1654779612631442,1654779612631442,
300833b2ddd9014000030008,1,1,3496,-46,1654779612632965,1654779612632965,
300833b2ddd9014000030009,1,1,2596,-43,1654779612634292,1654779612634292,
300833b2ddd9014000030001,1,1,1464,-49,1654779612641978,1654779612641978,
300833b2ddd9014000030009,1,1,2604,-43,1654779612644172,1654779612644172,
300833b2ddd9014000030008,1,1,3492,-45,1654779612645426,1654779612645426,
300833b2ddd9014000030002,1,1,772,-51,1654779612646864,1654779612646864,
300833b2ddd9014000030002,1,1,740,-50,1654779612676579,1654779612676579,
300833b2ddd9014000030001,1,1,1444,-49,1654779612678148,1654779612678148,
300833b2ddd9014000030008,1,1,3496,-45,1654779612680592,1654779612680592,
300833b2ddd9014000030009,1,1,2608,-43,1654779612681706,1654779612681706,
300833b2ddd9014000030001,1,1,1452,-50,1654779612690804,1654779612690804,
300833b2ddd9014000030008,1,1,3504,-46,1654779612692479,1654779612692479,
300833b2ddd9014000030009,1,1,2584,-43,1654779612693551,1654779612693551,
300833b2ddd9014000030002,1,1,764,-50,1654779612695267,1654779612695267,
300833b2ddd9014000030001,1,1,1448,-49,1654779612735965,1654779612735965,
300833b2ddd9014000030008,1,1,3512,-45,1654779612737106,1654779612737106,
300833b2ddd9014000030009,1,1,2600,-44,1654779612738162,1654779612738162,
300833b2ddd9014000030002,1,1,768,-50,1654779612740691,1654779612740691,
300833b2ddd9014000030001,1,1,1452,-50,1654779612746331,1654779612746331,
300833b2ddd9014000030009,1,1,2592,-44,1654779612747459,1654779612747459,
300833b2ddd9014000030002,1,1,776,-51,1654779612748512,1654779612748512,
300833b2ddd9014000030008,1,1,3492,-46,1654779612749581,1654779612749581,
300833b2ddd9014000030008,1,1,3516,-45,1654779612781206,1654779612781206,
300833b2ddd9014000030009,1,1,2608,-43,1654779612782774,1654779612782774,
300833b2ddd9014000030001,1,1,1456,-50,1654779612785195,1654779612785195,
300833b2ddd9014000030002,1,1,740,-50,1654779612786265,1654779612786265,
300833b2ddd9014000030002,1,1,728,-50,1654779612789884,1654779612789884,
300833b2ddd9014000030001,1,1,1452,-50,1654779612792343,1654779612792343,
300833b2ddd9014000030009,1,1,2616,-43,1654779612793457,1654779612793457,
300833b2ddd9014000030008,1,1,3512,-46,1654779612794711,1654779612794711,
300833b2ddd9014000030002,1,1,728,-50,1654779612824661,1654779612824661,
300833b2ddd9014000030009,1,1,2616,-43,1654779612826000,1654779612826000,
300833b2ddd9014000030001,1,1,1444,-50,1654779612827598,1654779612827598,
300833b2ddd9014000030008,1,1,3516,-45,1654779612828892,1654779612828892,
300833b2ddd9014000030001,1,1,1460,-50,1654779612833570,1654779612833570,
300833b2ddd9014000030002,1,1,744,-50,1654779612835010,1654779612835010,
300833b2ddd9014000030009,1,1,2608,-43,1654779612836323,1654779612836323,
300833b2ddd9014000030008,1,1,3516,-45,1654779612837406,1654779612837406,
300833b2ddd9014000030008,1,1,3500,-45,1654779612867981,1654779612867981,
300833b2ddd9014000030002,1,1,736,-50,1654779612869290,1654779612869290,
300833b2ddd9014000030001,1,1,1424,-50,1654779612870379,1654779612870379,
300833b2ddd9014000030009,1,1,2624,-43,1654779612871420,1654779612871420,
300833b2ddd9014000030008,1,1,3512,-45,1654779612876697,1654779612876697,
300833b2ddd9014000030002,1,1,744,-50,1654779612877981,1654779612877981,
300833b2ddd9014000030009,1,1,2628,-43,1654779612879292,1654779612879292,
300833b2ddd9014000030001,1,1,1448,-50,1654779612880350,1654779612880350,
300833b2ddd9014000030002,1,1,752,-50,1654779612911947,1654779612911947,
300833b2ddd9014000030009,1,1,2616,-43,1654779612913231,1654779612913231,
300833b2ddd9014000030001,1,1,1456,-50,1654779612914290,1654779612914290,
300833b2ddd9014000030008,1,1,3516,-46,1654779612915900,1654779612915900,
300833b2ddd9014000030008,1,1,3496,-46,1654779612920410,1654779612920410,
300833b2ddd9014000030002,1,1,732,-50,1654779612921465,1654779612921465,
300833b2ddd9014000030001,1,1,1440,-50,1654779612923295,1654779612923295,
300833b2ddd9014000030009,1,1,2616,-43,1654779612924409,1654779612924409,
300833b2ddd9014000030001,1,1,1432,-50,1654779612956381,1654779612956381,
300833b2ddd9014000030002,1,1,748,-50,1654779612957537,1654779612957537,
300833b2ddd9014000030009,1,1,2620,-43,1654779612958635,1654779612958635,
300833b2ddd9014000030008,1,1,3516,-45,1654779612960596,1654779612960596,
300833b2ddd9014000030008,1,1,3512,-45,1654779612964741,1654779612964741,
300833b2ddd9014000030001,1,1,1472,-50,1654779612965832,1654779612965832,
300833b2ddd9014000030009,1,1,2608,-44,1654779612966890,1654779612966890,
300833b2ddd9014000030002,1,1,740,-50,1654779612968372,1654779612968372,
300833b2ddd9014000030001,1,1,1456,-50,1654779612998339,1654779612998339,
300833b2ddd9014000030009,1,1,2608,-43,1654779612999669,1654779612999669,
300833b2ddd9014000030008,1,1,3512,-45,1654779613001219,1654779613001219,
300833b2ddd9014000030002,1,1,748,-50,1654779613002954,1654779613002954,
300833b2ddd9014000030002,1,1,744,-50,1654779613007787,1654779613007787,
300833b2ddd9014000030009,1,1,2628,-43,1654779613009498,1654779613009498,
300833b2ddd9014000030008,1,1,3492,-45,1654779613010992,1654779613010992,
300833b2ddd9014000030001,1,1,1440,-50,1654779613012434,1654779613012434,
300833b2ddd9014000030009,1,1,2616,-43,1654779613043893,1654779613043893,
300833b2ddd9014000030008,1,1,3496,-46,1654779613045091,1654779613045091,
300833b2ddd9014000030001,1,1,1420,-49,1654779613046137,1654779613046137,
300833b2ddd9014000030009,1,1,2612,-43,1654779613050422,1654779613050422,
300833b2ddd9014000030008,1,1,3512,-45,1654779613053437,1654779613053437,
300833b2ddd9014000030001,1,1,1412,-50,1654779613055364,1654779613055364,
300833b2ddd9014000030002,1,1,752,-50,1654779613056589,1654779613056589,
300833b2ddd9014000030009,1,1,2616,-43,1654779613086697,1654779613086697,
300833b2ddd9014000030008,1,1,3496,-45,1654779613088036,1654779613088036,
300833b2ddd9014000030002,1,1,776,-50,1654779613090444,1654779613090444,
300833b2ddd9014000030001,1,1,1428,-50,1654779613091816,1654779613091816,
300833b2ddd9014000030001,1,1,1408,-50,1654779613095227,1654779613095227,
300833b2ddd9014000030002,1,1,772,-50,1654779613097176,1654779613097176,
300833b2ddd9014000030009,1,1,2608,-43,1654779613098264,1654779613098264,
300833b2ddd9014000030008,1,1,3492,-45,1654779613099593,1654779613099593,
300833b2ddd9014000030009,1,1,2612,-43,1654779613130989,1654779613130989,
300833b2ddd9014000030008,1,1,3496,-46,1654779613134063,1654779613134063,
300833b2ddd9014000030001,1,1,1452,-50,1654779613135135,1654779613135135,
300833b2ddd9014000030008,1,1,3512,-45,1654779613137780,1654779613137780,
300833b2ddd9014000030009,1,1,2624,-43,1654779613140230,1654779613140230,
300833b2ddd9014000030002,1,1,780,-50,1654779613141328,1654779613141328,
300833b2ddd9014000030001,1,1,1428,-49,1654779613142570,1654779613142570,
300833b2ddd9014000030008,1,1,3488,-46,1654779613173034,1654779613173034,
300833b2ddd9014000030009,1,1,2596,-43,1654779613174593,1654779613174593,
300833b2ddd9014000030002,1,1,768,-50,1654779613175944,1654779613175944,
300833b2ddd9014000030001,1,1,1448,-50,1654779613177652,1654779613177652,
300833b2ddd9014000030002,1,1,796,-50,1654779613180434,1654779613180434,
300833b2ddd9014000030009,1,1,2616,-43,1654779613181759,1654779613181759,
300833b2ddd9014000030001,1,1,1448,-50,1654779613182804,1654779613182804,
300833b2ddd9014000030008,1,1,3488,-45,1654779613184328,1654779613184328,
300833b2ddd9014000030001,1,1,1464,-50,1654779613215920,1654779613215920,
300833b2ddd9014000030008,1,1,3508,-45,1654779613217999,1654779613217999,
300833b2ddd9014000030002,1,1,756,-50,1654779613219583,1654779613219583,
300833b2ddd9014000030009,1,1,2632,-43,1654779613221106,1654779613221106,
300833b2ddd9014000030009,1,1,2608,-43,1654779613229172,1654779613229172,
300833b2ddd9014000030002,1,1,756,-50,1654779613230519,1654779613230519,
300833b2ddd9014000030008,1,1,3532,-45,1654779613232662,1654779613232662,
300833b2ddd9014000030001,1,1,1460,-50,1654779613233678,1654779613233678,
300833b2ddd9014000030008,1,1,3512,-45,1654779613269295,1654779613269295,
300833b2ddd9014000030009,1,1,2604,-43,1654779613271312,1654779613271312,
300833b2ddd9014000030001,1,1,1464,-49,1654779613273092,1654779613273092,
300833b2ddd9014000030002,1,1,748,-50,1654779613275072,1654779613275072,
300833b2ddd9014000030002,1,1,768,-50,1654779613279093,1654779613279093,
300833b2ddd9014000030008,1,1,3492,-45,1654779613280732,1654779613280732,
300833b2ddd9014000030009,1,1,2616,-43,1654779613282552,1654779613282552,
300833b2ddd9014000030001,1,1,1476,-50,1654779613284322,1654779613284322,
300833b2ddd9014000030008,1,1,3512,-45,1654779613314850,1654779613314850,
300833b2ddd9014000030001,1,1,1464,-50,1654779613316462,1654779613316462,
300833b2ddd9014000030009,1,1,2604,-43,1654779613317819,1654779613317819,
300833b2ddd9014000030002,1,1,792,-50,1654779613319499,1654779613319499,
300833b2ddd9014000030001,1,1,1460,-50,1654779613323875,1654779613323875,
300833b2ddd9014000030008,1,1,3520,-45,1654779613325154,1654779613325154,
300833b2ddd9014000030009,1,1,2604,-43,1654779613326244,1654779613326244,
300833b2ddd9014000030002,1,1,788,-50,1654779613327383,1654779613327383,
300833b2ddd9014000030009,1,1,2616,-43,1654779613359272,1654779613359272,
300833b2ddd9014000030002,1,1,756,-50,1654779613360968,1654779613360968,
300833b2ddd9014000030001,1,1,1468,-50,1654779613362310,1654779613362310,
300833b2ddd9014000030008,1,1,3516,-45,1654779613363404,1654779613363404,
300833b2ddd9014000030008,1,1,3512,-45,1654779613366825,1654779613366825,
300833b2ddd9014000030001,1,1,1500,-49,1654779613369083,1654779613369083,
300833b2ddd9014000030009,1,1,2616,-43,1654779613370409,1654779613370409,
300833b2ddd9014000030002,1,1,772,-50,1654779613371830,1654779613371830,
300833b2ddd9014000030008,1,1,3496,-45,1654779613402056,1654779613402056,
300833b2ddd9014000030009,1,1,2620,-43,1654779613403498,1654779613403498,
300833b2ddd9014000030002,1,1,760,-50,1654779613404808,1654779613404808,
300833b2ddd9014000030001,1,1,1468,-49,1654779613405909,1654779613405909,
300833b2ddd9014000030002,1,1,764,-50,1654779613409249,1654779613409249,
300833b2ddd9014000030001,1,1,1456,-49,1654779613410652,1654779613410652,
300833b2ddd9014000030008,1,1,3512,-45,1654779613411707,1654779613411707,
300833b2ddd9014000030009,1,1,2608,-43,1654779613412793,1654779613412793,
300833b2ddd9014000030008,1,1,3520,-45,1654779613444989,1654779613444989,
300833b2ddd9014000030009,1,1,2612,-43,1654779613446332,1654779613446332,
300833b2ddd9014000030001,1,1,1472,-49,1654779613449071,1654779613449071,
300833b2ddd9014000030002,1,1,764,-50,1654779613450123,1654779613450123,
300833b2ddd9014000030008,1,1,3504,-46,1654779613453737,1654779613453737,
300833b2ddd9014000030009,1,1,2628,-43,1654779613454835,1654779613454835,
300833b2ddd9014000030001,1,1,1448,-49,1654779613457749,1654779613457749,
300833b2ddd9014000030002,1,1,744,-50,1654779613458848,1654779613458848,
300833b2ddd9014000030008,1,1,3496,-45,1654779613491573,1654779613491573,
300833b2ddd9014000030001,1,1,1480,-49,1654779613492618,1654779613492618,
300833b2ddd9014000030002,1,1,748,-50,1654779613493929,1654779613493929,
300833b2ddd9014000030009,1,1,2608,-43,1654779613495731,1654779613495731,
300833b2ddd9014000030008,1,1,3504,-45,1654779613499938,1654779613499938,
300833b2ddd9014000030001,1,1,1452,-49,1654779613501305,1654779613501305,
300833b2ddd9014000030009,1,1,2608,-43,1654779613502377,1654779613502377,
300833b2ddd9014000030002,1,1,756,-50,1654779613503462,1654779613503462,
300833b2ddd9014000030009,1,1,2612,-43,1654779613537971,1654779613537971,
300833b2ddd9014000030002,1,1,732,-50,1654779613539083,1654779613539083,
300833b2ddd9014000030001,1,1,1452,-49,1654779613540440,1654779613540440,
300833b2ddd9014000030008,1,1,3488,-45,1654779613542203,1654779613542203,
300833b2ddd9014000030009,1,1,2628,-43,1654779613546475,1654779613546475,
300833b2ddd9014000030001,1,1,1468,-50,1654779613548047,1654779613548047,
300833b2ddd9014000030008,1,1,3492,-45,1654779613549203,1654779613549203,
300833b2ddd9014000030002,1,1,744,-50,1654779613550809,1654779613550809,
300833b2ddd9014000030001,1,1,1480,-49,1654779613581977,1654779613581977,
300833b2ddd9014000030009,1,1,2608,-43,1654779613583292,1654779613583292,
300833b2ddd9014000030008,1,1,3484,-45,1654779613584683,1654779613584683,
300833b2ddd9014000030002,1,1,748,-50,1654779613587806,1654779613587806,
300833b2ddd9014000030002,1,1,744,-50,1654779613591881,1654779613591881,
300833b2ddd9014000030001,1,1,1464,-49,1654779613592982,1654779613592982,
300833b2ddd9014000030009,1,1,2604,-43,1654779613594308,1654779613594308,
300833b2ddd9014000030008,1,1,3480,-45,1654779613595887,1654779613595887,
300833b2ddd9014000030008,1,1,3472,-46,1654779613627384,1654779613627384,
300833b2ddd9014000030009,1,1,2628,-43,1654779613629123,1654779613629123,
300833b2ddd9014000030002,1,1,756,-50,1654779613633280,1654779613633280,
300833b2ddd9014000030001,1,1,1468,-50,1654779613634427,1654779613634427,
300833b2ddd9014000030001,1,1,1504,-49,1654779613637521,1654779613637521,
300833b2ddd9014000030008,1,1,3468,-45,1654779613638873,1654779613638873,
300833b2ddd9014000030009,1,1,2592,-43,1654779613639972,1654779613639972,
300833b2ddd9014000030002,1,1,752,-50,1654779613642430,1654779613642430,
300833b2ddd9014000030008,1,1,3444,-45,1654779613672916,1654779613672916,
300833b2ddd9014000030002,1,1,740,-51,1654779613674043,1654779613674043,
300833b2ddd9014000030009,1,1,2588,-43,1654779613675340,1654779613675340,
300833b2ddd9014000030001,1,1,1488,-49,1654779613677478,1654779613677478,
300833b2ddd9014000030008,1,1,3448,-45,1654779613682785,1654779613682785,
300833b2ddd9014000030009,1,1,2588,-43,1654779613684393,1654779613684393,
300833b2ddd9014000030002,1,1,736,-50,1654779613685591,1654779613685591,
300833b2ddd9014000030001,1,1,1492,-49,1654779613686693,1654779613686693,
300833b2ddd9014000030002,1,1,736,-51,1654779613726172,1654779613726172,
300833b2ddd9014000030009,1,1,2568,-43,1654779613728746,1654779613728746,
300833b2ddd9014000030001,1,1,1496,-49,1654779613729862,1654779613729862,
300833b2ddd9014000030008,1,1,3420,-45,1654779613731045,1654779613731045,
300833b2ddd9014000030001,1,1,1488,-49,1654779613733803,1654779613733803,
300833b2ddd9014000030002,1,1,724,-51,1654779613735157,1654779613735157,
300833b2ddd9014000030008,1,1,3416,-45,1654779613736978,1654779613736978,
300833b2ddd9014000030009,1,1,2564,-43,1654779613738064,1654779613738064,
300833b2ddd9014000030009,1,1,2552,-43,1654779613771548,1654779613771548,
300833b2ddd9014000030008,1,1,3388,-45,1654779613773216,1654779613773216,
300833b2ddd9014000030001,1,1,1512,-49,1654779613775242,1654779613775242,
300833b2ddd9014000030002,1,1,732,-51,1654779613776367,1654779613776367,
300833b2ddd9014000030002,1,1,728,-51,1654779613779387,1654779613779387,
300833b2ddd9014000030001,1,1,1492,-49,1654779613781030,1654779613781030,
300833b2ddd9014000030009,1,1,2544,-43,1654779613782609,1654779613782609,
300833b2ddd9014000030008,1,1,3392,-45,1654779613784035,1654779613784035,
300833b2ddd9014000030008,1,1,3364,-45,1654779613814226,1654779613814226,
300833b2ddd9014000030001,1,1,1520,-49,1654779613815977,1654779613815977,
300833b2ddd9014000030009,1,1,2504,-43,1654779613817048,1654779613817048,
300833b2ddd9014000030002,1,1,740,-51,1654779613818770,1654779613818770,
300833b2ddd9014000030002,1,1,744,-51,1654779613821546,1654779613821546,
300833b2ddd9014000030009,1,1,2516,-42,1654779613824453,1654779613824453,
300833b2ddd9014000030008,1,1,3356,-45,1654779613825892,1654779613825892,
300833b2ddd9014000030001,1,1,1528,-49,1654779613827095,1654779613827095,
300833b2ddd9014000030009,1,1,2504,-42,1654779613857930,1654779613857930,
300833b2ddd9014000030002,1,1,736,-52,1654779613858987,1654779613858987,
300833b2ddd9014000030001,1,1,1512,-49,1654779613860707,1654779613860707,
300833b2ddd9014000030008,1,1,3324,-44,1654779613861779,1654779613861779,
300833b2ddd9014000030008,1,1,3336,-44,1654779613865100,1654779613865100,
300833b2ddd9014000030009,1,1,2488,-42,1654779613867069,1654779613867069,
300833b2ddd9014000030002,1,1,720,-52,1654779613868096,1654779613868096,
300833b2ddd9014000030001,1,1,1536,-49,1654779613869299,1654779613869299,
300833b2ddd9014000030009,1,1,2464,-42,1654779613901085,1654779613901085,
300833b2ddd9014000030008,1,1,3280,-43,1654779613902138,1654779613902138,
300833b2ddd9014000030001,1,1,1544,-49,1654779613903524,1654779613903524,
300833b2ddd9014000030002,1,1,668,-52,1654779613904736,1654779613904736,
300833b2ddd9014000030001,1,1,1544,-48,1654779613908879,1654779613908879,
300833b2ddd9014000030009,1,1,2456,-42,1654779613909966,1654779613909966,
300833b2ddd9014000030008,1,1,3264,-44,1654779613911034,1654779613911034,
300833b2ddd9014000030002,1,1,640,-52,1654779613912218,1654779613912218,
300833b2ddd9014000030001,1,1,1564,-48,1654779613942129,1654779613942129,
300833b2ddd9014000030009,1,1,2448,-42,1654779613944052,1654779613944052,
300833b2ddd9014000030002,1,1,584,-51,1654779613945162,1654779613945162,
300833b2ddd9014000030008,1,1,3224,-43,1654779613946498,1654779613946498,
300833b2ddd9014000030001,1,1,1556,-48,1654779613950376,1654779613950376,
300833b2ddd9014000030002,1,1,572,-51,1654779613952348,1654779613952348,
300833b2ddd9014000030008,1,1,3224,-43,1654779613953373,1654779613953373,
300833b2ddd9014000030009,1,1,2448,-42,1654779613957502,1654779613957502,
300833b2ddd9014000030008,1,1,3192,-42,1654779613987482,1654779613987482,
300833b2ddd9014000030001,1,1,1596,-49,1654779613989395,1654779613989395,
300833b2ddd9014000030009,1,1,2456,-42,1654779613990974,1654779613990974,
300833b2ddd9014000030002,1,1,500,-51,1654779613992231,1654779613992231,
300833b2ddd9014000030008,1,1,3168,-42,1654779613995691,1654779613995691,
300833b2ddd9014000030009,1,1,2440,-41,1654779613996778,1654779613996778,
300833b2ddd9014000030001,1,1,1584,-49,1654779613998318,1654779613998318,
300833b2ddd9014000030002,1,1,460,-51,1654779613999329,1654779613999329,
300833b2ddd9014000030001,1,1,1552,-49,1654779614036458,1654779614036458,
300833b2ddd9014000030009,1,1,2444,-42,1654779614037545,1654779614037545,
300833b2ddd9014000030008,1,1,3104,-42,1654779614039097,1654779614039097,
300833b2ddd9014000030002,1,1,332,-50,1654779614041216,1654779614041216,
300833b2ddd9014000030009,1,1,2432,-42,1654779614046405,1654779614046405,
300833b2ddd9014000030008,1,1,3100,-42,1654779614047472,1654779614047472,
300833b2ddd9014000030001,1,1,1620,-50,1654779614048932,1654779614048932,
300833b2ddd9014000030002,1,1,328,-50,1654779614050025,1654779614050025,
300833b2ddd9014000030008,1,1,3060,-41,1654779614079694,1654779614079694,
300833b2ddd9014000030009,1,1,2440,-42,1654779614081250,1654779614081250,
300833b2ddd9014000030002,1,1,260,-49,1654779614083463,1654779614083463,
300833b2ddd9014000030008,1,1,3064,-41,1654779614087782,1654779614087782,
300833b2ddd9014000030009,1,1,2448,-42,1654779614089050,1654779614089050,
300833b2ddd9014000030002,1,1,208,-49,1654779614090134,1654779614090134,
300833b2ddd9014000030001,1,1,1628,-51,1654779614092116,1654779614092116,
300833b2ddd9014000030001,1,1,1624,-52,1654779614123314,1654779614123314,
300833b2ddd9014000030008,1,1,3040,-41,1654779614124368,1654779614124368,
300833b2ddd9014000030009,1,1,2468,-43,1654779614126417,1654779614126417,
300833b2ddd9014000030002,1,1,108,-48,1654779614127515,1654779614127515,
300833b2ddd9014000030009,1,1,2468,-43,1654779614132098,1654779614132098,
300833b2ddd9014000030008,1,1,3032,-41,1654779614133223,1654779614133223,
300833b2ddd9014000030001,1,1,1604,-53,1654779614134836,1654779614134836,
300833b2ddd9014000030002,1,1,116,-48,1654779614136160,1654779614136160,
300833b2ddd9014000030002,1,1,60,-48,1654779614167336,1654779614167336,
300833b2ddd9014000030008,1,1,3024,-41,1654779614168433,1654779614168433,
300833b2ddd9014000030001,1,1,1632,-54,1654779614169482,1654779614169482,
300833b2ddd9014000030002,1,1,52,-48,1654779614176185,1654779614176185,
300833b2ddd9014000030001,1,1,1628,-54,1654779614177300,1654779614177300,
300833b2ddd9014000030009,1,1,2496,-44,1654779614178724,1654779614178724,
300833b2ddd9014000030008,1,1,3044,-41,1654779614179769,1654779614179769,
300833b2ddd9014000030001,1,1,1620,-55,1654779614209765,1654779614209765,
300833b2ddd9014000030002,1,1,12,-48,1654779614211102,1654779614211102,
300833b2ddd9014000030008,1,1,3048,-42,1654779614212140,1654779614212140,
300833b2ddd9014000030009,1,1,2496,-44,1654779614213678,1654779614213678,
300833b2ddd9014000030002,1,1,0,-48,1654779614218139,1654779614218139,
300833b2ddd9014000030009,1,1,2516,-44,1654779614219422,1654779614219422,
300833b2ddd9014000030008,1,1,3056,-42,1654779614221002,1654779614221002,
300833b2ddd9014000030001,1,1,1612,-56,1654779614223541,1654779614223541,
300833b2ddd9014000030008,1,1,3068,-42,1654779614259619,1654779614259619,
300833b2ddd9014000030001,1,1,1544,-57,1654779614260680,1654779614260680,
300833b2ddd9014000030009,1,1,2496,-44,1654779614262872,1654779614262872,
300833b2ddd9014000030002,1,1,28,-48,1654779614264184,1654779614264184,
300833b2ddd9014000030002,1,1,28,-48,1654779614267787,1654779614267787,
300833b2ddd9014000030009,1,1,2488,-44,1654779614269726,1654779614269726,
300833b2ddd9014000030008,1,1,3060,-42,1654779614271078,1654779614271078,
300833b2ddd9014000030001,1,1,1476,-57,1654779614272166,1654779614272166,
300833b2ddd9014000030008,1,1,3084,-43,1654779614302551,1654779614302551,
300833b2ddd9014000030002,1,1,20,-48,1654779614304744,1654779614304744,
300833b2ddd9014000030009,1,1,2516,-45,1654779614306054,1654779614306054,
300833b2ddd9014000030001,1,1,1460,-58,1654779614307554,1654779614307554,
300833b2ddd9014000030008,1,1,3084,-42,1654779614310697,1654779614310697,
300833b2ddd9014000030009,1,1,2500,-45,1654779614311807,1654779614311807,
300833b2ddd9014000030002,1,1,28,-49,1654779614313117,1654779614313117,
300833b2ddd9014000030001,1,1,1420,-57,1654779614315698,1654779614315698,
300833b2ddd9014000030009,1,1,2540,-45,1654779614346042,1654779614346042,
300833b2ddd9014000030001,1,1,1380,-58,1654779614347116,1654779614347116,
300833b2ddd9014000030008,1,1,3108,-43,1654779614348456,1654779614348456,
300833b2ddd9014000030002,1,1,36,-49,1654779614349748,1654779614349748,
300833b2ddd9014000030001,1,1,1364,-58,1654779614354445,1654779614354445,
300833b2ddd9014000030009,1,1,2532,-45,1654779614355785,1654779614355785,
300833b2ddd9014000030008,1,1,3124,-43,1654779614357624,1654779614357624,
300833b2ddd9014000030002,1,1,40,-48,1654779614359303,1654779614359303,
300833b2ddd9014000030002,1,1,24,-49,1654779614389903,1654779614389903,
300833b2ddd9014000030008,1,1,3128,-43,1654779614391255,1654779614391255,
300833b2ddd9014000030009,1,1,2524,-45,1654779614392638,1654779614392638,
300833b2ddd9014000030001,1,1,1292,-57,1654779614394536,1654779614394536,
300833b2ddd9014000030009,1,1,2564,-45,1654779614399827,1654779614399827,
300833b2ddd9014000030008,1,1,3136,-43,1654779614401136,1654779614401136,
300833b2ddd9014000030002,1,1,44,-49,1654779614402263,1654779614402263,
300833b2ddd9014000030001,1,1,1348,-57,1654779614403695,1654779614403695,
300833b2ddd9014000030008,1,1,3156,-43,1654779614433437,1654779614433437,
300833b2ddd9014000030002,1,1,44,-49,1654779614435454,1654779614435454,
300833b2ddd9014000030001,1,1,1304,-57,1654779614436514,1654779614436514,
300833b2ddd9014000030009,1,1,2544,-45,1654779614437866,1654779614437866,
300833b2ddd9014000030002,1,1,40,-49,1654779614441221,1654779614441221,
300833b2ddd9014000030008,1,1,3140,-43,1654779614442531,1654779614442531,
300833b2ddd9014000030009,1,1,2560,-46,1654779614444084,1654779614444084,
300833b2ddd9014000030001,1,1,1228,-57,1654779614446040,1654779614446040,
300833b2ddd9014000030002,1,1,60,-49,1654779614478197,1654779614478197,
300833b2ddd9014000030009,1,1,2540,-46,1654779614479327,1654779614479327,
300833b2ddd9014000030008,1,1,3160,-43,1654779614480425,1654779614480425,
300833b2ddd9014000030001,1,1,1328,-57,1654779614481687,1654779614481687,
300833b2ddd9014000030002,1,1,40,-49,1654779614484641,1654779614484641,
300833b2ddd9014000030008,1,1,3164,-43,1654779614486277,1654779614486277,
300833b2ddd9014000030001,1,1,1276,-57,1654779614487294,1654779614487294,
300833b2ddd9014000030009,1,1,2552,-46,1654779614488831,1654779614488831,
300833b2ddd9014000030002,1,1,64,-49,1654779614520814,1654779614520814,
300833b2ddd9014000030009,1,1,2576,-46,1654779614522947,1654779614522947,
300833b2ddd9014000030008,1,1,3156,-43,1654779614524002,1654779614524002,
300833b2ddd9014000030001,1,1,1264,-56,1654779614525235,1654779614525235,
300833b2ddd9014000030008,1,1,3156,-43,1654779614527987,1654779614527987,
300833b2ddd9014000030002,1,1,60,-49,1654779614529326,1654779614529326,
300833b2ddd9014000030001,1,1,1268,-56,1654779614530413,1654779614530413,
300833b2ddd9014000030009,1,1,2576,-46,1654779614531739,1654779614531739,
300833b2ddd9014000030001,1,1,1220,-56,1654779614563637,1654779614563637,
300833b2ddd9014000030009,1,1,2548,-46,1654779614564736,1654779614564736,
300833b2ddd9014000030002,1,1,40,-49,1654779614565805,1654779614565805,
300833b2ddd9014000030008,1,1,3148,-43,1654779614567625,1654779614567625,
300833b2ddd9014000030001,1,1,1256,-56,1654779614571869,1654779614571869,
300833b2ddd9014000030008,1,1,3152,-43,1654779614574709,1654779614574709,
300833b2ddd9014000030009,1,1,2576,-46,1654779614576528,1654779614576528,
300833b2ddd9014000030002,1,1,72,-49,1654779614577613,1654779614577613,
300833b2ddd9014000030009,1,1,2564,-46,1654779614608213,1654779614608213,
300833b2ddd9014000030002,1,1,68,-49,1654779614610178,1654779614610178,
300833b2ddd9014000030008,1,1,3172,-43,1654779614611287,1654779614611287,
300833b2ddd9014000030001,1,1,1288,-56,1654779614612436,1654779614612436,
300833b2ddd9014000030008,1,1,3176,-44,1654779614616751,1654779614616751,
300833b2ddd9014000030001,1,1,1304,-56,1654779614618208,1654779614618208,
300833b2ddd9014000030009,1,1,2560,-46,1654779614619577,1654779614619577,
300833b2ddd9014000030002,1,1,56,-49,1654779614620775,1654779614620775,
300833b2ddd9014000030008,1,1,3168,-43,1654779614650997,1654779614650997,
300833b2ddd9014000030002,1,1,72,-49,1654779614652067,1654779614652067,
300833b2ddd9014000030001,1,1,1252,-56,1654779614653596,1654779614653596,
300833b2ddd9014000030009,1,1,2568,-46,1654779614654665,1654779614654665,
300833b2ddd9014000030002,1,1,80,-49,1654779614659368,1654779614659368,
300833b2ddd9014000030001,1,1,1264,-56,1654779614660499,1654779614660499,
300833b2ddd9014000030009,1,1,2568,-46,1654779614661614,1654779614661614,
300833b2ddd9014000030008,1,1,3160,-43,1654779614662698,1654779614662698,
300833b2ddd9014000030009,1,1,2580,-46,1654779614694899,1654779614694899,
300833b2ddd9014000030008,1,1,3156,-43,1654779614695984,1654779614695984,
300833b2ddd9014000030002,1,1,56,-49,1654779614697976,1654779614697976,
300833b2ddd9014000030001,1,1,1224,-56,1654779614699673,1654779614699673,
300833b2ddd9014000030009,1,1,2604,-46,1654779614703544,1654779614703544,
300833b2ddd9014000030008,1,1,3160,-43,1654779614704654,1654779614704654,
300833b2ddd9014000030001,1,1,1268,-55,1654779614706195,1654779614706195,
300833b2ddd9014000030002,1,1,52,-49,1654779614707534,1654779614707534,
300833b2ddd9014000030008,1,1,3148,-43,1654779614739038,1654779614739038,
300833b2ddd9014000030002,1,1,56,-49,1654779614740411,1654779614740411,
300833b2ddd9014000030009,1,1,2584,-46,1654779614741480,1654779614741480,
300833b2ddd9014000030001,1,1,1228,-56,1654779614743918,1654779614743918,
300833b2ddd9014000030009,1,1,2560,-46,1654779614747721,1654779614747721,
300833b2ddd9014000030008,1,1,3144,-44,1654779614749429,1654779614749429,
300833b2ddd9014000030001,1,1,1336,-56,1654779614750533,1654779614750533,
300833b2ddd9014000030002,1,1,88,-49,1654779614751600,1654779614751600,
300833b2ddd9014000030009,1,1,2588,-46,1654779614782669,1654779614782669,
300833b2ddd9014000030008,1,1,3144,-44,1654779614784943,1654779614784943,
300833b2ddd9014000030002,1,1,40,-49,1654779614786001,1654779614786001,
300833b2ddd9014000030001,1,1,1252,-56,1654779614787233,1654779614787233,
300833b2ddd9014000030008,1,1,3168,-44,1654779614790226,1654779614790226,
300833b2ddd9014000030009,1,1,2580,-46,1654779614791311,1654779614791311,
300833b2ddd9014000030001,1,1,1240,-56,1654779614792385,1654779614792385,
300833b2ddd9014000030002,1,1,52,-49,1654779614793496,1654779614793496,
300833b2ddd9014000030001,1,1,1280,-56,1654779614825444,1654779614825444,
300833b2ddd9014000030009,1,1,2580,-46,1654779614826527,1654779614826527,
300833b2ddd9014000030008,1,1,3160,-44,1654779614828814,1654779614828814,
300833b2ddd9014000030002,1,1,72,-49,1654779614829968,1654779614829968,
300833b2ddd9014000030008,1,1,3168,-44,1654779614834077,1654779614834077,
300833b2ddd9014000030002,1,1,52,-50,1654779614835402,1654779614835402,
300833b2ddd9014000030009,1,1,2580,-46,1654779614837262,1654779614837262,
300833b2ddd9014000030001,1,1,1272,-56,1654779614839044,1654779614839044,
300833b2ddd9014000030009,1,1,2588,-46,1654779614898162,1654779614898162,
300833b2ddd9014000030001,1,1,1204,-56,1654779614899409,1654779614899409,
300833b2ddd9014000030002,1,1,36,-49,1654779614900718,1654779614900718,
300833b2ddd9014000030008,1,1,3156,-44,1654779614905069,1654779614905069,
300833b2ddd9014000030009,1,1,2564,-46,1654779614906269,1654779614906269,
300833b2ddd9014000030002,1,1,72,-49,1654779614907337,1654779614907337,
300833b2ddd9014000030001,1,1,1264,-56,1654779614909024,1654779614909024,
300833b2ddd9014000030008,1,1,3152,-44,1654779614939446,1654779614939446,
300833b2ddd9014000030002,1,1,36,-49,1654779614940515,1654779614940515,
300833b2ddd9014000030009,1,1,2588,-46,1654779614941612,1654779614941612,
300833b2ddd9014000030001,1,1,1232,-56,1654779614942687,1654779614942687,
300833b2ddd9014000030008,1,1,3172,-44,1654779614947625,1654779614947625,
300833b2ddd9014000030002,1,1,44,-49,1654779614949303,1654779614949303,
300833b2ddd9014000030009,1,1,2584,-46,1654779614950642,1654779614950642,
300833b2ddd9014000030001,1,1,1240,-55,1654779614952114,1654779614952114,
300833b2ddd9014000030008,1,1,3144,-43,1654779614982347,1654779614982347,
300833b2ddd9014000030009,1,1,2572,-46,1654779614983476,1654779614983476,
300833b2ddd9014000030002,1,1,40,-49,1654779614984551,1654779614984551,
300833b2ddd9014000030001,1,1,1264,-56,1654779614986151,1654779614986151,
300833b2ddd9014000030008,1,1,3180,-43,1654779614990597,1654779614990597,
300833b2ddd9014000030009,1,1,2584,-46,1654779614991936,1654779614991936,
300833b2ddd9014000030002,1,1,40,-49,1654779614994012,1654779614994012,
300833b2ddd9014000030001,1,1,1256,-56,1654779614995242,1654779614995242,
300833b2ddd9014000030009,1,1,2592,-46,1654779615027458,1654779615027458,
300833b2ddd9014000030001,1,1,1192,-56,1654779615028534,1654779615028534,
300833b2ddd9014000030008,1,1,3172,-44,1654779615029556,1654779615029556,
300833b2ddd9014000030002,1,1,48,-49,1654779615031235,1654779615031235,
300833b2ddd9014000030008,1,1,3160,-44,1654779615033929,1654779615033929,
300833b2ddd9014000030002,1,1,40,-49,1654779615035041,1654779615035041,
300833b2ddd9014000030009,1,1,2556,-46,1654779615037301,1654779615037301,
300833b2ddd9014000030001,1,1,1272,-56,1654779615039613,1654779615039613,
300833b2ddd9014000030009,1,1,2596,-46,1654779615070653,1654779615070653,
300833b2ddd9014000030008,1,1,3160,-43,1654779615072054,1654779615072054,
300833b2ddd9014000030002,1,1,80,-49,1654779615073325,1654779615073325,
300833b2ddd9014000030001,1,1,1220,-56,1654779615074813,1654779615074813,
300833b2ddd9014000030001,1,1,1248,-56,1654779615077578,1654779615077578,
300833b2ddd9014000030008,1,1,3180,-43,1654779615078901,1654779615078901,
300833b2ddd9014000030002,1,1,44,-49,1654779615079985,1654779615079985,
300833b2ddd9014000030009,1,1,2576,-46,1654779615081480,1654779615081480,
300833b2ddd9014000030001,1,1,1276,-56,1654779615113623,1654779615113623,
300833b2ddd9014000030009,1,1,2564,-46,1654779615114807,1654779615114807,
300833b2ddd9014000030008,1,1,3176,-43,1654779615115863,1654779615115863,
300833b2ddd9014000030002,1,1,52,-49,1654779615116932,1654779615116932,
300833b2ddd9014000030008,1,1,3172,-43,1654779615120979,1654779615120979,
300833b2ddd9014000030002,1,1,40,-49,1654779615122420,1654779615122420,
300833b2ddd9014000030009,1,1,2584,-46,1654779615123972,1654779615123972,
300833b2ddd9014000030001,1,1,1280,-56,1654779615125444,1654779615125444,
300833b2ddd9014000030008,1,1,3168,-43,1654779615155458,1654779615155458,
300833b2ddd9014000030002,1,1,52,-49,1654779615156530,1654779615156530,
300833b2ddd9014000030009,1,1,2596,-46,1654779615157659,1654779615157659,
300833b2ddd9014000030001,1,1,1268,-56,1654779615159854,1654779615159854,
300833b2ddd9014000030009,1,1,2564,-46,1654779615164203,1654779615164203,
300833b2ddd9014000030001,1,1,1236,-57,1654779615166187,1654779615166187,
300833b2ddd9014000030008,1,1,3188,-43,1654779615167539,1654779615167539,
300833b2ddd9014000030002,1,1,84,-49,1654779615168708,1654779615168708,
300833b2ddd9014000030009,1,1,2592,-46,1654779615199236,1654779615199236,
300833b2ddd9014000030001,1,1,1260,-57,1654779615200679,1654779615200679,
300833b2ddd9014000030008,1,1,3172,-43,1654779615201790,1654779615201790,
300833b2ddd9014000030002,1,1,60,-49,1654779615203100,1654779615203100,
300833b2ddd9014000030001,1,1,1096,-57,1654779615206456,1654779615206456,
300833b2ddd9014000030009,1,1,2572,-46,1654779615208046,1654779615208046,
300833b2ddd9014000030008,1,1,3180,-43,1654779615209411,1654779615209411,
300833b2ddd9014000030002,1,1,64,-49,1654779615211591,1654779615211591,
300833b2ddd9014000030002,1,1,76,-49,1654779615242451,1654779615242451,
300833b2ddd9014000030009,1,1,2592,-46,1654779615244145,1654779615244145,
300833b2ddd9014000030001,1,1,1288,-57,1654779615245506,1654779615245506,
300833b2ddd9014000030008,1,1,3176,-43,1654779615246616,1654779615246616,
300833b2ddd9014000030009,1,1,2568,-46,1654779615250178,1654779615250178,
300833b2ddd9014000030001,1,1,1264,-57,1654779615251877,1654779615251877,
300833b2ddd9014000030008,1,1,3176,-43,1654779615253014,1654779615253014,
300833b2ddd9014000030002,1,1,72,-49,1654779615254950,1654779615254950,
300833b2ddd9014000030009,1,1,2580,-46,1654779615286025,1654779615286025,
300833b2ddd9014000030001,1,1,1236,-56,1654779615287114,1654779615287114,
300833b2ddd9014000030008,1,1,3172,-43,1654779615288254,1654779615288254,
300833b2ddd9014000030002,1,1,76,-49,1654779615289707,1654779615289707,
300833b2ddd9014000030009,1,1,2616,-46,1654779615292613,1654779615292613,
300833b2ddd9014000030001,1,1,1376,-57,1654779615293945,1654779615293945,
300833b2ddd9014000030008,1,1,3188,-43,1654779615295009,1654779615295009,
300833b2ddd9014000030002,1,1,56,-49,1654779615297159,1654779615297159,
300833b2ddd9014000030009,1,1,2580,-46,1654779615328502,1654779615328502,
300833b2ddd9014000030008,1,1,3188,-43,1654779615330181,1654779615330181,
300833b2ddd9014000030002,1,1,64,-49,1654779615331534,1654779615331534,
300833b2ddd9014000030001,1,1,1232,-56,1654779615333006,1654779615333006,
300833b2ddd9014000030009,1,1,2608,-46,1654779615336048,1654779615336048,
300833b2ddd9014000030001,1,1,1252,-57,1654779615337105,1654779615337105,
300833b2ddd9014000030008,1,1,3176,-43,1654779615339155,1654779615339155,
300833b2ddd9014000030002,1,1,68,-49,1654779615340350,1654779615340350,
300833b2ddd9014000030002,1,1,60,-49,1654779615371427,1654779615371427,
300833b2ddd9014000030009,1,1,2576,-46,1654779615373413,1654779615373413,
300833b2ddd9014000030001,1,1,1196,-57,1654779615374729,1654779615374729,
300833b2ddd9014000030008,1,1,3168,-43,1654779615375754,1654779615375754,
300833b2ddd9014000030001,1,1,1304,-57,1654779615379699,1654779615379699,
300833b2ddd9014000030009,1,1,2576,-46,1654779615380828,1654779615380828,
300833b2ddd9014000030008,1,1,3168,-43,1654779615382124,1654779615382124,
300833b2ddd9014000030002,1,1,76,-49,1654779615383178,1654779615383178,
300833b2ddd9014000030002,1,1,80,-48,1654779615415722,1654779615415722,
300833b2ddd9014000030009,1,1,2604,-46,1654779615416823,1654779615416823,
300833b2ddd9014000030008,1,1,3188,-43,1654779615417920,1654779615417920,
300833b2ddd9014000030001,1,1,1240,-57,1654779615419364,1654779615419364,
300833b2ddd9014000030008,1,1,3192,-43,1654779615423387,1654779615423387,
300833b2ddd9014000030009,1,1,2584,-46,1654779615424742,1654779615424742,
300833b2ddd9014000030001,1,1,1196,-57,1654779615426246,1654779615426246,
300833b2ddd9014000030002,1,1,64,-49,1654779615427256,1654779615427256,
300833b2ddd9014000030008,1,1,3176,-43,1654779615457207,1654779615457207,
300833b2ddd9014000030009,1,1,2580,-46,1654779615458962,1654779615458962,
300833b2ddd9014000030001,1,1,1196,-57,1654779615460066,1654779615460066,
300833b2ddd9014000030002,1,1,60,-49,1654779615461404,1654779615461404,
300833b2ddd9014000030001,1,1,1192,-57,1654779615464779,1654779615464779,
300833b2ddd9014000030008,1,1,3184,-43,1654779615466098,1654779615466098,
300833b2ddd9014000030009,1,1,2576,-46,1654779615467623,1654779615467623,
300833b2ddd9014000030002,1,1,80,-48,1654779615470423,1654779615470423,
300833b2ddd9014000030001,1,1,1260,-57,1654779615500359,1654779615500359,
300833b2ddd9014000030009,1,1,2576,-46,1654779615501444,1654779615501444,
300833b2ddd9014000030002,1,1,72,-48,1654779615503206,1654779615503206,
300833b2ddd9014000030008,1,1,3180,-43,1654779615504276,1654779615504276,
300833b2ddd9014000030001,1,1,1188,-57,1654779615509828,1654779615509828,
300833b2ddd9014000030008,1,1,3192,-43,1654779615511493,1654779615511493,
300833b2ddd9014000030002,1,1,72,-49,1654779615512818,1654779615512818,
300833b2ddd9014000030009,1,1,2584,-46,1654779615513888,1654779615513888,
300833b2ddd9014000030001,1,1,1412,-57,1654779615544299,1654779615544299,
300833b2ddd9014000030009,1,1,2584,-46,1654779615545609,1654779615545609,
300833b2ddd9014000030008,1,1,3180,-43,1654779615547160,1654779615547160,
300833b2ddd9014000030002,1,1,76,-49,1654779615548827,1654779615548827,
300833b2ddd9014000030001,1,1,1164,-57,1654779615552935,1654779615552935,
300833b2ddd9014000030002,1,1,80,-49,1654779615555109,1654779615555109,
300833b2ddd9014000030009,1,1,2612,-46,1654779615556238,1654779615556238,
300833b2ddd9014000030008,1,1,3176,-43,1654779615557350,1654779615557350,
300833b2ddd9014000030002,1,1,68,-49,1654779615588811,1654779615588811,
300833b2ddd9014000030009,1,1,2592,-46,1654779615589909,1654779615589909,
300833b2ddd9014000030001,1,1,1212,-57,1654779615591042,1654779615591042,
300833b2ddd9014000030008,1,1,3184,-43,1654779615592096,1654779615592096,
300833b2ddd9014000030009,1,1,2576,-46,1654779615596027,1654779615596027,
300833b2ddd9014000030002,1,1,64,-48,1654779615597110,1654779615597110,
300833b2ddd9014000030008,1,1,3184,-43,1654779615598420,1654779615598420,
300833b2ddd9014000030001,1,1,1184,-57,1654779615599721,1654779615599721,
300833b2ddd9014000030008,1,1,3176,-43,1654779615823948,1654779615823948,
300833b2ddd9014000030002,1,1,64,-49,1654779615825378,1654779615825378,
300833b2ddd9014000030001,1,1,1248,-57,1654779615826466,1654779615826466,
300833b2ddd9014000030009,1,1,2612,-46,1654779615827821,1654779615827821,
300833b2ddd9014000030009,1,1,2620,-46,1654779615831669,1654779615831669,
300833b2ddd9014000030001,1,1,1184,-57,1654779615832744,1654779615832744,
300833b2ddd9014000030008,1,1,3168,-43,1654779615841753,1654779615841753,
300833b2ddd9014000030002,1,1,68,-49,1654779615844048,1654779615844048,
300833b2ddd9014000030001,1,1,1204,-57,1654779615873815,1654779615873815,
300833b2ddd9014000030002,1,1,76,-49,1654779615875153,1654779615875153,
300833b2ddd9014000030008,1,1,3168,-43,1654779615876265,1654779615876265,
300833b2ddd9014000030009,1,1,2600,-46,1654779615877320,1654779615877320,
300833b2ddd9014000030008,1,1,3172,-43,1654779615882009,1654779615882009,
300833b2ddd9014000030009,1,1,2584,-46,1654779615883946,1654779615883946,
300833b2ddd9014000030002,1,1,64,-48,1654779615885256,1654779615885256,
300833b2ddd9014000030001,1,1,1196,-57,1654779615886985,1654779615886985,
300833b2ddd9014000030002,1,1,72,-49,1654779615916997,1654779615916997,
300833b2ddd9014000030001,1,1,1232,-57,1654779615918341,1654779615918341,
300833b2ddd9014000030009,1,1,2564,-46,1654779615919425,1654779615919425,
300833b2ddd9014000030008,1,1,3172,-43,1654779615921006,1654779615921006,
300833b2ddd9014000030008,1,1,3176,-43,1654779615925301,1654779615925301,
300833b2ddd9014000030009,1,1,2564,-46,1654779615926612,1654779615926612,
300833b2ddd9014000030002,1,1,64,-49,1654779615927652,1654779615927652,
300833b2ddd9014000030001,1,1,1256,-57,1654779615928994,1654779615928994,
300833b2ddd9014000030001,1,1,1184,-57,1654779615960627,1654779615960627,
300833b2ddd9014000030008,1,1,3164,-43,1654779615962575,1654779615962575,
300833b2ddd9014000030002,1,1,64,-49,1654779615963616,1654779615963616,
300833b2ddd9014000030002,1,1,52,-49,1654779615967912,1654779615967912,
300833b2ddd9014000030008,1,1,3168,-43,1654779615968939,1654779615968939,
300833b2ddd9014000030001,1,1,1280,-57,1654779615970763,1654779615970763,
300833b2ddd9014000030002,1,1,56,-49,1654779616002123,1654779616002123,
300833b2ddd9014000030008,1,1,3164,-43,1654779616003235,1654779616003235,
300833b2ddd9014000030001,1,1,1292,-57,1654779616004580,1654779616004580,
300833b2ddd9014000030009,1,1,2568,-46,1654779616005621,1654779616005621,
300833b2ddd9014000030009,1,1,2560,-46,1654779616010699,1654779616010699,
300833b2ddd9014000030002,1,1,48,-49,1654779616011782,1654779616011782,
300833b2ddd9014000030001,1,1,1224,-57,1654779616013139,1654779616013139,
300833b2ddd9014000030008,1,1,3168,-43,1654779616014264,1654779616014264,
300833b2ddd9014000030008,1,1,3168,-43,1654779616046174,1654779616046174,
300833b2ddd9014000030001,1,1,1232,-57,1654779616047222,1654779616047222,
300833b2ddd9014000030009,1,1,2556,-46,1654779616049483,1654779616049483,
300833b2ddd9014000030008,1,1,3156,-43,1654779616053671,1654779616053671,
300833b2ddd9014000030002,1,1,56,-49,1654779616054967,1654779616054967,
300833b2ddd9014000030001,1,1,1200,-56,1654779616056368,1654779616056368,
300833b2ddd9014000030009,1,1,2568,-46,1654779616057735,1654779616057735,
300833b2ddd9014000030008,1,1,3180,-43,1654779616089253,1654779616089253,
300833b2ddd9014000030001,1,1,1212,-57,1654779616090823,1654779616090823,
300833b2ddd9014000030009,1,1,2568,-46,1654779616092134,1654779616092134,
300833b2ddd9014000030002,1,1,60,-49,1654779616093248,1654779616093248,
300833b2ddd9014000030008,1,1,3152,-43,1654779616097726,1654779616097726,
300833b2ddd9014000030001,1,1,1276,-57,1654779616098839,1654779616098839,
300833b2ddd9014000030002,1,1,44,-49,1654779616099927,1654779616099927,
300833b2ddd9014000030009,1,1,2564,-46,1654779616101976,1654779616101976,
300833b2ddd9014000030009,1,1,2580,-46,1654779616133258,1654779616133258,
300833b2ddd9014000030008,1,1,3156,-43,1654779616134496,1654779616134496,
300833b2ddd9014000030001,1,1,1216,-57,1654779616135783,1654779616135783,
300833b2ddd9014000030002,1,1,56,-49,1654779616137094,1654779616137094,
300833b2ddd9014000030008,1,1,3160,-43,1654779616141754,1654779616141754,
300833b2ddd9014000030009,1,1,2540,-46,1654779616143124,1654779616143124,
300833b2ddd9014000030002,1,1,52,-49,1654779616144163,1654779616144163,
300833b2ddd9014000030001,1,1,1184,-57,1654779616145479,1654779616145479,