epc,atenda,atendanum,phase,RSS,timestamp,timestamp2,
300833b2ddd9014000030002,1,1,812,-49,1654779774761984,1654779774761984,
300833b2ddd9014000030009,1,1,2672,-43,1654779774763140,1654779774763140,
300833b2ddd9014000030008,1,1,3716,-45,1654779774764477,1654779774764477,
300833b2ddd9014000030001,1,1,1440,-50,1654779774767025,1654779774767025,
300833b2ddd9014000030009,1,1,2692,-43,1654779774770774,1654779774770774,
300833b2ddd9014000030008,1,1,3716,-45,1654779774772484,1654779774772484,
300833b2ddd9014000030001,1,1,1436,-50,1654779774773979,1654779774773979,
300833b2ddd9014000030002,1,1,836,-49,1654779774775091,1654779774775091,
300833b2ddd9014000030008,1,1,3716,-45,1654779774804847,1654779774804847,
300833b2ddd9014000030009,1,1,2672,-43,1654779774806174,1654779774806174,
300833b2ddd9014000030002,1,1,852,-49,1654779774808374,1654779774808374,
300833b2ddd9014000030001,1,1,1440,-50,1654779774809405,1654779774809405,
300833b2ddd9014000030009,1,1,2672,-43,1654779774813986,1654779774813986,
300833b2ddd9014000030008,1,1,3696,-45,1654779774815410,1654779774815410,
300833b2ddd9014000030001,1,1,1480,-50,1654779774817175,1654779774817175,
300833b2ddd9014000030002,1,1,832,-49,1654779774818258,1654779774818258,
300833b2ddd9014000030009,1,1,2688,-43,1654779774848389,1654779774848389,
300833b2ddd9014000030008,1,1,3720,-45,1654779774850375,1654779774850375,
300833b2ddd9014000030001,1,1,1420,-50,1654779774851835,1654779774851835,
300833b2ddd9014000030002,1,1,856,-49,1654779774852932,1654779774852932,
300833b2ddd9014000030001,1,1,1436,-50,1654779774855688,1654779774855688,
300833b2ddd9014000030008,1,1,3720,-45,1654779774857280,1654779774857280,
300833b2ddd9014000030002,1,1,828,-49,1654779774858364,1654779774858364,
300833b2ddd9014000030009,1,1,2692,-43,1654779774859986,1654779774859986,
300833b2ddd9014000030002,1,1,824,-49,1654779774891537,1654779774891537,
300833b2ddd9014000030001,1,1,1436,-50,1654779774892594,1654779774892594,
300833b2ddd9014000030008,1,1,3716,-45,1654779774894160,1654779774894160,
300833b2ddd9014000030009,1,1,2668,-43,1654779774895234,1654779774895234,
300833b2ddd9014000030001,1,1,1444,-50,1654779774899457,1654779774899457,
300833b2ddd9014000030008,1,1,3716,-45,1654779774900810,1654779774900810,
300833b2ddd9014000030009,1,1,2668,-43,1654779774902107,1654779774902107,
300833b2ddd9014000030002,1,1,844,-49,1654779774903402,1654779774903402,
300833b2ddd9014000030008,1,1,3712,-45,1654779774934864,1654779774934864,
300833b2ddd9014000030009,1,1,2684,-43,1654779774935978,1654779774935978,
300833b2ddd9014000030002,1,1,820,-49,1654779774937828,1654779774937828,
300833b2ddd9014000030001,1,1,1448,-50,1654779774939795,1654779774939795,
300833b2ddd9014000030008,1,1,3728,-45,1654779774944454,1654779774944454,
300833b2ddd9014000030009,1,1,2664,-43,1654779774945866,1654779774945866,
300833b2ddd9014000030002,1,1,824,-49,1654779774947189,1654779774947189,
300833b2ddd9014000030001,1,1,1432,-50,1654779774948673,1654779774948673,
300833b2ddd9014000030008,1,1,3708,-45,1654779774978242,1654779774978242,
300833b2ddd9014000030001,1,1,1428,-50,1654779774979798,1654779774979798,
300833b2ddd9014000030009,1,1,2664,-43,1654779774980913,1654779774980913,
300833b2ddd9014000030002,1,1,832,-49,1654779774983315,1654779774983315,
300833b2ddd9014000030002,1,1,868,-49,1654779774987411,1654779774987411,
300833b2ddd9014000030009,1,1,2684,-43,1654779774988508,1654779774988508,
300833b2ddd9014000030008,1,1,3712,-45,1654779774989576,1654779774989576,
300833b2ddd9014000030001,1,1,1488,-50,1654779774990651,1654779774990651,
300833b2ddd9014000030001,1,1,1428,-50,1654779775022678,1654779775022678,
300833b2ddd9014000030009,1,1,2672,-43,1654779775023776,1654779775023776,
300833b2ddd9014000030002,1,1,836,-49,1654779775024874,1654779775024874,
300833b2ddd9014000030008,1,1,3704,-45,1654779775026695,1654779775026695,
300833b2ddd9014000030002,1,1,824,-49,1654779775032098,1654779775032098,
300833b2ddd9014000030001,1,1,1444,-50,1654779775034032,1654779775034032,
300833b2ddd9014000030008,1,1,3716,-45,1654779775035521,1654779775035521,
300833b2ddd9014000030009,1,1,2672,-43,1654779775036865,1654779775036865,
300833b2ddd9014000030002,1,1,832,-49,1654779775067946,1654779775067946,
300833b2ddd9014000030009,1,1,2664,-43,1654779775069654,1654779775069654,
300833b2ddd9014000030008,1,1,3724,-45,1654779775070951,1654779775070951,
300833b2ddd9014000030001,1,1,1428,-51,1654779775072422,1654779775072422,
300833b2ddd9014000030001,1,1,1436,-50,1654779775076262,1654779775076262,
300833b2ddd9014000030009,1,1,2672,-43,1654779775077362,1654779775077362,
300833b2ddd9014000030002,1,1,868,-49,1654779775078460,1654779775078460,
300833b2ddd9014000030008,1,1,3700,-45,1654779775079870,1654779775079870,
300833b2ddd9014000030008,1,1,3708,-45,1654779775110323,1654779775110323,
300833b2ddd9014000030002,1,1,820,-49,1654779775111462,1654779775111462,
300833b2ddd9014000030001,1,1,1440,-50,1654779775112594,1654779775112594,
300833b2ddd9014000030009,1,1,2672,-43,1654779775113934,1654779775113934,
300833b2ddd9014000030009,1,1,2692,-43,1654779775119017,1654779775119017,
300833b2ddd9014000030008,1,1,3708,-45,1654779775121630,1654779775121630,
300833b2ddd9014000030002,1,1,828,-49,1654779775122881,1654779775122881,
300833b2ddd9014000030001,1,1,1432,-50,1654779775123957,1654779775123957,
300833b2ddd9014000030002,1,1,812,-49,1654779775155116,1654779775155116,
300833b2ddd9014000030009,1,1,2692,-43,1654779775156441,1654779775156441,
300833b2ddd9014000030008,1,1,3716,-45,1654779775157708,1654779775157708,
300833b2ddd9014000030001,1,1,1436,-50,1654779775159022,1654779775159022,
300833b2ddd9014000030008,1,1,3712,-45,1654779775163742,1654779775163742,
300833b2ddd9014000030001,1,1,1436,-50,1654779775164830,1654779775164830,
300833b2ddd9014000030002,1,1,816,-49,1654779775166147,1654779775166147,
300833b2ddd9014000030009,1,1,2672,-43,1654779775167445,1654779775167445,
300833b2ddd9014000030002,1,1,824,-49,1654779775198622,1654779775198622,
300833b2ddd9014000030001,1,1,1464,-50,1654779775199710,1654779775199710,
300833b2ddd9014000030008,1,1,3728,-45,1654779775201289,1654779775201289,
300833b2ddd9014000030009,1,1,2672,-43,1654779775202685,1654779775202685,
300833b2ddd9014000030009,1,1,2684,-43,1654779775207421,1654779775207421,
300833b2ddd9014000030002,1,1,812,-49,1654779775208507,1654779775208507,
300833b2ddd9014000030001,1,1,1424,-50,1654779775209607,1654779775209607,
300833b2ddd9014000030008,1,1,3732,-45,1654779775211215,1654779775211215,
300833b2ddd9014000030001,1,1,1444,-51,1654779775243451,1654779775243451,
300833b2ddd9014000030009,1,1,2672,-43,1654779775244669,1654779775244669,
300833b2ddd9014000030002,1,1,808,-49,1654779775245781,1654779775245781,
300833b2ddd9014000030008,1,1,3716,-45,1654779775246850,1654779775246850,
300833b2ddd9014000030008,1,1,3720,-45,1654779775250662,1654779775250662,
300833b2ddd9014000030001,1,1,1444,-50,1654779775252643,1654779775252643,
300833b2ddd9014000030002,1,1,804,-49,1654779775253742,1654779775253742,
300833b2ddd9014000030009,1,1,2684,-43,1654779775254812,1654779775254812,
300833b2ddd9014000030008,1,1,3712,-45,1654779775285369,1654779775285369,
300833b2ddd9014000030009,1,1,2676,-43,1654779775286443,1654779775286443,
300833b2ddd9014000030001,1,1,1428,-50,1654779775288927,1654779775288927,
300833b2ddd9014000030002,1,1,820,-49,1654779775290535,1654779775290535,
300833b2ddd9014000030002,1,1,816,-49,1654779775295065,1654779775295065,
300833b2ddd9014000030009,1,1,2672,-43,1654779775296164,1654779775296164,
300833b2ddd9014000030008,1,1,3724,-45,1654779775297272,1654779775297272,
300833b2ddd9014000030001,1,1,1444,-51,1654779775298675,1654779775298675,
300833b2ddd9014000030008,1,1,3716,-45,1654779775329256,1654779775329256,
300833b2ddd9014000030002,1,1,812,-49,1654779775330469,1654779775330469,
300833b2ddd9014000030001,1,1,1464,-51,1654779775331542,1654779775331542,
300833b2ddd9014000030009,1,1,2696,-43,1654779775332611,1654779775332611,
300833b2ddd9014000030008,1,1,3712,-45,1654779775336461,1654779775336461,
300833b2ddd9014000030001,1,1,1440,-50,1654779775337548,1654779775337548,
300833b2ddd9014000030009,1,1,2684,-43,1654779775339612,1654779775339612,
300833b2ddd9014000030002,1,1,828,-49,1654779775341292,1654779775341292,
300833b2ddd9014000030002,1,1,808,-49,1654779775371954,1654779775371954,
300833b2ddd9014000030001,1,1,1448,-50,1654779775373280,1654779775373280,
300833b2ddd9014000030009,1,1,2676,-43,1654779775374593,1654779775374593,
300833b2ddd9014000030008,1,1,3724,-45,1654779775375941,1654779775375941,
300833b2ddd9014000030009,1,1,2684,-43,1654779775380451,1654779775380451,
300833b2ddd9014000030001,1,1,1460,-50,1654779775381592,1654779775381592,
300833b2ddd9014000030002,1,1,824,-49,1654779775383912,1654779775383912,
300833b2ddd9014000030008,1,1,3724,-45,1654779775385650,1654779775385650,
300833b2ddd9014000030001,1,1,1476,-50,1654779775416746,1654779775416746,
300833b2ddd9014000030009,1,1,2688,-43,1654779775417802,1654779775417802,
300833b2ddd9014000030002,1,1,820,-49,1654779775419311,1654779775419311,
300833b2ddd9014000030008,1,1,3720,-45,1654779775420722,1654779775420722,
300833b2ddd9014000030008,1,1,3712,-45,1654779775426298,1654779775426298,
300833b2ddd9014000030009,1,1,2668,-43,1654779775427895,1654779775427895,
300833b2ddd9014000030002,1,1,824,-49,1654779775429234,1654779775429234,
300833b2ddd9014000030001,1,1,1488,-50,1654779775431771,1654779775431771,
300833b2ddd9014000030002,1,1,816,-49,1654779775461741,1654779775461741,
300833b2ddd9014000030008,1,1,3720,-45,1654779775462837,1654779775462837,
300833b2ddd9014000030009,1,1,2672,-43,1654779775464450,1654779775464450,
300833b2ddd9014000030001,1,1,1452,-51,1654779775467212,1654779775467212,
300833b2ddd9014000030008,1,1,3720,-45,1654779775470179,1654779775470179,
300833b2ddd9014000030002,1,1,820,-49,1654779775471276,1654779775471276,
300833b2ddd9014000030009,1,1,2688,-43,1654779775472347,1654779775472347,
300833b2ddd9014000030001,1,1,1460,-50,1654779775473644,1654779775473644,
300833b2ddd9014000030001,1,1,1476,-50,1654779775505682,1654779775505682,
300833b2ddd9014000030008,1,1,3716,-45,1654779775507050,1654779775507050,
300833b2ddd9014000030009,1,1,2688,-43,1654779775508390,1654779775508390,
300833b2ddd9014000030002,1,1,824,-49,1654779775511166,1654779775511166,
300833b2ddd9014000030008,1,1,3720,-45,1654779775514297,1654779775514297,
300833b2ddd9014000030001,1,1,1464,-50,1654779775516251,1654779775516251,
300833b2ddd9014000030009,1,1,2672,-43,1654779775517563,1654779775517563,
300833b2ddd9014000030002,1,1,800,-49,1654779775518647,1654779775518647,
300833b2ddd9014000030008,1,1,3732,-45,1654779775549748,1654779775549748,
300833b2ddd9014000030009,1,1,2680,-43,1654779775551005,1654779775551005,
300833b2ddd9014000030002,1,1,828,-49,1654779775552341,1654779775552341,
300833b2ddd9014000030001,1,1,1488,-50,1654779775553816,1654779775553816,
300833b2ddd9014000030001,1,1,1468,-51,1654779775556857,1654779775556857,
300833b2ddd9014000030009,1,1,2664,-43,1654779775559043,1654779775559043,
300833b2ddd9014000030002,1,1,860,-49,1654779775560156,1654779775560156,
300833b2ddd9014000030008,1,1,3728,-45,1654779775561566,1654779775561566,
300833b2ddd9014000030002,1,1,832,-49,1654779775592297,1654779775592297,
300833b2ddd9014000030009,1,1,2700,-43,1654779775594347,1654779775594347,
300833b2ddd9014000030001,1,1,1480,-50,1654779775595419,1654779775595419,
300833b2ddd9014000030008,1,1,3724,-45,1654779775596606,1654779775596606,
300833b2ddd9014000030001,1,1,1492,-51,1654779775599621,1654779775599621,
300833b2ddd9014000030008,1,1,3724,-45,1654779775601295,1654779775601295,
300833b2ddd9014000030002,1,1,808,-49,1654779775602353,1654779775602353,
300833b2ddd9014000030009,1,1,2688,-43,1654779775603465,1654779775603465,
300833b2ddd9014000030009,1,1,2684,-43,1654779775635805,1654779775635805,
300833b2ddd9014000030002,1,1,816,-49,1654779775636947,1654779775636947,
300833b2ddd9014000030008,1,1,3724,-45,1654779775638767,1654779775638767,
300833b2ddd9014000030001,1,1,1452,-50,1654779775639855,1654779775639855,
300833b2ddd9014000030002,1,1,820,-49,1654779775644052,1654779775644052,
300833b2ddd9014000030009,1,1,2684,-43,1654779775645137,1654779775645137,
300833b2ddd9014000030001,1,1,1480,-51,1654779775646265,1654779775646265,
300833b2ddd9014000030008,1,1,3724,-45,1654779775647362,1654779775647362,
300833b2ddd9014000030001,1,1,1468,-50,1654779775679627,1654779775679627,
300833b2ddd9014000030008,1,1,3720,-45,1654779775680936,1654779775680936,
300833b2ddd9014000030009,1,1,2688,-43,1654779775682273,1654779775682273,
300833b2ddd9014000030002,1,1,812,-49,1654779775683385,1654779775683385,
300833b2ddd9014000030001,1,1,1472,-50,1654779775688143,1654779775688143,
300833b2ddd9014000030009,1,1,2696,-43,1654779775689209,1654779775689209,
300833b2ddd9014000030002,1,1,832,-49,1654779775690566,1654779775690566,
300833b2ddd9014000030008,1,1,3724,-45,1654779775692116,1654779775692116,
300833b2ddd9014000030001,1,1,1476,-51,1654779775723893,1654779775723893,
300833b2ddd9014000030009,1,1,2676,-43,1654779775724964,1654779775724964,
300833b2ddd9014000030008,1,1,3724,-45,1654779775726770,1654779775726770,
300833b2ddd9014000030002,1,1,824,-49,1654779775728194,1654779775728194,
300833b2ddd9014000030009,1,1,2672,-43,1654779775733146,1654779775733146,
300833b2ddd9014000030001,1,1,1520,-50,1654779775735044,1654779775735044,
300833b2ddd9014000030008,1,1,3732,-45,1654779775736154,1654779775736154,
300833b2ddd9014000030002,1,1,824,-49,1654779775737295,1654779775737295,
300833b2ddd9014000030008,1,1,3736,-45,1654779775768317,1654779775768317,
300833b2ddd9014000030002,1,1,800,-49,1654779775769390,1654779775769390,
300833b2ddd9014000030001,1,1,1492,-50,1654779775770702,1654779775770702,
300833b2ddd9014000030009,1,1,2676,-43,1654779775771758,1654779775771758,
300833b2ddd9014000030008,1,1,3724,-45,1654779775776974,1654779775776974,
300833b2ddd9014000030009,1,1,2700,-43,1654779775778132,1654779775778132,
300833b2ddd9014000030001,1,1,1480,-51,1654779775779502,1654779775779502,
300833b2ddd9014000030002,1,1,800,-49,1654779775780601,1654779775780601,
300833b2ddd9014000030002,1,1,816,-49,1654779775811017,1654779775811017,
300833b2ddd9014000030008,1,1,3728,-45,1654779775812354,1654779775812354,
300833b2ddd9014000030001,1,1,1484,-50,1654779775813870,1654779775813870,
300833b2ddd9014000030009,1,1,2692,-43,1654779775814937,1654779775814937,
300833b2ddd9014000030008,1,1,3728,-45,1654779775819856,1654779775819856,
300833b2ddd9014000030009,1,1,2664,-43,1654779775821328,1654779775821328,
300833b2ddd9014000030001,1,1,1468,-50,1654779775822413,1654779775822413,
300833b2ddd9014000030002,1,1,840,-49,1654779775823721,1654779775823721,
300833b2ddd9014000030001,1,1,1488,-50,1654779775854294,1654779775854294,
300833b2ddd9014000030009,1,1,2672,-43,1654779775855949,1654779775855949,
300833b2ddd9014000030008,1,1,3728,-45,1654779775856989,1654779775856989,
300833b2ddd9014000030002,1,1,820,-49,1654779775858344,1654779775858344,
300833b2ddd9014000030002,1,1,820,-49,1654779775861924,1654779775861924,
300833b2ddd9014000030008,1,1,3752,-45,1654779775863628,1654779775863628,
300833b2ddd9014000030001,1,1,1492,-50,1654779775864957,1654779775864957,
300833b2ddd9014000030009,1,1,2680,-43,1654779775866013,1654779775866013,
300833b2ddd9014000030009,1,1,2676,-43,1654779775896750,1654779775896750,
300833b2ddd9014000030008,1,1,3736,-45,1654779775898216,1654779775898216,
300833b2ddd9014000030002,1,1,848,-49,1654779775899544,1654779775899544,
300833b2ddd9014000030001,1,1,1492,-50,1654779775901257,1654779775901257,
300833b2ddd9014000030009,1,1,2672,-43,1654779775903946,1654779775903946,
300833b2ddd9014000030002,1,1,812,-49,1654779775905285,1654779775905285,
300833b2ddd9014000030008,1,1,3728,-45,1654779775908249,1654779775908249,
300833b2ddd9014000030001,1,1,1468,-50,1654779775909710,1654779775909710,
300833b2ddd9014000030008,1,1,3744,-45,1654779775940149,1654779775940149,
300833b2ddd9014000030001,1,1,1484,-50,1654779775941604,1654779775941604,
300833b2ddd9014000030002,1,1,824,-49,1654779775942903,1654779775942903,
300833b2ddd9014000030009,1,1,2668,-43,1654779775944018,1654779775944018,
300833b2ddd9014000030009,1,1,2672,-43,1654779775949320,1654779775949320,
300833b2ddd9014000030008,1,1,3720,-45,1654779775951285,1654779775951285,
300833b2ddd9014000030002,1,1,808,-49,1654779775952313,1654779775952313,
300833b2ddd9014000030001,1,1,1476,-50,1654779775954009,1654779775954009,
300833b2ddd9014000030008,1,1,3724,-45,1654779775984159,1654779775984159,
300833b2ddd9014000030002,1,1,792,-48,1654779775986084,1654779775986084,
300833b2ddd9014000030009,1,1,2676,-43,1654779775987210,1654779775987210,
300833b2ddd9014000030001,1,1,1488,-50,1654779775988283,1654779775988283,
300833b2ddd9014000030009,1,1,2736,-43,1654779775992204,1654779775992204,
300833b2ddd9014000030008,1,1,3740,-45,1654779775993812,1654779775993812,
300833b2ddd9014000030002,1,1,828,-49,1654779775995166,1654779775995166,
300833b2ddd9014000030001,1,1,1516,-51,1654779775996667,1654779775996667,
300833b2ddd9014000030001,1,1,1488,-51,1654779776026962,1654779776026962,
300833b2ddd9014000030009,1,1,2672,-43,1654779776030634,1654779776030634,
300833b2ddd9014000030008,1,1,3720,-45,1654779776031861,1654779776031861,
300833b2ddd9014000030002,1,1,828,-49,1654779776033072,1654779776033072,
300833b2ddd9014000030002,1,1,832,-49,1654779776036122,1654779776036122,
300833b2ddd9014000030009,1,1,2700,-43,1654779776037221,1654779776037221,
300833b2ddd9014000030008,1,1,3736,-45,1654779776038815,1654779776038815,
300833b2ddd9014000030001,1,1,1480,-50,1654779776040569,1654779776040569,
300833b2ddd9014000030008,1,1,3728,-45,1654779776071724,1654779776071724,
300833b2ddd9014000030001,1,1,1480,-51,1654779776073680,1654779776073680,
300833b2ddd9014000030001,1,1,1488,-51,1654779776079885,1654779776079885,
300833b2ddd9014000030009,1,1,2672,-43,1654779776081099,1654779776081099,
300833b2ddd9014000030008,1,1,3708,-45,1654779776082450,1654779776082450,
300833b2ddd9014000030002,1,1,832,-49,1654779776083490,1654779776083490,
300833b2ddd9014000030009,1,1,2708,-43,1654779776115008,1654779776115008,
300833b2ddd9014000030001,1,1,1500,-50,1654779776116167,1654779776116167,
300833b2ddd9014000030008,1,1,3732,-45,1654779776117848,1654779776117848,
300833b2ddd9014000030002,1,1,828,-49,1654779776119287,1654779776119287,
300833b2ddd9014000030008,1,1,3728,-45,1654779776122289,1654779776122289,
300833b2ddd9014000030001,1,1,1484,-50,1654779776123405,1654779776123405,
300833b2ddd9014000030009,1,1,2680,-43,1654779776125003,1654779776125003,
300833b2ddd9014000030002,1,1,816,-49,1654779776126979,1654779776126979,
300833b2ddd9014000030009,1,1,2668,-43,1654779776157996,1654779776157996,
300833b2ddd9014000030008,1,1,3728,-45,1654779776159716,1654779776159716,
300833b2ddd9014000030001,1,1,1504,-50,1654779776161656,1654779776161656,
300833b2ddd9014000030001,1,1,1472,-50,1654779776166422,1654779776166422,
300833b2ddd9014000030009,1,1,2676,-43,1654779776168087,1654779776168087,
300833b2ddd9014000030002,1,1,836,-49,1654779776169626,1654779776169626,
300833b2ddd9014000030008,1,1,3728,-45,1654779776171035,1654779776171035,
300833b2ddd9014000030001,1,1,1488,-50,1654779776201294,1654779776201294,
300833b2ddd9014000030002,1,1,852,-49,1654779776203083,1654779776203083,
300833b2ddd9014000030009,1,1,2708,-43,1654779776204426,1654779776204426,
300833b2ddd9014000030008,1,1,3724,-45,1654779776205665,1654779776205665,
300833b2ddd9014000030009,1,1,2680,-43,1654779776210840,1654779776210840,
300833b2ddd9014000030002,1,1,844,-49,1654779776212037,1654779776212037,
300833b2ddd9014000030008,1,1,3712,-45,1654779776213332,1654779776213332,
300833b2ddd9014000030001,1,1,1504,-50,1654779776214476,1654779776214476,
300833b2ddd9014000030009,1,1,2676,-43,1654779776245394,1654779776245394,
300833b2ddd9014000030002,1,1,820,-49,1654779776246505,1654779776246505,
300833b2ddd9014000030001,1,1,1496,-50,1654779776249527,1654779776249527,
300833b2ddd9014000030001,1,1,1480,-50,1654779776252780,1654779776252780,
300833b2ddd9014000030009,1,1,2672,-43,1654779776253922,1654779776253922,
300833b2ddd9014000030002,1,1,832,-49,1654779776254961,1654779776254961,
300833b2ddd9014000030008,1,1,3720,-45,1654779776256512,1654779776256512,
300833b2ddd9014000030009,1,1,2668,-43,1654779776288446,1654779776288446,
300833b2ddd9014000030001,1,1,1496,-50,1654779776290128,1654779776290128,
300833b2ddd9014000030008,1,1,3736,-45,1654779776291212,1654779776291212,
300833b2ddd9014000030002,1,1,864,-49,1654779776292281,1654779776292281,
300833b2ddd9014000030008,1,1,3720,-45,1654779776295635,1654779776295635,
300833b2ddd9014000030001,1,1,1488,-51,1654779776296797,1654779776296797,
300833b2ddd9014000030009,1,1,2688,-43,1654779776299073,1654779776299073,
300833b2ddd9014000030002,1,1,840,-49,1654779776301377,1654779776301377,
300833b2ddd9014000030001,1,1,1500,-50,1654779776332229,1654779776332229,
300833b2ddd9014000030002,1,1,828,-49,1654779776333593,1654779776333593,
300833b2ddd9014000030008,1,1,3716,-45,1654779776335044,1654779776335044,
300833b2ddd9014000030009,1,1,2672,-43,1654779776336115,1654779776336115,
300833b2ddd9014000030001,1,1,1468,-50,1654779776338950,1654779776338950,
300833b2ddd9014000030008,1,1,3724,-45,1654779776340825,1654779776340825,
300833b2ddd9014000030009,1,1,2668,-43,1654779776342096,1654779776342096,
300833b2ddd9014000030002,1,1,844,-50,1654779776343150,1654779776343150,
300833b2ddd9014000030001,1,1,1496,-50,1654779776374016,1654779776374016,
300833b2ddd9014000030008,1,1,3720,-46,1654779776375230,1654779776375230,
300833b2ddd9014000030009,1,1,2692,-43,1654779776376272,1654779776376272,
300833b2ddd9014000030002,1,1,860,-49,1654779776378222,1654779776378222,
300833b2ddd9014000030008,1,1,3708,-46,1654779776380978,1654779776380978,
300833b2ddd9014000030009,1,1,2656,-43,1654779776382090,1654779776382090,
300833b2ddd9014000030001,1,1,1476,-50,1654779776383206,1654779776383206,
300833b2ddd9014000030002,1,1,836,-50,1654779776384969,1654779776384969,
300833b2ddd9014000030009,1,1,2688,-43,1654779776416733,1654779776416733,
300833b2ddd9014000030001,1,1,1524,-50,1654779776418504,1654779776418504,
300833b2ddd9014000030008,1,1,3700,-46,1654779776419630,1654779776419630,
300833b2ddd9014000030002,1,1,808,-50,1654779776420687,1654779776420687,
300833b2ddd9014000030008,1,1,3688,-46,1654779776424599,1654779776424599,
300833b2ddd9014000030002,1,1,840,-50,1654779776425952,1654779776425952,
300833b2ddd9014000030009,1,1,2692,-43,1654779776427817,1654779776427817,
300833b2ddd9014000030001,1,1,1516,-50,1654779776430197,1654779776430197,
300833b2ddd9014000030008,1,1,3668,-46,1654779776460680,1654779776460680,
300833b2ddd9014000030002,1,1,828,-50,1654779776462191,1654779776462191,
300833b2ddd9014000030001,1,1,1516,-50,1654779776463304,1654779776463304,
300833b2ddd9014000030009,1,1,2660,-43,1654779776464435,1654779776464435,
300833b2ddd9014000030009,1,1,2680,-43,1654779776467731,1654779776467731,
300833b2ddd9014000030001,1,1,1504,-50,1654779776469072,1654779776469072,
300833b2ddd9014000030002,1,1,848,-50,1654779776470445,1654779776470445,
300833b2ddd9014000030008,1,1,3652,-47,1654779776471757,1654779776471757,
300833b2ddd9014000030009,1,1,2644,-43,1654779776503943,1654779776503943,
300833b2ddd9014000030002,1,1,824,-50,1654779776505125,1654779776505125,
300833b2ddd9014000030008,1,1,3620,-47,1654779776506450,1654779776506450,
300833b2ddd9014000030001,1,1,1508,-49,1654779776507526,1654779776507526,
300833b2ddd9014000030008,1,1,3616,-47,1654779776511711,1654779776511711,
300833b2ddd9014000030009,1,1,2652,-43,1654779776513477,1654779776513477,
300833b2ddd9014000030001,1,1,1516,-49,1654779776515641,1654779776515641,
300833b2ddd9014000030002,1,1,828,-51,1654779776516867,1654779776516867,
300833b2ddd9014000030008,1,1,3544,-48,1654779776547219,1654779776547219,
300833b2ddd9014000030009,1,1,2616,-43,1654779776548631,1654779776548631,
300833b2ddd9014000030001,1,1,1560,-49,1654779776549734,1654779776549734,
300833b2ddd9014000030002,1,1,824,-51,1654779776551085,1654779776551085,
300833b2ddd9014000030009,1,1,2628,-43,1654779776554711,1654779776554711,
300833b2ddd9014000030008,1,1,3548,-48,1654779776556444,1654779776556444,
300833b2ddd9014000030001,1,1,1544,-49,1654779776557758,1654779776557758,
300833b2ddd9014000030002,1,1,796,-52,1654779776558842,1654779776558842,
300833b2ddd9014000030009,1,1,2592,-43,1654779776589696,1654779776589696,
300833b2ddd9014000030001,1,1,1560,-48,1654779776590826,1654779776590826,
300833b2ddd9014000030002,1,1,776,-52,1654779776591895,1654779776591895,
300833b2ddd9014000030008,1,1,3448,-47,1654779776592950,1654779776592950,
300833b2ddd9014000030009,1,1,2592,-43,1654779776603268,1654779776603268,
300833b2ddd9014000030002,1,1,768,-52,1654779776604365,1654779776604365,
300833b2ddd9014000030008,1,1,3428,-47,1654779776605701,1654779776605701,
300833b2ddd9014000030001,1,1,1576,-48,1654779776607558,1654779776607558,
300833b2ddd9014000030002,1,1,748,-53,1654779776639166,1654779776639166,
300833b2ddd9014000030008,1,1,3356,-47,1654779776640888,1654779776640888,
300833b2ddd9014000030009,1,1,2564,-43,1654779776642015,1654779776642015,
300833b2ddd9014000030001,1,1,1584,-48,1654779776643968,1654779776643968,
300833b2ddd9014000030001,1,1,1568,-47,1654779776647254,1654779776647254,
300833b2ddd9014000030008,1,1,3340,-47,1654779776648366,1654779776648366,
300833b2ddd9014000030009,1,1,2572,-42,1654779776649688,1654779776649688,
300833b2ddd9014000030002,1,1,784,-54,1654779776651839,1654779776651839,
300833b2ddd9014000030001,1,1,1584,-47,1654779776689304,1654779776689304,
300833b2ddd9014000030009,1,1,2528,-42,1654779776690404,1654779776690404,
300833b2ddd9014000030002,1,1,700,-54,1654779776692459,1654779776692459,
300833b2ddd9014000030008,1,1,3264,-45,1654779776693514,1654779776693514,
300833b2ddd9014000030002,1,1,680,-54,1654779776700280,1654779776700280,
300833b2ddd9014000030001,1,1,1596,-47,1654779776701982,1654779776701982,
300833b2ddd9014000030008,1,1,3248,-45,1654779776703292,1654779776703292,
300833b2ddd9014000030009,1,1,2544,-42,1654779776704363,1654779776704363,
300833b2ddd9014000030008,1,1,3208,-44,1654779776735998,1654779776735998,
300833b2ddd9014000030002,1,1,548,-53,1654779776737352,1654779776737352,
300833b2ddd9014000030009,1,1,2504,-42,1654779776738919,1654779776738919,
300833b2ddd9014000030001,1,1,1628,-47,1654779776740218,1654779776740218,
300833b2ddd9014000030009,1,1,2500,-42,1654779776744722,1654779776744722,
300833b2ddd9014000030008,1,1,3184,-44,1654779776746402,1654779776746402,
300833b2ddd9014000030002,1,1,556,-53,1654779776747427,1654779776747427,
300833b2ddd9014000030001,1,1,1628,-47,1654779776748784,1654779776748784,
300833b2ddd9014000030009,1,1,2492,-42,1654779776779718,1654779776779718,
300833b2ddd9014000030001,1,1,1632,-47,1654779776781455,1654779776781455,
300833b2ddd9014000030008,1,1,3140,-43,1654779776782520,1654779776782520,
300833b2ddd9014000030008,1,1,3136,-43,1654779776792327,1654779776792327,
300833b2ddd9014000030001,1,1,1648,-47,1654779776793430,1654779776793430,
300833b2ddd9014000030009,1,1,2464,-42,1654779776794515,1654779776794515,
300833b2ddd9014000030002,1,1,420,-51,1654779776796959,1654779776796959,
300833b2ddd9014000030002,1,1,328,-50,1654779776827495,1654779776827495,
300833b2ddd9014000030009,1,1,2480,-42,1654779776829065,1654779776829065,
300833b2ddd9014000030008,1,1,3092,-42,1654779776830904,1654779776830904,
300833b2ddd9014000030001,1,1,1664,-48,1654779776832017,1654779776832017,
300833b2ddd9014000030001,1,1,1684,-48,1654779776837522,1654779776837522,
300833b2ddd9014000030002,1,1,296,-49,1654779776838589,1654779776838589,
300833b2ddd9014000030008,1,1,3076,-42,1654779776839645,1654779776839645,
300833b2ddd9014000030009,1,1,2468,-43,1654779776841724,1654779776841724,
300833b2ddd9014000030002,1,1,216,-48,1654779776880206,1654779776880206,
300833b2ddd9014000030001,1,1,1684,-50,1654779776881547,1654779776881547,
300833b2ddd9014000030009,1,1,2484,-43,1654779776882747,1654779776882747,
300833b2ddd9014000030008,1,1,3064,-42,1654779776883841,1654779776883841,
300833b2ddd9014000030008,1,1,3048,-42,1654779776886596,1654779776886596,
300833b2ddd9014000030009,1,1,2464,-43,1654779776887936,1654779776887936,
300833b2ddd9014000030002,1,1,184,-48,1654779776889712,1654779776889712,
300833b2ddd9014000030001,1,1,1704,-50,1654779776891410,1654779776891410,
300833b2ddd9014000030001,1,1,1680,-52,1654779776923359,1654779776923359,
300833b2ddd9014000030002,1,1,132,-48,1654779776924430,1654779776924430,
300833b2ddd9014000030008,1,1,3064,-42,1654779776925500,1654779776925500,
300833b2ddd9014000030009,1,1,2468,-43,1654779776926983,1654779776926983,
300833b2ddd9014000030009,1,1,2468,-43,1654779776930466,1654779776930466,
300833b2ddd9014000030002,1,1,124,-48,1654779776931934,1654779776931934,
300833b2ddd9014000030001,1,1,1708,-52,1654779776933306,1654779776933306,
300833b2ddd9014000030008,1,1,3056,-42,1654779776934415,1654779776934415,
300833b2ddd9014000030009,1,1,2456,-44,1654779776965882,1654779776965882,
300833b2ddd9014000030001,1,1,1656,-53,1654779776967225,1654779776967225,
300833b2ddd9014000030008,1,1,3072,-42,1654779776968306,1654779776968306,
300833b2ddd9014000030002,1,1,96,-48,1654779776969504,1654779776969504,
300833b2ddd9014000030008,1,1,3076,-42,1654779776972529,1654779776972529,
300833b2ddd9014000030001,1,1,1716,-53,1654779776974414,1654779776974414,
300833b2ddd9014000030009,1,1,2504,-44,1654779776975412,1654779776975412,
300833b2ddd9014000030002,1,1,84,-48,1654779776976538,1654779776976538,
300833b2ddd9014000030002,1,1,96,-48,1654779777007153,1654779777007153,
300833b2ddd9014000030009,1,1,2492,-44,1654779777008463,1654779777008463,
300833b2ddd9014000030001,1,1,1672,-54,1654779777010064,1654779777010064,
300833b2ddd9014000030008,1,1,3120,-43,1654779777011386,1654779777011386,
300833b2ddd9014000030002,1,1,92,-48,1654779777015671,1654779777015671,
300833b2ddd9014000030008,1,1,3120,-43,1654779777017009,1654779777017009,
300833b2ddd9014000030009,1,1,2480,-44,1654779777018775,1654779777018775,
300833b2ddd9014000030001,1,1,1652,-54,1654779777020742,1654779777020742,
300833b2ddd9014000030009,1,1,2512,-45,1654779777051459,1654779777051459,
300833b2ddd9014000030008,1,1,3156,-43,1654779777052783,1654779777052783,
300833b2ddd9014000030002,1,1,88,-48,1654779777053810,1654779777053810,
300833b2ddd9014000030001,1,1,1644,-54,1654779777055992,1654779777055992,
300833b2ddd9014000030008,1,1,3148,-43,1654779777061155,1654779777061155,
300833b2ddd9014000030002,1,1,84,-48,1654779777062224,1654779777062224,
300833b2ddd9014000030001,1,1,1608,-54,1654779777063354,1654779777063354,
300833b2ddd9014000030009,1,1,2544,-45,1654779777064452,1654779777064452,
300833b2ddd9014000030001,1,1,1580,-54,1654779777094828,1654779777094828,
300833b2ddd9014000030008,1,1,3176,-43,1654779777096406,1654779777096406,
300833b2ddd9014000030009,1,1,2544,-45,1654779777098183,1654779777098183,
300833b2ddd9014000030002,1,1,112,-49,1654779777099595,1654779777099595,
300833b2ddd9014000030001,1,1,1528,-54,1654779777103476,1654779777103476,
300833b2ddd9014000030009,1,1,2560,-45,1654779777104516,1654779777104516,
300833b2ddd9014000030008,1,1,3196,-43,1654779777105888,1654779777105888,
300833b2ddd9014000030002,1,1,108,-48,1654779777106957,1654779777106957,
300833b2ddd9014000030001,1,1,1472,-54,1654779777139438,1654779777139438,
300833b2ddd9014000030008,1,1,3204,-44,1654779777140974,1654779777140974,
300833b2ddd9014000030002,1,1,128,-49,1654779777142043,1654779777142043,
300833b2ddd9014000030009,1,1,2592,-45,1654779777143369,1654779777143369,
300833b2ddd9014000030009,1,1,2580,-46,1654779777146735,1654779777146735,
300833b2ddd9014000030008,1,1,3220,-44,1654779777147848,1654779777147848,
300833b2ddd9014000030001,1,1,1420,-54,1654779777149376,1654779777149376,
300833b2ddd9014000030002,1,1,108,-49,1654779777150430,1654779777150430,
300833b2ddd9014000030008,1,1,3240,-44,1654779777183648,1654779777183648,
300833b2ddd9014000030001,1,1,1388,-54,1654779777185287,1654779777185287,
300833b2ddd9014000030001,1,1,1384,-54,1654779777187891,1654779777187891,
300833b2ddd9014000030008,1,1,3240,-44,1654779777189826,1654779777189826,
300833b2ddd9014000030002,1,1,152,-49,1654779777191164,1654779777191164,
300833b2ddd9014000030009,1,1,2600,-46,1654779777192275,1654779777192275,
300833b2ddd9014000030002,1,1,176,-49,1654779777222588,1654779777222588,
300833b2ddd9014000030008,1,1,3244,-44,1654779777224492,1654779777224492,
300833b2ddd9014000030001,1,1,1316,-54,1654779777225597,1654779777225597,
300833b2ddd9014000030009,1,1,2600,-46,1654779777226936,1654779777226936,
300833b2ddd9014000030002,1,1,168,-49,1654779777230248,1654779777230248,
300833b2ddd9014000030001,1,1,1348,-54,1654779777231560,1654779777231560,
300833b2ddd9014000030009,1,1,2624,-46,1654779777232910,1654779777232910,
300833b2ddd9014000030008,1,1,3248,-44,1654779777233984,1654779777233984,
300833b2ddd9014000030009,1,1,2608,-46,1654779777266542,1654779777266542,
300833b2ddd9014000030008,1,1,3260,-44,1654779777267797,1654779777267797,
300833b2ddd9014000030002,1,1,168,-49,1654779777269064,1654779777269064,
300833b2ddd9014000030001,1,1,1340,-53,1654779777270134,1654779777270134,
300833b2ddd9014000030001,1,1,1328,-54,1654779777273490,1654779777273490,
300833b2ddd9014000030009,1,1,2612,-46,1654779777274588,1654779777274588,
300833b2ddd9014000030002,1,1,172,-49,1654779777275897,1654779777275897,
300833b2ddd9014000030008,1,1,3256,-44,1654779777276994,1654779777276994,
300833b2ddd9014000030002,1,1,180,-49,1654779777309629,1654779777309629,
300833b2ddd9014000030001,1,1,1340,-53,1654779777310719,1654779777310719,
300833b2ddd9014000030008,1,1,3260,-44,1654779777312536,1654779777312536,
300833b2ddd9014000030008,1,1,3264,-44,1654779777316814,1654779777316814,
300833b2ddd9014000030009,1,1,2616,-46,1654779777318793,1654779777318793,
300833b2ddd9014000030002,1,1,224,-49,1654779777320330,1654779777320330,
300833b2ddd9014000030001,1,1,1340,-53,1654779777321546,1654779777321546,
300833b2ddd9014000030008,1,1,3264,-44,1654779777352072,1654779777352072,
300833b2ddd9014000030009,1,1,2612,-46,1654779777353612,1654779777353612,
300833b2ddd9014000030001,1,1,1348,-54,1654779777355195,1654779777355195,
300833b2ddd9014000030002,1,1,164,-49,1654779777356278,1654779777356278,
300833b2ddd9014000030009,1,1,2636,-46,1654779777362436,1654779777362436,
300833b2ddd9014000030001,1,1,1324,-53,1654779777363892,1654779777363892,
300833b2ddd9014000030002,1,1,172,-49,1654779777365006,1654779777365006,
300833b2ddd9014000030008,1,1,3260,-44,1654779777366088,1654779777366088,
300833b2ddd9014000030008,1,1,3260,-44,1654779777396840,1654779777396840,
300833b2ddd9014000030009,1,1,2644,-46,1654779777398792,1654779777398792,
300833b2ddd9014000030002,1,1,184,-49,1654779777400159,1654779777400159,
300833b2ddd9014000030001,1,1,1328,-53,1654779777401815,1654779777401815,
300833b2ddd9014000030001,1,1,1328,-53,1654779777404605,1654779777404605,
300833b2ddd9014000030008,1,1,3260,-44,1654779777405885,1654779777405885,
300833b2ddd9014000030009,1,1,2636,-46,1654779777407226,1654779777407226,
300833b2ddd9014000030002,1,1,188,-49,1654779777408761,1654779777408761,
300833b2ddd9014000030008,1,1,3268,-44,1654779777440971,1654779777440971,
300833b2ddd9014000030002,1,1,180,-49,1654779777442481,1654779777442481,
300833b2ddd9014000030009,1,1,2652,-46,1654779777444036,1654779777444036,
300833b2ddd9014000030001,1,1,1384,-54,1654779777445479,1654779777445479,
300833b2ddd9014000030008,1,1,3276,-44,1654779777449636,1654779777449636,
300833b2ddd9014000030001,1,1,1348,-54,1654779777451627,1654779777451627,
300833b2ddd9014000030002,1,1,164,-49,1654779777453372,1654779777453372,
300833b2ddd9014000030009,1,1,2648,-46,1654779777454427,1654779777454427,
300833b2ddd9014000030008,1,1,3272,-44,1654779777485725,1654779777485725,
300833b2ddd9014000030001,1,1,1332,-54,1654779777486855,1654779777486855,
300833b2ddd9014000030009,1,1,2644,-46,1654779777488193,1654779777488193,
300833b2ddd9014000030002,1,1,172,-49,1654779777489263,1654779777489263,
300833b2ddd9014000030001,1,1,1360,-54,1654779777494507,1654779777494507,
300833b2ddd9014000030008,1,1,3276,-44,1654779777496666,1654779777496666,
300833b2ddd9014000030009,1,1,2660,-46,1654779777497740,1654779777497740,
300833b2ddd9014000030002,1,1,180,-49,1654779777498995,1654779777498995,
300833b2ddd9014000030009,1,1,2632,-46,1654779777529324,1654779777529324,
300833b2ddd9014000030008,1,1,3280,-44,1654779777530974,1654779777530974,
300833b2ddd9014000030002,1,1,164,-49,1654779777532103,1654779777532103,
300833b2ddd9014000030001,1,1,1376,-53,1654779777534015,1654779777534015,
300833b2ddd9014000030002,1,1,200,-49,1654779777536767,1654779777536767,
300833b2ddd9014000030008,1,1,3296,-44,1654779777538359,1654779777538359,
300833b2ddd9014000030001,1,1,1340,-54,1654779777540597,1654779777540597,
300833b2ddd9014000030009,1,1,2640,-46,1654779777541938,1654779777541938,
300833b2ddd9014000030001,1,1,1332,-54,1654779777572566,1654779777572566,
300833b2ddd9014000030008,1,1,3284,-44,1654779777573649,1654779777573649,
300833b2ddd9014000030009,1,1,2628,-46,1654779777575925,1654779777575925,
300833b2ddd9014000030002,1,1,188,-49,1654779777577633,1654779777577633,
300833b2ddd9014000030001,1,1,1364,-54,1654779777582315,1654779777582315,
300833b2ddd9014000030002,1,1,164,-49,1654779777583679,1654779777583679,
300833b2ddd9014000030009,1,1,2660,-46,1654779777585090,1654779777585090,
300833b2ddd9014000030008,1,1,3284,-44,1654779777586188,1654779777586188,
300833b2ddd9014000030001,1,1,1340,-54,1654779777616652,1654779777616652,
300833b2ddd9014000030002,1,1,176,-49,1654779777618357,1654779777618357,
300833b2ddd9014000030008,1,1,3292,-44,1654779777619796,1654779777619796,
300833b2ddd9014000030009,1,1,2648,-46,1654779777620908,1654779777620908,
300833b2ddd9014000030001,1,1,1336,-54,1654779777624126,1654779777624126,
300833b2ddd9014000030009,1,1,2632,-46,1654779777625821,1654779777625821,
300833b2ddd9014000030002,1,1,192,-48,1654779777626918,1654779777626918,
300833b2ddd9014000030008,1,1,3284,-44,1654779777628016,1654779777628016,
300833b2ddd9014000030002,1,1,164,-49,1654779777659585,1654779777659585,
300833b2ddd9014000030008,1,1,3288,-44,1654779777660867,1654779777660867,
300833b2ddd9014000030009,1,1,2672,-46,1654779777661968,1654779777661968,
300833b2ddd9014000030001,1,1,1296,-54,1654779777663113,1654779777663113,
300833b2ddd9014000030008,1,1,3260,-44,1654779777666062,1654779777666062,
300833b2ddd9014000030001,1,1,1296,-54,1654779777668032,1654779777668032,
300833b2ddd9014000030009,1,1,2624,-46,1654779777669129,1654779777669129,
300833b2ddd9014000030002,1,1,200,-49,1654779777670407,1654779777670407,
300833b2ddd9014000030009,1,1,2648,-46,1654779777701469,1654779777701469,
300833b2ddd9014000030001,1,1,1344,-54,1654779777702699,1654779777702699,
300833b2ddd9014000030008,1,1,3268,-44,1654779777707425,1654779777707425,
300833b2ddd9014000030002,1,1,168,-49,1654779777708680,1654779777708680,
300833b2ddd9014000030009,1,1,2632,-46,1654779777710018,1654779777710018,
300833b2ddd9014000030001,1,1,1340,-54,1654779777711717,1654779777711717,
300833b2ddd9014000030008,1,1,3268,-44,1654779777741917,1654779777741917,
300833b2ddd9014000030009,1,1,2644,-46,1654779777743004,1654779777743004,
300833b2ddd9014000030001,1,1,1324,-54,1654779777744078,1654779777744078,
300833b2ddd9014000030002,1,1,188,-48,1654779777746523,1654779777746523,
300833b2ddd9014000030008,1,1,3288,-44,1654779777750132,1654779777750132,
300833b2ddd9014000030002,1,1,188,-49,1654779777751428,1654779777751428,
300833b2ddd9014000030001,1,1,1356,-54,1654779777753267,1654779777753267,
300833b2ddd9014000030009,1,1,2640,-46,1654779777754337,1654779777754337,
300833b2ddd9014000030009,1,1,2664,-46,1654779777786263,1654779777786263,
300833b2ddd9014000030008,1,1,3280,-44,1654779777787475,1654779777787475,
300833b2ddd9014000030001,1,1,1336,-54,1654779777788548,1654779777788548,
300833b2ddd9014000030008,1,1,3268,-44,1654779777792431,1654779777792431,
300833b2ddd9014000030009,1,1,2656,-46,1654779777793517,1654779777793517,
300833b2ddd9014000030001,1,1,1280,-54,1654779777796209,1654779777796209,
300833b2ddd9014000030002,1,1,184,-49,1654779777827272,1654779777827272,
300833b2ddd9014000030008,1,1,3280,-44,1654779777828837,1654779777828837,
300833b2ddd9014000030001,1,1,1284,-54,1654779777830650,1654779777830650,
300833b2ddd9014000030009,1,1,2632,-46,1654779777835535,1654779777835535,
300833b2ddd9014000030008,1,1,3288,-44,1654779777836705,1654779777836705,
300833b2ddd9014000030001,1,1,1340,-54,1654779777838006,1654779777838006,
300833b2ddd9014000030002,1,1,168,-49,1654779777839062,1654779777839062,
300833b2ddd9014000030001,1,1,1328,-54,1654779777869850,1654779777869850,
300833b2ddd9014000030008,1,1,3272,-44,1654779777871318,1654779777871318,
300833b2ddd9014000030009,1,1,2644,-46,1654779777872385,1654779777872385,
300833b2ddd9014000030002,1,1,200,-48,1654779777873726,1654779777873726,
300833b2ddd9014000030008,1,1,3276,-44,1654779777877314,1654779777877314,
300833b2ddd9014000030009,1,1,2636,-46,1654779777878429,1654779777878429,
300833b2ddd9014000030002,1,1,168,-49,1654779777879979,1654779777879979,
300833b2ddd9014000030001,1,1,1312,-54,1654779777882476,1654779777882476,
300833b2ddd9014000030009,1,1,2636,-46,1654779777912755,1654779777912755,
300833b2ddd9014000030008,1,1,3280,-44,1654779777913868,1654779777913868,
300833b2ddd9014000030002,1,1,172,-49,1654779777914923,1654779777914923,
300833b2ddd9014000030001,1,1,1320,-54,1654779777917389,1654779777917389,
300833b2ddd9014000030008,1,1,3304,-44,1654779777921512,1654779777921512,
300833b2ddd9014000030002,1,1,196,-49,1654779777922821,1654779777922821,
300833b2ddd9014000030009,1,1,2636,-46,1654779777924402,1654779777924402,
300833b2ddd9014000030001,1,1,1364,-54,1654779777925504,1654779777925504,
300833b2ddd9014000030008,1,1,3276,-44,1654779778170086,1654779778170086,
300833b2ddd9014000030009,1,1,2632,-46,1654779778171260,1654779778171260,
300833b2ddd9014000030001,1,1,1368,-54,1654779778172333,1654779778172333,
300833b2ddd9014000030002,1,1,184,-49,1654779778173628,1654779778173628,
300833b2ddd9014000030001,1,1,1372,-54,1654779778176946,1654779778176946,
300833b2ddd9014000030009,1,1,2612,-46,1654779778178922,1654779778178922,
300833b2ddd9014000030008,1,1,3276,-44,1654779778179977,1654779778179977,
300833b2ddd9014000030002,1,1,168,-49,1654779778181103,1654779778181103,
300833b2ddd9014000030009,1,1,2620,-46,1654779778212749,1654779778212749,
300833b2ddd9014000030008,1,1,3268,-44,1654779778213818,1654779778213818,
300833b2ddd9014000030002,1,1,200,-49,1654779778215129,1654779778215129,
300833b2ddd9014000030001,1,1,1360,-54,1654779778217694,1654779778217694,
300833b2ddd9014000030009,1,1,2624,-46,1654779778221944,1654779778221944,
300833b2ddd9014000030008,1,1,3296,-44,1654779778223015,1654779778223015,
300833b2ddd9014000030002,1,1,172,-49,1654779778224338,1654779778224338,
300833b2ddd9014000030001,1,1,1340,-54,1654779778227074,1654779778227074,
300833b2ddd9014000030002,1,1,172,-49,1654779778257234,1654779778257234,
300833b2ddd9014000030009,1,1,2600,-46,1654779778259412,1654779778259412,
300833b2ddd9014000030008,1,1,3296,-44,1654779778260465,1654779778260465,
300833b2ddd9014000030001,1,1,1348,-54,1654779778261654,1654779778261654,
300833b2ddd9014000030002,1,1,168,-49,1654779778264929,1654779778264929,
300833b2ddd9014000030008,1,1,3276,-44,1654779778266283,1654779778266283,
300833b2ddd9014000030009,1,1,2624,-46,1654779778267609,1654779778267609,
300833b2ddd9014000030001,1,1,1352,-54,1654779778269322,1654779778269322,
300833b2ddd9014000030002,1,1,188,-49,1654779778300636,1654779778300636,
300833b2ddd9014000030009,1,1,2616,-46,1654779778303308,1654779778303308,
300833b2ddd9014000030008,1,1,3276,-44,1654779778304402,1654779778304402,
300833b2ddd9014000030001,1,1,1376,-54,1654779778305621,1654779778305621,
300833b2ddd9014000030009,1,1,2620,-46,1654779778308457,1654779778308457,
300833b2ddd9014000030008,1,1,3268,-44,1654779778309569,1654779778309569,
300833b2ddd9014000030002,1,1,180,-49,1654779778310879,1654779778310879,
300833b2ddd9014000030001,1,1,1392,-54,1654779778312208,1654779778312208,
300833b2ddd9014000030002,1,1,188,-49,1654779778344050,1654779778344050,
300833b2ddd9014000030008,1,1,3276,-44,1654779778345116,1654779778345116,
300833b2ddd9014000030009,1,1,2608,-46,1654779778346644,1654779778346644,
300833b2ddd9014000030001,1,1,1356,-54,1654779778347971,1654779778347971,
300833b2ddd9014000030008,1,1,3264,-44,1654779778352736,1654779778352736,
300833b2ddd9014000030009,1,1,2608,-46,1654779778354060,1654779778354060,
300833b2ddd9014000030002,1,1,172,-49,1654779778355155,1654779778355155,
300833b2ddd9014000030001,1,1,1336,-54,1654779778356784,1654779778356784,
300833b2ddd9014000030002,1,1,172,-49,1654779778388254,1654779778388254,
300833b2ddd9014000030009,1,1,2628,-46,1654779778389340,1654779778389340,
300833b2ddd9014000030008,1,1,3276,-44,1654779778391327,1654779778391327,
300833b2ddd9014000030001,1,1,1340,-54,1654779778392773,1654779778392773,
300833b2ddd9014000030001,1,1,1368,-54,1654779778396616,1654779778396616,
300833b2ddd9014000030008,1,1,3264,-44,1654779778398211,1654779778398211,
300833b2ddd9014000030009,1,1,2628,-46,1654779778399536,1654779778399536,
300833b2ddd9014000030002,1,1,176,-49,1654779778400588,1654779778400588,
300833b2ddd9014000030008,1,1,3288,-44,1654779778431976,1654779778431976,
300833b2ddd9014000030009,1,1,2624,-46,1654779778433279,1654779778433279,
300833b2ddd9014000030001,1,1,1364,-54,1654779778434579,1654779778434579,
300833b2ddd9014000030002,1,1,192,-49,1654779778435648,1654779778435648,
300833b2ddd9014000030002,1,1,188,-48,1654779778440370,1654779778440370,
300833b2ddd9014000030009,1,1,2620,-46,1654779778442339,1654779778442339,
300833b2ddd9014000030008,1,1,3280,-44,1654779778443905,1654779778443905,
300833b2ddd9014000030001,1,1,1368,-54,1654779778445093,1654779778445093,
300833b2ddd9014000030002,1,1,160,-48,1654779778475871,1654779778475871,
300833b2ddd9014000030008,1,1,3280,-44,1654779778477391,1654779778477391,
300833b2ddd9014000030009,1,1,2640,-46,1654779778478448,1654779778478448,
300833b2ddd9014000030001,1,1,1352,-54,1654779778480135,1654779778480135,
300833b2ddd9014000030001,1,1,1352,-54,1654779778482882,1654779778482882,
300833b2ddd9014000030002,1,1,176,-49,1654779778484178,1654779778484178,
300833b2ddd9014000030009,1,1,2644,-46,1654779778485759,1654779778485759,
300833b2ddd9014000030008,1,1,3288,-44,1654779778487068,1654779778487068,
300833b2ddd9014000030008,1,1,3264,-44,1654779778518387,1654779778518387,
300833b2ddd9014000030009,1,1,2620,-46,1654779778519656,1654779778519656,
300833b2ddd9014000030001,1,1,1356,-54,1654779778520969,1654779778520969,
300833b2ddd9014000030002,1,1,172,-49,1654779778522948,1654779778522948,
300833b2ddd9014000030008,1,1,3280,-44,1654779778528607,1654779778528607,
300833b2ddd9014000030002,1,1,176,-48,1654779778530797,1654779778530797,
300833b2ddd9014000030009,1,1,2644,-46,1654779778532121,1654779778532121,
300833b2ddd9014000030001,1,1,1352,-54,1654779778533583,1654779778533583,
300833b2ddd9014000030001,1,1,1356,-54,1654779778563350,1654779778563350,
300833b2ddd9014000030002,1,1,160,-49,1654779778565302,1654779778565302,
300833b2ddd9014000030008,1,1,3276,-44,1654779778566385,1654779778566385,
300833b2ddd9014000030009,1,1,2608,-46,1654779778567443,1654779778567443,
300833b2ddd9014000030002,1,1,172,-49,1654779778571793,1654779778571793,
300833b2ddd9014000030009,1,1,2616,-46,1654779778573249,1654779778573249,
300833b2ddd9014000030008,1,1,3264,-44,1654779778574303,1654779778574303,
300833b2ddd9014000030001,1,1,1380,-54,1654779778576038,1654779778576038,
300833b2ddd9014000030002,1,1,164,-49,1654779778606525,1654779778606525,
300833b2ddd9014000030009,1,1,2632,-46,1654779778607951,1654779778607951,
300833b2ddd9014000030001,1,1,1352,-55,1654779778609038,1654779778609038,
300833b2ddd9014000030008,1,1,3272,-44,1654779778610122,1654779778610122,
300833b2ddd9014000030002,1,1,156,-48,1654779778613523,1654779778613523,
300833b2ddd9014000030008,1,1,3272,-44,1654779778614593,1654779778614593,
300833b2ddd9014000030009,1,1,2620,-46,1654779778616910,1654779778616910,
300833b2ddd9014000030001,1,1,1364,-54,1654779778618623,1654779778618623,